1.831706904340535402e-04 7.285104747156638805e-01
3.970887337345629930e-04 7.295388712518036112e-01
9.654631721787154675e-04 7.321516516798387553e-01
1.701917615719139576e-03 7.351847810594669408e-01
2.978806616738438606e-03 7.383539558289038407e-01
4.983596038073301315e-03 7.398195166949672608e-01
4.116076510399580002e-03 7.760538506106866574e-01
2.284319838508963585e-03 7.768581556267590837e-01
1.183044631034135818e-03 7.779958717380297539e-01
7.631571033019937667e-03 7.459513791574747810e-01
6.452198839728154334e-03 7.694516396307686801e-01
7.843137254901960675e-03 7.490039840637450208e-01
9.228888318837419336e-03 7.638129842415659621e-01
1.176470588235294101e-02 7.529880478087649376e-01
1.176470588235294101e-02 7.609561752988047711e-01
1.176470588235294101e-02 7.649402390438246879e-01
1.568627450980392135e-02 7.569721115537848544e-01
1.960784313725490169e-02 7.569721115537848544e-01
2.352941176470588203e-02 7.529880478087649376e-01
2.745098039215686236e-02 7.529880478087649376e-01
3.137254901960784270e-02 7.529880478087649376e-01
3.649117798434899085e-02 7.514908926392649402e-01
3.865345952548451813e-02 7.494417789281555553e-01
4.113231996147363734e-02 7.472281147789885392e-01
4.929660122074625006e-02 7.482277293776744553e-01
5.161848583980006844e-02 7.465901273855590770e-01
5.515514644326222071e-02 7.458308842935250649e-01
5.892915859208990026e-02 7.453951586241485128e-01
6.276113546852024605e-02 7.450606582999055316e-01
6.660046451822078384e-02 7.447368767199689099e-01
7.041033767934148924e-02 7.443676999275223860e-01
7.401324426161819126e-02 7.436896028549992987e-01
7.644882963002458398e-02 7.421592852653586814e-01
8.426858847549952014e-02 7.436225468170387654e-01
8.671050823439716004e-02 7.420765519252536802e-01
9.029444940742013814e-02 7.413263403920946626e-01
9.401927601729231920e-02 7.407453727844195424e-01
1.057456329227516451e-01 5.175423967489458654e-01
9.760321734311040720e-02 7.399951612221566943e-01
1.067194268344810182e-01 5.173047494504552368e-01
1.000290995235463554e-01 7.384084284183127789e-01
1.090498289805563042e-01 5.169261200831223313e-01
1.078507518642308066e-01 7.398093705199124681e-01
1.116174448071522440e-01 5.162285488809410516e-01
1.102787032397007372e-01 7.382451712985920178e-01
1.131626864345105093e-01 5.146410373750094358e-01
1.138673174401571703e-01 7.375133750686353462e-01
1.203229064395760772e-01 5.151965223986514353e-01
1.176470588221456420e-01 7.370517928209270320e-01
1.208659172108323826e-01 5.124071161763601445e-01
1.214268001341420739e-01 7.365902105887351947e-01
1.282099339006212979e-01 5.131618594110709530e-01
1.250314520440274357e-01 7.358991523872526752e-01
1.301354606122271662e-01 5.116598973341983658e-01
1.274827930911937302e-01 7.343864097859176265e-01
1.336592291501195462e-01 5.109623261320170862e-01
1.352924867843588175e-01 7.358769074006310529e-01
1.374238606832816623e-01 5.105836967646841806e-01
1.377411146560346134e-01 7.344021199195018834e-01
1.412604216567535098e-01 5.103012382402316582e-01
1.413685123153674561e-01 7.338230067205919749e-01
1.451274011134456587e-01 5.100795903723569502e-01
1.451917098285276653e-01 7.335325229604101605e-01
1.490062833746824411e-01 5.098814663302850825e-01
1.490698224280540829e-01 7.333614244806418991e-01
1.528966526267622195e-01 5.097112751915351403e-01
1.529686449586306063e-01 7.332494793471020511e-01
1.567690744051623009e-01 5.094953654858049852e-01
1.568768892813358073e-01 7.331707863075613840e-01
1.605922719110465524e-01 5.092048817256231708e-01
1.607900043056004480e-01 7.331125403278171415e-01
1.642196696576908865e-01 5.086257685267132622e-01
1.647058824660666831e-01 7.330677290836653537e-01
1.666843351369322046e-01 5.071917189576429230e-01
1.686274508672666594e-01 7.330677290836653537e-01
1.744921354513030987e-01 5.087445360224367441e-01
1.725490196394779130e-01 7.330677290836653537e-01
1.769568009305444167e-01 5.073104864533664049e-01
1.764705881446928248e-01 7.330677290836653537e-01
1.805841985898772595e-01 5.067313732544564964e-01
1.803921569940917791e-01 7.330677290836653537e-01
1.844017055474835853e-01 5.063960782392089577e-01
1.843137254585613116e-01 7.330677290836653537e-01
1.882713645647420275e-01 5.061667337978863479e-01
1.882352941085364828e-01 7.330677290836653537e-01
1.921568626622235654e-01 5.059760956148647848e-01
1.921511720021882585e-01 7.331125403278171415e-01
1.960423610964390495e-01 5.057854574371734024e-01
1.960642872711069462e-01 7.331707863075613840e-01
1.999120197826414480e-01 5.055561129958507927e-01
1.999564938807452674e-01 7.332902173173685423e-01
2.037295269730783898e-01 5.052208179806032540e-01
2.038319271125182408e-01 7.334536191873091138e-01
2.073569243850287014e-01 5.046417047816933454e-01
2.076741782850220763e-01 7.336912664857997424e-01
2.098215900388929744e-01 5.032076552126230062e-01
2.114388101528782149e-01 7.340698958531326479e-01
2.176293903532638963e-01 5.047604722774168273e-01
2.149625784288361485e-01 7.347674670553139276e-01
2.200940560071281693e-01 5.033264227083464881e-01
2.172249344223197154e-01 7.363549785612455434e-01
2.312317996340639559e-01 2.474767460679798692e-01
2.237214533317669896e-01 5.027473095094365796e-01
2.249863148256040779e-01 7.356177431431996094e-01
2.321865391515779697e-01 2.477672298281616836e-01
2.275446512523807974e-01 5.024568257492547652e-01
2.259940773312586748e-01 7.384858425141709315e-01
2.343797078894853114e-01 2.483463430270715921e-01
2.314170727397426020e-01 5.022409160435246100e-01
2.337554577345430373e-01 7.377486070961249975e-01
2.358882210648837741e-01 2.497803925961419313e-01
2.353074421964586604e-01 5.020707249047746679e-01
2.360178137280266042e-01 7.393361186020566134e-01
2.429286924282125504e-01 2.485212708992208253e-01
2.392023616459839352e-01 5.019133388402452489e-01
2.395358912738076718e-01 7.399888786364836601e-01
2.448424124725016859e-01 2.498433754948223839e-01
2.430927311418082659e-01 5.017431477014953067e-01
2.432920697740365845e-01 7.403092618676392345e-01
2.480050580336383703e-01 2.503437954868446003e-01
2.469651527564993287e-01 5.015272379957651516e-01
2.471209964417058202e-01 7.404682162211766450e-01
2.514269294918003439e-01 2.505760333145758967e-01
2.507883505024901538e-01 5.012367542355833372e-01
2.509736838953822158e-01 7.405196729575773684e-01
2.549521752455392587e-01 2.507023205392784337e-01
2.544157480890634204e-01 5.006576410366734287e-01
2.548224342328966330e-01 7.404680054512364773e-01
2.588509980216793793e-01 2.508142656728182818e-01
2.568643759607392441e-01 4.991828535555442592e-01
2.586371783420498560e-01 7.402357677108166722e-01
2.627535516414925554e-01 2.509377699565107367e-01
2.646740696539043314e-01 5.006733511702576855e-01
2.622428478819190389e-01 7.396607278258098273e-01
2.666582132280988504e-01 2.510542619159992217e-01
2.671254108756935808e-01 4.991606085689226369e-01
2.646841237476716402e-01 7.381752215203387646e-01
2.705607667242207470e-01 2.511777661996916766e-01
2.707300626255078613e-01 4.984695503674401174e-01
2.725038825931465625e-01 7.396384830720188486e-01
2.744595894603431008e-01 2.512897113332315246e-01
2.745098038414616748e-01 4.980079681148756321e-01
2.763725368479522659e-01 6.830862749616551932e-01
2.780232255520554974e-01 6.819758550955011822e-01
2.752428761507640376e-01 7.379324622818665969e-01
2.783216643067848439e-01 2.515015477832662771e-01
2.782895454359081144e-01 4.975463858875399659e-01
2.805517551671786736e-01 6.866031110488931555e-01
2.784979633863972071e-01 7.371856458706014248e-01
2.821214722137322939e-01 2.518434882798488150e-01
2.818941971420666492e-01 4.968553276860574464e-01
2.836491404525826043e-01 6.902472805876500583e-01
2.823529411764705843e-01 7.370517928286852705e-01
2.857130089626355174e-01 2.524891502392734299e-01
2.843455381892329159e-01 4.953425850847223977e-01
2.870345703061377707e-01 6.938364433047670143e-01
2.862745098039215508e-01 7.370517928286852705e-01
2.881191084837066430e-01 2.540113457647408257e-01
2.921552318823980587e-01 4.968330826994358240e-01
2.911172372499006289e-01 6.983016529718815146e-01
2.901960784313725727e-01 7.370517928286852705e-01
2.959510547328083052e-01 2.527171711815869859e-01
2.946038597540738269e-01 4.953582952183066546e-01
2.952263635336695446e-01 7.041284328436041573e-01
2.941176470588235392e-01 7.330677290836653537e-01
2.982939596516171465e-01 2.544931612763436934e-01
2.982255667559893797e-01 4.947343707352271913e-01
2.980392156862745057e-01 7.051792828685259362e-01
2.980392156862745057e-01 7.330677290836653537e-01
3.015676075713617510e-01 2.557516750210313550e-01
3.020403109888338267e-01 4.943856410134910284e-01
3.019607843137254721e-01 7.091633466135458530e-01
3.019607843137254721e-01 7.330677290836653537e-01
3.038418752387823663e-01 2.576046368020004085e-01
3.059050986760720736e-01 4.941358495378378457e-01
3.058823529411764941e-01 7.131474103585657698e-01
3.058823529411764941e-01 7.250996015936255201e-01
3.058823529411764941e-01 7.290836653386454369e-01
3.116882149618593889e-01 2.566060898482309671e-01
3.097811757173165592e-01 4.939119592416543192e-01
3.098039215686274606e-01 7.171314741035856866e-01
3.098039215686274606e-01 7.211155378486056033e-01
3.135908056577261238e-01 2.584279091918351146e-01
3.136459634409345387e-01 4.936621677514492212e-01
3.137254901960784270e-01 7.211155378486056033e-01
3.166976816876900802e-01 2.598468793096462282e-01
3.174607078265740956e-01 4.933134380297130583e-01
3.176470588235293935e-01 7.211155378486056033e-01
3.187118892840968276e-01 2.618601403321580978e-01
3.210824145811071451e-01 4.926895135466335951e-01
3.215686274509804154e-01 7.211155378486056033e-01
3.263122150268150112e-01 2.617179598525700701e-01
3.235470802349714181e-01 4.912554639775632559e-01
3.254901960784313819e-01 7.250996015936255201e-01
3.268904963809558528e-01 2.649127471592811478e-01
3.313548805493423122e-01 4.928082810423570770e-01
3.294117647058823484e-01 7.250996015936255201e-01
3.343161596761395349e-01 2.655095441342958384e-01
3.338195462032065852e-01 4.913742314732867378e-01
3.333333333333333148e-01 7.250996015936255201e-01
3.341787791199178903e-01 2.686164537055113488e-01
3.374469436151569246e-01 4.907951182743768292e-01
3.372549019607843368e-01 7.250996015936255201e-01
3.401645314509925688e-01 2.705737262318630432e-01
3.412644506455227988e-01 4.905494457983645695e-01
3.484241402105373586e-01 5.452118380054593594e-01
3.408898558621705766e-01 7.247203569713167592e-01
3.473078548780405006e-01 2.731188296602919952e-01
3.451341094117607033e-01 4.904365933092544871e-01
3.506338564551197967e-01 5.461276287702978571e-01
3.451255077455653852e-01 7.249178513301888227e-01
3.473213044574995356e-01 2.764453533600896851e-01
3.490196079260117212e-01 4.904033411643236029e-01
3.513498907790099102e-01 5.444573023439054360e-01
3.490280613226323103e-01 7.250413556138812776e-01
3.544883513480753812e-01 2.773935362470310029e-01
3.528890685978267050e-01 4.904773312504171479e-01
3.517532298231826338e-01 5.426895574516286125e-01
3.529327229883646999e-01 7.251578475770077414e-01
3.544679752916243820e-01 2.807001020533006486e-01
3.567353380015964581e-01 4.906416404468241232e-01
3.580747125337046533e-01 5.406803798734718391e-01
3.568352764062700522e-01 7.252813518570622175e-01
3.608459072168996307e-01 2.830758680601904165e-01
3.604932662532162602e-01 4.909876005898463625e-01
3.635643127748706127e-01 5.392030645523635535e-01
3.607180617076308216e-01 7.254340349899723872e-01
3.671956605661441109e-01 2.862790577422987259e-01
3.643351243784897497e-01 4.918730682169321078e-01
3.630062684800256512e-01 5.362746012758878855e-01
3.648555539378909862e-01 7.258682553510300561e-01
3.726150655114621735e-01 2.878238921456291455e-01
3.686274509803921795e-01 4.900398406374502080e-01
3.703556428357557273e-01 5.350289580331506478e-01
3.686274509803921795e-01 7.250996015936255201e-01
3.739668064221155497e-01 2.896090446209787506e-01
3.725490196078431460e-01 4.940239043824701248e-01
3.700549698836517187e-01 5.318320553436266529e-01
3.777926129690718504e-01 6.592884106483621887e-01
3.725490196078431460e-01 7.250996015936255201e-01
3.769057281318750618e-01 2.910572698218534815e-01
3.764705882352941124e-01 4.940239043824701248e-01
3.763688437978784940e-01 5.283459244936934418e-01
3.796049725209527104e-01 6.618403037676060530e-01
3.764705882352941124e-01 7.250996015936255201e-01
3.790204386181179608e-01 2.930496253010138052e-01
3.803921568627450789e-01 4.940239043824701248e-01
3.803921568627450789e-01 5.258964143426294591e-01
3.806102387910690332e-01 6.652446662417178525e-01
3.832971775858644570e-01 6.641596336468712503e-01
3.803921568627450789e-01 7.290836653386454369e-01
3.909288750450108374e-01 7.975414564129914563e-01
3.870947049894169489e-01 2.922286384885544597e-01
3.843137254901961009e-01 4.980079681274900416e-01
3.843137254901961009e-01 5.258964143426294591e-01
3.865160179287925879e-01 6.688011227703404282e-01
3.843137254901961009e-01 7.290836653386454369e-01
3.843137254901961009e-01 7.928286852589641054e-01
3.843137254901961009e-01 7.968127490039840222e-01
3.846264600018770019e-01 8.026534533100313507e-01
3.850543012689598421e-01 8.048753529968875053e-01
3.846354745059073488e-01 8.083354676999449095e-01
3.843304932728500156e-01 8.115216194321791532e-01
3.842484593136617499e-01 8.129478238868078632e-01
3.890416336102027750e-01 2.939942741680304228e-01
3.882352941176470673e-01 4.980079681274900416e-01
3.882352941176470673e-01 5.219123505976095423e-01
3.908161610337522185e-01 6.715777094514884249e-01
3.882352941176470673e-01 7.290836653386454369e-01
3.882352941176470673e-01 7.689243027888446047e-01
3.882352941176470673e-01 7.729083665338645215e-01
3.882352941176470673e-01 7.768924302788844383e-01
3.882352941176470673e-01 7.808764940239043550e-01
3.882352941176470673e-01 7.848605577689242718e-01
3.882352941176470673e-01 7.888446215139441886e-01
3.921164600727862770e-01 2.950292395428866787e-01
3.970469158124543818e-01 3.532687234933454823e-01
3.921568627450980338e-01 5.019920318725099584e-01
3.921568627450980338e-01 5.059760956175298752e-01
3.921568627450980338e-01 5.099601593625497920e-01
3.921568627450980338e-01 5.139442231075697087e-01
3.921568627450980338e-01 5.179282868525896255e-01
3.898454660997159871e-01 6.746737971708022252e-01
3.921568627450980338e-01 7.330677290836653537e-01
3.921568627450980338e-01 7.410358565737051872e-01
3.921568627450980338e-01 7.450199203187251040e-01
3.921568627450980338e-01 7.490039840637450208e-01
3.921568627450980338e-01 7.529880478087649376e-01
3.921568627450980338e-01 7.569721115537848544e-01
3.921568627450980338e-01 7.609561752988047711e-01
3.921568627450980338e-01 7.649402390438246879e-01
3.921568627450980338e-01 7.848605577689242718e-01
3.954489044021066158e-01 2.962686705316762148e-01
3.989009383125413089e-01 3.510725511269517929e-01
3.960784313725490002e-01 5.019920318725099584e-01
3.945424901079568891e-01 6.771034919061401647e-01
3.960784313725490002e-01 7.370517928286852705e-01
3.960784313725490002e-01 7.848605577689242718e-01
3.975503354799002631e-01 2.982725345676178752e-01
4.016076181782409771e-01 3.475127097041127433e-01
4.000000000000000222e-01 5.019920318725099584e-01
3.990825243876315875e-01 6.810897798095393307e-01
4.000000000000000222e-01 7.370517928286852705e-01
4.000000000000000222e-01 7.848605577689242718e-01
4.039215686274509887e-01 2.988047808764940361e-01
4.064870778014700869e-01 3.435557874369961628e-01
4.031400785092081884e-01 3.434407093174444148e-01
4.088116216948073367e-01 4.475280892556585122e-01
4.039215686274509887e-01 4.980079681274900416e-01
4.034754170637860904e-01 6.857429558089590538e-01
4.039215686274509887e-01 7.370517928286852705e-01
4.039215686274509887e-01 7.848605577689242718e-01
4.078431372549019551e-01 2.988047808764940361e-01
4.094334931363917685e-01 3.372476197903478412e-01
4.108900957293443179e-01 4.502289567339378684e-01
4.078431372549019551e-01 4.980079681274900416e-01
4.077400133395784332e-01 6.904769062010787106e-01
4.078431372549019551e-01 7.370517928286852705e-01
4.078431372549019551e-01 7.848605577689242718e-01
4.117647058823529216e-01 2.988047808764940361e-01
4.129603525883901449e-01 3.319412141953004824e-01
4.135160548407036396e-01 4.539598492846130262e-01
4.117647058823529216e-01 4.980079681274900416e-01
4.117052891937525994e-01 6.962716836172464507e-01
4.117647058823529216e-01 7.330677290836653537e-01
4.117647058823529216e-01 7.370517928286852705e-01
4.117647058823529216e-01 7.848605577689242718e-01
4.156862745098039436e-01 3.027888446215139528e-01
4.156862745098039436e-01 3.067729083665338696e-01
4.156862745098039436e-01 3.306772908366533703e-01
4.148798287882670688e-01 4.580103691817591360e-01
4.178811328987792062e-01 4.579389392991041752e-01
4.156862745098039436e-01 4.980079681274900416e-01
4.139930804762259053e-01 7.016118962217523514e-01
4.176251160483077096e-01 7.024850514128366807e-01
4.156862745098039436e-01 7.290836653386454369e-01
4.156862745098039436e-01 7.410358565737051872e-01
4.156862745098039436e-01 7.649402390438246879e-01
4.156862745098039436e-01 7.689243027888446047e-01
4.156862745098039436e-01 7.729083665338645215e-01
4.156862745098039436e-01 7.768924302788844383e-01
4.156862745098039436e-01 7.808764940239043550e-01
4.196078431372549100e-01 3.107569721115537864e-01
4.196078431372549100e-01 3.147410358565737032e-01
4.196078431372549100e-01 3.227091633466135367e-01
4.196078431372549100e-01 3.266932270916334535e-01
4.198246146801644652e-01 4.654771850548268808e-01
4.196078431372549100e-01 4.940239043824701248e-01
4.196078431372549100e-01 7.051792828685259362e-01
4.196078431372549100e-01 7.091633466135458530e-01
4.196078431372549100e-01 7.131474103585657698e-01
4.196078431372549100e-01 7.250996015936255201e-01
4.196078431372549100e-01 7.450199203187251040e-01
4.196078431372549100e-01 7.808764940239043550e-01
4.235294117647058765e-01 3.187250996015936200e-01
4.208672159406192104e-01 4.710350898873669201e-01
4.235294117647058765e-01 4.701195219123506241e-01
4.235294117647058765e-01 4.741035856573705409e-01
4.235294117647058765e-01 4.900398406374502080e-01
4.235294117647058765e-01 7.171314741035856866e-01
4.235294117647058765e-01 7.211155378486056033e-01
4.235294117647058765e-01 7.490039840637450208e-01
4.235294117647058765e-01 7.529880478087649376e-01
4.147797563168055812e-01 7.797872999328674393e-01
4.274509803921568429e-01 3.187250996015936200e-01
4.274509803921568429e-01 4.780876494023904577e-01
4.274509803921568429e-01 4.820717131474103745e-01
4.274509803921568429e-01 4.860557768924302913e-01
4.274509803921568429e-01 4.900398406374502080e-01
4.274509803921568429e-01 7.211155378486056033e-01
4.164745382562863862e-01 7.785186510388386605e-01
4.313725490196078649e-01 3.147410358565737032e-01
4.313725490196078649e-01 4.900398406374502080e-01
4.313725490196078649e-01 7.211155378486056033e-01
4.352941176470588314e-01 3.147410358565737032e-01
4.352941176470588314e-01 4.940239043824701248e-01
4.352941176470588314e-01 7.250996015936255201e-01
4.430560943296215637e-01 8.311997167766094208e-03
4.392156862745097978e-01 3.147410358565737032e-01
4.392156862745097978e-01 4.980079681274900416e-01
4.392156862745097978e-01 7.250996015936255201e-01
4.417032052164751033e-01 1.032321934822011747e-02
4.425690250222424904e-01 1.174115784933783130e-02
4.428974857596068571e-01 1.457699166380789155e-02
4.430708273443479950e-01 1.778401247229412230e-02
4.432048671964758935e-01 2.116231397963110397e-02
4.433459428850647921e-01 2.463802292250074494e-02
4.435322031944843868e-01 2.816677796195235159e-02
4.438284767542819420e-01 3.169675792342022125e-02
4.444401654049607853e-01 3.539581609316137106e-02
4.458742149740311245e-01 3.796832493981309314e-02
4.431372549019607643e-01 3.147410358565737032e-01
4.431372549019607643e-01 5.019920318725099584e-01
4.431372549019607643e-01 7.250996015936255201e-01
4.443218634573414261e-01 4.569701370560523557e-02
4.457993717973723347e-01 4.826417545100629425e-02
4.464241060654304261e-01 5.196063530352384302e-02
4.467837079595911587e-01 5.583924155171442888e-02
4.470588235313939784e-01 5.976095619465583708e-02
4.473339390992324138e-01 6.368267071884764485e-02
4.476935409933931465e-01 6.756127704707376447e-02
4.483182752614512379e-01 7.125773689959132018e-02
4.497523250633522207e-01 7.383024583355453363e-02
4.546786598970785076e-01 1.075622180784697596e-01
4.470588235294117863e-01 3.147410358565737032e-01
4.470588235294117863e-01 5.019920318725099584e-01
4.470588235294117863e-01 7.250996015936255201e-01
4.481869275800372532e-01 8.154564183223918239e-02
4.496011074983934930e-01 8.411356697111312120e-02
4.501369867243292799e-01 8.780909766929143045e-02
4.503625487445342412e-01 9.168069186248847813e-02
4.504121022650460771e-01 9.557182719327536602e-02
4.502358250787901750e-01 9.934775735041964650e-02
4.494463794284920266e-01 1.021873951519457341e-01
4.495463424713770917e-01 1.129653396134068094e-01
4.504121622771444788e-01 1.158175070213981334e-01
4.506971643308597675e-01 1.196148405902076606e-01
4.508140014690534270e-01 1.235469214270380478e-01
4.508716672821274085e-01 1.275114436943171059e-01
4.509474768014579138e-01 1.314812857107031663e-01
4.510238508550637460e-01 1.354528200939119076e-01
4.511132706424641481e-01 1.394217563090541789e-01
4.512654541935726127e-01 1.433790690500310883e-01
4.514715815780173114e-01 1.473070622902536153e-01
4.518051015797491243e-01 1.511761083084889601e-01
4.524385713625188044e-01 1.548465788042065194e-01
4.538762619371946028e-01 1.570254095368072422e-01
4.509803921568627527e-01 3.147410358565737032e-01
4.509803921568627527e-01 5.019920318725099584e-01
4.509803921568627527e-01 7.250996015936255201e-01
4.509803921568627527e-01 8.366533864541833010e-01
4.509803921568627527e-01 8.406374501992032178e-01
4.509803921568627527e-01 8.446215139442231346e-01
4.509803921568627527e-01 8.486055776892430513e-01
4.527064823673344063e-01 1.650935404681678487e-01
4.544058043288304316e-01 1.672011013332924956e-01
4.556690536450831996e-01 1.705383836109454487e-01
4.575518515088832783e-01 1.728723246049492235e-01
4.549019607843137192e-01 3.147410358565737032e-01
4.549019607843137192e-01 5.019920318725099584e-01
4.649675154255009102e-01 6.826471159692882873e-01
4.549019607843137192e-01 7.250996015936255201e-01
4.549019607843137192e-01 8.326693227091633842e-01
4.567780076663064404e-01 1.806041255015397584e-01
4.590326439988155482e-01 1.826957433465478675e-01
4.613111523116993351e-01 1.846884300540835855e-01
4.588235294117646856e-01 3.147410358565737032e-01
4.588235294117646856e-01 5.019920318725099584e-01
4.644013269475715799e-01 6.835386387065082170e-01
4.588235294117646856e-01 7.290836653386454369e-01
4.588235294117646856e-01 8.286852589641434674e-01
4.613110483537300466e-01 1.926466145138052144e-01
4.644089813723101257e-01 1.931438571801297743e-01
4.627450980392157076e-01 3.147410358565737032e-01
4.627450980392157076e-01 5.019920318725099584e-01
4.693698134419380663e-01 6.840174232578958291e-01
4.627450980392157076e-01 7.290836653386454369e-01
4.627450980392157076e-01 7.330677290836653537e-01
4.627450980392157076e-01 7.370517928286852705e-01
4.627450980392157076e-01 8.247011952191235507e-01
4.648681511093551988e-01 2.013808024353329063e-01
4.680262339456627840e-01 2.022445363672524532e-01
4.666666666666666741e-01 3.147410358565737032e-01
4.666666666666666741e-01 5.019920318725099584e-01
4.676955236277232641e-01 6.848032696083775628e-01
4.666666666666666741e-01 7.250996015936255201e-01
4.666666666666666741e-01 7.410358565737051872e-01
4.666666666666666741e-01 7.450199203187251040e-01
4.666666666666666741e-01 7.490039840637450208e-01
4.666666666666666741e-01 7.529880478087649376e-01
4.663182666913295860e-01 7.566342451860126328e-01
4.664071341607874954e-01 7.606439125020079128e-01
4.665667035437460752e-01 7.649535316263047502e-01
4.666232079684656808e-01 7.689296498218831655e-01
4.667101253648676673e-01 7.729030192566266333e-01
4.667231710913862797e-01 7.768844847385378838e-01
4.667430407129965486e-01 7.808639647930604166e-01
4.667753915414020183e-01 7.848391540371169040e-01
4.668330573544759998e-01 7.888036763462327183e-01
4.669498944926696593e-01 7.930836198252924074e-01
4.672348965463849479e-01 7.972445915238857150e-01
4.681839116305733794e-01 8.001675133705157261e-01
4.666666666666666741e-01 8.087649402390437725e-01
4.666666666666666741e-01 8.127490039840638003e-01
4.666666666666666741e-01 8.167330677290837171e-01
4.666666666666666741e-01 8.207171314741036339e-01
4.677273557685753813e-01 2.098640237194653035e-01
4.696556221974520495e-01 2.120773753202780110e-01
4.709576021345770469e-01 2.153564832172476240e-01
4.728016691446742525e-01 2.177485985337270502e-01
4.705882352941176405e-01 3.147410358565737032e-01
4.705882352941176405e-01 5.019920318725099584e-01
4.705741243055586720e-01 6.801180949683237609e-01
4.676386736032059899e-01 6.809275706291227914e-01
4.672023808747968188e-01 6.894092204228259302e-01
4.686056309078326931e-01 6.919833312898251432e-01
4.705882352941176405e-01 6.972111553784861027e-01
4.705882352941176405e-01 7.011952191235060194e-01
4.705882352941176405e-01 7.051792828685259362e-01
4.705882352941176405e-01 7.091633466135458530e-01
4.705882352941176405e-01 7.131474103585657698e-01
4.705882352941176405e-01 7.171314741035856866e-01
4.705882352941176405e-01 7.211155378486056033e-01
4.627689757548710814e-01 8.064846715396380983e-01
4.705882352941176405e-01 8.247011952191235507e-01
4.733251953661880007e-01 9.580476113151670248e-01
4.718911457971176615e-01 9.606201199871957641e-01
4.713229158009840658e-01 9.643245254328105531e-01
4.710396880331887415e-01 9.682156610255319151e-01
4.708732973308275005e-01 9.718002223979498311e-01
4.707645724633681139e-01 9.753531023882704432e-01
4.706881984170382394e-01 9.788465605931824243e-01
4.706316939923186338e-01 9.822489871969075637e-01
4.705882352941176405e-01 9.855105894454476712e-01
4.705882352941176405e-01 9.885385003918596425e-01
4.705882352941176405e-01 9.910883350553829629e-01
4.705882352941176405e-01 9.922039415687322617e-01
4.715739808684470402e-01 2.254765814734229490e-01
4.731348201107489215e-01 2.279616251895834889e-01
4.737285531532274829e-01 2.312886640248612291e-01
4.741185776597144352e-01 2.351497647919693623e-01
4.744010790468332628e-01 2.390652285857977066e-01
4.746185288035799088e-01 2.430064844597492613e-01
4.748612935304431515e-01 2.469370738271321475e-01
4.752010257738897847e-01 2.508202638995158384e-01
4.757692556536080586e-01 2.545246693451306275e-01
4.771468009507539021e-01 2.571051235666008683e-01
4.745098039215686070e-01 2.868525896414342857e-01
4.745098039215686070e-01 2.908366533864542025e-01
4.745098039215686070e-01 2.948207171314741193e-01
4.745098039215686070e-01 3.107569721115537864e-01
4.745098039215686070e-01 3.147410358565737032e-01
4.772467639936389672e-01 4.122308782474379263e-01
4.758127144245686280e-01 4.148033870940896484e-01
4.752444844284350323e-01 4.185077925251525222e-01
4.749612566606397079e-01 4.223989280378383504e-01
4.747948659582784670e-01 4.263420464441617930e-01
4.746861410908190804e-01 4.303047064082616280e-01
4.746097670444892058e-01 4.342762407896513799e-01
4.745532626197696002e-01 4.382523589852297952e-01
4.745532626197696002e-01 4.422257285827728146e-01
4.746097670444892058e-01 4.462018469825327904e-01
4.746861410908190804e-01 4.501733812411407576e-01
4.747948659582784670e-01 4.541360412852761264e-01
4.749612566606397079e-01 4.580791596915995689e-01
4.752444844284350323e-01 4.619702951242498634e-01
4.758127144245686280e-01 4.656747007299357199e-01
4.770766514061274277e-01 4.689438513770469719e-01
4.745098039215686070e-01 5.019920318725099584e-01
4.745098039215686070e-01 5.059760956175298752e-01
4.745098039215686070e-01 5.099601593625497920e-01
4.745098039215686070e-01 5.139442231075697087e-01
4.745098039215686070e-01 5.179282868525896255e-01
4.745098039215686070e-01 6.533864541832669071e-01
4.749669275711080330e-01 6.587670142428422304e-01
4.740124617760325121e-01 6.624590516664584650e-01
4.731790423333900319e-01 6.662649495030411595e-01
4.721456990750761973e-01 6.698846868417908107e-01
4.702364731287839161e-01 6.722484957000084416e-01
4.745098039215686070e-01 8.286852589641434674e-01
4.745098039215686070e-01 8.326693227091633842e-01
4.745098039215686070e-01 8.366533864541833010e-01
4.745098039215686070e-01 8.406374501992032178e-01
4.745098039215686070e-01 8.446215139442231346e-01
4.745098039215686070e-01 8.486055776892430513e-01
4.745098039215686070e-01 8.525896414342629681e-01
4.745098039215686070e-01 8.565737051792828849e-01
4.745098039215686070e-01 8.605577689243028017e-01
4.745098039215686070e-01 8.645418326693227185e-01
4.745098039215686070e-01 9.163346613545816366e-01
4.764730123510839688e-01 9.205713810397319063e-01
4.755191269736992465e-01 9.243573520729534421e-01
4.748612935304431515e-01 9.283617310337798356e-01
4.746185288035799088e-01 9.322923202392726649e-01
4.744010790468332628e-01 9.362335761950787427e-01
4.741583143126940625e-01 9.401641653805627996e-01
4.738185820692474293e-01 9.440473556348454309e-01
4.732068934185685860e-01 9.477464137027231672e-01
4.717728438494982468e-01 9.503189225493748893e-01
4.755180751621796431e-01 2.647946978319970501e-01
4.768868589257894697e-01 2.673511497752436572e-01
4.773452023459671678e-01 2.710225556389682655e-01
4.774215763850210847e-01 2.748332918563971550e-01
4.770850033914743604e-01 2.785128091177411225e-01
4.757863696381522955e-01 2.814349983336471017e-01
4.784313725490196290e-01 2.988047808764940361e-01
4.784313725490196290e-01 3.027888446215139528e-01
4.784313725490196290e-01 3.067729083665338696e-01
4.784313725490196290e-01 3.187250996015936200e-01
4.784313725490196290e-01 3.227091633466135367e-01
4.784313725490196290e-01 3.266932270916334535e-01
4.784313725490196290e-01 3.306772908366533703e-01
4.784313725490196290e-01 3.346613545816732871e-01
4.784313725490196290e-01 3.386454183266932039e-01
4.784313725490196290e-01 3.426294820717131207e-01
4.784313725490196290e-01 3.466135458167330929e-01
4.784313725490196290e-01 3.705179282868525936e-01
4.784313725490196290e-01 3.745019920318725104e-01
4.784313725490196290e-01 3.784860557768924272e-01
4.784313725490196290e-01 3.824701195219123440e-01
4.784313725490196290e-01 3.864541832669322607e-01
4.784058430181889476e-01 3.900787583898995825e-01
4.780798829401450845e-01 3.943474324583527979e-01
4.777401506966984512e-01 3.982306222906298876e-01
4.771284620460196080e-01 4.019296808096169960e-01
4.756944124769492688e-01 4.045021894816457908e-01
4.784313725490196290e-01 4.741035856573705409e-01
4.784313725490196290e-01 4.780876494023904577e-01
4.784313725490196290e-01 4.820717131474103745e-01
4.784313725490196290e-01 4.860557768924302913e-01
4.784313725490196290e-01 4.900398406374502080e-01
4.784313725490196290e-01 4.940239043824701248e-01
4.784313725490196290e-01 4.980079681274900416e-01
4.784313725490196290e-01 5.219123505976095423e-01
4.784313725490196290e-01 5.258964143426294591e-01
4.784313725490196290e-01 5.298804780876493759e-01
4.778967244733198227e-01 5.336146281718598949e-01
4.781463105123097690e-01 5.378958313047195183e-01
4.782550353797691556e-01 5.418584911451280739e-01
4.783314094260990301e-01 5.458300256092818437e-01
4.783879138508186357e-01 5.498061438457875205e-01
4.784313725490196290e-01 5.537848605668794777e-01
4.784313725490196290e-01 5.577689243118993945e-01
4.784313725490196290e-01 5.617529880569193113e-01
4.784313725490196290e-01 5.657370517837181367e-01
4.784313725490196290e-01 5.697211155287380535e-01
4.784313725490196290e-01 5.737051792737579703e-01
4.784313725490196290e-01 5.776892430187778871e-01
4.784313725490196290e-01 5.816733068860339140e-01
4.784748312472206222e-01 5.856520234848897610e-01
4.784313725490196290e-01 5.896414342629482386e-01
4.784313725490196290e-01 5.936254980079681554e-01
4.784313725490196290e-01 5.976095617529880721e-01
4.784313725490196290e-01 6.015936254980079889e-01
4.784313725490196290e-01 6.055776892430279057e-01
4.784313725490196290e-01 6.095617529880478225e-01
4.784313725490196290e-01 6.135458167330677393e-01
4.784313725490196290e-01 6.334661354581673232e-01
4.784313725490196290e-01 6.374501992031872399e-01
4.784313725490196290e-01 6.414342629482071567e-01
4.784313725490196290e-01 6.454183266932270735e-01
4.759962420161886754e-01 6.471603440298917542e-01
4.784313725490196290e-01 8.605577689243028017e-01
4.784313725490196290e-01 8.685258964143426352e-01
4.784313725490196290e-01 8.725099601593625520e-01
4.784313725490196290e-01 8.764940239043824688e-01
4.784313725490196290e-01 8.804780876494023856e-01
4.784313725490196290e-01 8.844621513944223024e-01
4.784313725490196290e-01 8.884462151394422191e-01
4.784313725490196290e-01 8.924302788844621359e-01
4.784313725490196290e-01 8.964143426294820527e-01
4.784313725490196290e-01 9.003984063745019695e-01
4.784313725490196290e-01 9.043824701195218863e-01
4.784313725490196290e-01 9.083665338645418030e-01
4.784313725490196290e-01 9.123505976095617198e-01
4.823529411764705954e-01 3.505976095617530097e-01
4.823529411764705954e-01 3.545816733067729265e-01
4.823529411764705954e-01 3.585657370517928433e-01
4.823529411764705954e-01 3.625498007968127601e-01
4.823529411764705954e-01 3.665338645418326768e-01
4.823529411764705954e-01 6.175298804780876560e-01
4.823529411764705954e-01 6.215139442231075728e-01
4.823529411764705954e-01 6.254980079681274896e-01
4.823529411764705954e-01 6.294820717131474064e-01
4.823529411764705954e-01 8.605577689243028017e-01
4.862745098039215619e-01 3.585657370517928433e-01
4.862745098039215619e-01 6.215139442231075728e-01
4.862745098039215619e-01 8.605577689243028017e-01
4.901960784313725283e-01 3.585657370517928433e-01
4.901960784313725283e-01 6.175298804780876560e-01
4.901960784313725283e-01 8.605577689243028017e-01
4.941176470588235503e-01 3.585657370517928433e-01
4.941176470588235503e-01 6.175298804780876560e-01
4.941176470588235503e-01 8.605577689243028017e-01
4.980392156862745168e-01 3.585657370517928433e-01
4.980392156862745168e-01 6.175298804780876560e-01
4.980392156862745168e-01 8.605577689243028017e-01
5.019607843137254832e-01 3.585657370517928433e-01
5.019607843137254832e-01 6.175298804780876560e-01
5.019607843137254832e-01 8.605577689243028017e-01
5.058823529411764497e-01 3.585657370517928433e-01
5.058823529411764497e-01 6.175298804780876560e-01
5.058823529411764497e-01 8.446215139442231346e-01
5.058823529411764497e-01 8.486055776892430513e-01
5.058823529411764497e-01 8.525896414342629681e-01
5.058823529411764497e-01 8.565737051792828849e-01
5.058823529411764497e-01 8.605577689243028017e-01
5.058823529411764497e-01 8.884462151394422191e-01
5.058823529411764497e-01 8.924302788844621359e-01
5.058823529411764497e-01 8.964143426294820527e-01
5.058823529411764497e-01 9.003984063745019695e-01
5.058823529411764497e-01 9.043824701195218863e-01
5.058823529411764497e-01 9.083665338645418030e-01
5.058823529411764497e-01 9.123505976095617198e-01
5.098039215686274161e-01 3.585657370517928433e-01
5.098039215686274161e-01 6.175298804780876560e-01
5.098039215686274161e-01 8.605577689243028017e-01
5.098039215686274161e-01 8.844621513944223024e-01
5.137254901960783826e-01 3.545816733067729265e-01
5.137254901960783826e-01 3.585657370517928433e-01
5.137254901960783826e-01 6.135458167330677393e-01
5.137254901960783826e-01 8.605577689243028017e-01
5.137254901960783826e-01 8.645418326693227185e-01
5.137254901960783826e-01 8.804780876494023856e-01
5.176470588235294601e-01 3.466135458167330929e-01
5.176470588235294601e-01 3.505976095617530097e-01
5.176470588235294601e-01 3.625498007968127601e-01
5.176470588235294601e-01 5.936254980079681554e-01
5.176470588235294601e-01 5.976095617529880721e-01
5.176470588235294601e-01 6.015936254980079889e-01
5.176470588235294601e-01 6.055776892430279057e-01
5.176470588235294601e-01 6.095617529880478225e-01
5.176470588235294601e-01 6.135458167330677393e-01
5.176470588235294601e-01 8.565737051792828849e-01
5.176470588235294601e-01 8.685258964143426352e-01
5.176470588235294601e-01 8.725099601593625520e-01
5.176470588235294601e-01 8.764940239043824688e-01
5.215686274509804266e-01 3.386454183266932039e-01
5.215686274509804266e-01 3.426294820717131207e-01
5.215686274509804266e-01 3.665338645418326768e-01
5.234877116795556562e-01 5.837026046462862050e-01
5.215052895123531984e-01 5.860424625945409582e-01
5.215686274509804266e-01 5.896414342629482386e-01
5.215686274509804266e-01 6.175298804780876560e-01
5.215686274509804266e-01 8.565737051792828849e-01
5.215686274509804266e-01 8.804780876494023856e-01
5.254901960784313930e-01 3.346613545816732871e-01
5.254901960784313930e-01 3.705179282868525936e-01
5.254901960784313930e-01 3.745019920318725104e-01
5.269242457639170540e-01 5.481718249259093234e-01
5.260584259581496669e-01 5.495897634270270338e-01
5.257299652207853002e-01 5.524255972414970906e-01
5.255566236360441623e-01 5.556326179335679960e-01
5.254225837839162638e-01 5.590109195573202960e-01
5.252417714568996532e-01 5.624715030648785863e-01
5.250052188989916546e-01 5.659781687626749269e-01
5.246437054652465237e-01 5.694742140361800375e-01
5.239451804723335160e-01 5.731176785346440150e-01
5.223934067239729417e-01 5.755913034211325163e-01
5.254901960784313930e-01 6.215139442231075728e-01
5.254901960784313930e-01 8.565737051792828849e-01
5.254901960784313930e-01 8.844621513944223024e-01
5.294117647058823595e-01 3.306772908366533703e-01
5.282854959437185416e-01 3.775116705926565563e-01
5.255713566507705936e-01 5.461606027454553036e-01
5.294117647058823595e-01 6.215139442231075728e-01
5.294117647058823595e-01 8.565737051792828849e-01
5.294117647058823595e-01 8.884462151394422191e-01
5.333333333333333259e-01 3.306772908366533703e-01
5.312548085426290756e-01 3.844925891710037069e-01
5.348687034643565541e-01 3.848098869281505463e-01
5.333333333333333259e-01 6.215139442231075728e-01
5.333333333333333259e-01 8.565737051792828849e-01
5.333333333333333259e-01 8.884462151394422191e-01
5.372549019607842924e-01 3.266932270916334535e-01
5.358485004485712411e-01 3.917785785216615357e-01
5.390044994506181242e-01 3.915124001246746976e-01
5.372549019607842924e-01 6.215139442231075728e-01
5.372549019607842924e-01 8.565737051792828849e-01
5.372549019607842924e-01 8.884462151394422191e-01
5.411764705882352589e-01 3.227091633466135367e-01
5.415615279439781604e-01 3.972933951308913469e-01
5.411764705882352589e-01 6.215139442231075728e-01
5.411764705882352589e-01 8.565737051792828849e-01
5.411764705882352589e-01 8.924302788844621359e-01
5.450980392156862253e-01 3.227091633466135367e-01
5.453017976792989829e-01 4.028983511948082130e-01
5.450980392156862253e-01 6.254980079681274896e-01
5.450980392156862253e-01 6.294820717131474064e-01
5.450980392156862253e-01 6.334661354581673232e-01
5.450980392156862253e-01 6.374501992031872399e-01
5.450980392156862253e-01 8.565737051792828849e-01
5.450980392156862253e-01 8.725099601593625520e-01
5.450980392156862253e-01 8.924302788844621359e-01
5.490196078431373028e-01 3.027888446215139528e-01
5.490196078431373028e-01 3.067729083665338696e-01
5.490196078431373028e-01 3.107569721115537864e-01
5.490196078431373028e-01 3.147410358565737032e-01
5.490196078431373028e-01 3.187250996015936200e-01
5.490196078431373028e-01 3.227091633466135367e-01
5.487204698843461959e-01 4.081468450566902439e-01
5.490196078431373028e-01 6.215139442231075728e-01
5.490196078431373028e-01 6.414342629482071567e-01
5.490196078431373028e-01 6.454183266932270735e-01
5.490196078431373028e-01 6.494023904382469903e-01
5.490196078431373028e-01 6.533864541832669071e-01
5.490196078431373028e-01 8.565737051792828849e-01
5.490196078431373028e-01 8.685258964143426352e-01
5.490196078431373028e-01 8.764940239043824688e-01
5.490196078431373028e-01 8.924302788844621359e-01
5.529411764705882693e-01 2.948207171314741193e-01
5.529411764705882693e-01 2.988047808764940361e-01
5.529411764705882693e-01 3.266932270916334535e-01
5.507953277679489279e-01 4.131741764662097416e-01
5.538587590104298020e-01 4.130474814363158109e-01
5.529411764705882693e-01 6.215139442231075728e-01
5.516850428080515290e-01 6.581951196087928446e-01
5.548822130199850822e-01 6.589559005449091567e-01
5.529411764705882693e-01 8.605577689243028017e-01
5.529411764705882693e-01 8.685258964143426352e-01
5.529411764705882693e-01 8.725099601593625520e-01
5.529411764705882693e-01 8.804780876494023856e-01
5.529411764705882693e-01 8.844621513944223024e-01
5.529411764705882693e-01 8.884462151394422191e-01
5.529411764705882693e-01 8.924302788844621359e-01
5.529411764705882693e-01 8.964143426294820527e-01
5.581714669374895355e-01 2.868820442335747178e-01
5.562178537498374542e-01 2.883998414694491363e-01
5.542521429147717615e-01 2.902836177435024756e-01
5.568627450980392357e-01 3.266932270916334535e-01
5.540155806943920513e-01 4.197848902442919417e-01
5.561081417386566361e-01 4.209739587838349784e-01
5.578553418295604249e-01 4.218713667789155131e-01
5.568627450980392357e-01 6.215139442231075728e-01
5.554764915855747720e-01 6.667034449839622789e-01
5.587443281097483894e-01 6.671401796226140712e-01
5.568627450980392357e-01 8.645418326693227185e-01
5.568627450980392357e-01 8.685258964143426352e-01
5.568627450980392357e-01 8.725099601593625520e-01
5.568627450980392357e-01 8.764940239043824688e-01
5.568627450980392357e-01 9.003984063745019695e-01
5.568627450980392357e-01 9.043824701195218863e-01
5.599775597943887906e-01 2.781220593775410865e-01
5.592825402414389746e-01 2.788705422572672621e-01
5.576829704364725249e-01 2.798631831078763899e-01
5.607843137254902022e-01 3.266932270916334535e-01
5.576546272637286084e-01 4.279025117690448687e-01
5.592825402414389746e-01 4.274243457276240554e-01
5.607843137254902022e-01 6.215139442231075728e-01
5.604818710267507331e-01 6.742650513343356744e-01
5.607843137254902022e-01 8.645418326693227185e-01
5.607843137254902022e-01 9.083665338645418030e-01
5.616436004780196445e-01 9.083159466318607711e-01
5.647058823529411686e-01 3.227091633466135367e-01
5.647058823529411686e-01 6.215139442231075728e-01
5.618626725777764452e-01 6.805171254805225667e-01
5.641021668712389303e-01 6.822200453134282805e-01
5.663437786429901255e-01 6.842100895677815098e-01
5.685462904080529345e-01 7.167876044258594259e-01
5.647058823529411686e-01 8.605577689243028017e-01
5.637736520298537446e-01 9.150727099527519171e-01
5.686274509803921351e-01 3.227091633466135367e-01
5.686274509803921351e-01 6.215139442231075728e-01
5.654421268423617253e-01 6.918656140977732516e-01
5.670344226687744627e-01 6.942259566315758246e-01
5.677242392717458674e-01 6.974668578202771752e-01
5.680927906810835371e-01 7.008778230513008634e-01
5.681939274232432613e-01 7.039738169957538982e-01
5.682847231087804207e-01 7.073281186695890010e-01
5.682442600532964239e-01 7.105305555083629709e-01
5.680157623879209527e-01 7.133637909328498505e-01
5.671934012949064741e-01 7.147763822454054061e-01
5.686274509803921351e-01 8.605577689243028017e-01
5.667451976492599020e-01 9.225864392237744793e-01
5.701507090285018453e-01 9.228150467828947212e-01
5.725490196078431016e-01 3.227091633466135367e-01
5.725490196078431016e-01 6.215139442231075728e-01
5.725490196078431016e-01 8.605577689243028017e-01
5.710199645423676973e-01 9.300008396802662558e-01
5.744655894982975131e-01 9.303282935100892770e-01
5.764705882352940680e-01 3.187250996015936200e-01
5.764705882352940680e-01 6.215139442231075728e-01
5.764705882352940680e-01 8.605577689243028017e-01
5.755130957873701991e-01 9.373992006665473609e-01
5.787368255146942975e-01 9.370810188468086110e-01
5.803921568627451455e-01 3.187250996015936200e-01
5.782115574880485331e-01 6.183801564495580161e-01
5.803921568627451455e-01 8.605577689243028017e-01
5.819866503776033317e-01 9.419126734462199835e-01
5.844873847723505156e-01 3.191743269453726772e-01
5.860647995919719966e-01 6.195430431878602429e-01
5.843137254901961120e-01 8.605577689243028017e-01
5.872857232075915368e-01 9.461516650927910277e-01
5.881763502826181655e-01 3.185268105189751897e-01
5.882192565664702277e-01 6.174891424896312708e-01
5.882352941176470784e-01 8.565737051792828849e-01
5.863277281374287275e-01 9.495073464069241354e-01
5.917208644601416045e-01 3.176844042500451271e-01
5.903663614513717794e-01 6.154245228870248718e-01
5.933611979922644997e-01 8.582832674399404338e-01
5.923701408970302174e-01 9.527839544740324129e-01
5.940996391223926087e-01 3.160124761525511805e-01
5.982315620863992711e-01 6.164978543450440052e-01
5.960784313725490113e-01 8.565737051792828849e-01
5.980667005283940574e-01 9.554898154711262137e-01
6.018919295398518221e-01 3.172939873098273300e-01
6.005698524182662146e-01 6.148334009261186006e-01
5.999999999999999778e-01 8.565737051792828849e-01
5.970465190708637016e-01 9.587833188962102682e-01
6.039280264959451250e-01 3.157089922956999861e-01
6.040791902001764191e-01 6.139543061065803053e-01
6.039215686274509443e-01 8.565737051792828849e-01
6.015810930644910348e-01 9.632217684061270546e-01
6.073505042837566981e-01 3.147541602343751355e-01
6.077447662861302780e-01 6.132553329146782639e-01
6.078431372549019107e-01 8.565737051792828849e-01
6.043199083320430764e-01 9.683664735848180882e-01
6.062113069016120681e-01 9.696704099373150143e-01
6.077699605044543096e-01 9.726483771972640469e-01
6.093374962471059808e-01 9.757171075755639578e-01
6.115010007302842387e-01 9.772448969422375953e-01
6.105388264664832754e-01 3.141488521856133365e-01
6.115825681887252507e-01 6.122678279565031412e-01
6.117647058823529882e-01 8.605577689243028017e-01
6.117758497017455888e-01 9.843132759944630550e-01
6.152282214285258455e-01 9.842290788725671646e-01
6.136820816005781332e-01 3.131494193135638260e-01
6.143037736452385822e-01 6.104250632846112135e-01
6.156862745098039547e-01 8.605577689243028017e-01
6.186579392793789545e-01 9.881003715609946170e-01
6.152975625869836485e-01 3.114093641548295044e-01
6.196078431372549211e-01 6.095617529880478225e-01
6.196078431372549211e-01 8.565737051792828849e-01
6.196078431372549211e-01 8.605577689243028017e-01
6.175906587437745010e-01 9.911356882704236426e-01
6.202336097190923603e-01 3.098310346768953782e-01
6.235294117647058876e-01 6.095617529880478225e-01
6.235294117647058876e-01 8.565737051792828849e-01
6.235294117647058876e-01 8.645418326693227185e-01
6.240950899951926978e-01 9.917383930901904066e-01
6.254688486520785240e-01 3.067083961611072884e-01
6.274509803921568540e-01 6.095617529880478225e-01
6.274509803921568540e-01 8.565737051792828849e-01
6.274509803921568540e-01 8.605577689243028017e-01
6.274509803921568540e-01 8.645418326693227185e-01
6.274509803921568540e-01 8.685258964143426352e-01
6.250050986715245394e-01 9.936621756083239276e-01
6.301866186855762386e-01 3.030749822484860023e-01
6.313725490196078205e-01 6.095617529880478225e-01
6.313725490196078205e-01 8.565737051792828849e-01
6.313725490196078205e-01 8.725099601593625520e-01
6.313725490196078205e-01 8.764940239043824688e-01
6.313725490196078205e-01 8.804780876494023856e-01
6.266547529099910641e-01 9.944025556347240169e-01
6.351943661017096510e-01 2.991055931495474884e-01
6.352941176470587870e-01 6.055776892430279057e-01
6.352941176470587870e-01 8.525896414342629681e-01
6.352941176470587870e-01 8.844621513944223024e-01
6.276952770155141970e-01 9.952166865719389577e-01
6.403321897702327625e-01 2.950927275263118266e-01
6.392156862745097534e-01 6.055776892430279057e-01
6.392156862745097534e-01 8.486055776892430513e-01
6.420251004489174740e-01 8.852888316099728483e-01
6.457763436816487124e-01 2.923006258841856497e-01
6.431372549019608309e-01 5.976095617529880721e-01
6.431372549019608309e-01 6.015936254980079889e-01
6.431372549019608309e-01 6.055776892430279057e-01
6.431372549019608309e-01 8.486055776892430513e-01
6.413201167348626663e-01 8.890425097264545995e-01
6.449311281663968609e-01 2.892316001869990605e-01
6.470588235294117974e-01 5.856573705179283218e-01
6.470588235294117974e-01 5.896414342629482386e-01
6.470588235294117974e-01 5.936254980079681554e-01
6.470588235294117974e-01 6.095617529880478225e-01
6.470588235294117974e-01 8.486055776892430513e-01
6.485951966948478864e-01 8.912975763131222307e-01
6.507085530671711249e-01 2.864102553361720926e-01
6.526666917258362455e-01 5.820026830899941439e-01
6.509803921568627638e-01 5.816733067729084050e-01
6.509803921568627638e-01 6.135458167330677393e-01
6.509803921568627638e-01 8.486055776892430513e-01
6.475078083227808756e-01 8.945246706178701102e-01
6.557532100484012583e-01 2.827926425915976982e-01
6.552621911465893456e-01 5.758339552129007055e-01
6.549019607843137303e-01 6.135458167330677393e-01
6.549019607843137303e-01 8.446215139442231346e-01
6.516475639433837452e-01 8.984524703721897820e-01
6.553136791114001491e-01 8.976548646457968017e-01
6.635471888945675412e-01 9.391410075243102895e-01
6.609515498063581740e-01 2.793507329311195608e-01
6.587685598139240151e-01 5.708814867715578112e-01
6.588235294117646967e-01 6.135458167330677393e-01
6.588235294117646967e-01 8.446215139442231346e-01
6.584720987381468271e-01 9.035129715895847680e-01
6.627406721605973994e-01 9.399289844207006084e-01
6.661934141681401522e-01 2.773719161778569475e-01
6.622139642510435076e-01 5.667829727953433983e-01
6.627450980392156632e-01 6.135458167330677393e-01
6.627450980392156632e-01 8.446215139442231346e-01
6.621444097633345516e-01 9.094491004313071114e-01
6.673988205526827366e-01 9.390216835633484749e-01
6.670580933374973265e-01 2.751358302485311658e-01
6.659242152624452737e-01 5.625106608717742596e-01
6.666666666666666297e-01 6.135458167330677393e-01
6.666666666666666297e-01 8.406374501992032178e-01
6.656673077183464793e-01 9.158699971668243789e-01
6.676135244003186253e-01 9.391690653607813744e-01
6.680899880990823769e-01 2.728159406252086416e-01
6.692984715734114909e-01 5.588334737358562343e-01
6.705882352941175961e-01 6.135458167330677393e-01
6.705882352941175961e-01 8.207171314741036339e-01
6.705882352941175961e-01 8.247011952191235507e-01
6.705882352941175961e-01 8.286852589641434674e-01
6.705882352941175961e-01 8.326693227091633842e-01
6.705882352941175961e-01 8.366533864541833010e-01
6.705882352941175961e-01 8.406374501992032178e-01
6.682380958624621892e-01 9.207702918697994177e-01
6.673069644418051505e-01 9.379228798531560329e-01
6.755260207398119388e-01 2.721011628915344094e-01
6.723894213034096179e-01 5.551290074632357907e-01
6.745098039215686736e-01 6.135458167330677393e-01
6.745098039215686736e-01 8.127490039840638003e-01
6.745098039215686736e-01 8.167330677290837171e-01
6.745098039215686736e-01 8.446215139442231346e-01
6.700279141484084544e-01 9.251834955530248150e-01
6.713820876727136788e-01 9.266071123278799559e-01
6.717929350385698495e-01 9.293708305757685251e-01
6.715041856920602736e-01 9.319604091391252565e-01
6.709174226677301345e-01 9.344373074498405485e-01
6.695515291473153052e-01 9.351844642426359044e-01
6.751708399221374446e-01 2.690146632545415972e-01
6.765686396226360255e-01 5.516121713759978284e-01
6.749179509185327941e-01 5.505017515098438174e-01
6.784370633733292077e-01 6.135010054889159514e-01
6.807205208294166976e-01 7.989905688464566946e-01
6.789127661156075799e-01 8.010208774498914774e-01
6.775933423029332214e-01 8.043128058461117558e-01
6.756704211417658978e-01 8.065754255461710098e-01
6.784313725490196401e-01 8.446215139442231346e-01
6.802795503014589240e-01 2.666579195257903212e-01
6.823529412081054124e-01 6.135458167330677393e-01
6.841472591465229680e-01 7.850945587381275015e-01
6.825460801616667350e-01 7.868758804485780356e-01
6.815363007905783643e-01 7.893763203238808313e-01
6.797686076449120929e-01 7.913028886583466370e-01
6.823529411764706065e-01 8.446215139442231346e-01
6.851817075363999532e-01 2.630372970667969046e-01
6.862745099577924890e-01 6.135458167330677393e-01
6.854498003810352014e-01 7.765020471014290049e-01
6.848163305982655213e-01 7.773040605400989289e-01
6.832954449779993222e-01 7.783867466630807197e-01
6.862745098039215730e-01 8.446215139442231346e-01
6.897591728345016104e-01 2.592177823482988419e-01
6.901960784812284366e-01 6.135458167330677393e-01
6.901960784313725394e-01 8.446215139442231346e-01
6.951359182582510510e-01 2.548497421346953562e-01
6.941119565196405272e-01 6.135010054889159514e-01
6.941176470588235059e-01 8.446215139442231346e-01
7.000069680386313831e-01 2.511921431863470833e-01
6.980250714211233554e-01 6.134427595091717089e-01
6.980392156862744724e-01 8.486055776892430513e-01
7.051556763942261608e-01 2.488231068436219662e-01
7.019172782344884620e-01 6.133233284993645507e-01
7.021499232393597634e-01 8.471111610714546769e-01
7.050225970349001114e-01 2.455246709013521045e-01
7.057927113389322882e-01 6.131599266294239792e-01
7.060743945955491041e-01 8.478503000523164301e-01
7.121723745273901285e-01 2.446449830644834567e-01
7.096349626860590787e-01 6.129222793309333506e-01
7.098975922615043954e-01 8.481407838124982446e-01
7.124250480471471247e-01 2.412913857010263730e-01
7.133995943792922345e-01 6.125436499636004450e-01
7.137757046973217667e-01 8.483118822922665059e-01
7.194326589157914453e-01 2.407151448778785952e-01
7.169233627425616318e-01 6.118460787614191654e-01
7.176745275152985881e-01 8.484238274258063539e-01
7.191488039031551649e-01 2.377724038442574628e-01
7.191620009768681099e-01 6.102248284654075983e-01
7.215827716752042376e-01 8.485025204653470210e-01
7.260446269008075104e-01 2.372732008603286591e-01
7.269076719473791526e-01 6.109036080250739298e-01
7.254901961992836767e-01 8.486055776868149936e-01
7.259656483608790678e-01 2.343049197020825591e-01
7.278558556524598044e-01 6.079352211617156110e-01
7.293976206044402444e-01 8.487086349131390817e-01
7.324599535747741141e-01 2.338691773876339919e-01
7.356266003878165760e-01 6.084790484714451830e-01
7.333058647234186322e-01 8.487873279526797488e-01
7.320132550637366009e-01 2.313439146201849705e-01
7.378096389554569257e-01 6.066538897543344300e-01
7.372046874995588084e-01 8.488992730862195968e-01
7.342171980396789976e-01 2.318993557552506413e-01
7.411764706148740167e-01 6.055776892464483918e-01
7.410827998153228791e-01 8.490703715659878581e-01
7.445195841707983320e-01 6.044677500580567520e-01
7.449059974885541280e-01 8.493608553261696725e-01
7.466691624720160902e-01 6.026023087292108338e-01
7.485333949732639880e-01 8.499399685250795811e-01
7.544217972906634984e-01 6.030614139735736012e-01
7.509820230195627389e-01 8.514147560062087505e-01
7.553114150084700995e-01 6.000048815030641913e-01
7.587917167127278262e-01 8.499242583914953242e-01
7.630972694048621108e-01 6.004657564931493718e-01
7.612487484318632980e-01 8.513921897086608181e-01
7.652214993174899504e-01 5.985132840010282118e-01
7.648618538112392784e-01 8.520250019194851587e-01
7.684277067208028500e-01 5.971851430381592829e-01
7.686492288855958366e-01 8.523630799448643769e-01
7.706995744427082018e-01 5.953059151084106881e-01
7.724432627999454626e-01 8.526544710460645105e-01
7.785545221475117517e-01 5.964211537539810815e-01
7.760780461019535226e-01 8.530957377209621439e-01
7.808837047266755649e-01 5.946875771079064288e-01
7.786050125212390371e-01 8.542060516468542586e-01
7.843371152582988559e-01 5.936769547407309000e-01
7.855491827438384478e-01 8.520647884250073245e-01
7.878193623999215633e-01 5.927044443706833698e-01
7.863385983016889513e-01 8.519520648658661655e-01
7.901886731367923078e-01 5.909920092709214368e-01
7.934056865731619057e-01 8.532276753961401949e-01
7.980466209808546596e-01 5.922749229999949572e-01
7.944884304413754039e-01 8.505986034564035903e-01
8.004159317177255151e-01 5.905624879002330241e-01
8.022215857170522657e-01 8.514641875816709726e-01
8.038981790321522158e-01 5.895899775520133668e-01
8.045197620647777104e-01 8.498528765930063456e-01
8.073753072374600936e-01 5.886130938366745946e-01
8.080359351432051529e-01 8.490507558461944937e-01
8.097379502867732004e-01 5.869198000351657507e-01
8.117255854847933438e-01 8.484330995132881581e-01
8.176110080247014356e-01 5.881197606296876268e-01
8.152897032130710375e-01 8.476570771025694340e-01
8.199414414573944487e-01 5.863286782488824622e-01
8.177082334457914659e-01 8.460596255907989471e-01
8.232352406656204824e-01 5.850782574354337351e-01
8.255119546837008659e-01 8.474821489975895572e-01
8.255621080350714625e-01 5.832615292248913841e-01
8.279532307240764499e-01 8.459966426921184945e-01
8.334220505392581080e-01 5.845068866726516044e-01
8.315645906739804749e-01 8.453767915811497557e-01
8.358054041362587006e-01 5.828727455916388189e-01
8.353877883399357662e-01 8.450863078209679413e-01
8.393534844570597064e-01 5.820559852979650950e-01
8.392602100346623351e-01 8.449600205962654043e-01
8.427020549059699439e-01 5.814683722089549756e-01
8.431505793294883366e-01 8.449063214097279895e-01
8.458686322781859834e-01 5.807356687252914762e-01
8.470454989418131353e-01 8.449063214097279895e-01
8.478458001862699822e-01 5.792683669239787614e-01
8.509358683967102044e-01 8.449600205962654043e-01
8.550643989827720892e-01 5.805498780812549109e-01
8.548082899240897481e-01 8.450863078209679413e-01
8.567885604823993750e-01 5.790643717757838482e-01
8.586314877573920645e-01 8.453767915811497557e-01
8.594437676627992850e-01 5.784445206648151094e-01
8.622588851693424594e-01 8.459559047800596643e-01
8.618327364946405389e-01 5.781540369046332950e-01
8.647235508232067325e-01 8.473899543491300035e-01
8.628423905164441798e-01 5.779829384248650337e-01
8.725313511375776265e-01 8.458371372843361824e-01
8.749960167914418996e-01 8.472711868534065216e-01
8.786234142761517596e-01 8.478503000523164301e-01
8.824466119493830085e-01 8.481407838124982446e-01
8.863247242651470792e-01 8.483118822922665059e-01
8.902235470831239006e-01 8.484238274258063539e-01
8.941317911602656432e-01 8.485025204653470210e-01
8.980392158071268671e-01 8.486055776868149936e-01
9.019466402523012016e-01 8.487086349131390817e-01
9.058548844531341127e-01 8.487873279526797488e-01
9.097537071474196546e-01 8.488992730862195968e-01
9.136318195032014922e-01 8.490703715659878581e-01
9.174550171691567835e-01 8.493608553261696725e-01
9.210824147557300501e-01 8.499399685250795811e-01
9.235470802349714514e-01 8.513740180941499203e-01
9.313491899355808012e-01 8.497763899780171881e-01
9.338054020908506114e-01 8.511521934691178570e-01
9.374251655389682636e-01 8.516974247453096281e-01
9.412340710850377601e-01 8.519342093771616886e-01
9.457877847471036770e-01 8.520129024094263981e-01
9.497022110617299173e-01 8.519014976612585555e-01
9.534621006932437748e-01 8.514731920716646085e-01
9.558155281601620201e-01 8.503432718265163670e-01
9.627969132179358125e-01 8.526255771002001493e-01
9.636851160239209291e-01 8.525756153693623274e-01
9.686274509803921573e-01 8.525896414342629681e-01
9.725490196078431238e-01 8.525896414342629681e-01
9.764705882352940902e-01 8.486055776892430513e-01
9.764705882352940902e-01 8.525896414342629681e-01
9.764705882352940902e-01 8.565737051792828849e-01
9.803921568627450567e-01 8.486055776892430513e-01
9.843137254901960231e-01 8.446215139442231346e-01
9.992477230262011290e-01 8.333799732938053095e-01
9.988327546743676066e-01 8.343922453765494351e-01
9.983331954572349787e-01 8.367386798882686660e-01
9.976826256606727839e-01 8.396978538735692110e-01
9.969925526529550552e-01 8.426256367001697667e-01
9.966916160192340612e-01 8.449542741322532136e-01
9.965729813557118177e-01 8.470906887386194795e-01
9.966505679767578840e-01 8.489035034711766015e-01
9.968790460843592882e-01 8.495642203741161635e-01
9.981805798597633839e-01 8.664335195973248416e-01
9.987356029450893402e-01 8.657993516695511316e-01
