0.000000000000000000e+00 9.797570850202429460e-01
0.000000000000000000e+00 9.838056680161942902e-01
0.000000000000000000e+00 9.878542510121457454e-01
0.000000000000000000e+00 9.919028340080972006e-01
4.081632653061224858e-03 9.959514170040485448e-01
8.163265306122449716e-03 1.000000000000000000e+00
1.224489795918367284e-02 1.000000000000000000e+00
1.632653061224489943e-02 1.000000000000000000e+00
2.040816326530612082e-02 7.165991902834007998e-01
2.040816326530612082e-02 1.000000000000000000e+00
2.448979591836734568e-02 7.165991902834007998e-01
2.448979591836734568e-02 1.000000000000000000e+00
2.857142857142857054e-02 7.206477732793522550e-01
3.265306122448979886e-02 7.206477732793522550e-01
3.673469387755102372e-02 7.246963562753035992e-01
4.081632653061224164e-02 6.032388663967611642e-01
4.081632653061224164e-02 7.287449392712550544e-01
4.489795918367346650e-02 6.032388663967611642e-01
4.489795918367346650e-02 7.287449392712550544e-01
4.897959183673469136e-02 6.072874493927125084e-01
4.897959183673469136e-02 7.327935222672065096e-01
5.306122448979591621e-02 6.072874493927125084e-01
5.306122448979591621e-02 7.368421052631578538e-01
5.714285714285714107e-02 6.072874493927125084e-01
5.714285714285714107e-02 7.368421052631578538e-01
6.122448979591836593e-02 6.072874493927125084e-01
6.122448979591836593e-02 7.368421052631578538e-01
6.530612244897959773e-02 6.072874493927125084e-01
6.530612244897959773e-02 7.408906882591093090e-01
6.938775510204081565e-02 6.072874493927125084e-01
6.938775510204081565e-02 7.408906882591093090e-01
7.346938775510204744e-02 6.032388663967611642e-01
7.346938775510204744e-02 7.449392712550607643e-01
7.755102040816326536e-02 6.032388663967611642e-01
7.755102040816326536e-02 7.489878542510121084e-01
8.163265306122448328e-02 6.032388663967611642e-01
8.163265306122448328e-02 7.489878542510121084e-01
8.571428571428571508e-02 6.032388663967611642e-01
8.571428571428571508e-02 7.530364372469635637e-01
8.979591836734693300e-02 4.372469635627530549e-01
8.979591836734693300e-02 6.032388663967611642e-01
8.979591836734693300e-02 7.570850202429150189e-01
9.387755102040816479e-02 4.331983805668015997e-01
9.387755102040816479e-02 6.032388663967611642e-01
9.387755102040816479e-02 7.570850202429150189e-01
9.795918367346938271e-02 4.331983805668015997e-01
9.795918367346938271e-02 6.032388663967611642e-01
9.795918367346938271e-02 7.611336032388663630e-01
1.020408163265306145e-01 4.331983805668015997e-01
1.020408163265306145e-01 6.032388663967611642e-01
1.020408163265306145e-01 7.651821862348178183e-01
1.061224489795918324e-01 4.331983805668015997e-01
1.061224489795918324e-01 6.032388663967611642e-01
1.061224489795918324e-01 7.651821862348178183e-01
1.102040816326530642e-01 4.331983805668015997e-01
1.102040816326530642e-01 6.032388663967611642e-01
1.102040816326530642e-01 7.692307692307692735e-01
1.142857142857142821e-01 4.331983805668015997e-01
1.142857142857142821e-01 6.032388663967611642e-01
1.142857142857142821e-01 7.692307692307692735e-01
1.183673469387755139e-01 4.331983805668015997e-01
1.183673469387755139e-01 6.032388663967611642e-01
1.183673469387755139e-01 7.732793522267206177e-01
1.224489795918367319e-01 4.331983805668015997e-01
1.224489795918367319e-01 6.032388663967611642e-01
1.224489795918367319e-01 7.773279352226720729e-01
1.265306122448979498e-01 4.331983805668015997e-01
1.265306122448979498e-01 6.032388663967611642e-01
1.265306122448979498e-01 7.773279352226720729e-01
1.306122448979591955e-01 4.291497975708502000e-01
1.306122448979591955e-01 6.032388663967611642e-01
1.306122448979591955e-01 7.773279352226720729e-01
1.346938775510204134e-01 4.291497975708502000e-01
1.346938775510204134e-01 6.032388663967611642e-01
1.346938775510204134e-01 7.813765182186235281e-01
1.387755102040816313e-01 4.291497975708502000e-01
1.387755102040816313e-01 6.032388663967611642e-01
1.387755102040816313e-01 7.813765182186235281e-01
1.428571428571428492e-01 4.291497975708502000e-01
1.428571428571428492e-01 6.032388663967611642e-01
1.428571428571428492e-01 7.854251012145748723e-01
1.469387755102040949e-01 4.291497975708502000e-01
1.469387755102040949e-01 6.032388663967611642e-01
1.469387755102040949e-01 7.854251012145748723e-01
1.510204081632653128e-01 4.251012145748988003e-01
1.510204081632653128e-01 6.032388663967611642e-01
1.510204081632653128e-01 7.894736842105263275e-01
1.551020408163265307e-01 4.251012145748988003e-01
1.551020408163265307e-01 6.032388663967611642e-01
1.551020408163265307e-01 7.894736842105263275e-01
1.591836734693877486e-01 4.251012145748988003e-01
1.591836734693877486e-01 6.032388663967611642e-01
1.591836734693877486e-01 7.935222672064777827e-01
1.632653061224489666e-01 4.251012145748988003e-01
1.632653061224489666e-01 6.032388663967611642e-01
1.632653061224489666e-01 7.935222672064777827e-01
1.673469387755102122e-01 4.251012145748988003e-01
1.673469387755102122e-01 6.032388663967611642e-01
1.673469387755102122e-01 7.975708502024291269e-01
1.714285714285714302e-01 4.251012145748988003e-01
1.714285714285714302e-01 6.032388663967611642e-01
1.714285714285714302e-01 7.975708502024291269e-01
1.755102040816326481e-01 4.210526315789473450e-01
1.755102040816326481e-01 6.072874493927125084e-01
1.755102040816326481e-01 7.975708502024291269e-01
1.795918367346938660e-01 4.210526315789473450e-01
1.795918367346938660e-01 6.072874493927125084e-01
1.795918367346938660e-01 8.016194331983805821e-01
1.836734693877551117e-01 4.210526315789473450e-01
1.836734693877551117e-01 6.072874493927125084e-01
1.836734693877551117e-01 8.016194331983805821e-01
1.877551020408163296e-01 4.210526315789473450e-01
1.877551020408163296e-01 6.072874493927125084e-01
1.877551020408163296e-01 8.016194331983805821e-01
1.918367346938775475e-01 4.210526315789473450e-01
1.918367346938775475e-01 6.072874493927125084e-01
1.918367346938775475e-01 8.016194331983805821e-01
1.959183673469387654e-01 4.210526315789473450e-01
1.959183673469387654e-01 6.072874493927125084e-01
1.959183673469387654e-01 8.056680161943320373e-01
2.000000000000000111e-01 4.210526315789473450e-01
2.000000000000000111e-01 6.072874493927125084e-01
2.000000000000000111e-01 8.056680161943320373e-01
2.040816326530612290e-01 4.210526315789473450e-01
2.040816326530612290e-01 6.072874493927125084e-01
2.040816326530612290e-01 8.097165991902833815e-01
2.081632653061224469e-01 4.210526315789473450e-01
2.081632653061224469e-01 6.072874493927125084e-01
2.081632653061224469e-01 8.097165991902833815e-01
2.122448979591836649e-01 4.251012145748988003e-01
2.122448979591836649e-01 6.072874493927125084e-01
2.122448979591836649e-01 8.097165991902833815e-01
2.163265306122449105e-01 4.251012145748988003e-01
2.163265306122449105e-01 6.072874493927125084e-01
2.163265306122449105e-01 8.137651821862348367e-01
2.204081632653061285e-01 4.291497975708502000e-01
2.204081632653061285e-01 6.072874493927125084e-01
2.204081632653061285e-01 8.137651821862348367e-01
2.244897959183673464e-01 4.291497975708502000e-01
2.244897959183673464e-01 6.072874493927125084e-01
2.244897959183673464e-01 8.137651821862348367e-01
2.285714285714285643e-01 4.291497975708502000e-01
2.285714285714285643e-01 6.072874493927125084e-01
2.285714285714285643e-01 8.137651821862348367e-01
2.326530612244897822e-01 4.291497975708502000e-01
2.326530612244897822e-01 6.072874493927125084e-01
2.326530612244897822e-01 8.137651821862348367e-01
2.367346938775510279e-01 4.291497975708502000e-01
2.367346938775510279e-01 6.072874493927125084e-01
2.367346938775510279e-01 8.137651821862348367e-01
2.408163265306122458e-01 4.291497975708502000e-01
2.408163265306122458e-01 6.072874493927125084e-01
2.408163265306122458e-01 8.178137651821861809e-01
2.448979591836734637e-01 4.291497975708502000e-01
2.448979591836734637e-01 6.072874493927125084e-01
2.448979591836734637e-01 8.178137651821861809e-01
2.489795918367346816e-01 4.291497975708502000e-01
2.489795918367346816e-01 6.072874493927125084e-01
2.489795918367346816e-01 8.178137651821861809e-01
2.530612244897958996e-01 4.291497975708502000e-01
2.530612244897958996e-01 6.072874493927125084e-01
2.530612244897958996e-01 8.178137651821861809e-01
2.571428571428571175e-01 4.291497975708502000e-01
2.571428571428571175e-01 6.072874493927125084e-01
2.571428571428571175e-01 8.218623481781376361e-01
2.612244897959183909e-01 4.291497975708502000e-01
2.612244897959183909e-01 6.072874493927125084e-01
2.612244897959183909e-01 8.218623481781376361e-01
2.653061224489796088e-01 4.291497975708502000e-01
2.653061224489796088e-01 6.072874493927125084e-01
2.653061224489796088e-01 8.259109311740890913e-01
2.693877551020408267e-01 4.291497975708502000e-01
2.693877551020408267e-01 6.072874493927125084e-01
2.693877551020408267e-01 8.259109311740890913e-01
2.734693877551020447e-01 4.291497975708502000e-01
2.734693877551020447e-01 6.072874493927125084e-01
2.734693877551020447e-01 8.259109311740890913e-01
2.775510204081632626e-01 4.291497975708502000e-01
2.775510204081632626e-01 6.072874493927125084e-01
2.775510204081632626e-01 8.259109311740890913e-01
2.816326530612244805e-01 4.291497975708502000e-01
2.816326530612244805e-01 6.072874493927125084e-01
2.816326530612244805e-01 8.259109311740890913e-01
2.857142857142856984e-01 4.331983805668015997e-01
2.857142857142856984e-01 6.072874493927125084e-01
2.857142857142856984e-01 8.259109311740890913e-01
2.897959183673469163e-01 4.331983805668015997e-01
2.897959183673469163e-01 6.072874493927125084e-01
2.897959183673469163e-01 8.259109311740890913e-01
2.938775510204081898e-01 4.331983805668015997e-01
2.938775510204081898e-01 6.072874493927125084e-01
2.938775510204081898e-01 8.259109311740890913e-01
2.979591836734694077e-01 4.331983805668015997e-01
2.979591836734694077e-01 6.072874493927125084e-01
2.979591836734694077e-01 6.599190283400809820e-01
2.979591836734694077e-01 8.259109311740890913e-01
3.020408163265306256e-01 4.331983805668015997e-01
3.020408163265306256e-01 6.072874493927125084e-01
3.020408163265306256e-01 6.518218623481781826e-01
3.020408163265306256e-01 6.558704453441295268e-01
3.020408163265306256e-01 8.259109311740890913e-01
3.061224489795918435e-01 4.331983805668015997e-01
3.061224489795918435e-01 6.072874493927125084e-01
3.061224489795918435e-01 6.477732793522267274e-01
3.061224489795918435e-01 8.299595141700404355e-01
3.102040816326530615e-01 4.331983805668015997e-01
3.102040816326530615e-01 6.072874493927125084e-01
3.102040816326530615e-01 6.477732793522267274e-01
3.102040816326530615e-01 8.299595141700404355e-01
3.142857142857142794e-01 4.331983805668015997e-01
3.142857142857142794e-01 6.072874493927125084e-01
3.142857142857142794e-01 6.477732793522267274e-01
3.142857142857142794e-01 8.299595141700404355e-01
3.142857142857142794e-01 9.595141700404857810e-01
3.183673469387754973e-01 4.331983805668015997e-01
3.183673469387754973e-01 6.072874493927125084e-01
3.183673469387754973e-01 6.437246963562752722e-01
3.183673469387754973e-01 8.299595141700404355e-01
3.183673469387754973e-01 9.311740890688259276e-01
3.183673469387754973e-01 9.352226720647773828e-01
3.183673469387754973e-01 9.392712550607287270e-01
3.183673469387754973e-01 9.433198380566801822e-01
3.183673469387754973e-01 9.473684210526315264e-01
3.183673469387754973e-01 9.514170040485829816e-01
3.183673469387754973e-01 9.554655870445344368e-01
3.224489795918367152e-01 4.331983805668015997e-01
3.224489795918367152e-01 6.072874493927125084e-01
3.224489795918367152e-01 6.437246963562752722e-01
3.224489795918367152e-01 8.340080971659918907e-01
3.224489795918367152e-01 9.271255060728744724e-01
3.265306122448979331e-01 4.331983805668015997e-01
3.265306122448979331e-01 6.072874493927125084e-01
3.265306122448979331e-01 6.396761133603239280e-01
3.265306122448979331e-01 8.340080971659918907e-01
3.265306122448979331e-01 9.230769230769231282e-01
3.306122448979592066e-01 4.331983805668015997e-01
3.306122448979592066e-01 4.898785425101214730e-01
3.306122448979592066e-01 6.113360323886639636e-01
3.306122448979592066e-01 6.396761133603239280e-01
3.306122448979592066e-01 8.340080971659918907e-01
3.306122448979592066e-01 9.190283400809716730e-01
3.346938775510204245e-01 4.331983805668015997e-01
3.346938775510204245e-01 4.858299595141700178e-01
3.346938775510204245e-01 6.153846153846154188e-01
3.346938775510204245e-01 6.234817813765182182e-01
3.346938775510204245e-01 6.275303643724696734e-01
3.346938775510204245e-01 6.315789473684210176e-01
3.346938775510204245e-01 6.356275303643724728e-01
3.346938775510204245e-01 7.125506072874493446e-01
3.346938775510204245e-01 7.165991902834007998e-01
3.346938775510204245e-01 7.206477732793522550e-01
3.346938775510204245e-01 8.380566801619433459e-01
3.346938775510204245e-01 9.149797570850202177e-01
3.387755102040816424e-01 4.331983805668015997e-01
3.387755102040816424e-01 4.817813765182186181e-01
3.387755102040816424e-01 6.194331983805667630e-01
3.387755102040816424e-01 7.085020242914980004e-01
3.387755102040816424e-01 7.246963562753035992e-01
3.387755102040816424e-01 7.287449392712550544e-01
3.387755102040816424e-01 8.380566801619433459e-01
3.387755102040816424e-01 9.109311740890688736e-01
3.428571428571428603e-01 4.331983805668015997e-01
3.428571428571428603e-01 4.817813765182186181e-01
3.428571428571428603e-01 6.153846153846154188e-01
3.428571428571428603e-01 7.044534412955465452e-01
3.428571428571428603e-01 8.380566801619433459e-01
3.428571428571428603e-01 9.068825910931174183e-01
3.469387755102040782e-01 4.331983805668015997e-01
3.469387755102040782e-01 4.777327935222672184e-01
3.469387755102040782e-01 6.153846153846154188e-01
3.469387755102040782e-01 7.044534412955465452e-01
3.469387755102040782e-01 8.380566801619433459e-01
3.469387755102040782e-01 9.028340080971659631e-01
3.510204081632652962e-01 4.331983805668015997e-01
3.510204081632652962e-01 4.777327935222672184e-01
3.510204081632652962e-01 6.153846153846154188e-01
3.510204081632652962e-01 7.004048582995950900e-01
3.510204081632652962e-01 8.421052631578946901e-01
3.510204081632652962e-01 9.028340080971659631e-01
3.551020408163265141e-01 4.331983805668015997e-01
3.551020408163265141e-01 4.696356275303643635e-01
3.551020408163265141e-01 4.736842105263157632e-01
3.551020408163265141e-01 6.153846153846154188e-01
3.551020408163265141e-01 7.004048582995950900e-01
3.551020408163265141e-01 8.421052631578946901e-01
3.551020408163265141e-01 8.987854251012146189e-01
3.591836734693877320e-01 4.331983805668015997e-01
3.591836734693877320e-01 4.655870445344129638e-01
3.591836734693877320e-01 6.153846153846154188e-01
3.591836734693877320e-01 6.963562753036437458e-01
3.591836734693877320e-01 8.421052631578946901e-01
3.591836734693877320e-01 8.947368421052631637e-01
3.632653061224490054e-01 4.331983805668015997e-01
3.632653061224490054e-01 4.574898785425101089e-01
3.632653061224490054e-01 4.615384615384615641e-01
3.632653061224490054e-01 6.153846153846154188e-01
3.632653061224490054e-01 6.923076923076922906e-01
3.632653061224490054e-01 8.461538461538461453e-01
3.632653061224490054e-01 8.906882591093117085e-01
3.673469387755102233e-01 4.372469635627530549e-01
3.673469387755102233e-01 4.412955465587044546e-01
3.673469387755102233e-01 4.453441295546558543e-01
3.673469387755102233e-01 4.493927125506073095e-01
3.673469387755102233e-01 4.534412955465587092e-01
3.673469387755102233e-01 6.153846153846154188e-01
3.673469387755102233e-01 6.882591093117408354e-01
3.673469387755102233e-01 8.461538461538461453e-01
3.673469387755102233e-01 8.906882591093117085e-01
3.714285714285714413e-01 4.372469635627530549e-01
3.714285714285714413e-01 6.153846153846154188e-01
3.714285714285714413e-01 6.801619433198380360e-01
3.714285714285714413e-01 6.842105263157894912e-01
3.714285714285714413e-01 8.461538461538461453e-01
3.714285714285714413e-01 8.866396761133603643e-01
3.714285714285714413e-01 9.797570850202429460e-01
3.714285714285714413e-01 9.838056680161942902e-01
3.714285714285714413e-01 9.878542510121457454e-01
3.755102040816326592e-01 2.672064777327935459e-01
3.755102040816326592e-01 4.372469635627530549e-01
3.755102040816326592e-01 6.153846153846154188e-01
3.755102040816326592e-01 6.599190283400809820e-01
3.755102040816326592e-01 6.639676113360324372e-01
3.755102040816326592e-01 6.680161943319837814e-01
3.755102040816326592e-01 6.720647773279352366e-01
3.755102040816326592e-01 6.761133603238866918e-01
3.755102040816326592e-01 8.461538461538461453e-01
3.755102040816326592e-01 8.866396761133603643e-01
3.755102040816326592e-01 9.676113360323886914e-01
3.755102040816326592e-01 9.716599190283400356e-01
3.755102040816326592e-01 9.757085020242914908e-01
3.795918367346938771e-01 2.672064777327935459e-01
3.795918367346938771e-01 4.372469635627530549e-01
3.795918367346938771e-01 6.153846153846154188e-01
3.795918367346938771e-01 6.558704453441295268e-01
3.795918367346938771e-01 8.461538461538461453e-01
3.795918367346938771e-01 8.866396761133603643e-01
3.795918367346938771e-01 9.595141700404857810e-01
3.795918367346938771e-01 9.635627530364372362e-01
3.836734693877550950e-01 2.712550607287449456e-01
3.836734693877550950e-01 4.372469635627530549e-01
3.836734693877550950e-01 6.194331983805667630e-01
3.836734693877550950e-01 6.234817813765182182e-01
3.836734693877550950e-01 6.518218623481781826e-01
3.836734693877550950e-01 8.461538461538461453e-01
3.836734693877550950e-01 8.825910931174089091e-01
3.836734693877550950e-01 8.866396761133603643e-01
3.836734693877550950e-01 9.554655870445344368e-01
3.877551020408163129e-01 2.712550607287449456e-01
3.877551020408163129e-01 4.372469635627530549e-01
3.877551020408163129e-01 6.275303643724696734e-01
3.877551020408163129e-01 6.356275303643724728e-01
3.877551020408163129e-01 6.396761133603239280e-01
3.877551020408163129e-01 6.437246963562752722e-01
3.877551020408163129e-01 6.477732793522267274e-01
3.877551020408163129e-01 8.502024291497976005e-01
3.877551020408163129e-01 8.542510121457489447e-01
3.877551020408163129e-01 8.744939271255061097e-01
3.877551020408163129e-01 8.785425101214574539e-01
3.877551020408163129e-01 8.906882591093117085e-01
3.877551020408163129e-01 8.947368421052631637e-01
3.877551020408163129e-01 9.473684210526315264e-01
3.877551020408163129e-01 9.514170040485829816e-01
3.918367346938775309e-01 2.712550607287449456e-01
3.918367346938775309e-01 4.372469635627530549e-01
3.918367346938775309e-01 6.315789473684210176e-01
3.918367346938775309e-01 8.582995951417003999e-01
3.918367346938775309e-01 8.623481781376518551e-01
3.918367346938775309e-01 8.663967611336031993e-01
3.918367346938775309e-01 8.704453441295546545e-01
3.918367346938775309e-01 8.987854251012146189e-01
3.918367346938775309e-01 9.028340080971659631e-01
3.918367346938775309e-01 9.068825910931174183e-01
3.918367346938775309e-01 9.433198380566801822e-01
3.959183673469387488e-01 2.712550607287449456e-01
3.959183673469387488e-01 4.372469635627530549e-01
3.959183673469387488e-01 6.275303643724696734e-01
3.959183673469387488e-01 8.582995951417003999e-01
3.959183673469387488e-01 9.109311740890688736e-01
3.959183673469387488e-01 9.230769230769231282e-01
3.959183673469387488e-01 9.271255060728744724e-01
3.959183673469387488e-01 9.311740890688259276e-01
3.959183673469387488e-01 9.352226720647773828e-01
3.959183673469387488e-01 9.392712550607287270e-01
4.000000000000000222e-01 2.712550607287449456e-01
4.000000000000000222e-01 4.372469635627530549e-01
4.000000000000000222e-01 6.275303643724696734e-01
4.000000000000000222e-01 8.582995951417003999e-01
4.000000000000000222e-01 9.149797570850202177e-01
4.000000000000000222e-01 9.190283400809716730e-01
4.040816326530612401e-01 2.712550607287449456e-01
4.040816326530612401e-01 4.372469635627530549e-01
4.040816326530612401e-01 6.275303643724696734e-01
4.040816326530612401e-01 8.582995951417003999e-01
4.040816326530612401e-01 9.149797570850202177e-01
4.081632653061224580e-01 2.712550607287449456e-01
4.081632653061224580e-01 3.684210526315789269e-01
4.081632653061224580e-01 3.724696356275303821e-01
4.081632653061224580e-01 3.765182186234817818e-01
4.081632653061224580e-01 4.372469635627530549e-01
4.081632653061224580e-01 6.275303643724696734e-01
4.081632653061224580e-01 8.582995951417003999e-01
4.081632653061224580e-01 9.109311740890688736e-01
4.122448979591836760e-01 2.712550607287449456e-01
4.122448979591836760e-01 3.805668016194331815e-01
4.122448979591836760e-01 3.846153846153846367e-01
4.122448979591836760e-01 3.886639676113360364e-01
4.122448979591836760e-01 4.331983805668015997e-01
4.122448979591836760e-01 6.275303643724696734e-01
4.122448979591836760e-01 8.582995951417003999e-01
4.122448979591836760e-01 9.109311740890688736e-01
4.163265306122448939e-01 2.712550607287449456e-01
4.163265306122448939e-01 3.927125506072874361e-01
4.163265306122448939e-01 3.967611336032388913e-01
4.163265306122448939e-01 4.008097165991902910e-01
4.163265306122448939e-01 4.048582995951416907e-01
4.163265306122448939e-01 4.331983805668015997e-01
4.163265306122448939e-01 6.275303643724696734e-01
4.163265306122448939e-01 8.582995951417003999e-01
4.163265306122448939e-01 9.109311740890688736e-01
4.204081632653061118e-01 2.712550607287449456e-01
4.204081632653061118e-01 4.089068825910930904e-01
4.204081632653061118e-01 4.129554655870445457e-01
4.204081632653061118e-01 4.170040485829959453e-01
4.204081632653061118e-01 4.210526315789473450e-01
4.204081632653061118e-01 4.251012145748988003e-01
4.204081632653061118e-01 4.291497975708502000e-01
4.204081632653061118e-01 6.275303643724696734e-01
4.204081632653061118e-01 8.582995951417003999e-01
4.204081632653061118e-01 9.109311740890688736e-01
4.244897959183673297e-01 2.753036437246963453e-01
4.244897959183673297e-01 4.291497975708502000e-01
4.244897959183673297e-01 6.275303643724696734e-01
4.244897959183673297e-01 8.582995951417003999e-01
4.244897959183673297e-01 9.109311740890688736e-01
4.285714285714285476e-01 2.753036437246963453e-01
4.285714285714285476e-01 4.331983805668015997e-01
4.285714285714285476e-01 6.275303643724696734e-01
4.285714285714285476e-01 8.582995951417003999e-01
4.285714285714285476e-01 9.109311740890688736e-01
4.326530612244898211e-01 2.793522267206478005e-01
4.326530612244898211e-01 4.372469635627530549e-01
4.326530612244898211e-01 6.275303643724696734e-01
4.326530612244898211e-01 8.582995951417003999e-01
4.326530612244898211e-01 9.109311740890688736e-01
4.367346938775510390e-01 2.793522267206478005e-01
4.367346938775510390e-01 4.372469635627530549e-01
4.367346938775510390e-01 6.275303643724696734e-01
4.367346938775510390e-01 8.623481781376518551e-01
4.367346938775510390e-01 8.663967611336031993e-01
4.367346938775510390e-01 9.068825910931174183e-01
4.408163265306122569e-01 2.793522267206478005e-01
4.408163265306122569e-01 4.412955465587044546e-01
4.408163265306122569e-01 6.275303643724696734e-01
4.408163265306122569e-01 8.704453441295546545e-01
4.408163265306122569e-01 9.068825910931174183e-01
4.408163265306122569e-01 9.514170040485829816e-01
4.448979591836734748e-01 2.834008097165992002e-01
4.448979591836734748e-01 4.412955465587044546e-01
4.448979591836734748e-01 6.315789473684210176e-01
4.448979591836734748e-01 8.744939271255061097e-01
4.448979591836734748e-01 9.068825910931174183e-01
4.448979591836734748e-01 9.514170040485829816e-01
4.448979591836734748e-01 9.919028340080972006e-01
4.489795918367346927e-01 2.834008097165992002e-01
4.489795918367346927e-01 4.412955465587044546e-01
4.489795918367346927e-01 6.315789473684210176e-01
4.489795918367346927e-01 7.327935222672065096e-01
4.489795918367346927e-01 7.368421052631578538e-01
4.489795918367346927e-01 7.408906882591093090e-01
4.489795918367346927e-01 7.449392712550607643e-01
4.489795918367346927e-01 8.785425101214574539e-01
4.489795918367346927e-01 8.987854251012146189e-01
4.489795918367346927e-01 9.028340080971659631e-01
4.489795918367346927e-01 9.473684210526315264e-01
4.489795918367346927e-01 9.676113360323886914e-01
4.489795918367346927e-01 9.716599190283400356e-01
4.489795918367346927e-01 9.757085020242914908e-01
4.489795918367346927e-01 9.797570850202429460e-01
4.489795918367346927e-01 9.838056680161942902e-01
4.489795918367346927e-01 9.878542510121457454e-01
4.530612244897959107e-01 2.834008097165992002e-01
4.530612244897959107e-01 4.453441295546558543e-01
4.530612244897959107e-01 6.315789473684210176e-01
4.530612244897959107e-01 7.287449392712550544e-01
4.530612244897959107e-01 8.785425101214574539e-01
4.530612244897959107e-01 8.825910931174089091e-01
4.530612244897959107e-01 8.866396761133603643e-01
4.530612244897959107e-01 8.906882591093117085e-01
4.530612244897959107e-01 8.947368421052631637e-01
4.530612244897959107e-01 9.068825910931174183e-01
4.530612244897959107e-01 9.109311740890688736e-01
4.530612244897959107e-01 9.149797570850202177e-01
4.530612244897959107e-01 9.190283400809716730e-01
4.530612244897959107e-01 9.230769230769231282e-01
4.530612244897959107e-01 9.271255060728744724e-01
4.530612244897959107e-01 9.311740890688259276e-01
4.530612244897959107e-01 9.352226720647773828e-01
4.530612244897959107e-01 9.392712550607287270e-01
4.530612244897959107e-01 9.433198380566801822e-01
4.530612244897959107e-01 9.473684210526315264e-01
4.530612244897959107e-01 9.514170040485829816e-01
4.530612244897959107e-01 9.554655870445344368e-01
4.530612244897959107e-01 9.595141700404857810e-01
4.530612244897959107e-01 9.635627530364372362e-01
4.571428571428571286e-01 2.834008097165992002e-01
4.571428571428571286e-01 4.453441295546558543e-01
4.571428571428571286e-01 6.315789473684210176e-01
4.571428571428571286e-01 7.246963562753035992e-01
4.571428571428571286e-01 8.785425101214574539e-01
4.612244897959183465e-01 2.834008097165992002e-01
4.612244897959183465e-01 4.453441295546558543e-01
4.612244897959183465e-01 6.315789473684210176e-01
4.612244897959183465e-01 6.923076923076922906e-01
4.612244897959183465e-01 6.963562753036437458e-01
4.612244897959183465e-01 7.004048582995950900e-01
4.612244897959183465e-01 7.044534412955465452e-01
4.612244897959183465e-01 7.085020242914980004e-01
4.612244897959183465e-01 7.125506072874493446e-01
4.612244897959183465e-01 7.165991902834007998e-01
4.612244897959183465e-01 7.206477732793522550e-01
4.612244897959183465e-01 8.744939271255061097e-01
4.653061224489795644e-01 1.781376518218623362e-01
4.653061224489795644e-01 2.793522267206478005e-01
4.653061224489795644e-01 2.834008097165992002e-01
4.653061224489795644e-01 2.874493927125505999e-01
4.653061224489795644e-01 4.008097165991902910e-01
4.653061224489795644e-01 4.048582995951416907e-01
4.653061224489795644e-01 4.089068825910930904e-01
4.653061224489795644e-01 4.129554655870445457e-01
4.653061224489795644e-01 4.170040485829959453e-01
4.653061224489795644e-01 4.210526315789473450e-01
4.653061224489795644e-01 4.251012145748988003e-01
4.653061224489795644e-01 4.291497975708502000e-01
4.653061224489795644e-01 4.331983805668015997e-01
4.653061224489795644e-01 4.372469635627530549e-01
4.653061224489795644e-01 4.412955465587044546e-01
4.653061224489795644e-01 4.453441295546558543e-01
4.653061224489795644e-01 4.493927125506073095e-01
4.653061224489795644e-01 4.534412955465587092e-01
4.653061224489795644e-01 4.574898785425101089e-01
4.653061224489795644e-01 4.615384615384615641e-01
4.653061224489795644e-01 4.655870445344129638e-01
4.653061224489795644e-01 4.696356275303643635e-01
4.653061224489795644e-01 4.736842105263157632e-01
4.653061224489795644e-01 4.777327935222672184e-01
4.653061224489795644e-01 4.817813765182186181e-01
4.653061224489795644e-01 4.858299595141700178e-01
4.653061224489795644e-01 4.898785425101214730e-01
4.653061224489795644e-01 4.939271255060728727e-01
4.653061224489795644e-01 6.356275303643724728e-01
4.653061224489795644e-01 6.396761133603239280e-01
4.653061224489795644e-01 6.437246963562752722e-01
4.653061224489795644e-01 6.477732793522267274e-01
4.653061224489795644e-01 6.518218623481781826e-01
4.653061224489795644e-01 6.558704453441295268e-01
4.653061224489795644e-01 6.599190283400809820e-01
4.653061224489795644e-01 6.639676113360324372e-01
4.653061224489795644e-01 6.680161943319837814e-01
4.653061224489795644e-01 6.720647773279352366e-01
4.653061224489795644e-01 6.761133603238866918e-01
4.653061224489795644e-01 6.801619433198380360e-01
4.653061224489795644e-01 6.842105263157894912e-01
4.653061224489795644e-01 6.882591093117408354e-01
4.653061224489795644e-01 7.246963562753035992e-01
4.653061224489795644e-01 8.744939271255061097e-01
4.693877551020408379e-01 8.502024291497975450e-02
4.693877551020408379e-01 8.906882591093116808e-02
4.693877551020408379e-01 9.311740890688259553e-02
4.693877551020408379e-01 9.716599190283400911e-02
4.693877551020408379e-01 1.012145748987854227e-01
4.693877551020408379e-01 1.052631578947368363e-01
4.693877551020408379e-01 1.093117408906882637e-01
4.693877551020408379e-01 1.133603238866396773e-01
4.693877551020408379e-01 1.174089068825910909e-01
4.693877551020408379e-01 1.214574898785425044e-01
4.693877551020408379e-01 1.255060728744939180e-01
4.693877551020408379e-01 1.295546558704453455e-01
4.693877551020408379e-01 1.336032388663967729e-01
4.693877551020408379e-01 1.376518218623481726e-01
4.693877551020408379e-01 1.417004048582996001e-01
4.693877551020408379e-01 1.457489878542509998e-01
4.693877551020408379e-01 1.497975708502024272e-01
4.693877551020408379e-01 1.538461538461538547e-01
4.693877551020408379e-01 1.578947368421052544e-01
4.693877551020408379e-01 1.619433198380566818e-01
4.693877551020408379e-01 1.659919028340081093e-01
4.693877551020408379e-01 1.700404858299595090e-01
4.693877551020408379e-01 1.740890688259109365e-01
4.693877551020408379e-01 1.821862348178137636e-01
4.693877551020408379e-01 1.862348178137651911e-01
4.693877551020408379e-01 1.902834008097165908e-01
4.693877551020408379e-01 1.943319838056680182e-01
4.693877551020408379e-01 1.983805668016194457e-01
4.693877551020408379e-01 2.712550607287449456e-01
4.693877551020408379e-01 2.753036437246963453e-01
4.693877551020408379e-01 2.914979757085019996e-01
4.693877551020408379e-01 2.955465587044534548e-01
4.693877551020408379e-01 2.995951417004048545e-01
4.693877551020408379e-01 3.036437246963562542e-01
4.693877551020408379e-01 3.076923076923077094e-01
4.693877551020408379e-01 3.117408906882591091e-01
4.693877551020408379e-01 3.157894736842105088e-01
4.693877551020408379e-01 3.198380566801619640e-01
4.693877551020408379e-01 3.238866396761133637e-01
4.693877551020408379e-01 3.279352226720647634e-01
4.693877551020408379e-01 3.319838056680162186e-01
4.693877551020408379e-01 3.360323886639676183e-01
4.693877551020408379e-01 3.400809716599190180e-01
4.693877551020408379e-01 3.441295546558704177e-01
4.693877551020408379e-01 3.481781376518218729e-01
4.693877551020408379e-01 3.522267206477732726e-01
4.693877551020408379e-01 3.562753036437246723e-01
4.693877551020408379e-01 3.603238866396761275e-01
4.693877551020408379e-01 3.643724696356275272e-01
4.693877551020408379e-01 3.684210526315789269e-01
4.693877551020408379e-01 3.724696356275303821e-01
4.693877551020408379e-01 3.765182186234817818e-01
4.693877551020408379e-01 3.805668016194331815e-01
4.693877551020408379e-01 3.846153846153846367e-01
4.693877551020408379e-01 3.886639676113360364e-01
4.693877551020408379e-01 3.927125506072874361e-01
4.693877551020408379e-01 3.967611336032388913e-01
4.693877551020408379e-01 4.979757085020242724e-01
4.693877551020408379e-01 5.020242914979756721e-01
4.693877551020408379e-01 6.072874493927125084e-01
4.693877551020408379e-01 6.113360323886639636e-01
4.693877551020408379e-01 6.153846153846154188e-01
4.693877551020408379e-01 6.194331983805667630e-01
4.693877551020408379e-01 6.234817813765182182e-01
4.693877551020408379e-01 6.275303643724696734e-01
4.693877551020408379e-01 6.315789473684210176e-01
4.693877551020408379e-01 6.356275303643724728e-01
4.693877551020408379e-01 7.287449392712550544e-01
4.693877551020408379e-01 8.744939271255061097e-01
4.734693877551020558e-01 0.000000000000000000e+00
4.734693877551020558e-01 4.048582995951417046e-03
4.734693877551020558e-01 8.097165991902834092e-03
4.734693877551020558e-01 1.214574898785425114e-02
4.734693877551020558e-01 1.619433198380566818e-02
4.734693877551020558e-01 2.024291497975708523e-02
4.734693877551020558e-01 2.429149797570850228e-02
4.734693877551020558e-01 2.834008097165991932e-02
4.734693877551020558e-01 3.238866396761133637e-02
4.734693877551020558e-01 3.643724696356274995e-02
4.734693877551020558e-01 6.477732793522267274e-02
4.734693877551020558e-01 6.882591093117408632e-02
4.734693877551020558e-01 7.287449392712549989e-02
4.734693877551020558e-01 7.692307692307692735e-02
4.734693877551020558e-01 8.097165991902834092e-02
4.734693877551020558e-01 2.024291497975708454e-01
4.734693877551020558e-01 2.064777327935222728e-01
4.734693877551020558e-01 2.105263157894736725e-01
4.734693877551020558e-01 2.145748987854251000e-01
4.734693877551020558e-01 2.186234817813765274e-01
4.734693877551020558e-01 2.226720647773279271e-01
4.734693877551020558e-01 2.267206477732793546e-01
4.734693877551020558e-01 2.307692307692307820e-01
4.734693877551020558e-01 2.348178137651821817e-01
4.734693877551020558e-01 2.388663967611336092e-01
4.734693877551020558e-01 2.429149797570850089e-01
4.734693877551020558e-01 2.469635627530364363e-01
4.734693877551020558e-01 2.510121457489878360e-01
4.734693877551020558e-01 2.550607287449392913e-01
4.734693877551020558e-01 2.591093117408906910e-01
4.734693877551020558e-01 2.631578947368420907e-01
4.734693877551020558e-01 2.672064777327935459e-01
4.734693877551020558e-01 5.060728744939271273e-01
4.734693877551020558e-01 5.101214574898785825e-01
4.734693877551020558e-01 5.141700404858299267e-01
4.734693877551020558e-01 5.182186234817813819e-01
4.734693877551020558e-01 5.222672064777328371e-01
4.734693877551020558e-01 5.263157894736841813e-01
4.734693877551020558e-01 5.303643724696356365e-01
4.734693877551020558e-01 5.344129554655870917e-01
4.734693877551020558e-01 5.384615384615384359e-01
4.734693877551020558e-01 5.425101214574898911e-01
4.734693877551020558e-01 5.465587044534413463e-01
4.734693877551020558e-01 5.506072874493926905e-01
4.734693877551020558e-01 5.546558704453441457e-01
4.734693877551020558e-01 5.748987854251011997e-01
4.734693877551020558e-01 5.789473684210526550e-01
4.734693877551020558e-01 5.829959514170039991e-01
4.734693877551020558e-01 5.870445344129554543e-01
4.734693877551020558e-01 5.910931174089069096e-01
4.734693877551020558e-01 5.951417004048582537e-01
4.734693877551020558e-01 5.991902834008097090e-01
4.734693877551020558e-01 6.032388663967611642e-01
4.734693877551020558e-01 6.356275303643724728e-01
4.734693877551020558e-01 7.327935222672065096e-01
4.734693877551020558e-01 7.368421052631578538e-01
4.734693877551020558e-01 8.704453441295546545e-01
4.775510204081632737e-01 4.048582995951417046e-02
4.775510204081632737e-01 4.453441295546558404e-02
4.775510204081632737e-01 4.858299595141700455e-02
4.775510204081632737e-01 5.263157894736841813e-02
4.775510204081632737e-01 5.668016194331983865e-02
4.775510204081632737e-01 6.072874493927125222e-02
4.775510204081632737e-01 5.587044534412956009e-01
4.775510204081632737e-01 5.627530364372469451e-01
4.775510204081632737e-01 5.668016194331984003e-01
4.775510204081632737e-01 5.708502024291497445e-01
4.775510204081632737e-01 6.315789473684210176e-01
4.775510204081632737e-01 7.408906882591093090e-01
4.775510204081632737e-01 7.449392712550607643e-01
4.775510204081632737e-01 7.489878542510121084e-01
4.775510204081632737e-01 7.530364372469635637e-01
4.775510204081632737e-01 7.570850202429150189e-01
4.775510204081632737e-01 7.611336032388663630e-01
4.775510204081632737e-01 7.651821862348178183e-01
4.775510204081632737e-01 7.692307692307692735e-01
4.775510204081632737e-01 7.732793522267206177e-01
4.775510204081632737e-01 7.773279352226720729e-01
4.775510204081632737e-01 7.813765182186235281e-01
4.775510204081632737e-01 7.854251012145748723e-01
4.775510204081632737e-01 7.894736842105263275e-01
4.775510204081632737e-01 7.935222672064777827e-01
4.775510204081632737e-01 8.340080971659918907e-01
4.775510204081632737e-01 8.380566801619433459e-01
4.775510204081632737e-01 8.421052631578946901e-01
4.775510204081632737e-01 8.461538461538461453e-01
4.775510204081632737e-01 8.502024291497976005e-01
4.775510204081632737e-01 8.542510121457489447e-01
4.775510204081632737e-01 8.582995951417003999e-01
4.775510204081632737e-01 8.623481781376518551e-01
4.775510204081632737e-01 8.663967611336031993e-01
4.775510204081632737e-01 8.704453441295546545e-01
4.816326530612244916e-01 6.315789473684210176e-01
4.816326530612244916e-01 7.975708502024291269e-01
4.816326530612244916e-01 8.016194331983805821e-01
4.816326530612244916e-01 8.056680161943320373e-01
4.816326530612244916e-01 8.097165991902833815e-01
4.816326530612244916e-01 8.137651821862348367e-01
4.816326530612244916e-01 8.178137651821861809e-01
4.816326530612244916e-01 8.218623481781376361e-01
4.816326530612244916e-01 8.259109311740890913e-01
4.816326530612244916e-01 8.299595141700404355e-01
4.816326530612244916e-01 8.704453441295546545e-01
4.857142857142857095e-01 6.315789473684210176e-01
4.857142857142857095e-01 8.299595141700404355e-01
4.857142857142857095e-01 8.663967611336031993e-01
4.897959183673469274e-01 6.315789473684210176e-01
4.897959183673469274e-01 8.340080971659918907e-01
4.897959183673469274e-01 8.663967611336031993e-01
4.938775510204081454e-01 6.315789473684210176e-01
4.938775510204081454e-01 8.340080971659918907e-01
4.938775510204081454e-01 8.663967611336031993e-01
4.979591836734693633e-01 6.315789473684210176e-01
4.979591836734693633e-01 8.340080971659918907e-01
4.979591836734693633e-01 8.663967611336031993e-01
5.020408163265306367e-01 6.315789473684210176e-01
5.020408163265306367e-01 8.380566801619433459e-01
5.020408163265306367e-01 8.663967611336031993e-01
5.061224489795917991e-01 6.315789473684210176e-01
5.061224489795917991e-01 7.611336032388663630e-01
5.061224489795917991e-01 7.651821862348178183e-01
5.061224489795917991e-01 7.692307692307692735e-01
5.061224489795917991e-01 7.732793522267206177e-01
5.061224489795917991e-01 7.773279352226720729e-01
5.061224489795917991e-01 7.813765182186235281e-01
5.061224489795917991e-01 7.854251012145748723e-01
5.061224489795917991e-01 8.421052631578946901e-01
5.061224489795917991e-01 8.623481781376518551e-01
5.102040816326530726e-01 6.356275303643724728e-01
5.102040816326530726e-01 7.894736842105263275e-01
5.102040816326530726e-01 7.935222672064777827e-01
5.102040816326530726e-01 7.975708502024291269e-01
5.102040816326530726e-01 8.461538461538461453e-01
5.102040816326530726e-01 8.582995951417003999e-01
5.142857142857142350e-01 6.356275303643724728e-01
5.142857142857142350e-01 8.016194331983805821e-01
5.142857142857142350e-01 8.502024291497976005e-01
5.142857142857142350e-01 8.542510121457489447e-01
5.183673469387755084e-01 6.356275303643724728e-01
5.183673469387755084e-01 8.056680161943320373e-01
5.183673469387755084e-01 8.502024291497976005e-01
5.224489795918367818e-01 6.356275303643724728e-01
5.224489795918367818e-01 8.097165991902833815e-01
5.224489795918367818e-01 8.137651821862348367e-01
5.224489795918367818e-01 8.178137651821861809e-01
5.224489795918367818e-01 8.218623481781376361e-01
5.224489795918367818e-01 8.259109311740890913e-01
5.224489795918367818e-01 8.299595141700404355e-01
5.224489795918367818e-01 8.340080971659918907e-01
5.224489795918367818e-01 8.380566801619433459e-01
5.224489795918367818e-01 8.421052631578946901e-01
5.224489795918367818e-01 8.461538461538461453e-01
5.224489795918367818e-01 8.502024291497976005e-01
5.265306122448979442e-01 6.356275303643724728e-01
5.265306122448979442e-01 8.056680161943320373e-01
5.265306122448979442e-01 8.502024291497976005e-01
5.306122448979592177e-01 6.356275303643724728e-01
5.306122448979592177e-01 8.056680161943320373e-01
5.306122448979592177e-01 8.542510121457489447e-01
5.346938775510203801e-01 6.356275303643724728e-01
5.346938775510203801e-01 8.056680161943320373e-01
5.346938775510203801e-01 8.542510121457489447e-01
5.387755102040816535e-01 6.356275303643724728e-01
5.387755102040816535e-01 7.530364372469635637e-01
5.387755102040816535e-01 7.570850202429150189e-01
5.387755102040816535e-01 7.611336032388663630e-01
5.387755102040816535e-01 7.651821862348178183e-01
5.387755102040816535e-01 7.692307692307692735e-01
5.387755102040816535e-01 7.732793522267206177e-01
5.387755102040816535e-01 7.773279352226720729e-01
5.387755102040816535e-01 7.813765182186235281e-01
5.387755102040816535e-01 7.854251012145748723e-01
5.387755102040816535e-01 7.975708502024291269e-01
5.387755102040816535e-01 8.016194331983805821e-01
5.387755102040816535e-01 8.542510121457489447e-01
5.428571428571428159e-01 6.356275303643724728e-01
5.428571428571428159e-01 7.449392712550607643e-01
5.428571428571428159e-01 7.489878542510121084e-01
5.428571428571428159e-01 7.894736842105263275e-01
5.428571428571428159e-01 7.935222672064777827e-01
5.428571428571428159e-01 8.542510121457489447e-01
5.469387755102040893e-01 6.356275303643724728e-01
5.469387755102040893e-01 7.327935222672065096e-01
5.469387755102040893e-01 7.368421052631578538e-01
5.469387755102040893e-01 7.408906882591093090e-01
5.469387755102040893e-01 8.542510121457489447e-01
5.510204081632652517e-01 6.356275303643724728e-01
5.510204081632652517e-01 8.542510121457489447e-01
5.551020408163265252e-01 6.356275303643724728e-01
5.551020408163265252e-01 8.542510121457489447e-01
5.591836734693877986e-01 6.356275303643724728e-01
5.591836734693877986e-01 8.542510121457489447e-01
5.632653061224489610e-01 6.356275303643724728e-01
5.632653061224489610e-01 8.542510121457489447e-01
5.673469387755102344e-01 6.396761133603239280e-01
5.673469387755102344e-01 8.542510121457489447e-01
5.714285714285713969e-01 6.437246963562752722e-01
5.714285714285713969e-01 6.477732793522267274e-01
5.714285714285713969e-01 6.518218623481781826e-01
5.714285714285713969e-01 8.542510121457489447e-01
5.755102040816326703e-01 6.396761133603239280e-01
5.755102040816326703e-01 6.558704453441295268e-01
5.755102040816326703e-01 6.599190283400809820e-01
5.755102040816326703e-01 6.639676113360324372e-01
5.755102040816326703e-01 6.680161943319837814e-01
5.755102040816326703e-01 6.720647773279352366e-01
5.755102040816326703e-01 8.502024291497976005e-01
5.755102040816326703e-01 8.542510121457489447e-01
5.755102040816326703e-01 8.582995951417003999e-01
5.755102040816326703e-01 8.623481781376518551e-01
5.795918367346938327e-01 6.356275303643724728e-01
5.795918367346938327e-01 6.761133603238866918e-01
5.795918367346938327e-01 6.801619433198380360e-01
5.795918367346938327e-01 8.502024291497976005e-01
5.795918367346938327e-01 8.663967611336031993e-01
5.795918367346938327e-01 8.704453441295546545e-01
5.836734693877551061e-01 6.356275303643724728e-01
5.836734693877551061e-01 6.842105263157894912e-01
5.836734693877551061e-01 8.461538461538461453e-01
5.836734693877551061e-01 8.744939271255061097e-01
5.877551020408163795e-01 6.315789473684210176e-01
5.877551020408163795e-01 6.882591093117408354e-01
5.877551020408163795e-01 8.461538461538461453e-01
5.877551020408163795e-01 8.785425101214574539e-01
5.918367346938775420e-01 6.315789473684210176e-01
5.918367346938775420e-01 6.882591093117408354e-01
5.918367346938775420e-01 8.421052631578946901e-01
5.918367346938775420e-01 8.825910931174089091e-01
5.918367346938775420e-01 8.866396761133603643e-01
5.918367346938775420e-01 8.906882591093117085e-01
5.918367346938775420e-01 8.947368421052631637e-01
5.959183673469388154e-01 6.315789473684210176e-01
5.959183673469388154e-01 6.923076923076922906e-01
5.959183673469388154e-01 8.421052631578946901e-01
5.959183673469388154e-01 8.987854251012146189e-01
5.959183673469388154e-01 9.028340080971659631e-01
5.999999999999999778e-01 6.315789473684210176e-01
5.999999999999999778e-01 6.963562753036437458e-01
5.999999999999999778e-01 8.421052631578946901e-01
5.999999999999999778e-01 9.068825910931174183e-01
5.999999999999999778e-01 9.109311740890688736e-01
5.999999999999999778e-01 9.149797570850202177e-01
6.040816326530612512e-01 6.315789473684210176e-01
6.040816326530612512e-01 6.963562753036437458e-01
6.040816326530612512e-01 8.380566801619433459e-01
6.040816326530612512e-01 9.190283400809716730e-01
6.040816326530612512e-01 9.230769230769231282e-01
6.081632653061224136e-01 6.315789473684210176e-01
6.081632653061224136e-01 7.004048582995950900e-01
6.081632653061224136e-01 8.380566801619433459e-01
6.081632653061224136e-01 9.271255060728744724e-01
6.122448979591836871e-01 6.315789473684210176e-01
6.122448979591836871e-01 7.004048582995950900e-01
6.122448979591836871e-01 8.380566801619433459e-01
6.122448979591836871e-01 9.311740890688259276e-01
6.163265306122448495e-01 6.275303643724696734e-01
6.163265306122448495e-01 7.044534412955465452e-01
6.163265306122448495e-01 8.380566801619433459e-01
6.163265306122448495e-01 9.352226720647773828e-01
6.204081632653061229e-01 6.275303643724696734e-01
6.204081632653061229e-01 7.085020242914980004e-01
6.204081632653061229e-01 8.340080971659918907e-01
6.204081632653061229e-01 9.392712550607287270e-01
6.244897959183673963e-01 6.275303643724696734e-01
6.244897959183673963e-01 7.125506072874493446e-01
6.244897959183673963e-01 8.340080971659918907e-01
6.244897959183673963e-01 9.433198380566801822e-01
6.285714285714285587e-01 6.275303643724696734e-01
6.285714285714285587e-01 7.165991902834007998e-01
6.285714285714285587e-01 7.206477732793522550e-01
6.285714285714285587e-01 8.340080971659918907e-01
6.285714285714285587e-01 9.473684210526315264e-01
6.326530612244898322e-01 6.275303643724696734e-01
6.326530612244898322e-01 7.246963562753035992e-01
6.326530612244898322e-01 7.287449392712550544e-01
6.326530612244898322e-01 8.340080971659918907e-01
6.326530612244898322e-01 9.514170040485829816e-01
6.326530612244898322e-01 9.554655870445344368e-01
6.326530612244898322e-01 9.595141700404857810e-01
6.326530612244898322e-01 9.635627530364372362e-01
6.326530612244898322e-01 9.676113360323886914e-01
6.326530612244898322e-01 9.716599190283400356e-01
6.326530612244898322e-01 9.757085020242914908e-01
6.326530612244898322e-01 9.797570850202429460e-01
6.326530612244898322e-01 9.838056680161942902e-01
6.367346938775509946e-01 6.275303643724696734e-01
6.367346938775509946e-01 7.327935222672065096e-01
6.367346938775509946e-01 7.935222672064777827e-01
6.367346938775509946e-01 8.299595141700404355e-01
6.367346938775509946e-01 9.878542510121457454e-01
6.408163265306122680e-01 6.234817813765182182e-01
6.408163265306122680e-01 7.327935222672065096e-01
6.408163265306122680e-01 7.935222672064777827e-01
6.408163265306122680e-01 8.299595141700404355e-01
6.408163265306122680e-01 9.919028340080972006e-01
6.448979591836734304e-01 6.234817813765182182e-01
6.448979591836734304e-01 7.368421052631578538e-01
6.448979591836734304e-01 7.975708502024291269e-01
6.448979591836734304e-01 8.259109311740890913e-01
6.448979591836734304e-01 9.919028340080972006e-01
6.489795918367347038e-01 6.234817813765182182e-01
6.489795918367347038e-01 7.408906882591093090e-01
6.489795918367347038e-01 7.975708502024291269e-01
6.489795918367347038e-01 8.016194331983805821e-01
6.489795918367347038e-01 8.056680161943320373e-01
6.489795918367347038e-01 8.097165991902833815e-01
6.489795918367347038e-01 8.137651821862348367e-01
6.489795918367347038e-01 8.178137651821861809e-01
6.489795918367347038e-01 8.218623481781376361e-01
6.489795918367347038e-01 8.259109311740890913e-01
6.489795918367347038e-01 9.959514170040485448e-01
6.530612244897958663e-01 6.234817813765182182e-01
6.530612244897958663e-01 7.449392712550607643e-01
6.530612244897958663e-01 7.894736842105263275e-01
6.530612244897958663e-01 7.935222672064777827e-01
6.530612244897958663e-01 8.259109311740890913e-01
6.571428571428571397e-01 6.234817813765182182e-01
6.571428571428571397e-01 7.489878542510121084e-01
6.571428571428571397e-01 7.530364372469635637e-01
6.571428571428571397e-01 7.570850202429150189e-01
6.571428571428571397e-01 7.611336032388663630e-01
6.571428571428571397e-01 7.651821862348178183e-01
6.571428571428571397e-01 7.692307692307692735e-01
6.571428571428571397e-01 7.732793522267206177e-01
6.571428571428571397e-01 7.773279352226720729e-01
6.571428571428571397e-01 7.813765182186235281e-01
6.571428571428571397e-01 7.854251012145748723e-01
6.571428571428571397e-01 8.259109311740890913e-01
6.612244897959184131e-01 6.234817813765182182e-01
6.612244897959184131e-01 8.259109311740890913e-01
6.653061224489795755e-01 6.234817813765182182e-01
6.653061224489795755e-01 8.259109311740890913e-01
6.693877551020408490e-01 6.234817813765182182e-01
6.693877551020408490e-01 8.259109311740890913e-01
6.734693877551020114e-01 6.234817813765182182e-01
6.734693877551020114e-01 8.259109311740890913e-01
6.775510204081632848e-01 6.234817813765182182e-01
6.775510204081632848e-01 8.259109311740890913e-01
6.816326530612244472e-01 6.234817813765182182e-01
6.816326530612244472e-01 8.259109311740890913e-01
6.857142857142857206e-01 6.234817813765182182e-01
6.857142857142857206e-01 8.259109311740890913e-01
6.897959183673469941e-01 6.234817813765182182e-01
6.897959183673469941e-01 8.259109311740890913e-01
6.938775510204081565e-01 6.234817813765182182e-01
6.938775510204081565e-01 8.259109311740890913e-01
6.979591836734694299e-01 6.234817813765182182e-01
6.979591836734694299e-01 8.259109311740890913e-01
7.020408163265305923e-01 6.234817813765182182e-01
7.020408163265305923e-01 8.259109311740890913e-01
7.020408163265305923e-01 9.068825910931174183e-01
7.020408163265305923e-01 9.109311740890688736e-01
7.020408163265305923e-01 9.149797570850202177e-01
7.061224489795918657e-01 6.234817813765182182e-01
7.061224489795918657e-01 8.259109311740890913e-01
7.102040816326530281e-01 6.194331983805667630e-01
7.102040816326530281e-01 8.259109311740890913e-01
7.142857142857143016e-01 6.194331983805667630e-01
7.142857142857143016e-01 8.218623481781376361e-01
7.183673469387754640e-01 6.194331983805667630e-01
7.183673469387754640e-01 8.218623481781376361e-01
7.224489795918367374e-01 6.153846153846154188e-01
7.224489795918367374e-01 8.218623481781376361e-01
7.265306122448980108e-01 6.113360323886639636e-01
7.265306122448980108e-01 8.218623481781376361e-01
7.306122448979591733e-01 6.113360323886639636e-01
7.306122448979591733e-01 8.178137651821861809e-01
7.346938775510204467e-01 6.113360323886639636e-01
7.346938775510204467e-01 8.178137651821861809e-01
7.387755102040816091e-01 6.113360323886639636e-01
7.387755102040816091e-01 8.178137651821861809e-01
7.428571428571428825e-01 6.113360323886639636e-01
7.428571428571428825e-01 8.137651821862348367e-01
7.469387755102040449e-01 6.113360323886639636e-01
7.469387755102040449e-01 8.137651821862348367e-01
7.510204081632653184e-01 6.113360323886639636e-01
7.510204081632653184e-01 8.137651821862348367e-01
7.551020408163264808e-01 6.113360323886639636e-01
7.551020408163264808e-01 8.137651821862348367e-01
7.591836734693877542e-01 6.113360323886639636e-01
7.591836734693877542e-01 8.137651821862348367e-01
7.632653061224490276e-01 6.072874493927125084e-01
7.632653061224490276e-01 8.137651821862348367e-01
7.673469387755101900e-01 6.072874493927125084e-01
7.673469387755101900e-01 8.137651821862348367e-01
7.714285714285714635e-01 6.072874493927125084e-01
7.714285714285714635e-01 8.137651821862348367e-01
7.755102040816326259e-01 6.072874493927125084e-01
7.755102040816326259e-01 8.137651821862348367e-01
7.795918367346938993e-01 6.032388663967611642e-01
7.795918367346938993e-01 8.097165991902833815e-01
7.836734693877550617e-01 6.032388663967611642e-01
7.836734693877550617e-01 8.097165991902833815e-01
7.877551020408163351e-01 6.032388663967611642e-01
7.877551020408163351e-01 8.097165991902833815e-01
7.918367346938774975e-01 6.032388663967611642e-01
7.918367346938774975e-01 8.056680161943320373e-01
7.959183673469387710e-01 6.072874493927125084e-01
7.959183673469387710e-01 8.056680161943320373e-01
8.000000000000000444e-01 6.072874493927125084e-01
8.000000000000000444e-01 8.016194331983805821e-01
8.040816326530612068e-01 6.072874493927125084e-01
8.040816326530612068e-01 8.016194331983805821e-01
8.081632653061224802e-01 6.072874493927125084e-01
8.081632653061224802e-01 8.016194331983805821e-01
8.122448979591836427e-01 6.072874493927125084e-01
8.122448979591836427e-01 8.016194331983805821e-01
8.163265306122449161e-01 6.072874493927125084e-01
8.163265306122449161e-01 7.975708502024291269e-01
8.204081632653060785e-01 6.072874493927125084e-01
8.204081632653060785e-01 7.975708502024291269e-01
8.244897959183673519e-01 6.072874493927125084e-01
8.244897959183673519e-01 7.975708502024291269e-01
8.285714285714286254e-01 6.032388663967611642e-01
8.285714285714286254e-01 7.935222672064777827e-01
8.326530612244897878e-01 6.032388663967611642e-01
8.326530612244897878e-01 7.935222672064777827e-01
8.367346938775510612e-01 6.032388663967611642e-01
8.367346938775510612e-01 7.935222672064777827e-01
8.408163265306122236e-01 6.032388663967611642e-01
8.408163265306122236e-01 7.894736842105263275e-01
8.448979591836734970e-01 5.991902834008097090e-01
8.448979591836734970e-01 7.894736842105263275e-01
8.489795918367346594e-01 5.991902834008097090e-01
8.489795918367346594e-01 7.854251012145748723e-01
8.530612244897959329e-01 5.991902834008097090e-01
8.530612244897959329e-01 7.854251012145748723e-01
8.571428571428570953e-01 5.991902834008097090e-01
8.571428571428570953e-01 7.854251012145748723e-01
8.612244897959183687e-01 5.991902834008097090e-01
8.612244897959183687e-01 7.854251012145748723e-01
8.653061224489796421e-01 5.991902834008097090e-01
8.653061224489796421e-01 7.854251012145748723e-01
8.693877551020408045e-01 5.951417004048582537e-01
8.693877551020408045e-01 7.854251012145748723e-01
8.734693877551020780e-01 5.951417004048582537e-01
8.734693877551020780e-01 7.854251012145748723e-01
8.775510204081632404e-01 5.910931174089069096e-01
8.775510204081632404e-01 7.854251012145748723e-01
8.816326530612245138e-01 5.910931174089069096e-01
8.816326530612245138e-01 7.813765182186235281e-01
8.857142857142856762e-01 5.910931174089069096e-01
8.857142857142856762e-01 7.813765182186235281e-01
8.897959183673469497e-01 5.910931174089069096e-01
8.897959183673469497e-01 7.773279352226720729e-01
8.938775510204081121e-01 5.910931174089069096e-01
8.938775510204081121e-01 7.773279352226720729e-01
8.979591836734693855e-01 5.910931174089069096e-01
8.979591836734693855e-01 7.732793522267206177e-01
9.020408163265306589e-01 5.870445344129554543e-01
9.020408163265306589e-01 7.692307692307692735e-01
9.061224489795918213e-01 5.870445344129554543e-01
9.061224489795918213e-01 7.692307692307692735e-01
9.102040816326530948e-01 5.910931174089069096e-01
9.102040816326530948e-01 5.951417004048582537e-01
9.102040816326530948e-01 7.692307692307692735e-01
9.142857142857142572e-01 5.991902834008097090e-01
9.142857142857142572e-01 6.032388663967611642e-01
9.142857142857142572e-01 7.692307692307692735e-01
9.183673469387755306e-01 7.692307692307692735e-01
9.224489795918366930e-01 7.692307692307692735e-01
9.265306122448979664e-01 7.692307692307692735e-01
9.306122448979591288e-01 7.692307692307692735e-01
9.346938775510204023e-01 7.651821862348178183e-01
9.387755102040816757e-01 7.651821862348178183e-01
9.428571428571428381e-01 7.651821862348178183e-01
9.469387755102041115e-01 7.611336032388663630e-01
9.510204081632652739e-01 7.611336032388663630e-01
9.551020408163265474e-01 7.611336032388663630e-01
9.591836734693877098e-01 7.611336032388663630e-01
9.632653061224489832e-01 7.611336032388663630e-01
9.673469387755102566e-01 7.611336032388663630e-01
9.714285714285714191e-01 7.611336032388663630e-01
9.755102040816326925e-01 7.611336032388663630e-01
9.795918367346938549e-01 7.570850202429150189e-01
9.836734693877551283e-01 7.570850202429150189e-01
9.877551020408162907e-01 7.570850202429150189e-01
9.918367346938775642e-01 7.530364372469635637e-01
9.959183673469387266e-01 7.530364372469635637e-01
1.000000000000000000e+00 7.489878542510121084e-01
