1.672896789386868477e-03 5.511919946286333305e-01
2.557958941906690598e-03 5.523761956462539535e-01
3.532257163897156715e-03 5.544615318142176452e-01
5.375970620661973953e-03 5.555462981980989756e-01
5.249779671430587769e-03 5.733642460283707720e-01
3.122840542346239090e-03 5.749424406164606038e-01
1.954068429768085480e-03 5.777993214253082099e-01
1.211548573337495327e-03 5.805277227925278449e-01
7.269783527590334415e-04 5.819294365257563495e-01
2.154585672542452812e-03 7.064468096492879656e-01
4.077575169503688812e-03 7.060698977321849812e-01
3.926014062017202377e-03 7.497291183473175913e-01
1.997562590986490250e-03 7.515156932182639471e-01
9.826573077589273453e-04 7.543708503818565836e-01
6.102399202063679695e-04 7.553427503649968733e-01
9.009656045351206732e-03 5.629329726373005771e-01
7.766903159905254317e-03 5.661825223930598838e-01
6.801007795844256354e-03 7.140721117827039111e-01
7.561095073584496451e-03 7.410341648793551395e-01
4.082532410508050991e-03 7.419503656025212557e-01
1.095140146230912104e-02 5.650893195904417299e-01
9.035731462292431737e-03 5.617967994423606060e-01
7.384061842687486554e-03 7.186233535723154375e-01
9.323041100516973878e-03 7.204065947741060683e-01
1.078034404804563418e-02 7.235351528553478628e-01
7.874015748031495954e-03 7.228915662650602370e-01
7.874015748031495954e-03 7.269076305220883993e-01
7.874015748031495954e-03 7.309236947791164507e-01
7.874015748031495954e-03 7.349397590361446131e-01
7.874015748031495954e-03 7.389558232931726645e-01
1.030544126149648271e-02 5.645023214071615003e-01
1.181102362204724393e-02 7.269076305220883993e-01
1.295082789193105488e-02 5.638816141197083853e-01
1.574803149606299191e-02 7.269076305220883993e-01
1.968503937007873988e-02 5.622489959839357399e-01
1.968503937007873988e-02 7.269076305220883993e-01
2.362204724409448786e-02 5.622489959839357399e-01
2.362204724409448786e-02 7.269076305220883993e-01
2.755905511811023584e-02 5.622489959839357399e-01
2.755905511811023584e-02 7.269076305220883993e-01
3.154392696252023010e-02 5.652394948067166469e-01
3.149606299212598381e-02 7.269076305220883993e-01
3.238295125005048042e-02 5.681947203358658216e-01
3.543307086614173179e-02 7.269076305220883993e-01
4.086029777068674040e-02 5.684249332977877600e-01
3.937007874015747977e-02 7.309236947791164507e-01
4.159606194424288889e-02 5.715221872657956226e-01
4.380124381112712045e-02 7.295727020706495036e-01
5.002432520405983296e-02 5.714814243576373798e-01
4.743361017746047792e-02 7.302040489036103477e-01
5.206809532104470645e-02 5.735001906607184452e-01
5.126199747031732340e-02 7.305572224892189492e-01
5.485324264897260826e-02 5.748424277728307885e-01
5.512493947732198529e-02 7.308515274149927077e-01
5.698109160756736208e-02 5.768741348030861360e-01
5.899188678621591214e-02 7.311304521450752159e-01
6.520072161403345223e-02 5.762367687491048995e-01
6.283468485527532454e-02 7.314508473961127688e-01
6.686962481229942468e-02 5.784023888188228879e-01
6.660356310216387909e-02 7.318931567593922605e-01
6.851586656036280643e-02 5.805767275230308000e-01
7.013070301242597948e-02 7.326441531646510352e-01
7.674317241107356247e-02 5.800872219662859264e-01
7.204628740363996919e-02 7.341594900814329971e-01
7.836635850482678856e-02 5.822833561034793659e-01
8.017650112971722032e-02 7.335857267236247647e-01
8.031373641519683193e-02 5.845736877929165187e-01
8.112418344776022028e-02 7.365478112107053388e-01
8.849468673249398509e-02 5.841924221756078506e-01
8.896382441414212028e-02 7.359722024372153948e-01
9.036236383226209368e-02 5.865539658704681525e-01
9.115124131758206572e-02 7.377996076207914422e-01
9.180590289454232389e-02 5.888277983328469301e-01
9.454769813148561353e-02 7.388666874863979439e-01
9.985202540988176445e-02 5.889623102168159985e-01
9.796681646835132817e-02 7.399250488921375046e-01
1.004166226223565800e-01 5.922273038788306021e-01
1.002415084833733899e-01 7.417327301187747191e-01
1.080304282253578829e-01 5.927272774512882814e-01
1.084908609513164091e-01 7.408645574179250071e-01
1.085050048455082627e-01 5.960277426290329084e-01
1.102600027529911653e-01 7.429197977763838390e-01
1.164586250266925610e-01 5.966143757670586689e-01
1.123741580701367176e-01 7.450572868984896013e-01
1.170572063163304172e-01 5.998386709818085416e-01
1.202941636763894401e-01 7.440042876447718889e-01
1.248060760443927553e-01 5.997665415949985368e-01
1.226100608363644984e-01 7.457259768895041496e-01
1.266489391018981170e-01 6.020378976269956661e-01
1.261207254756586682e-01 7.466264590080995411e-01
1.286558262255834695e-01 6.042390932295337302e-01
1.294449716989742871e-01 7.472627850698940755e-01
1.364877582857693394e-01 6.033010066086688106e-01
1.329216523775207659e-01 7.482039656066503674e-01
1.387848958151239043e-01 6.049752857135870521e-01
1.351879421166899686e-01 7.499738911907356531e-01
1.423160025192695965e-01 6.057707930514850680e-01
1.430378094706024339e-01 7.490812215629598647e-01
1.457372736446463091e-01 6.062002939499477883e-01
1.450209135261151527e-01 7.513345068811072558e-01
1.495383169065347961e-01 6.066511116725421537e-01
1.468474672626938760e-01 7.536471130234754234e-01
1.532994026391983344e-01 6.071672721365728442e-01
1.545578086415056451e-01 7.536031284377008310e-01
1.568644933331955760e-01 6.079220811436214511e-01
1.551034111808252125e-01 7.568564995432301989e-01
1.592112382833559825e-01 6.095481237927713458e-01
1.629852464149419977e-01 7.575175706170925727e-01
1.671296183824700632e-01 6.084084575229051772e-01
1.633386313090262332e-01 7.608552200127819409e-01
1.692913383155294216e-01 6.104417670557681364e-01
1.707292461555128538e-01 7.616329817307073702e-01
1.714530587828842767e-01 6.124750766136410896e-01
1.705141674661202200e-01 7.647808420211900104e-01
1.793772289144447141e-01 6.112900006848510648e-01
1.766486726316263967e-01 7.668527456363485317e-01
1.817325748614123659e-01 6.128570225120645310e-01
1.833411571331410306e-01 7.692882477709777067e-01
1.853112219450133713e-01 6.135320956966031636e-01
1.830097408873564424e-01 7.724629969740040014e-01
1.963570669814064251e-01 3.306228524750943754e-01
1.891117562391148033e-01 6.138935884957325007e-01
1.904528138748421418e-01 7.736530295843407901e-01
1.959309233554206164e-01 3.320112032095815513e-01
1.929749914981341297e-01 6.141644067976747001e-01
1.903609861821434768e-01 7.769850690420866401e-01
2.021238159270971890e-01 3.311158573099722280e-01
1.968476401423679134e-01 6.144193457441294859e-01
1.961851786821164068e-01 7.793119864587519929e-01
2.036961627222128313e-01 3.321556597560023083e-01
2.007337530289307337e-01 6.146309069010319481e-01
2.028672395303376119e-01 7.829483810756832085e-01
2.066104900500715102e-01 3.323949589005981697e-01
2.046025672594179723e-01 6.148706860696554477e-01
2.083475930326596226e-01 7.850299680008960834e-01
2.097915343098767649e-01 3.322815413897236003e-01
2.084300758494256611e-01 6.151785503754515494e-01
2.082992325219285290e-01 7.879940985454654268e-01
2.129164942369272118e-01 3.317891872332741632e-01
2.121618383160268073e-01 6.155923523039680267e-01
2.160778093155414914e-01 7.880093850163615299e-01
2.149489112115853806e-01 3.303962117837120904e-01
2.155948220087604006e-01 6.163329139382701660e-01
2.178098548819699665e-01 7.896270108377433372e-01
2.224286432674990599e-01 3.320112032095815513e-01
2.172762131149785225e-01 6.178313748243388082e-01
2.211541404895389085e-01 7.906315201745240939e-01
2.248978159251974751e-01 3.306228524750943754e-01
2.243521777192482580e-01 6.186072300812982538e-01
2.247196814780009766e-01 7.914374316661491049e-01
2.285417625601504354e-01 3.300823243779044125e-01
2.311749224675687386e-01 6.192139232527449355e-01
2.282067465633254855e-01 7.923720674790314389e-01
2.323787505878800175e-01 3.297881720216858659e-01
2.331566796560155808e-01 6.209537112383156643e-01
2.302210726115236639e-01 7.939874233180529428e-01
2.362715586710319726e-01 3.296148529196537558e-01
2.365216811372729822e-01 6.219196816320515797e-01
2.436097631648945494e-01 6.679132287778580812e-01
2.381195624544116540e-01 7.928011713616819334e-01
2.401854274136758505e-01 3.295014354378830168e-01
2.401169697802152114e-01 6.226949763888012246e-01
2.431885741750056951e-01 6.692808651520559815e-01
2.404325493768601774e-01 7.946468752294116866e-01
2.441088793464687434e-01 3.294216997317883644e-01
2.435919079360346906e-01 6.236325045112505183e-01
2.493447712402585559e-01 6.683518375058744576e-01
2.437190905691850595e-01 7.959273407419481527e-01
2.480372862004851520e-01 3.293626785096742671e-01
2.458876608797591068e-01 6.253802842922493443e-01
2.508960573395024873e-01 6.693317382152278450e-01
2.460201333669256307e-01 7.977580009561301422e-01
2.519685039174030527e-01 3.293172690763052080e-01
2.541236984616834782e-01 6.244660341741898879e-01
2.537382552473563813e-01 6.694089540534738925e-01
2.519685039370078705e-01 7.991967871485943231e-01
2.559055118713737809e-01 3.293172690763052080e-01
2.559218217595016220e-01 6.264647739714626073e-01
2.566966850646976717e-01 6.689516617472369697e-01
2.559055118110236116e-01 7.991967871485943231e-01
2.598425197469252934e-01 3.293172690763052080e-01
2.580509223410580866e-01 6.285805837812283858e-01
2.582677917455975525e-01 6.676171923310582068e-01
2.598425196850393526e-01 7.991967871485943231e-01
2.637795274579595728e-01 3.293172690763052080e-01
2.659770111135375537e-01 6.274586883102389878e-01
2.659929099540394581e-01 6.688899413372079161e-01
2.637795275590550936e-01 7.991967871485943231e-01
2.677165355341664110e-01 3.293172690763052080e-01
2.683024911171441595e-01 6.291466959248143143e-01
2.676846550207910291e-01 6.673683050709465769e-01
2.677165354330708902e-01 8.032128514056224855e-01
2.716535432452006904e-01 3.293172690763052080e-01
2.716535433070866312e-01 6.305220883534136123e-01
2.711378992759754802e-01 6.664174022250032303e-01
2.716535433070866312e-01 8.032128514056224855e-01
2.755905512837336646e-01 3.293172690763052080e-01
2.755905511811023723e-01 6.305220883534136123e-01
2.744884644424190889e-01 6.653866910298044113e-01
2.755905511811023723e-01 8.032128514056224855e-01
2.795275590355132955e-01 3.293172690763052080e-01
2.795275590551181133e-01 6.305220883534136123e-01
2.795275590551181133e-01 6.666666666666666297e-01
2.795275590551181133e-01 8.032128514056224855e-01
2.834645670317651467e-01 3.293172690763052080e-01
2.834645669291338543e-01 6.305220883534136123e-01
2.834645669291338543e-01 6.626506024096385783e-01
2.863636534976384262e-01 7.553985440546280294e-01
2.849615251262283544e-01 7.570648272063612572e-01
2.843748483656516890e-01 7.601687305015006890e-01
2.840786093812047164e-01 7.636089517242167224e-01
2.839074630256353537e-01 7.671868584685548331e-01
2.834645669291338543e-01 7.710843373493976305e-01
2.834645669291338543e-01 7.751004016064256819e-01
2.834645669291338543e-01 7.791164658634538442e-01
2.834645669291338543e-01 7.831325301204818956e-01
2.834645669291338543e-01 7.871485943775100580e-01
2.834645669291338543e-01 7.911646586345381094e-01
2.834645669291338543e-01 7.951807228915662717e-01
2.834645669291338543e-01 7.991967871485943231e-01
2.834645669291338543e-01 8.032128514056224855e-01
2.874015748650355362e-01 3.293172690763052080e-01
2.874015748031495954e-01 6.305220883534136123e-01
2.874015748031495954e-01 6.626506024096385783e-01
2.867658523256949032e-01 7.504505898147058041e-01
2.874015748031495954e-01 8.072289156626506479e-01
2.913385825760698156e-01 3.293172690763052080e-01
2.913385826771653364e-01 6.345381526104417746e-01
2.913385826771653364e-01 6.586345381526104159e-01
2.902372067704371283e-01 7.424011662579983462e-01
2.895080584942869018e-01 7.430457496626609037e-01
2.879091253647155235e-01 7.437662665325920353e-01
2.913385826771653364e-01 8.072289156626506479e-01
2.952755904485497851e-01 3.293172690763052080e-01
2.952755905511810774e-01 6.345381526104417746e-01
2.952755905511810774e-01 6.586345381526104159e-01
2.952755905511810774e-01 8.072289156626506479e-01
2.992125985278281664e-01 3.293172690763052080e-01
2.992125984251968740e-01 6.385542168674698260e-01
2.992125984251968740e-01 6.546184738955823645e-01
2.988387607125103651e-01 8.080489045938469284e-01
3.031496064018439074e-01 3.293172690763052080e-01
3.031496062992126150e-01 6.425702811244979884e-01
3.031496062992126150e-01 6.506024096385542022e-01
2.996549734031767054e-01 8.118542321722946875e-01
3.070866142758596484e-01 3.293172690763052080e-01
3.070866141732283561e-01 6.465863453815261508e-01
3.083469548526652781e-01 8.129879472408833019e-01
3.110236221906207410e-01 3.293172690763052080e-01
3.110236220472440971e-01 6.425702811244979884e-01
3.092384653809429063e-01 8.165284619763882867e-01
3.145401978344605221e-01 9.081489026944347120e-01
3.128571940996632827e-01 9.085649021117607749e-01
3.122147454359517349e-01 9.087299463586006043e-01
3.149606300631007105e-01 3.293172690763052080e-01
3.138589678656705795e-01 6.445938963003561284e-01
3.176043876538449107e-01 8.168228364280278875e-01
3.166013577811815916e-01 9.029240042037128822e-01
3.188976378556257485e-01 3.293172690763052080e-01
3.172965153591619236e-01 6.448923034619644667e-01
3.194262698181816740e-01 8.191551836549391119e-01
3.195676899869838161e-01 8.982413451736194210e-01
3.228346455666600279e-01 3.293172690763052080e-01
3.197116740432927040e-01 6.460029589504108216e-01
3.279539209709861902e-01 7.098066961340396830e-01
3.213279309369051484e-01 8.214760287861193611e-01
3.251566824422577051e-01 8.938292743755975600e-01
3.218792404316724864e-01 8.930732394319895739e-01
3.267716534406757689e-01 3.293172690763052080e-01
3.281976992097558332e-01 6.443831483958790685e-01
3.300807709406005097e-01 7.078957030863826105e-01
3.292116283505098773e-01 8.208881220144470525e-01
3.281157203550325585e-01 8.891279697436914597e-01
3.307028713612296111e-01 3.292718596429361488e-01
3.303654560100610094e-01 6.458904219218100096e-01
3.338176583152587251e-01 7.047413480683158982e-01
3.312185155324029462e-01 8.230893176897446928e-01
3.330241549507106380e-01 8.843984667597016847e-01
3.346312781747735055e-01 3.292128384208220515e-01
3.342809441043834151e-01 6.466907760515612225e-01
3.379506616281184317e-01 7.017332594724835504e-01
3.332704326264399053e-01 8.252937117886980367e-01
3.346456692913385988e-01 8.795180722891565717e-01
3.385547299029300627e-01 3.291331027147273991e-01
3.381617060320737944e-01 6.475530947101804102e-01
3.422983594744752334e-01 7.000596606655113963e-01
3.411376498214255260e-01 8.243330480459792886e-01
3.385826771653543399e-01 8.795180722891565717e-01
3.424685989729920332e-01 3.290196852329566601e-01
3.402202707902330370e-01 6.490938066164533282e-01
3.418734200485784025e-01 6.970256320916183856e-01
3.440776426532107801e-01 8.264043575314520274e-01
3.425196850393700809e-01 8.755020080321285203e-01
3.463614069724704758e-01 3.288463661309245500e-01
3.480959782710548178e-01 6.478342111446860896e-01
3.487413231151427762e-01 6.963261394213555722e-01
3.475939330047245757e-01 8.274995939414896418e-01
3.464566929133858220e-01 8.755020080321285203e-01
3.501820853227514685e-01 3.285109636934387956e-01
3.503937007874015630e-01 6.506024096385542022e-01
3.488744003945726813e-01 6.928826476597829132e-01
3.503937007874015630e-01 8.273092369477911268e-01
3.503937007874015630e-01 8.755020080321285203e-01
3.537613443579289974e-01 9.255685011003480511e-01
3.520720474436644376e-01 9.249662284451316552e-01
3.538038933578159795e-01 3.278077865696426008e-01
3.543307086614173040e-01 6.506024096385542022e-01
3.561049012162935123e-01 6.919130329094101972e-01
3.543307086614173040e-01 8.273092369477911268e-01
3.543307086614173040e-01 8.714859437751003579e-01
3.568126293060582266e-01 9.195388566350085613e-01
3.539895581883125142e-01 9.195777629015885468e-01
3.558824648457307727e-01 3.263606819535519454e-01
3.582677165354330451e-01 6.506024096385542022e-01
3.557111191871304423e-01 6.886097533912604041e-01
3.582677165354330451e-01 8.273092369477911268e-01
3.582677165354330451e-01 8.714859437751003579e-01
3.602056777412731559e-01 9.121002656730017311e-01
3.571936917100761444e-01 9.123852119096610425e-01
3.633905101556507145e-01 3.277835988086165719e-01
3.622047244094488416e-01 6.506024096385542022e-01
3.620039764169546981e-01 6.849177847335855551e-01
3.622047244094488416e-01 8.273092369477911268e-01
3.622047244094488416e-01 8.714859437751003579e-01
3.622047244094488416e-01 9.036144578313253239e-01
3.603644559148875270e-01 9.049613001339331664e-01
3.653289457685937602e-01 3.261859096931742363e-01
3.661417322834645827e-01 6.506024096385542022e-01
3.661417322834645827e-01 6.827309236947791682e-01
3.661417322834645827e-01 8.313253012048192891e-01
3.661417322834645827e-01 8.634538152610441442e-01
3.661417322834645827e-01 8.674698795180723065e-01
3.661417322834645827e-01 8.714859437751003579e-01
3.661417322834645827e-01 8.795180722891565717e-01
3.661417322834645827e-01 8.835341365461847341e-01
3.661417322834645827e-01 8.875502008032128964e-01
3.661417322834645827e-01 8.915662650602409478e-01
3.661417322834645827e-01 8.955823293172691102e-01
3.661417322834645827e-01 8.995983935742971616e-01
3.682729631944698934e-01 3.253233312919631692e-01
3.700787401574803237e-01 6.546184738955823645e-01
3.700787401574803237e-01 6.827309236947791682e-01
3.700787401574803237e-01 8.353413654618473405e-01
3.700787401574803237e-01 8.393574297188755029e-01
3.700787401574803237e-01 8.433734939759036653e-01
3.700787401574803237e-01 8.473895582329317167e-01
3.700787401574803237e-01 8.514056224899598790e-01
3.700787401574803237e-01 8.554216867469879304e-01
3.700787401574803237e-01 8.594377510040160928e-01
3.700787401574803237e-01 8.714859437751003579e-01
3.700787401574803237e-01 8.755020080321285203e-01
3.709955410995176006e-01 3.244624842885399096e-01
3.740157480314960647e-01 6.586345381526104159e-01
3.740157480314960647e-01 6.746987951807228434e-01
3.740157480314960647e-01 6.787148594377510058e-01
3.740157480314960647e-01 8.353413654618473405e-01
3.740157480314960647e-01 8.714859437751003579e-01
3.721145289128748868e-01 3.230071668625326686e-01
3.779527559055118058e-01 6.626506024096385783e-01
3.779527559055118058e-01 6.666666666666666297e-01
3.779527559055118058e-01 6.706827309236947920e-01
3.779527559055118058e-01 8.353413654618473405e-01
3.779527559055118058e-01 8.714859437751003579e-01
3.780836202460891027e-01 3.233871904115779849e-01
3.759509409103161115e-01 3.214082878765469609e-01
3.818897637795275468e-01 6.586345381526104159e-01
3.818897637795275468e-01 8.353413654618473405e-01
3.818897637795275468e-01 8.714859437751003579e-01
3.858267716535432879e-01 6.586345381526104159e-01
3.858267716535432879e-01 8.353413654618473405e-01
3.858267716535432879e-01 8.674698795180723065e-01
3.897637795275590289e-01 6.586345381526104159e-01
3.897637795275590289e-01 8.353413654618473405e-01
3.897637795275590289e-01 8.674698795180723065e-01
3.906208474622621107e-01 9.487096380917392491e-01
3.917832766278228629e-01 9.475395108798021493e-01
3.937007874015748254e-01 6.586345381526104159e-01
3.937007874015748254e-01 8.353413654618473405e-01
3.937007874015748254e-01 8.674698795180723065e-01
3.916812903013109914e-01 9.520588826944950123e-01
3.928437194668717436e-01 9.508887554825579125e-01
3.976377952755905665e-01 6.586345381526104159e-01
3.976377952755905665e-01 8.353413654618473405e-01
3.976377952755905665e-01 8.634538152610441442e-01
4.051160627103403411e-01 3.968250738374092257e-01
4.034519543464288316e-01 3.957498260440835969e-01
4.062303440704003177e-01 5.845276723918785278e-01
4.015748031496063075e-01 6.586345381526104159e-01
4.015748031496063075e-01 8.393574297188755029e-01
4.015748031496063075e-01 8.473895582329317167e-01
4.015748031496063075e-01 8.514056224899598790e-01
4.015748031496063075e-01 8.554216867469879304e-01
4.015748031496063075e-01 8.594377510040160928e-01
4.076312262304567224e-01 3.920616301409638460e-01
4.059415902565673417e-01 5.867094814713790241e-01
4.082445191424780018e-01 5.856540334795743430e-01
4.055118110236220486e-01 6.586345381526104159e-01
4.055118110236220486e-01 8.433734939759036653e-01
4.106924926282793931e-01 3.881825151223031178e-01
4.106298431407616190e-01 5.904332438924073667e-01
4.094488188976377896e-01 6.586345381526104159e-01
4.094488188976377896e-01 8.433734939759036653e-01
4.139929448403821266e-01 3.842083672496366953e-01
4.142019427065209425e-01 5.947974013340197041e-01
4.133858267716535306e-01 6.586345381526104159e-01
4.133858267716535306e-01 8.433734939759036653e-01
4.172178276106517925e-01 3.797932391856277401e-01
4.179022179863334796e-01 5.991668824555752559e-01
4.173228346456692717e-01 6.586345381526104159e-01
4.173228346456692717e-01 8.433734939759036653e-01
4.227072145417699045e-01 3.749128565562507287e-01
4.193357475428277081e-01 3.748841414697482999e-01
4.213804247533337599e-01 6.032315198414824886e-01
4.212598425196850127e-01 6.586345381526104159e-01
4.212598425196850127e-01 8.433734939759036653e-01
4.271702719394000480e-01 3.681342456196191604e-01
4.237494783716159175e-01 3.680590309939500426e-01
4.251078356079290854e-01 6.084279816197493140e-01
4.251968503937008093e-01 6.586345381526104159e-01
4.251968503937008093e-01 8.433734939759036653e-01
4.297417791365044648e-01 3.629353836484545126e-01
4.284911632109763557e-01 6.140286530532601539e-01
4.291338582677165503e-01 6.465863453815261508e-01
4.291338582677165503e-01 6.506024096385542022e-01
4.291338582677165503e-01 6.546184738955823645e-01
4.291338582677165503e-01 6.586345381526104159e-01
4.291338582677165503e-01 8.433734939759036653e-01
4.345264974816548387e-01 3.578159045285440598e-01
4.330708661417322913e-01 6.144578313253011848e-01
4.330708661417322913e-01 6.184738955823293471e-01
4.330708661417322913e-01 6.224899598393573985e-01
4.330708661417322913e-01 6.265060240963855609e-01
4.330708661417322913e-01 6.345381526104417746e-01
4.330708661417322913e-01 6.385542168674698260e-01
4.330708661417322913e-01 6.425702811244979884e-01
4.330708661417322913e-01 6.626506024096385783e-01
4.330708661417322913e-01 8.433734939759036653e-01
4.401909240822153846e-01 9.411605508908270634e-01
4.388569805140453139e-01 9.419647190962023853e-01
4.384530561345475475e-01 9.434145539176153061e-01
4.381442915017562667e-01 9.443977182472954590e-01
4.409226828555422584e-01 9.950277185998857021e-01
4.370078740157480324e-01 3.534136546184739047e-01
4.370078740157480324e-01 6.305220883534136123e-01
4.370078740157480324e-01 6.666666666666666297e-01
4.370078740157480324e-01 8.433734939759036653e-01
4.438341881595845306e-01 9.359735994585499652e-01
4.432574908696408356e-01 9.956466143735287488e-01
4.409448818897637734e-01 3.493975903614457978e-01
4.409448818897637734e-01 6.706827309236947920e-01
4.409448818897637734e-01 8.273092369477911268e-01
4.409448818897637734e-01 8.313253012048192891e-01
4.409448818897637734e-01 8.353413654618473405e-01
4.409448818897637734e-01 8.393574297188755029e-01
4.409448818897637734e-01 8.433734939759036653e-01
4.409448818897637734e-01 8.473895582329317167e-01
4.490672040393385300e-01 9.181322454256061194e-01
4.464713025500807175e-01 9.321231033132191257e-01
4.438608456531348834e-01 9.936940726724987627e-01
4.448818897637795144e-01 3.453815261044176910e-01
4.448818897637795144e-01 6.746987951807228434e-01
4.448818897637795144e-01 8.514056224899598790e-01
4.474729555933992797e-01 9.017893159612414555e-01
4.459079845384951168e-01 9.047018008023298696e-01
4.450486774860439310e-01 9.079804922444474347e-01
4.438884874382312828e-01 9.111692356791938341e-01
4.448818897637795144e-01 9.196787148594377514e-01
4.448818897637795144e-01 9.236947791164659138e-01
4.448818897637795144e-01 9.277108433734939652e-01
4.442928563496354455e-01 9.917051394836580158e-01
4.488188976377952555e-01 3.453815261044176910e-01
4.488188976377952555e-01 6.746987951807228434e-01
4.488188976377952555e-01 8.514056224899598790e-01
4.488188976377952555e-01 8.554216867469879304e-01
4.488188976377952555e-01 8.594377510040160928e-01
4.488188976377952555e-01 8.634538152610441442e-01
4.488188976377952555e-01 8.674698795180723065e-01
4.488188976377952555e-01 8.714859437751003579e-01
4.488188976377952555e-01 8.755020080321285203e-01
4.485322717649634638e-01 8.783385564393576539e-01
4.483249487078521112e-01 8.827175585589049911e-01
4.480293731161165693e-01 8.873466527457424258e-01
4.474421807520795324e-01 8.910704084906266864e-01
4.459730133370268801e-01 8.936458643975604410e-01
4.488188976377952555e-01 9.317269076305221276e-01
4.507989122488308409e-01 9.904135120368701140e-01
4.527559055118109965e-01 3.413654618473895841e-01
4.527559055118109965e-01 6.746987951807228434e-01
4.527559055118109965e-01 8.514056224899598790e-01
4.527559055118109965e-01 9.357429718875501790e-01
4.493747628862257981e-01 9.873533860582065502e-01
4.566929133858267931e-01 3.413654618473895841e-01
4.566929133858267931e-01 6.746987951807228434e-01
4.566929133858267931e-01 6.787148594377510058e-01
4.566929133858267931e-01 6.827309236947791682e-01
4.561556821123433081e-01 6.839269476196537800e-01
4.571303805702102152e-01 6.878929791324978060e-01
4.590921945187930731e-01 6.909693449653355746e-01
4.566929133858267931e-01 8.473895582329317167e-01
4.566929133858267931e-01 9.397590361445783413e-01
4.566929133858267931e-01 9.437751004016063927e-01
4.566929133858267931e-01 9.477911646586345551e-01
4.566929133858267931e-01 9.518072289156626065e-01
4.566929133858267931e-01 9.558232931726907688e-01
4.566929133858267931e-01 9.598393574297188202e-01
4.566929133858267931e-01 9.638554216867469826e-01
4.554835598233823446e-01 9.677193414209033229e-01
4.554529074363146690e-01 9.718836275424237447e-01
4.554157942317162422e-01 9.756931185738831891e-01
4.546183967746530441e-01 9.793130628036215146e-01
4.536825936071310905e-01 9.822078229463004906e-01
4.519175554875020651e-01 9.833193845283912937e-01
4.606299212598425341e-01 3.413654618473895841e-01
4.606299212598425341e-01 6.586345381526104159e-01
4.606299212598425341e-01 6.626506024096385783e-01
4.606299212598425341e-01 6.666666666666666297e-01
4.606299212598425341e-01 6.706827309236947920e-01
4.578718217951429081e-01 6.994110905349322227e-01
4.596700050449182284e-01 7.020364079391115952e-01
4.611183742806498898e-01 7.062054696940746057e-01
4.629343611584228468e-01 7.090509501832862327e-01
4.606299212598425341e-01 8.353413654618473405e-01
4.606299212598425341e-01 8.393574297188755029e-01
4.606299212598425341e-01 8.433734939759036653e-01
4.606299212598425341e-01 8.473895582329317167e-01
4.645669291338582751e-01 3.373493975903614217e-01
4.645669291338582751e-01 3.413654618473895841e-01
4.645669291338582751e-01 3.453815261044176910e-01
4.645669291338582751e-01 3.493975903614457978e-01
4.645669291338582751e-01 3.734939759036144391e-01
4.645669291338582751e-01 4.658634538152610638e-01
4.645669291338582751e-01 4.698795180722891707e-01
4.645669291338582751e-01 4.738955823293172775e-01
4.645669291338582751e-01 4.779116465863453844e-01
4.648535550357938972e-01 4.819750034437302322e-01
4.647442248814205867e-01 4.859696318546930516e-01
4.646674325621153456e-01 4.899731495540936566e-01
4.646106218268561405e-01 4.939812576283229562e-01
4.645669291338582751e-01 4.979919677703903980e-01
4.645669291338582751e-01 5.020080322296095465e-01
4.645669291338582751e-01 5.060240962844466672e-01
4.645669291338582751e-01 5.100401606621750572e-01
4.645669291338582751e-01 5.140562247985028810e-01
4.645669291338582751e-01 5.180722890132498648e-01
4.645669291338582751e-01 5.220883535147501364e-01
4.645669291338582751e-01 5.261044175680513746e-01
4.645669291338582751e-01 5.301204820288063502e-01
4.645669291338582751e-01 5.341365460836434709e-01
4.645669291338582751e-01 5.381526105428625639e-01
4.645669291338582751e-01 5.418067600396433425e-01
4.647432873888339144e-01 5.457240321299895447e-01
4.650479423424859760e-01 5.499370825493541393e-01
4.655442760402967450e-01 5.544828675453781219e-01
4.660573594581966517e-01 5.586197934037234747e-01
4.645669291338582751e-01 5.622489959839357399e-01
4.645669291338582751e-01 5.662650602409639022e-01
4.645669291338582751e-01 5.702811244979919536e-01
4.645669291338582751e-01 5.903614457831325435e-01
4.645669291338582751e-01 5.943775100401605949e-01
4.645669291338582751e-01 5.983935742971887572e-01
4.645669291338582751e-01 6.024096385542169196e-01
4.645669291338582751e-01 6.064257028112449710e-01
4.645669291338582751e-01 6.104417670682731334e-01
4.645669291338582751e-01 6.144578313253011848e-01
4.645669291338582751e-01 6.184738955823293471e-01
4.645669291338582751e-01 6.224899598393573985e-01
4.645669291338582751e-01 6.265060240963855609e-01
4.645669291338582751e-01 6.305220883534136123e-01
4.645669291338582751e-01 6.345381526104417746e-01
4.645669291338582751e-01 6.385542168674698260e-01
4.645669291338582751e-01 6.425702811244979884e-01
4.645669291338582751e-01 6.465863453815261508e-01
4.645669291338582751e-01 6.506024096385542022e-01
4.645669291338582751e-01 6.546184738955823645e-01
4.616084677244235990e-01 7.168618415895640084e-01
4.632001247799654720e-01 7.193953323341161221e-01
4.639147211408873317e-01 7.230844095553389250e-01
4.643596060621950072e-01 7.269637952177950835e-01
4.647342729866669742e-01 7.308826822978831128e-01
4.651285460994278309e-01 7.347841997899491329e-01
4.657774633804966924e-01 7.385072857101754318e-01
4.672379534302910087e-01 7.411018671410861680e-01
4.645669291338582751e-01 7.751004016064256819e-01
4.645669291338582751e-01 7.791164658634538442e-01
4.645669291338582751e-01 7.831325301204818956e-01
4.645669291338582751e-01 7.871485943775100580e-01
4.645669291338582751e-01 7.911646586345381094e-01
4.645669291338582751e-01 7.951807228915662717e-01
4.645669291338582751e-01 7.991967871485943231e-01
4.645669291338582751e-01 8.032128514056224855e-01
4.645669291338582751e-01 8.072289156626506479e-01
4.645669291338582751e-01 8.112449799196786993e-01
4.645669291338582751e-01 8.152610441767068616e-01
4.645669291338582751e-01 8.192771084337349130e-01
4.645669291338582751e-01 8.232931726907630754e-01
4.645669291338582751e-01 8.273092369477911268e-01
4.645669291338582751e-01 8.313253012048192891e-01
4.645669291338582751e-01 8.473895582329317167e-01
4.722450043764112038e-01 1.383725263521516646e-01
4.713222618438450140e-01 1.406183896228228314e-01
4.721824416183081907e-01 1.428790012450260327e-01
4.685039370078740162e-01 3.333333333333333148e-01
4.685039370078740162e-01 3.534136546184739047e-01
4.685039370078740162e-01 3.574297188755020116e-01
4.685039370078740162e-01 3.614457831325301185e-01
4.685039370078740162e-01 3.654618473895582254e-01
4.685039370078740162e-01 3.694779116465863322e-01
4.669560614265648169e-01 3.789422308098539527e-01
4.678881193385606152e-01 3.818118899756057227e-01
4.682189940349345547e-01 3.856352800792658408e-01
4.683365931550653172e-01 3.895992454420640905e-01
4.683946068535007057e-01 3.935957328965771218e-01
4.684271446958447327e-01 3.976029082253273450e-01
4.684471262726148111e-01 4.016143817432741292e-01
4.684602443148761508e-01 4.056278440960315312e-01
4.685039370078740162e-01 4.096385541142361641e-01
4.686313016272762311e-01 4.143525871761932211e-01
4.686681702723873300e-01 4.184598718018525121e-01
4.690472622160015148e-01 4.232591357943321642e-01
4.685039370078740162e-01 4.257028112449799395e-01
4.685039370078740162e-01 4.297188755020080464e-01
4.685039370078740162e-01 4.337349397590361533e-01
4.685039370078740162e-01 4.377510040160642601e-01
4.685039370078740162e-01 4.417670682730923670e-01
4.685039370078740162e-01 4.457831325301204739e-01
4.685039370078740162e-01 4.497991967871485808e-01
4.685039370078740162e-01 4.538152610441766877e-01
4.685039370078740162e-01 4.578313253012047945e-01
4.685039370078740162e-01 4.618473895582329569e-01
4.685039370078740162e-01 5.863453815261043811e-01
4.656450239699480576e-01 7.488553701010700614e-01
4.670156036727277082e-01 7.514400068404252231e-01
4.674783983491507811e-01 7.551542039997206635e-01
4.678817507801724118e-01 7.592790541112849345e-01
4.681007340250217807e-01 7.633898886184565802e-01
4.685039370078740162e-01 7.670682730923694681e-01
4.685039370078740162e-01 7.710843373493976305e-01
4.685039370078740162e-01 8.473895582329317167e-01
4.748458884561096993e-01 1.222876611345234399e-01
4.731903655475599435e-01 1.248042803012483493e-01
4.721554457638540980e-01 1.282809172261620279e-01
4.705904745634307829e-01 1.308260022673800871e-01
4.703574933947657910e-01 1.503662979870802607e-01
4.717031590545212594e-01 1.529777044587933288e-01
4.723332976710645226e-01 1.566937603706007320e-01
4.728263912685343739e-01 1.605361487853949054e-01
4.735090492896398273e-01 1.642387253745415943e-01
4.750220588313078252e-01 1.668198272790647474e-01
4.752430470099335280e-01 2.187428442292835562e-01
4.738524860141461459e-01 2.213320714576089421e-01
4.733571534298954275e-01 2.250551577852889229e-01
4.731815405094658700e-01 2.289566749644887100e-01
4.731815405094658700e-01 2.328907146155720920e-01
4.733571534298954275e-01 2.367922317729440063e-01
4.738524860141461459e-01 2.405153181006239871e-01
4.752430470099335280e-01 2.431045453289493730e-01
4.751556619440799323e-01 3.030801936268739394e-01
4.736114998951216903e-01 3.056542688771946015e-01
4.729119707909540948e-01 3.093552229932769460e-01
4.721279570504685608e-01 3.138891170081873350e-01
4.713817384464328852e-01 3.181176496467209014e-01
4.724409448818897572e-01 3.212851405622489942e-01
4.724409448818897572e-01 3.253012048192771011e-01
4.724409448818897572e-01 3.293172690763052080e-01
4.724409448818897572e-01 4.457831325301204739e-01
4.724409448818897572e-01 5.823293172690763297e-01
4.724409448818897572e-01 8.473895582329317167e-01
4.794213056150002372e-01 3.391613104393757794e-02
4.782611154071165216e-01 3.632599471209862346e-02
4.785642373892588508e-01 3.892317808365980403e-02
4.781119507090298426e-01 4.965894418089729367e-02
4.771273734797833455e-01 5.251512352922317606e-02
4.767633991425501150e-01 5.633132117415869805e-02
4.765889893017120627e-01 6.028733043737691255e-02
4.764872829102788088e-01 6.427846357470831662e-02
4.764547450679347818e-01 6.828563927089441321e-02
4.764347634911647034e-01 7.229711262786063519e-02
4.764216454489033636e-01 7.631057506019883752e-02
4.763779527559054983e-01 8.032128499718559078e-02
4.763779527559054983e-01 8.433734929649483458e-02
4.763342600629076329e-01 8.834805964075333196e-02
4.762774493276484278e-01 9.235616767405536998e-02
4.762006570083431867e-01 9.635968541438325041e-02
4.760913268539698762e-01 1.003543139053816036e-01
4.758840038259623539e-01 1.043142135358246236e-01
4.755484490590279889e-01 1.082150347587646916e-01
4.749106449592037094e-01 1.119166585830896760e-01
4.734157779305351865e-01 1.144732578272321666e-01
4.735289520169718158e-01 1.746087755613313364e-01
4.750269358330516112e-01 1.771838271578523305e-01
4.756390400282217157e-01 1.809043078923510961e-01
4.758802903518190575e-01 1.848219065058470945e-01
4.759908234402647209e-01 1.887890023093910796e-01
4.760233612607808751e-01 1.927710844510295840e-01
4.759908234402647209e-01 1.967531663653077079e-01
4.758802903518190575e-01 2.007202621470238202e-01
4.756390400282217157e-01 2.046378607823476914e-01
4.750669150664580953e-01 2.083734936694741635e-01
4.736195431607885253e-01 2.109706773320736695e-01
4.736195431607885253e-01 2.508767122261592597e-01
4.750669150664580953e-01 2.534738958887587379e-01
4.756390400282217157e-01 2.572095286012622273e-01
4.759239830593688381e-01 2.611324817156578382e-01
4.760913268539698762e-01 2.651075334041411158e-01
4.761569643153453213e-01 2.690968081563964720e-01
4.761769458993913573e-01 2.730923695679582930e-01
4.761569643153453213e-01 2.770879309212991304e-01
4.760913268539698762e-01 2.810772056353557091e-01
4.759239830593688381e-01 2.850522574002365417e-01
4.756390400282217157e-01 2.889752103545610296e-01
4.750669150664580953e-01 2.927108432125836712e-01
4.736195431607885253e-01 2.953080267296639971e-01
4.763779527559054983e-01 4.457831325301204739e-01
4.763779527559054983e-01 5.823293172690763297e-01
4.763779527559054983e-01 8.473895582329317167e-01
4.802712679369233739e-01 7.863703183829784393e-03
4.802144572016641688e-01 8.976494111719140676e-03
4.801376648823589277e-01 1.153235330366076880e-02
4.800720274355353978e-01 1.456723034561398580e-02
4.799178016395399538e-01 1.782105527126256334e-02
4.796528402797503587e-01 2.116953574885879763e-02
4.791132531093990621e-01 2.443150477028025597e-02
4.777238948003014740e-01 2.663464844180083932e-02
4.732251315575650152e-01 4.405304799863907911e-02
4.803149606299212393e-01 4.497991967871485808e-01
4.803149606299212393e-01 5.742971887550201160e-01
4.803149606299212393e-01 5.783132530120481674e-01
4.803149606299212393e-01 5.823293172690763297e-01
4.803149606299212393e-01 8.473895582329317167e-01
4.842519685039369803e-01 4.497991967871485808e-01
4.842519685039369803e-01 5.823293172690763297e-01
4.842519685039369803e-01 8.473895582329317167e-01
4.881889763779527769e-01 4.538152610441766877e-01
4.881889763779527769e-01 5.823293172690763297e-01
4.881889763779527769e-01 7.911646586345381094e-01
4.881889763779527769e-01 7.951807228915662717e-01
4.881889763779527769e-01 7.991967871485943231e-01
4.881889763779527769e-01 8.433734939759036653e-01
4.921259842519685179e-01 4.578313253012047945e-01
4.921259842519685179e-01 5.863453815261043811e-01
4.921259842519685179e-01 5.903614457831325435e-01
4.921259842519685179e-01 7.791164658634538442e-01
4.921259842519685179e-01 7.831325301204818956e-01
4.921259842519685179e-01 7.871485943775100580e-01
4.921259842519685179e-01 8.032128514056224855e-01
4.921259842519685179e-01 8.433734939759036653e-01
4.960629921259842590e-01 4.618473895582329569e-01
4.960629921259842590e-01 5.943775100401605949e-01
4.960629921259842590e-01 5.983935742971887572e-01
4.960629921259842590e-01 6.024096385542169196e-01
4.960629921259842590e-01 6.064257028112449710e-01
4.960629921259842590e-01 6.104417670682731334e-01
4.960629921259842590e-01 6.144578313253011848e-01
4.960629921259842590e-01 6.184738955823293471e-01
4.960629921259842590e-01 6.224899598393573985e-01
4.960629921259842590e-01 6.265060240963855609e-01
4.960629921259842590e-01 8.072289156626506479e-01
4.960629921259842590e-01 8.393574297188755029e-01
5.000000000000000000e-01 4.658634538152610638e-01
4.978084389586001635e-01 6.318698432025345868e-01
4.996764652314595878e-01 6.342712574757413124e-01
5.010243356227874756e-01 6.375188485646328118e-01
5.030033327639102936e-01 6.396624741170660045e-01
5.000000000000000000e-01 8.072289156626506479e-01
5.000000000000000000e-01 8.353413654618473405e-01
5.039370078740157410e-01 4.497991967871485808e-01
5.044914474857487008e-01 4.686849607808336038e-01
5.028551251308508441e-01 6.471815860606300319e-01
5.059022053757198378e-01 6.473956052438322173e-01
5.039370078740157410e-01 8.112449799196786993e-01
5.039370078740157410e-01 8.313253012048192891e-01
5.078740157480314821e-01 4.497991967871485808e-01
5.063636253182739466e-01 4.755065810920887648e-01
5.092889783265963644e-01 4.752096905060725907e-01
5.081028540446386188e-01 6.543296163701349810e-01
5.078740157480314821e-01 8.152610441767068616e-01
5.078740157480314821e-01 8.273092369477911268e-01
5.118110236220472231e-01 4.457831325301204739e-01
5.099763005713411346e-01 4.830785258925598402e-01
5.135183820242472663e-01 4.840949911742946088e-01
5.099956831403487101e-01 6.607919296672395415e-01
5.133177797982879653e-01 6.611179525554404801e-01
5.118110236220472231e-01 7.871485943775100580e-01
5.118110236220472231e-01 8.152610441767068616e-01
5.118110236220472231e-01 8.192771084337349130e-01
5.118110236220472231e-01 8.232931726907630754e-01
5.157480314960629642e-01 4.457831325301204739e-01
5.144036227725372612e-01 4.911445496588885407e-01
5.173458629874438941e-01 4.906231572470032831e-01
5.140778618520052134e-01 6.684055896863961843e-01
5.174190860129819214e-01 6.687475156060506132e-01
5.157480314960629642e-01 7.911646586345381094e-01
5.157480314960629642e-01 8.112449799196786993e-01
5.157480314960629642e-01 8.273092369477911268e-01
5.227772533695587143e-01 4.459331493551682013e-01
5.199281646642974763e-01 4.960635911390918196e-01
5.093868934351393207e-01 5.953235241451700910e-01
5.193170279532113298e-01 6.758415385735703218e-01
5.196850393700787052e-01 7.951807228915662717e-01
5.196850393700787052e-01 8.072289156626506479e-01
5.196850393700787052e-01 8.313253012048192891e-01
5.253173371027113348e-01 4.436935389374221939e-01
5.235157718714216202e-01 5.009996627506998479e-01
5.209757539857999831e-01 6.822741698926262366e-01
5.230613281899021416e-01 6.837318220028998361e-01
5.248608174449653774e-01 6.865906111062546335e-01
5.272795549542532711e-01 6.883656935584937520e-01
5.236220472440944462e-01 7.991967871485943231e-01
5.236220472440944462e-01 8.032128514056224855e-01
5.236220472440944462e-01 8.353413654618473405e-01
5.271049842857626899e-01 4.430975770071919340e-01
5.285714210339227392e-01 5.072700807274913570e-01
5.279706395093688442e-01 6.956044494674211709e-01
5.313499880584293678e-01 6.951334112806313303e-01
5.275590551181101873e-01 7.991967871485943231e-01
5.275590551181101873e-01 8.353413654618473405e-01
5.295456512840318597e-01 4.488799688499794938e-01
5.333726155813637293e-01 5.132807787988394876e-01
5.363323149513307131e-01 6.994553281575904835e-01
5.314960629921260393e-01 7.991967871485943231e-01
5.314960629921260393e-01 8.353413654618473405e-01
5.318894324747215352e-01 4.468708980555485266e-01
5.348986291365999124e-01 4.440752359398876248e-01
5.375548479070256791e-01 5.184670286832833153e-01
5.418793802538256488e-01 5.320270878139389259e-01
5.428186102227609000e-01 5.849798918172463003e-01
5.363525826406966290e-01 7.032086091232018221e-01
5.339069272314499459e-01 7.926008159030101252e-01
5.300837994010488829e-01 7.918748902689934921e-01
5.354330708661417804e-01 8.353413654618473405e-01
5.405339589644971854e-01 4.472968017141966679e-01
5.393700787401575214e-01 5.180722891566265087e-01
5.439785343198854095e-01 5.224537784022131870e-01
5.437372342287379867e-01 5.305564562934095285e-01
5.411602992401275403e-01 5.303962477725971958e-01
5.427752171247083313e-01 5.871297603409483257e-01
5.393700787401575214e-01 7.068273092369478094e-01
5.390006921964048958e-01 7.854647627801645271e-01
5.355324793211001522e-01 7.854617448625562659e-01
5.393700787401575214e-01 8.353413654618473405e-01
5.408337567217912367e-01 4.509312905063553312e-01
5.467657341372486046e-01 5.270179004121354760e-01
5.448578290391977719e-01 5.242925325453461349e-01
5.502384748991843155e-01 5.886411442922570014e-01
5.433070866141732624e-01 7.068273092369478094e-01
5.438440790034163586e-01 7.772217376660705002e-01
5.399733701937164954e-01 7.779588104827875883e-01
5.433070866141732624e-01 8.353413654618473405e-01
5.472440944881890035e-01 4.538152610441766877e-01
5.465960134765844858e-01 5.264330117326944114e-01
5.472440944881890035e-01 5.863453815261043811e-01
5.472440944881890035e-01 7.068273092369478094e-01
5.495827246354673123e-01 7.646730813636336554e-01
5.472392488664007404e-01 7.666479758000754874e-01
5.448591079925898528e-01 7.685613854260868738e-01
5.479621334830079293e-01 8.353867748879404420e-01
5.511811023622047445e-01 4.538152610441766877e-01
5.511811023622047445e-01 5.261044176706827225e-01
5.511811023622047445e-01 5.903614457831325435e-01
5.511811023622047445e-01 6.224899598393573985e-01
5.511811023622047445e-01 7.068273092369478094e-01
5.524681002876948854e-01 7.559537079192727438e-01
5.493664214897197029e-01 7.569707342064434519e-01
5.519595851816464505e-01 8.355458239307902435e-01
5.551181102362204856e-01 4.578313253012047945e-01
5.551181102362204856e-01 5.261044176706827225e-01
5.551181102362204856e-01 5.943775100401605949e-01
5.551181102362204856e-01 6.184738955823293471e-01
5.551181102362204856e-01 7.068273092369478094e-01
5.551181102362204856e-01 7.269076305220883993e-01
5.551181102362204856e-01 7.309236947791164507e-01
5.549984303741110070e-01 7.335460997629821289e-01
5.548744546265550470e-01 7.378397990793296168e-01
5.545057507422496146e-01 7.423693260353761980e-01
5.536652962635014719e-01 7.459523526528086812e-01
5.519358720355410641e-01 7.482943353617197424e-01
5.551181102362204856e-01 8.353413654618473405e-01
5.590551181102362266e-01 4.618473895582329569e-01
5.566108922811415782e-01 5.239814080243713201e-01
5.590551181102362266e-01 5.903614457831325435e-01
5.590551181102362266e-01 5.943775100401605949e-01
5.590551181102362266e-01 5.983935742971887572e-01
5.590551181102362266e-01 6.144578313253011848e-01
5.590551181102362266e-01 7.108433734939758608e-01
5.590551181102362266e-01 7.148594377510040232e-01
5.590551181102362266e-01 7.188755020080320746e-01
5.590551181102362266e-01 7.228915662650602370e-01
5.590551181102362266e-01 8.353413654618473405e-01
5.629921259842519676e-01 4.658634538152610638e-01
5.596297294851099169e-01 5.229012926986223997e-01
5.629921259842519676e-01 5.903614457831325435e-01
5.629921259842519676e-01 5.983935742971887572e-01
5.629921259842519676e-01 6.024096385542169196e-01
5.629921259842519676e-01 6.064257028112449710e-01
5.629921259842519676e-01 6.104417670682731334e-01
5.629921259842519676e-01 6.144578313253011848e-01
5.629921259842519676e-01 7.068273092369478094e-01
5.629921259842519676e-01 8.353413654618473405e-01
5.669291338582677087e-01 4.658634538152610638e-01
5.611746369560403069e-01 5.212258631774938644e-01
5.669291338582677087e-01 5.943775100401605949e-01
5.669291338582677087e-01 5.983935742971887572e-01
5.669291338582677087e-01 6.024096385542169196e-01
5.669291338582677087e-01 6.184738955823293471e-01
5.669291338582677087e-01 7.028112449799196471e-01
5.669291338582677087e-01 8.353413654618473405e-01
5.708661417322834497e-01 4.618473895582329569e-01
5.708661417322834497e-01 4.658634538152610638e-01
5.708661417322834497e-01 4.698795180722891707e-01
5.708661417322834497e-01 4.738955823293172775e-01
5.708661417322834497e-01 4.779116465863453844e-01
5.708661417322834497e-01 4.819277108433734913e-01
5.708661417322834497e-01 4.859437751004015982e-01
5.708661417322834497e-01 4.899598393574297051e-01
5.708661417322834497e-01 4.939759036144578119e-01
5.651007474246104723e-01 5.177102832901609997e-01
5.708661417322834497e-01 6.024096385542169196e-01
5.708661417322834497e-01 6.224899598393573985e-01
5.712858570061759567e-01 7.017570819722556141e-01
5.708661417322834497e-01 8.353413654618473405e-01
5.748031496062991907e-01 4.618473895582329569e-01
5.748031496062991907e-01 4.698795180722891707e-01
5.748031496062991907e-01 4.738955823293172775e-01
5.748031496062991907e-01 4.979919678714859188e-01
5.748031496062991907e-01 5.020080321285140812e-01
5.726343151640264084e-01 5.054377285912295958e-01
5.720648176960764220e-01 5.095987541965268930e-01
5.713796595104155829e-01 5.124388388937795025e-01
5.695125551886973669e-01 5.137587755200374584e-01
5.748031496062991907e-01 6.024096385542169196e-01
5.748031496062991907e-01 6.265060240963855609e-01
5.748031496062991907e-01 6.305220883534136123e-01
5.708347450003145029e-01 6.981954542703994182e-01
5.748031496062991907e-01 8.393574297188755029e-01
5.787401574803149318e-01 4.578313253012047945e-01
5.787401574803149318e-01 4.618473895582329569e-01
5.787401574803149318e-01 4.658634538152610638e-01
5.787401574803149318e-01 4.738955823293172775e-01
5.787401574803149318e-01 5.983935742971887572e-01
5.787401574803149318e-01 6.024096385542169196e-01
5.787401574803149318e-01 6.064257028112449710e-01
5.787401574803149318e-01 6.345381526104417746e-01
5.770796662568679070e-01 6.949665077501345767e-01
5.787401574803149318e-01 8.353413654618473405e-01
5.787401574803149318e-01 8.393574297188755029e-01
5.787401574803149318e-01 8.433734939759036653e-01
5.826771653543306728e-01 4.578313253012047945e-01
5.826771653543306728e-01 4.698795180722891707e-01
5.826771653543306728e-01 5.903614457831325435e-01
5.826771653543306728e-01 5.943775100401605949e-01
5.826771653543306728e-01 6.104417670682731334e-01
5.826771653543306728e-01 6.144578313253011848e-01
5.826771653543306728e-01 6.385542168674698260e-01
5.834072770836843391e-01 6.897872501919252164e-01
5.826771653543306728e-01 8.353413654618473405e-01
5.826771653543306728e-01 8.473895582329317167e-01
5.826771653543306728e-01 8.514056224899598790e-01
5.826771653543306728e-01 8.554216867469879304e-01
5.826771653543306728e-01 8.594377510040160928e-01
5.826771653543306728e-01 8.634538152610441442e-01
5.856751888810737272e-01 8.640273026645138854e-01
5.866141732283464139e-01 4.578313253012047945e-01
5.866141732283464139e-01 5.863453815261043811e-01
5.866141732283464139e-01 6.104417670682731334e-01
5.866141732283464139e-01 6.184738955823293471e-01
5.866141732283464139e-01 6.425702811244979884e-01
5.890688352253815596e-01 6.864590870983707793e-01
5.866141732283464139e-01 8.313253012048192891e-01
5.852362828761866753e-01 8.724736706208788828e-01
5.883406381788259809e-01 8.734986714740100577e-01
5.905511811023621549e-01 4.578313253012047945e-01
5.905511811023621549e-01 5.863453815261043811e-01
5.905511811023621549e-01 6.104417670682731334e-01
5.905511811023621549e-01 6.144578313253011848e-01
5.905511811023621549e-01 6.465863453815261508e-01
5.876995228344618072e-01 6.830865563544253893e-01
5.905511811023621549e-01 8.313253012048192891e-01
5.881250764822630872e-01 8.811946813303258574e-01
5.904659630495167066e-01 8.831763057365226155e-01
5.928094190193383684e-01 8.851720367111340915e-01
5.944881889763780070e-01 4.578313253012047945e-01
5.944881889763780070e-01 5.863453815261043811e-01
5.944881889763780070e-01 6.104417670682731334e-01
5.912167235537924004e-01 6.543944585361484156e-01
5.930452899802036715e-01 6.568114256344167456e-01
5.943033276153288913e-01 6.595357632337897069e-01
5.956944470554150772e-01 6.615300282193572468e-01
5.940335972436729950e-01 6.788437924189207884e-01
5.910632902551002932e-01 6.786829184826808081e-01
5.944881889763780070e-01 8.313253012048192891e-01
5.925535938031532002e-01 8.931571703056344624e-01
5.949867282788761091e-01 8.949673511188414032e-01
5.971778101548113060e-01 8.961967706996348815e-01
5.984251968503937480e-01 4.578313253012047945e-01
5.984251968503937480e-01 5.863453815261043811e-01
5.984251968503937480e-01 6.144578313253011848e-01
5.942664159403190371e-01 6.684304308534289030e-01
5.949950897076174972e-01 6.703561367896005985e-01
5.940841272414669749e-01 6.718663128446338284e-01
5.984251968503937480e-01 8.313253012048192891e-01
5.989223588432193157e-01 9.018505483582414106e-01
6.023622047244094890e-01 4.538152610441766877e-01
6.023622047244094890e-01 4.578313253012047945e-01
6.023622047244094890e-01 4.618473895582329569e-01
6.023622047244094890e-01 4.658634538152610638e-01
6.023622047244094890e-01 4.698795180722891707e-01
6.023622047244094890e-01 4.738955823293172775e-01
6.023622047244094890e-01 5.863453815261043811e-01
6.023622047244094890e-01 6.144578313253011848e-01
6.023622047244094890e-01 8.313253012048192891e-01
6.022324871039705929e-01 9.081085037837930418e-01
6.062992125984252301e-01 4.538152610441766877e-01
6.062992125984252301e-01 5.863453815261043811e-01
6.062992125984252301e-01 6.144578313253011848e-01
6.062992125984252301e-01 8.313253012048192891e-01
6.044681228699133602e-01 9.144171841590325034e-01
6.076776489384443369e-01 9.143124744310099361e-01
6.102362204724409711e-01 4.538152610441766877e-01
6.102362204724409711e-01 5.863453815261043811e-01
6.102362204724409711e-01 6.144578313253011848e-01
6.102362204724409711e-01 8.313253012048192891e-01
6.083245326913380158e-01 9.211717648777631995e-01
6.114511142400511634e-01 9.211256082149140711e-01
6.141732283464567121e-01 4.538152610441766877e-01
6.141732283464567121e-01 5.863453815261043811e-01
6.141732283464567121e-01 6.144578313253011848e-01
6.140837323215724286e-01 8.308998076855317327e-01
6.128889268326507267e-01 9.271053211842046338e-01
6.168720409802095350e-01 9.353840441918037651e-01
6.181102362204724532e-01 4.538152610441766877e-01
6.181102362204724532e-01 5.863453815261043811e-01
6.181102362204724532e-01 6.144578313253011848e-01
6.179149305133064818e-01 8.305602459032200846e-01
6.143927878909194451e-01 9.328127651420201616e-01
6.156178395938509684e-01 9.333489757773641982e-01
6.155566426203036290e-01 9.341943618751703537e-01
6.220472440944881942e-01 4.538152610441766877e-01
6.220472440944881942e-01 5.903614457831325435e-01
6.220472440944881942e-01 6.104417670682731334e-01
6.215530867229113188e-01 8.299743084963523421e-01
6.259842519685039353e-01 4.538152610441766877e-01
6.259842519685039353e-01 5.943775100401605949e-01
6.259842519685039353e-01 6.064257028112449710e-01
6.240136586166331600e-01 8.285269362414368066e-01
6.299212598425196763e-01 4.538152610441766877e-01
6.299212598425196763e-01 5.983935742971887572e-01
6.299212598425196763e-01 6.024096385542169196e-01
6.318860631619440671e-01 8.300621924850805078e-01
6.331623287735814731e-01 4.539473300212858442e-01
6.338582677165354173e-01 5.983935742971887572e-01
6.338582677165354173e-01 6.024096385542169196e-01
6.343380338842357080e-01 8.285557990589825783e-01
6.377952756524370992e-01 4.538152610441766877e-01
6.377952755905511584e-01 5.943775100401605949e-01
6.377952755905511584e-01 6.064257028112449710e-01
6.377952755905511584e-01 6.104417670682731334e-01
6.377952755905511584e-01 6.144578313253011848e-01
6.379463242814467083e-01 8.278488757483376537e-01
6.417322836079435433e-01 4.538152610441766877e-01
6.417322834645668994e-01 5.903614457831325435e-01
6.417322834645668994e-01 6.184738955823293471e-01
6.417363910786983983e-01 8.273892161656352107e-01
6.456692914004685813e-01 4.538152610441766877e-01
6.456692913385826404e-01 5.903614457831325435e-01
6.456692913385826404e-01 6.224899598393573985e-01
6.462208250492598172e-01 8.266847239852598284e-01
6.496062991115029162e-01 4.538152610441766877e-01
6.496062992125983815e-01 5.903614457831325435e-01
6.496062992125983815e-01 6.224899598393573985e-01
6.503417882820825557e-01 8.259594527467800651e-01
6.535375168267940627e-01 4.538606704775457468e-01
6.535433070866141225e-01 5.903614457831325435e-01
6.535433070866141225e-01 6.265060240963855609e-01
6.535433070866141225e-01 8.273092369477911268e-01
6.574659240068644328e-01 4.539196916996598441e-01
6.574803149606299746e-01 5.903614457831325435e-01
6.574803149606299746e-01 6.224899598393573985e-01
6.574803149606299746e-01 6.265060240963855609e-01
6.574803149606299746e-01 6.305220883534136123e-01
6.574803149606299746e-01 6.345381526104417746e-01
6.574803149606299746e-01 8.273092369477911268e-01
6.613893755722214385e-01 4.539994274057544965e-01
6.614173228346457156e-01 5.903614457831325435e-01
6.614173228346457156e-01 6.184738955823293471e-01
6.614173228346457156e-01 6.385542168674698260e-01
6.593673360959341201e-01 6.395358016740635421e-01
6.602141102968429598e-01 6.429697320456186915e-01
6.605405128986289176e-01 6.460568956323865519e-01
6.610232744325598153e-01 6.493084981895415053e-01
6.611563551606790545e-01 6.504499300805679507e-01
6.614173228346457156e-01 8.232931726907630754e-01
6.653032446422834090e-01 4.541128448875252355e-01
6.653543307086614567e-01 5.903614457831325435e-01
6.653543307086614567e-01 6.144578313253011848e-01
6.653543307086614567e-01 8.232931726907630754e-01
6.691960526417618516e-01 4.542861639895573456e-01
6.692913385826771977e-01 5.903614457831325435e-01
6.692913385826771977e-01 6.104417670682731334e-01
6.692913385826771977e-01 8.192771084337349130e-01
6.730330407495269673e-01 4.545803163457758922e-01
6.732283464566929387e-01 5.903614457831325435e-01
6.732283464566929387e-01 6.104417670682731334e-01
6.732283464566929387e-01 8.032128514056224855e-01
6.732283464566929387e-01 8.072289156626506479e-01
6.732283464566929387e-01 8.112449799196786993e-01
6.732283464566929387e-01 8.152610441767068616e-01
6.732283464566929387e-01 8.192771084337349130e-01
6.766711969591318043e-01 4.551662537526436347e-01
6.771653543307086798e-01 5.903614457831325435e-01
6.771653543307086798e-01 6.104417670682731334e-01
6.796298671594461771e-01 7.894094555973483196e-01
6.778300195780223580e-01 7.919052654961927784e-01
6.764451554242162379e-01 7.963893227812172126e-01
6.771653543307086798e-01 7.991967871485943231e-01
6.771653543307086798e-01 8.232931726907630754e-01
6.791317688528536456e-01 4.566136260075591702e-01
6.811023622047244208e-01 5.903614457831325435e-01
6.811023622047244208e-01 6.104417670682731334e-01
6.832663195435045855e-01 7.736238295616335581e-01
6.815402034024330424e-01 7.757001092578433843e-01
6.803739669610834317e-01 7.787647417941211403e-01
6.785541774932383197e-01 7.812130772045824401e-01
6.811023622047244208e-01 8.273092369477911268e-01
6.870099634306109371e-01 4.550329603378223120e-01
6.850393700787401619e-01 5.903614457831325435e-01
6.850393700787401619e-01 6.024096385542169196e-01
6.850393700787401619e-01 6.064257028112449710e-01
6.850393700787401619e-01 6.104417670682731334e-01
6.848620743311778503e-01 7.548311519245785028e-01
6.847527441768045398e-01 7.559304633551842123e-01
6.845454211487970175e-01 7.584427047528355947e-01
6.842098663818626525e-01 7.613784203878098955e-01
6.835720622820383729e-01 7.643562156214270820e-01
6.820372159035480442e-01 7.663185991069589864e-01
6.850393700787401619e-01 8.273092369477911268e-01
6.894705353243327783e-01 4.564803325927378475e-01
6.889763779527559029e-01 5.943775100401605949e-01
6.889763779527559029e-01 5.983935742971887572e-01
6.889763779527559029e-01 6.144578313253011848e-01
6.889763779527559029e-01 6.184738955823293471e-01
6.889763779527559029e-01 8.273092369477911268e-01
6.931086916940086828e-01 4.570662699996055900e-01
6.929133858267716439e-01 5.943775100401605949e-01
6.929133858267716439e-01 8.273092369477911268e-01
6.969456798890852900e-01 4.573604223558241366e-01
6.968503937007873850e-01 5.943775100401605949e-01
6.968503937007873850e-01 8.273092369477911268e-01
7.008326975614410648e-01 4.575791508839493482e-01
7.007874015748031260e-01 5.943775100401605949e-01
7.028485329851038577e-01 8.279346791124083671e-01
7.047437557308068312e-01 4.577061801544651254e-01
7.047244094488188670e-01 5.903614457831325435e-01
7.055031877885550307e-01 8.294967251159363064e-01
7.086622521318778345e-01 4.578066303427213435e-01
7.086614173228346081e-01 5.903614457831325435e-01
7.086777270257490491e-01 8.297539403457306895e-01
7.125810764107910478e-01 4.578993333568824320e-01
7.125984251968503491e-01 5.903614457831325435e-01
7.121995540863309548e-01 8.295034053763487014e-01
7.164912330944653851e-01 4.580046444032369046e-01
7.138266487663068594e-01 5.942205049697848462e-01
7.146159257890113414e-01 8.282293526018150720e-01
7.203724213314264269e-01 4.581254776283195107e-01
7.215416661993505620e-01 5.932731312002058610e-01
7.224150872853489780e-01 8.299234354331804786e-01
7.241105971253829487e-01 4.584172627662801980e-01
7.229050658854077049e-01 5.960090485402386173e-01
7.248892151030132958e-01 8.285557990589825783e-01
7.268700207708271854e-01 4.592786973232896863e-01
7.307234116954597347e-01 5.951644593716999276e-01
7.285359723967368417e-01 8.280288828232972298e-01
7.322834645307144674e-01 4.538525561558973132e-01
7.330025935001986959e-01 5.967143660511290415e-01
7.323787505078445115e-01 8.277801398931717847e-01
7.376969083630311452e-01 4.592786973232896863e-01
7.365518333459104561e-01 5.973787028908198460e-01
7.362715587510675341e-01 8.276068207911396746e-01
7.404563318047485687e-01 4.584172627662801980e-01
7.403293122840159945e-01 5.977619910247092827e-01
7.401854276574204583e-01 8.274934033093689356e-01
7.441945078024319038e-01 4.581254776283195107e-01
7.441856668445425704e-01 5.980026505696521832e-01
7.441088793055414818e-01 8.274136676032742832e-01
7.480756960393928345e-01 4.580046444032369046e-01
7.480757528864496742e-01 5.981681578106879948e-01
7.480372862818849278e-01 8.273546463811601859e-01
7.519916430447328715e-01 4.579447427902514911e-01
7.519828948907734123e-01 5.982891436417056008e-01
7.519627136771878106e-01 8.272638275144220676e-01
7.559190678550193887e-01 4.579110610000234893e-01
7.559113021113161857e-01 5.983481648638196981e-01
7.558911208163308082e-01 8.272048062923079703e-01
7.598511204817577358e-01 4.578903465233188919e-01
7.598425195431984802e-01 5.983935742971887572e-01
7.597982628615818079e-01 8.270838204612903644e-01
7.637853176151483403e-01 4.578767347345738536e-01
7.637795274579596283e-01 5.983935742971887572e-01
7.636883491435955129e-01 8.269183132202545528e-01
7.677165353319753693e-01 4.578313253012047945e-01
7.677165354134660724e-01 5.983935742971887572e-01
7.675447033039444200e-01 8.266776536753116522e-01
7.716535432059911104e-01 4.578313253012047945e-01
7.716535432059911104e-01 5.983935742971887572e-01
7.713221824021210260e-01 8.262943655414222155e-01
7.755905512429882576e-01 4.578313253012047945e-01
7.755905512429882576e-01 5.983935742971887572e-01
7.748551126358678154e-01 8.255887785622565422e-01
7.791656443959662504e-01 4.578313253012047945e-01
7.795275589540225925e-01 5.983935742971887572e-01
7.771105115470571256e-01 8.239867823127372537e-01
7.826890358201771258e-01 4.578313253012047945e-01
7.834645670302293752e-01 5.983935742971887572e-01
7.849410028512201487e-01 8.247405447128479672e-01
7.861434910675569876e-01 4.578313253012047945e-01
7.874015749042451162e-01 5.983935742971887572e-01
7.859251388810634120e-01 8.218458006686781836e-01
7.895014357430435448e-01 4.578313253012047945e-01
7.913385827782608573e-01 5.983935742971887572e-01
7.937556301852263241e-01 8.225995630687887861e-01
7.927146145897939755e-01 4.578313253012047945e-01
7.952755906522765983e-01 5.983935742971887572e-01
7.960052391221769108e-01 8.209521573931763960e-01
7.956865163956307052e-01 4.578313253012047945e-01
7.992125984448016363e-01 5.983935742971887572e-01
7.995295682718049912e-01 8.201875491846206678e-01
7.981758664479464693e-01 4.578313253012047945e-01
8.031438162840466299e-01 5.983481648638196981e-01
8.032934912859680532e-01 8.197245253446365787e-01
7.992175568159171073e-01 4.578313253012047945e-01
8.070722230566632627e-01 5.982891436417056008e-01
8.071267063731527580e-01 8.193704483179229392e-01
8.109956749485288663e-01 5.982094079356109484e-01
8.109725929479761897e-01 8.190316219603031023e-01
8.149095436911727441e-01 5.980959904538402094e-01
8.147797151560359774e-01 8.186164837294112040e-01
8.188023518543602330e-01 5.979226713518080993e-01
8.184092707471833927e-01 8.179715250349457456e-01
8.226393398020542813e-01 5.976285189955895527e-01
8.208640523174205450e-01 8.164787434703524305e-01
8.262774963463531686e-01 5.970425815887218102e-01
8.287422468951778365e-01 8.180594091400893442e-01
8.287380680654520271e-01 5.955952093338062747e-01
8.312028187888996777e-01 8.166120368851738087e-01
8.366162626432093186e-01 5.971758750035430774e-01
8.348409749985045147e-01 8.160260994783060662e-01
8.390768345369311598e-01 5.957285027486275419e-01
8.386721731102030342e-01 8.156865376959944181e-01
8.427149907465359968e-01 5.951425653417597994e-01
8.425563800292007466e-01 8.154541973645722530e-01
8.465519791016837825e-01 5.948484129855412528e-01
8.464566930129463485e-01 8.152610441790254514e-01
8.504447870975242463e-01 5.946750938835091427e-01
8.503570056338618510e-01 8.150678909888414703e-01
8.543586559638594036e-01 5.945616764017384037e-01
8.542412128766396773e-01 8.148355506574193052e-01
8.582763172875862434e-01 5.945273501362887680e-01
8.580724106681960617e-01 8.144959888751076571e-01
8.621961236109114690e-01 5.945273501362887680e-01
8.617105670378719662e-01 8.139100514682399146e-01
8.660974754199892711e-01 5.946029265266613573e-01
8.641548291450058539e-01 8.124214290738495103e-01
8.696477471201820020e-01 5.946817742312330290e-01
8.720349424800974969e-01 8.139389140529550426e-01
8.731228682408695985e-01 5.948113227729688868e-01
8.744819580133194048e-01 8.124118062665678375e-01
8.764678044354645703e-01 5.950475347578528806e-01
8.780969755135579202e-01 8.117124513779293560e-01
8.795043193060523290e-01 5.955505685648884162e-01
8.818897637207123719e-01 8.112449799275464057e-01
8.811853151240451876e-01 5.968595959945585117e-01
8.856825521619124952e-01 8.107775084614280425e-01
8.879094393309718836e-01 5.961811469735046609e-01
8.892975693711127061e-01 8.100781535727895610e-01
8.877447690580069217e-01 5.984899536108067020e-01
8.917445850789575967e-01 8.085510457864023559e-01
8.898496922017551380e-01 5.976635684225574119e-01
8.996246984140492398e-01 8.100685307655079992e-01
9.020689605211831275e-01 8.085799083711175950e-01
9.057071167307879644e-01 8.079939709642498524e-01
9.095441050859357501e-01 8.076998186080313058e-01
9.134311227582915249e-01 8.075719089320922972e-01
9.173363906860271255e-01 8.075175127088154436e-01
9.212462863110707501e-01 8.075175127088154436e-01
9.251515544070628705e-01 8.075719089320922972e-01
9.290385720794186453e-01 8.076998186080313058e-01
9.328755604345663199e-01 8.079939709642498524e-01
9.365195069094481850e-01 8.085344990614398153e-01
9.389886795671466002e-01 8.099228497959269912e-01
9.468245361042465502e-01 8.082624487111337297e-01
9.492456589490413377e-01 8.095551530828691833e-01
9.524760182525716656e-01 8.100023413540787809e-01
9.561425487760190078e-01 8.098943024639032595e-01
9.596273887134340042e-01 8.093443117801092379e-01
9.618459107431281963e-01 8.078072855247176998e-01
9.695616180533689343e-01 8.087579085623441966e-01
9.710899108459836171e-01 8.067245975035770567e-01
9.725767331249191017e-01 8.045030432186617286e-01
9.783984548843092099e-01 8.028747361709960284e-01
9.852532274667247236e-01 8.009686725846225652e-01
9.846238647147602663e-01 7.979600341924200091e-01
9.889325934634580761e-01 7.960813665946283590e-01
9.928469955774508193e-01 7.926867364641151381e-01
9.979891448747366667e-01 7.890055750732321016e-01
9.962404146790504456e-01 7.878486619316449335e-01
