0.000000000000000000e+00 7.096774193548387455e-01
0.000000000000000000e+00 7.137096774193548709e-01
0.000000000000000000e+00 7.177419354838709964e-01
0.000000000000000000e+00 7.217741935483871218e-01
0.000000000000000000e+00 7.661290322580645018e-01
0.000000000000000000e+00 7.701612903225806273e-01
0.000000000000000000e+00 7.741935483870967527e-01
0.000000000000000000e+00 7.782258064516128782e-01
0.000000000000000000e+00 7.822580645161290036e-01
0.000000000000000000e+00 7.862903225806451291e-01
4.016064257028112081e-03 7.258064516129032473e-01
4.016064257028112081e-03 7.620967741935483764e-01
8.032128514056224161e-03 7.298387096774193727e-01
8.032128514056224161e-03 7.459677419354838745e-01
8.032128514056224161e-03 7.500000000000000000e-01
8.032128514056224161e-03 7.540322580645161255e-01
8.032128514056224161e-03 7.580645161290322509e-01
8.032128514056224161e-03 7.620967741935483764e-01
8.032128514056224161e-03 7.661290322580645018e-01
8.032128514056224161e-03 7.701612903225806273e-01
8.032128514056224161e-03 7.741935483870967527e-01
1.204819277108433798e-02 7.338709677419354982e-01
1.204819277108433798e-02 7.379032258064516236e-01
1.204819277108433798e-02 7.419354838709677491e-01
1.606425702811244832e-02 7.379032258064516236e-01
2.008032128514056214e-02 7.379032258064516236e-01
2.008032128514056214e-02 9.879032258064516236e-01
2.008032128514056214e-02 9.919354838709677491e-01
2.409638554216867595e-02 7.379032258064516236e-01
2.811244979919678630e-02 7.379032258064516236e-01
3.212851405622489664e-02 7.338709677419354982e-01
3.614457831325301046e-02 7.338709677419354982e-01
4.016064257028112428e-02 7.338709677419354982e-01
4.417670682730923809e-02 7.298387096774193727e-01
4.819277108433735191e-02 7.298387096774193727e-01
5.220883534136545878e-02 7.298387096774193727e-01
5.622489959839357260e-02 7.298387096774193727e-01
6.024096385542168641e-02 6.370967741935483764e-01
6.024096385542168641e-02 7.298387096774193727e-01
6.425702811244979329e-02 6.370967741935483764e-01
6.425702811244979329e-02 7.298387096774193727e-01
6.827309236947791404e-02 6.370967741935483764e-01
6.827309236947791404e-02 7.298387096774193727e-01
7.228915662650602092e-02 6.370967741935483764e-01
7.228915662650602092e-02 7.298387096774193727e-01
7.630522088353414167e-02 6.370967741935483764e-01
7.630522088353414167e-02 7.298387096774193727e-01
8.032128514056224855e-02 6.330645161290322509e-01
8.032128514056224855e-02 7.298387096774193727e-01
8.433734939759035543e-02 6.330645161290322509e-01
8.433734939759035543e-02 7.298387096774193727e-01
8.835341365461847618e-02 6.330645161290322509e-01
8.835341365461847618e-02 7.298387096774193727e-01
9.236947791164658306e-02 6.330645161290322509e-01
9.236947791164658306e-02 7.298387096774193727e-01
9.638554216867470381e-02 6.330645161290322509e-01
9.638554216867470381e-02 7.258064516129032473e-01
1.004016064257028107e-01 6.330645161290322509e-01
1.004016064257028107e-01 7.258064516129032473e-01
1.044176706827309176e-01 6.330645161290322509e-01
1.044176706827309176e-01 7.258064516129032473e-01
1.084337349397590383e-01 6.330645161290322509e-01
1.084337349397590383e-01 7.258064516129032473e-01
1.124497991967871452e-01 6.330645161290322509e-01
1.124497991967871452e-01 7.258064516129032473e-01
1.164658634538152659e-01 6.330645161290322509e-01
1.164658634538152659e-01 7.217741935483871218e-01
1.204819277108433728e-01 6.330645161290322509e-01
1.204819277108433728e-01 7.217741935483871218e-01
1.244979919678714797e-01 6.330645161290322509e-01
1.244979919678714797e-01 7.217741935483871218e-01
1.285140562248995866e-01 6.330645161290322509e-01
1.285140562248995866e-01 7.217741935483871218e-01
1.325301204819277212e-01 6.330645161290322509e-01
1.325301204819277212e-01 7.217741935483871218e-01
1.365461847389558281e-01 6.330645161290322509e-01
1.365461847389558281e-01 7.217741935483871218e-01
1.405622489959839350e-01 6.330645161290322509e-01
1.405622489959839350e-01 7.217741935483871218e-01
1.445783132530120418e-01 6.330645161290322509e-01
1.445783132530120418e-01 7.217741935483871218e-01
1.485943775100401487e-01 6.330645161290322509e-01
1.485943775100401487e-01 7.217741935483871218e-01
1.526104417670682833e-01 6.330645161290322509e-01
1.526104417670682833e-01 7.258064516129032473e-01
1.566265060240963902e-01 6.330645161290322509e-01
1.566265060240963902e-01 7.258064516129032473e-01
1.606425702811244971e-01 6.330645161290322509e-01
1.606425702811244971e-01 7.217741935483871218e-01
1.646586345381526040e-01 6.330645161290322509e-01
1.646586345381526040e-01 7.217741935483871218e-01
1.686746987951807109e-01 6.330645161290322509e-01
1.686746987951807109e-01 7.217741935483871218e-01
1.726907630522088455e-01 6.330645161290322509e-01
1.726907630522088455e-01 7.217741935483871218e-01
1.767068273092369524e-01 6.330645161290322509e-01
1.767068273092369524e-01 7.217741935483871218e-01
1.807228915662650592e-01 6.330645161290322509e-01
1.807228915662650592e-01 7.258064516129032473e-01
1.847389558232931661e-01 6.330645161290322509e-01
1.847389558232931661e-01 7.258064516129032473e-01
1.887550200803212730e-01 6.330645161290322509e-01
1.887550200803212730e-01 7.258064516129032473e-01
1.927710843373494076e-01 6.330645161290322509e-01
1.927710843373494076e-01 7.258064516129032473e-01
1.967871485943775145e-01 6.330645161290322509e-01
1.967871485943775145e-01 7.258064516129032473e-01
2.008032128514056214e-01 6.330645161290322509e-01
2.008032128514056214e-01 7.258064516129032473e-01
2.048192771084337283e-01 6.330645161290322509e-01
2.048192771084337283e-01 7.258064516129032473e-01
2.088353413654618351e-01 6.330645161290322509e-01
2.088353413654618351e-01 7.298387096774193727e-01
2.128514056224899698e-01 6.330645161290322509e-01
2.128514056224899698e-01 7.298387096774193727e-01
2.168674698795180766e-01 6.330645161290322509e-01
2.168674698795180766e-01 7.298387096774193727e-01
2.208835341365461835e-01 6.330645161290322509e-01
2.208835341365461835e-01 7.298387096774193727e-01
2.248995983935742904e-01 6.330645161290322509e-01
2.248995983935742904e-01 7.258064516129032473e-01
2.289156626506023973e-01 6.330645161290322509e-01
2.289156626506023973e-01 7.258064516129032473e-01
2.329317269076305319e-01 6.330645161290322509e-01
2.329317269076305319e-01 7.258064516129032473e-01
2.369477911646586388e-01 6.330645161290322509e-01
2.369477911646586388e-01 7.258064516129032473e-01
2.409638554216867457e-01 6.330645161290322509e-01
2.409638554216867457e-01 7.258064516129032473e-01
2.449799196787148525e-01 6.330645161290322509e-01
2.449799196787148525e-01 7.258064516129032473e-01
2.489959839357429594e-01 2.943548387096774355e-01
2.489959839357429594e-01 2.983870967741935609e-01
2.489959839357429594e-01 3.024193548387096864e-01
2.489959839357429594e-01 6.330645161290322509e-01
2.489959839357429594e-01 7.258064516129032473e-01
2.530120481927710663e-01 3.064516129032258118e-01
2.530120481927710663e-01 6.330645161290322509e-01
2.530120481927710663e-01 7.258064516129032473e-01
2.570281124497991732e-01 3.104838709677419373e-01
2.570281124497991732e-01 6.330645161290322509e-01
2.570281124497991732e-01 7.258064516129032473e-01
2.610441767068273355e-01 3.145161290322580627e-01
2.610441767068273355e-01 6.330645161290322509e-01
2.610441767068273355e-01 7.258064516129032473e-01
2.650602409638554424e-01 3.185483870967741882e-01
2.650602409638554424e-01 6.330645161290322509e-01
2.650602409638554424e-01 7.258064516129032473e-01
2.690763052208835493e-01 3.225806451612903136e-01
2.690763052208835493e-01 6.330645161290322509e-01
2.690763052208835493e-01 7.258064516129032473e-01
2.730923694779116562e-01 3.266129032258064391e-01
2.730923694779116562e-01 6.330645161290322509e-01
2.730923694779116562e-01 7.258064516129032473e-01
2.771084337349397630e-01 3.266129032258064391e-01
2.771084337349397630e-01 6.330645161290322509e-01
2.771084337349397630e-01 7.217741935483871218e-01
2.811244979919678699e-01 3.266129032258064391e-01
2.811244979919678699e-01 6.330645161290322509e-01
2.811244979919678699e-01 7.217741935483871218e-01
2.851405622489959768e-01 3.306451612903225645e-01
2.851405622489959768e-01 6.330645161290322509e-01
2.851405622489959768e-01 7.217741935483871218e-01
2.891566265060240837e-01 3.306451612903225645e-01
2.891566265060240837e-01 6.330645161290322509e-01
2.891566265060240837e-01 7.217741935483871218e-01
2.931726907630521906e-01 3.306451612903225645e-01
2.931726907630521906e-01 6.330645161290322509e-01
2.931726907630521906e-01 7.217741935483871218e-01
2.971887550200802974e-01 3.306451612903225645e-01
2.971887550200802974e-01 6.330645161290322509e-01
2.971887550200802974e-01 7.217741935483871218e-01
2.971887550200802974e-01 7.701612903225806273e-01
2.971887550200802974e-01 7.741935483870967527e-01
2.971887550200802974e-01 7.782258064516128782e-01
2.971887550200802974e-01 7.822580645161290036e-01
2.971887550200802974e-01 7.862903225806451291e-01
2.971887550200802974e-01 7.903225806451612545e-01
3.012048192771084598e-01 3.346774193548386900e-01
3.012048192771084598e-01 6.330645161290322509e-01
3.012048192771084598e-01 7.217741935483871218e-01
3.012048192771084598e-01 7.661290322580645018e-01
3.012048192771084598e-01 7.943548387096773800e-01
3.012048192771084598e-01 7.983870967741935054e-01
3.052208835341365667e-01 3.346774193548386900e-01
3.052208835341365667e-01 6.330645161290322509e-01
3.052208835341365667e-01 7.217741935483871218e-01
3.052208835341365667e-01 7.620967741935483764e-01
3.092369477911646736e-01 3.387096774193548154e-01
3.092369477911646736e-01 6.330645161290322509e-01
3.092369477911646736e-01 7.217741935483871218e-01
3.092369477911646736e-01 7.620967741935483764e-01
3.132530120481927804e-01 3.427419354838709409e-01
3.132530120481927804e-01 6.330645161290322509e-01
3.132530120481927804e-01 7.217741935483871218e-01
3.132530120481927804e-01 7.580645161290322509e-01
3.172690763052208873e-01 3.427419354838709409e-01
3.172690763052208873e-01 6.330645161290322509e-01
3.172690763052208873e-01 7.177419354838709964e-01
3.172690763052208873e-01 7.580645161290322509e-01
3.212851405622489942e-01 3.467741935483871218e-01
3.212851405622489942e-01 6.330645161290322509e-01
3.212851405622489942e-01 7.177419354838709964e-01
3.212851405622489942e-01 7.580645161290322509e-01
3.253012048192771011e-01 3.508064516129032473e-01
3.253012048192771011e-01 6.330645161290322509e-01
3.253012048192771011e-01 7.540322580645161255e-01
3.293172690763052080e-01 3.508064516129032473e-01
3.293172690763052080e-01 6.330645161290322509e-01
3.293172690763052080e-01 7.500000000000000000e-01
3.333333333333333148e-01 3.548387096774193727e-01
3.333333333333333148e-01 6.370967741935483764e-01
3.333333333333333148e-01 7.500000000000000000e-01
3.373493975903614217e-01 3.588709677419354982e-01
3.373493975903614217e-01 6.370967741935483764e-01
3.373493975903614217e-01 7.500000000000000000e-01
3.413654618473895841e-01 3.588709677419354982e-01
3.413654618473895841e-01 6.330645161290322509e-01
3.413654618473895841e-01 6.370967741935483764e-01
3.413654618473895841e-01 6.411290322580645018e-01
3.413654618473895841e-01 6.451612903225806273e-01
3.413654618473895841e-01 7.459677419354838745e-01
3.453815261044176910e-01 3.629032258064516236e-01
3.453815261044176910e-01 6.330645161290322509e-01
3.453815261044176910e-01 6.491935483870967527e-01
3.453815261044176910e-01 6.532258064516128782e-01
3.453815261044176910e-01 6.572580645161290036e-01
3.453815261044176910e-01 7.459677419354838745e-01
3.493975903614457978e-01 3.629032258064516236e-01
3.493975903614457978e-01 6.330645161290322509e-01
3.493975903614457978e-01 6.612903225806451291e-01
3.493975903614457978e-01 7.419354838709677491e-01
3.534136546184739047e-01 3.629032258064516236e-01
3.534136546184739047e-01 6.330645161290322509e-01
3.534136546184739047e-01 6.653225806451612545e-01
3.534136546184739047e-01 7.419354838709677491e-01
3.574297188755020116e-01 3.669354838709677491e-01
3.574297188755020116e-01 6.330645161290322509e-01
3.574297188755020116e-01 6.693548387096773800e-01
3.574297188755020116e-01 7.379032258064516236e-01
3.614457831325301185e-01 3.669354838709677491e-01
3.614457831325301185e-01 6.330645161290322509e-01
3.614457831325301185e-01 6.733870967741935054e-01
3.614457831325301185e-01 7.338709677419354982e-01
3.654618473895582254e-01 3.709677419354838745e-01
3.654618473895582254e-01 6.330645161290322509e-01
3.654618473895582254e-01 6.733870967741935054e-01
3.654618473895582254e-01 7.298387096774193727e-01
3.694779116465863322e-01 3.750000000000000000e-01
3.694779116465863322e-01 4.274193548387096864e-01
3.694779116465863322e-01 6.290322580645161255e-01
3.694779116465863322e-01 6.774193548387096309e-01
3.694779116465863322e-01 7.258064516129032473e-01
3.734939759036144391e-01 3.750000000000000000e-01
3.734939759036144391e-01 4.233870967741935609e-01
3.734939759036144391e-01 6.290322580645161255e-01
3.734939759036144391e-01 6.814516129032257563e-01
3.734939759036144391e-01 7.217741935483871218e-01
3.775100401606425460e-01 3.790322580645161255e-01
3.775100401606425460e-01 4.233870967741935609e-01
3.775100401606425460e-01 5.887096774193548709e-01
3.775100401606425460e-01 6.290322580645161255e-01
3.775100401606425460e-01 6.814516129032257563e-01
3.775100401606425460e-01 7.137096774193548709e-01
3.775100401606425460e-01 7.177419354838709964e-01
3.815261044176707084e-01 3.790322580645161255e-01
3.815261044176707084e-01 4.193548387096774355e-01
3.815261044176707084e-01 5.927419354838709964e-01
3.815261044176707084e-01 6.290322580645161255e-01
3.815261044176707084e-01 6.854838709677418818e-01
3.815261044176707084e-01 7.096774193548387455e-01
3.855421686746988152e-01 3.790322580645161255e-01
3.855421686746988152e-01 4.193548387096774355e-01
3.855421686746988152e-01 5.927419354838709964e-01
3.855421686746988152e-01 6.290322580645161255e-01
3.855421686746988152e-01 6.895161290322581182e-01
3.855421686746988152e-01 7.056451612903226200e-01
3.895582329317269221e-01 3.790322580645161255e-01
3.895582329317269221e-01 4.193548387096774355e-01
3.895582329317269221e-01 5.967741935483871218e-01
3.895582329317269221e-01 6.290322580645161255e-01
3.895582329317269221e-01 6.935483870967742437e-01
3.895582329317269221e-01 6.975806451612903691e-01
3.895582329317269221e-01 7.016129032258064946e-01
3.935742971887550290e-01 3.790322580645161255e-01
3.935742971887550290e-01 4.193548387096774355e-01
3.935742971887550290e-01 6.008064516129032473e-01
3.935742971887550290e-01 6.048387096774193727e-01
3.935742971887550290e-01 6.088709677419354982e-01
3.935742971887550290e-01 6.290322580645161255e-01
3.935742971887550290e-01 6.975806451612903691e-01
3.975903614457831359e-01 3.830645161290322509e-01
3.975903614457831359e-01 4.193548387096774355e-01
3.975903614457831359e-01 6.129032258064516236e-01
3.975903614457831359e-01 6.169354838709677491e-01
3.975903614457831359e-01 6.250000000000000000e-01
3.975903614457831359e-01 6.975806451612903691e-01
4.016064257028112428e-01 3.830645161290322509e-01
4.016064257028112428e-01 4.233870967741935609e-01
4.016064257028112428e-01 6.209677419354838745e-01
4.016064257028112428e-01 6.250000000000000000e-01
4.016064257028112428e-01 6.975806451612903691e-01
4.056224899598393496e-01 3.830645161290322509e-01
4.056224899598393496e-01 4.233870967741935609e-01
4.056224899598393496e-01 6.250000000000000000e-01
4.056224899598393496e-01 6.935483870967742437e-01
4.056224899598393496e-01 6.975806451612903691e-01
4.056224899598393496e-01 7.661290322580645018e-01
4.056224899598393496e-01 7.701612903225806273e-01
4.056224899598393496e-01 7.741935483870967527e-01
4.056224899598393496e-01 7.782258064516128782e-01
4.096385542168674565e-01 3.830645161290322509e-01
4.096385542168674565e-01 4.233870967741935609e-01
4.096385542168674565e-01 6.250000000000000000e-01
4.096385542168674565e-01 6.895161290322581182e-01
4.096385542168674565e-01 7.016129032258064946e-01
4.096385542168674565e-01 7.620967741935483764e-01
4.136546184738955634e-01 3.870967741935483764e-01
4.136546184738955634e-01 4.274193548387096864e-01
4.136546184738955634e-01 6.250000000000000000e-01
4.136546184738955634e-01 6.854838709677418818e-01
4.136546184738955634e-01 7.056451612903226200e-01
4.136546184738955634e-01 7.580645161290322509e-01
4.176706827309236703e-01 4.233870967741935609e-01
4.176706827309236703e-01 4.274193548387096864e-01
4.176706827309236703e-01 4.314516129032258118e-01
4.176706827309236703e-01 6.250000000000000000e-01
4.176706827309236703e-01 6.854838709677418818e-01
4.176706827309236703e-01 7.096774193548387455e-01
4.176706827309236703e-01 7.540322580645161255e-01
4.216867469879518326e-01 4.193548387096774355e-01
4.216867469879518326e-01 4.354838709677419373e-01
4.216867469879518326e-01 6.290322580645161255e-01
4.216867469879518326e-01 6.814516129032257563e-01
4.216867469879518326e-01 7.137096774193548709e-01
4.216867469879518326e-01 7.540322580645161255e-01
4.257028112449799395e-01 2.258064516129032195e-01
4.257028112449799395e-01 4.153225806451613100e-01
4.257028112449799395e-01 4.395161290322580627e-01
4.257028112449799395e-01 6.290322580645161255e-01
4.257028112449799395e-01 6.814516129032257563e-01
4.257028112449799395e-01 7.137096774193548709e-01
4.257028112449799395e-01 7.540322580645161255e-01
4.297188755020080464e-01 2.258064516129032195e-01
4.297188755020080464e-01 4.153225806451613100e-01
4.297188755020080464e-01 4.435483870967741882e-01
4.297188755020080464e-01 6.330645161290322509e-01
4.297188755020080464e-01 6.774193548387096309e-01
4.297188755020080464e-01 7.177419354838709964e-01
4.297188755020080464e-01 7.217741935483871218e-01
4.297188755020080464e-01 7.500000000000000000e-01
4.337349397590361533e-01 2.258064516129032195e-01
4.337349397590361533e-01 4.112903225806451846e-01
4.337349397590361533e-01 4.435483870967741882e-01
4.337349397590361533e-01 6.330645161290322509e-01
4.337349397590361533e-01 6.774193548387096309e-01
4.337349397590361533e-01 7.258064516129032473e-01
4.337349397590361533e-01 7.459677419354838745e-01
4.377510040160642601e-01 2.258064516129032195e-01
4.377510040160642601e-01 4.112903225806451846e-01
4.377510040160642601e-01 4.435483870967741882e-01
4.377510040160642601e-01 6.330645161290322509e-01
4.377510040160642601e-01 6.733870967741935054e-01
4.377510040160642601e-01 7.298387096774193727e-01
4.377510040160642601e-01 7.459677419354838745e-01
4.417670682730923670e-01 2.258064516129032195e-01
4.417670682730923670e-01 4.112903225806451846e-01
4.417670682730923670e-01 4.435483870967741882e-01
4.417670682730923670e-01 6.330645161290322509e-01
4.417670682730923670e-01 6.693548387096773800e-01
4.417670682730923670e-01 7.338709677419354982e-01
4.417670682730923670e-01 7.379032258064516236e-01
4.417670682730923670e-01 7.419354838709677491e-01
4.457831325301204739e-01 2.298387096774193450e-01
4.457831325301204739e-01 4.072580645161290591e-01
4.457831325301204739e-01 4.435483870967741882e-01
4.457831325301204739e-01 6.330645161290322509e-01
4.457831325301204739e-01 6.653225806451612545e-01
4.457831325301204739e-01 7.338709677419354982e-01
4.497991967871485808e-01 2.298387096774193450e-01
4.497991967871485808e-01 4.072580645161290591e-01
4.497991967871485808e-01 4.435483870967741882e-01
4.497991967871485808e-01 6.330645161290322509e-01
4.497991967871485808e-01 6.653225806451612545e-01
4.497991967871485808e-01 7.338709677419354982e-01
4.538152610441766877e-01 2.298387096774193450e-01
4.538152610441766877e-01 4.032258064516128782e-01
4.538152610441766877e-01 4.435483870967741882e-01
4.538152610441766877e-01 6.330645161290322509e-01
4.538152610441766877e-01 6.653225806451612545e-01
4.538152610441766877e-01 7.338709677419354982e-01
4.578313253012047945e-01 2.298387096774193450e-01
4.578313253012047945e-01 4.032258064516128782e-01
4.578313253012047945e-01 4.435483870967741882e-01
4.578313253012047945e-01 6.330645161290322509e-01
4.578313253012047945e-01 6.653225806451612545e-01
4.578313253012047945e-01 7.338709677419354982e-01
4.618473895582329569e-01 2.298387096774193450e-01
4.618473895582329569e-01 4.032258064516128782e-01
4.618473895582329569e-01 4.435483870967741882e-01
4.618473895582329569e-01 6.370967741935483764e-01
4.618473895582329569e-01 6.411290322580645018e-01
4.618473895582329569e-01 6.612903225806451291e-01
4.618473895582329569e-01 7.338709677419354982e-01
4.658634538152610638e-01 2.338709677419354704e-01
4.658634538152610638e-01 4.072580645161290591e-01
4.658634538152610638e-01 4.435483870967741882e-01
4.658634538152610638e-01 6.451612903225806273e-01
4.658634538152610638e-01 6.572580645161290036e-01
4.658634538152610638e-01 6.653225806451612545e-01
4.658634538152610638e-01 7.298387096774193727e-01
4.658634538152610638e-01 7.338709677419354982e-01
4.698795180722891707e-01 2.338709677419354704e-01
4.698795180722891707e-01 4.072580645161290591e-01
4.698795180722891707e-01 4.395161290322580627e-01
4.698795180722891707e-01 6.491935483870967527e-01
4.698795180722891707e-01 6.532258064516128782e-01
4.698795180722891707e-01 6.693548387096773800e-01
4.698795180722891707e-01 6.733870967741935054e-01
4.698795180722891707e-01 7.298387096774193727e-01
4.698795180722891707e-01 7.379032258064516236e-01
4.738955823293172775e-01 2.338709677419354704e-01
4.738955823293172775e-01 4.072580645161290591e-01
4.738955823293172775e-01 4.395161290322580627e-01
4.738955823293172775e-01 6.491935483870967527e-01
4.738955823293172775e-01 7.298387096774193727e-01
4.738955823293172775e-01 7.419354838709677491e-01
4.779116465863453844e-01 2.338709677419354704e-01
4.779116465863453844e-01 4.112903225806451846e-01
4.779116465863453844e-01 4.395161290322580627e-01
4.779116465863453844e-01 6.491935483870967527e-01
4.779116465863453844e-01 7.298387096774193727e-01
4.779116465863453844e-01 7.459677419354838745e-01
4.819277108433734913e-01 2.338709677419354704e-01
4.819277108433734913e-01 4.153225806451613100e-01
4.819277108433734913e-01 4.354838709677419373e-01
4.819277108433734913e-01 6.491935483870967527e-01
4.819277108433734913e-01 7.258064516129032473e-01
4.819277108433734913e-01 7.500000000000000000e-01
4.859437751004015982e-01 2.338709677419354704e-01
4.859437751004015982e-01 4.193548387096774355e-01
4.859437751004015982e-01 4.314516129032258118e-01
4.859437751004015982e-01 6.491935483870967527e-01
4.859437751004015982e-01 7.258064516129032473e-01
4.859437751004015982e-01 7.500000000000000000e-01
4.899598393574297051e-01 2.338709677419354704e-01
4.899598393574297051e-01 4.233870967741935609e-01
4.899598393574297051e-01 4.274193548387096864e-01
4.899598393574297051e-01 6.451612903225806273e-01
4.899598393574297051e-01 6.491935483870967527e-01
4.899598393574297051e-01 6.532258064516128782e-01
4.899598393574297051e-01 7.258064516129032473e-01
4.899598393574297051e-01 7.500000000000000000e-01
4.899598393574297051e-01 7.782258064516128782e-01
4.899598393574297051e-01 7.822580645161290036e-01
4.899598393574297051e-01 7.862903225806451291e-01
4.899598393574297051e-01 7.903225806451612545e-01
4.899598393574297051e-01 7.943548387096773800e-01
4.939759036144578119e-01 2.338709677419354704e-01
4.939759036144578119e-01 4.274193548387096864e-01
4.939759036144578119e-01 6.129032258064516236e-01
4.939759036144578119e-01 6.169354838709677491e-01
4.939759036144578119e-01 6.209677419354838745e-01
4.939759036144578119e-01 6.250000000000000000e-01
4.939759036144578119e-01 6.290322580645161255e-01
4.939759036144578119e-01 6.370967741935483764e-01
4.939759036144578119e-01 6.411290322580645018e-01
4.939759036144578119e-01 6.572580645161290036e-01
4.939759036144578119e-01 7.177419354838709964e-01
4.939759036144578119e-01 7.217741935483871218e-01
4.939759036144578119e-01 7.258064516129032473e-01
4.939759036144578119e-01 7.298387096774193727e-01
4.939759036144578119e-01 7.338709677419354982e-01
4.939759036144578119e-01 7.379032258064516236e-01
4.939759036144578119e-01 7.419354838709677491e-01
4.939759036144578119e-01 7.459677419354838745e-01
4.939759036144578119e-01 7.500000000000000000e-01
4.939759036144578119e-01 7.540322580645161255e-01
4.939759036144578119e-01 7.580645161290322509e-01
4.939759036144578119e-01 7.620967741935483764e-01
4.939759036144578119e-01 7.661290322580645018e-01
4.939759036144578119e-01 7.701612903225806273e-01
4.939759036144578119e-01 7.741935483870967527e-01
4.939759036144578119e-01 7.983870967741935054e-01
4.939759036144578119e-01 8.024193548387096309e-01
4.939759036144578119e-01 8.064516129032257563e-01
4.939759036144578119e-01 8.104838709677418818e-01
4.939759036144578119e-01 8.145161290322581182e-01
4.939759036144578119e-01 9.959677419354838745e-01
4.939759036144578119e-01 1.000000000000000000e+00
4.979919678714859188e-01 2.338709677419354704e-01
4.979919678714859188e-01 4.233870967741935609e-01
4.979919678714859188e-01 4.274193548387096864e-01
4.979919678714859188e-01 5.040322580645161255e-01
4.979919678714859188e-01 5.080645161290322509e-01
4.979919678714859188e-01 5.120967741935483764e-01
4.979919678714859188e-01 5.161290322580645018e-01
4.979919678714859188e-01 5.201612903225806273e-01
4.979919678714859188e-01 5.241935483870967527e-01
4.979919678714859188e-01 5.282258064516128782e-01
4.979919678714859188e-01 5.322580645161290036e-01
4.979919678714859188e-01 5.362903225806451291e-01
4.979919678714859188e-01 5.403225806451612545e-01
4.979919678714859188e-01 5.443548387096773800e-01
4.979919678714859188e-01 5.483870967741935054e-01
4.979919678714859188e-01 5.524193548387096309e-01
4.979919678714859188e-01 5.564516129032257563e-01
4.979919678714859188e-01 5.604838709677418818e-01
4.979919678714859188e-01 5.645161290322581182e-01
4.979919678714859188e-01 5.685483870967742437e-01
4.979919678714859188e-01 5.725806451612903691e-01
4.979919678714859188e-01 5.766129032258064946e-01
4.979919678714859188e-01 5.806451612903226200e-01
4.979919678714859188e-01 5.846774193548387455e-01
4.979919678714859188e-01 5.887096774193548709e-01
4.979919678714859188e-01 5.927419354838709964e-01
4.979919678714859188e-01 5.967741935483871218e-01
4.979919678714859188e-01 6.008064516129032473e-01
4.979919678714859188e-01 6.048387096774193727e-01
4.979919678714859188e-01 6.088709677419354982e-01
4.979919678714859188e-01 6.330645161290322509e-01
4.979919678714859188e-01 6.612903225806451291e-01
4.979919678714859188e-01 6.653225806451612545e-01
4.979919678714859188e-01 6.693548387096773800e-01
4.979919678714859188e-01 6.733870967741935054e-01
4.979919678714859188e-01 6.774193548387096309e-01
4.979919678714859188e-01 6.814516129032257563e-01
4.979919678714859188e-01 6.854838709677418818e-01
4.979919678714859188e-01 6.895161290322581182e-01
4.979919678714859188e-01 6.935483870967742437e-01
4.979919678714859188e-01 6.975806451612903691e-01
4.979919678714859188e-01 7.016129032258064946e-01
4.979919678714859188e-01 7.056451612903226200e-01
4.979919678714859188e-01 7.096774193548387455e-01
4.979919678714859188e-01 7.137096774193548709e-01
4.979919678714859188e-01 8.185483870967742437e-01
4.979919678714859188e-01 8.225806451612903691e-01
4.979919678714859188e-01 8.266129032258064946e-01
4.979919678714859188e-01 9.233870967741935054e-01
4.979919678714859188e-01 9.274193548387096309e-01
4.979919678714859188e-01 9.314516129032257563e-01
4.979919678714859188e-01 9.354838709677418818e-01
4.979919678714859188e-01 9.395161290322581182e-01
4.979919678714859188e-01 9.435483870967742437e-01
4.979919678714859188e-01 9.475806451612903691e-01
4.979919678714859188e-01 9.516129032258064946e-01
4.979919678714859188e-01 9.556451612903226200e-01
4.979919678714859188e-01 9.596774193548387455e-01
4.979919678714859188e-01 9.637096774193548709e-01
4.979919678714859188e-01 9.677419354838709964e-01
4.979919678714859188e-01 9.717741935483871218e-01
4.979919678714859188e-01 9.758064516129032473e-01
4.979919678714859188e-01 9.798387096774193727e-01
4.979919678714859188e-01 9.838709677419354982e-01
4.979919678714859188e-01 9.879032258064516236e-01
4.979919678714859188e-01 9.919354838709677491e-01
5.020080321285140812e-01 2.338709677419354704e-01
5.020080321285140812e-01 4.193548387096774355e-01
5.020080321285140812e-01 4.314516129032258118e-01
5.020080321285140812e-01 4.677419354838709409e-01
5.020080321285140812e-01 4.717741935483871218e-01
5.020080321285140812e-01 4.758064516129032473e-01
5.020080321285140812e-01 4.798387096774193727e-01
5.020080321285140812e-01 4.838709677419354982e-01
5.020080321285140812e-01 4.879032258064516236e-01
5.020080321285140812e-01 4.919354838709677491e-01
5.020080321285140812e-01 4.959677419354838745e-01
5.020080321285140812e-01 5.000000000000000000e-01
5.020080321285140812e-01 6.330645161290322509e-01
5.020080321285140812e-01 8.306451612903226200e-01
5.020080321285140812e-01 8.346774193548387455e-01
5.020080321285140812e-01 8.387096774193548709e-01
5.020080321285140812e-01 8.427419354838709964e-01
5.020080321285140812e-01 8.467741935483871218e-01
5.020080321285140812e-01 8.508064516129032473e-01
5.020080321285140812e-01 8.548387096774193727e-01
5.020080321285140812e-01 8.588709677419354982e-01
5.020080321285140812e-01 8.629032258064516236e-01
5.020080321285140812e-01 8.669354838709677491e-01
5.020080321285140812e-01 8.709677419354838745e-01
5.020080321285140812e-01 8.750000000000000000e-01
5.020080321285140812e-01 8.790322580645161255e-01
5.020080321285140812e-01 8.830645161290322509e-01
5.020080321285140812e-01 8.870967741935483764e-01
5.020080321285140812e-01 8.911290322580645018e-01
5.020080321285140812e-01 8.951612903225806273e-01
5.020080321285140812e-01 8.991935483870967527e-01
5.020080321285140812e-01 9.032258064516128782e-01
5.020080321285140812e-01 9.072580645161290036e-01
5.020080321285140812e-01 9.112903225806451291e-01
5.020080321285140812e-01 9.153225806451612545e-01
5.020080321285140812e-01 9.193548387096773800e-01
5.060240963855421326e-01 2.298387096774193450e-01
5.060240963855421326e-01 2.338709677419354704e-01
5.060240963855421326e-01 2.379032258064516236e-01
5.060240963855421326e-01 2.419354838709677491e-01
5.060240963855421326e-01 4.153225806451613100e-01
5.060240963855421326e-01 4.354838709677419373e-01
5.060240963855421326e-01 4.395161290322580627e-01
5.060240963855421326e-01 4.435483870967741882e-01
5.060240963855421326e-01 4.475806451612903136e-01
5.060240963855421326e-01 4.516129032258064391e-01
5.060240963855421326e-01 4.556451612903225645e-01
5.060240963855421326e-01 4.596774193548386900e-01
5.060240963855421326e-01 4.637096774193548154e-01
5.060240963855421326e-01 5.000000000000000000e-01
5.060240963855421326e-01 6.330645161290322509e-01
5.060240963855421326e-01 8.709677419354838745e-01
5.100401606425702949e-01 1.169354838709677352e-01
5.100401606425702949e-01 1.209677419354838745e-01
5.100401606425702949e-01 2.096774193548387177e-01
5.100401606425702949e-01 2.137096774193548432e-01
5.100401606425702949e-01 2.177419354838709686e-01
5.100401606425702949e-01 2.217741935483870941e-01
5.100401606425702949e-01 2.258064516129032195e-01
5.100401606425702949e-01 2.459677419354838745e-01
5.100401606425702949e-01 2.500000000000000000e-01
5.100401606425702949e-01 2.540322580645161255e-01
5.100401606425702949e-01 2.580645161290322509e-01
5.100401606425702949e-01 2.620967741935483764e-01
5.100401606425702949e-01 3.306451612903225645e-01
5.100401606425702949e-01 3.346774193548386900e-01
5.100401606425702949e-01 3.387096774193548154e-01
5.100401606425702949e-01 3.427419354838709409e-01
5.100401606425702949e-01 3.467741935483871218e-01
5.100401606425702949e-01 3.508064516129032473e-01
5.100401606425702949e-01 3.548387096774193727e-01
5.100401606425702949e-01 3.588709677419354982e-01
5.100401606425702949e-01 3.629032258064516236e-01
5.100401606425702949e-01 3.669354838709677491e-01
5.100401606425702949e-01 3.709677419354838745e-01
5.100401606425702949e-01 3.750000000000000000e-01
5.100401606425702949e-01 3.790322580645161255e-01
5.100401606425702949e-01 3.830645161290322509e-01
5.100401606425702949e-01 3.870967741935483764e-01
5.100401606425702949e-01 3.911290322580645018e-01
5.100401606425702949e-01 3.951612903225806273e-01
5.100401606425702949e-01 3.991935483870967527e-01
5.100401606425702949e-01 4.032258064516128782e-01
5.100401606425702949e-01 4.072580645161290591e-01
5.100401606425702949e-01 4.112903225806451846e-01
5.100401606425702949e-01 5.000000000000000000e-01
5.100401606425702949e-01 6.330645161290322509e-01
5.100401606425702949e-01 8.709677419354838745e-01
5.140562248995983463e-01 4.032258064516128920e-03
5.140562248995983463e-01 8.064516129032257841e-03
5.140562248995983463e-01 1.209677419354838676e-02
5.140562248995983463e-01 1.612903225806451568e-02
5.140562248995983463e-01 2.016129032258064460e-02
5.140562248995983463e-01 2.419354838709677352e-02
5.140562248995983463e-01 2.822580645161290244e-02
5.140562248995983463e-01 3.225806451612903136e-02
5.140562248995983463e-01 3.629032258064516375e-02
5.140562248995983463e-01 4.032258064516128920e-02
5.140562248995983463e-01 4.435483870967742159e-02
5.140562248995983463e-01 4.838709677419354704e-02
5.140562248995983463e-01 5.241935483870967943e-02
5.140562248995983463e-01 5.645161290322580488e-02
5.140562248995983463e-01 6.048387096774193727e-02
5.140562248995983463e-01 6.451612903225806273e-02
5.140562248995983463e-01 6.854838709677418818e-02
5.140562248995983463e-01 7.258064516129032751e-02
5.140562248995983463e-01 7.661290322580645296e-02
5.140562248995983463e-01 1.008064516129032195e-01
5.140562248995983463e-01 1.048387096774193589e-01
5.140562248995983463e-01 1.088709677419354843e-01
5.140562248995983463e-01 1.129032258064516098e-01
5.140562248995983463e-01 1.250000000000000000e-01
5.140562248995983463e-01 1.290322580645161255e-01
5.140562248995983463e-01 1.330645161290322509e-01
5.140562248995983463e-01 1.370967741935483764e-01
5.140562248995983463e-01 1.411290322580645296e-01
5.140562248995983463e-01 1.774193548387096864e-01
5.140562248995983463e-01 1.814516129032258118e-01
5.140562248995983463e-01 1.854838709677419373e-01
5.140562248995983463e-01 1.895161290322580627e-01
5.140562248995983463e-01 1.935483870967741882e-01
5.140562248995983463e-01 1.975806451612903136e-01
5.140562248995983463e-01 2.016129032258064391e-01
5.140562248995983463e-01 2.056451612903225923e-01
5.140562248995983463e-01 2.661290322580645018e-01
5.140562248995983463e-01 2.701612903225806273e-01
5.140562248995983463e-01 2.741935483870967527e-01
5.140562248995983463e-01 2.782258064516128782e-01
5.140562248995983463e-01 2.822580645161290591e-01
5.140562248995983463e-01 2.862903225806451846e-01
5.140562248995983463e-01 2.903225806451613100e-01
5.140562248995983463e-01 2.943548387096774355e-01
5.140562248995983463e-01 2.983870967741935609e-01
5.140562248995983463e-01 3.024193548387096864e-01
5.140562248995983463e-01 3.064516129032258118e-01
5.140562248995983463e-01 3.104838709677419373e-01
5.140562248995983463e-01 3.145161290322580627e-01
5.140562248995983463e-01 3.185483870967741882e-01
5.140562248995983463e-01 3.225806451612903136e-01
5.140562248995983463e-01 3.266129032258064391e-01
5.140562248995983463e-01 5.000000000000000000e-01
5.140562248995983463e-01 6.330645161290322509e-01
5.140562248995983463e-01 8.709677419354838745e-01
5.180722891566265087e-01 0.000000000000000000e+00
5.180722891566265087e-01 8.064516129032257841e-02
5.180722891566265087e-01 8.467741935483870386e-02
5.180722891566265087e-01 8.870967741935484319e-02
5.180722891566265087e-01 9.274193548387096864e-02
5.180722891566265087e-01 9.677419354838709409e-02
5.180722891566265087e-01 1.451612903225806550e-01
5.180722891566265087e-01 1.491935483870967805e-01
5.180722891566265087e-01 1.653225806451612823e-01
5.180722891566265087e-01 1.693548387096774077e-01
5.180722891566265087e-01 1.733870967741935609e-01
5.180722891566265087e-01 3.225806451612903136e-01
5.180722891566265087e-01 5.040322580645161255e-01
5.180722891566265087e-01 5.080645161290322509e-01
5.180722891566265087e-01 6.330645161290322509e-01
5.180722891566265087e-01 8.750000000000000000e-01
5.220883534136546711e-01 1.532258064516129059e-01
5.220883534136546711e-01 1.572580645161290314e-01
5.220883534136546711e-01 1.612903225806451568e-01
5.220883534136546711e-01 3.225806451612903136e-01
5.220883534136546711e-01 5.120967741935483764e-01
5.220883534136546711e-01 5.161290322580645018e-01
5.220883534136546711e-01 6.330645161290322509e-01
5.220883534136546711e-01 8.750000000000000000e-01
5.261044176706827225e-01 3.225806451612903136e-01
5.261044176706827225e-01 5.201612903225806273e-01
5.261044176706827225e-01 6.370967741935483764e-01
5.261044176706827225e-01 7.782258064516128782e-01
5.261044176706827225e-01 7.822580645161290036e-01
5.261044176706827225e-01 7.862903225806451291e-01
5.261044176706827225e-01 7.903225806451612545e-01
5.261044176706827225e-01 8.750000000000000000e-01
5.301204819277108848e-01 3.225806451612903136e-01
5.301204819277108848e-01 5.241935483870967527e-01
5.301204819277108848e-01 6.370967741935483764e-01
5.301204819277108848e-01 7.943548387096773800e-01
5.301204819277108848e-01 8.750000000000000000e-01
5.341365461847389362e-01 3.225806451612903136e-01
5.341365461847389362e-01 4.112903225806451846e-01
5.341365461847389362e-01 5.241935483870967527e-01
5.341365461847389362e-01 5.282258064516128782e-01
5.341365461847389362e-01 5.322580645161290036e-01
5.341365461847389362e-01 6.411290322580645018e-01
5.341365461847389362e-01 7.983870967741935054e-01
5.341365461847389362e-01 8.709677419354838745e-01
5.381526104417670986e-01 2.983870967741935609e-01
5.381526104417670986e-01 3.024193548387096864e-01
5.381526104417670986e-01 3.266129032258064391e-01
5.381526104417670986e-01 4.072580645161290591e-01
5.381526104417670986e-01 5.000000000000000000e-01
5.381526104417670986e-01 5.201612903225806273e-01
5.381526104417670986e-01 5.362903225806451291e-01
5.381526104417670986e-01 6.451612903225806273e-01
5.381526104417670986e-01 8.024193548387096309e-01
5.381526104417670986e-01 8.709677419354838745e-01
5.421686746987951500e-01 3.306451612903225645e-01
5.421686746987951500e-01 3.346774193548386900e-01
5.421686746987951500e-01 3.387096774193548154e-01
5.421686746987951500e-01 4.032258064516128782e-01
5.421686746987951500e-01 5.040322580645161255e-01
5.421686746987951500e-01 5.080645161290322509e-01
5.421686746987951500e-01 5.120967741935483764e-01
5.421686746987951500e-01 5.161290322580645018e-01
5.421686746987951500e-01 5.362903225806451291e-01
5.421686746987951500e-01 6.491935483870967527e-01
5.421686746987951500e-01 8.064516129032257563e-01
5.421686746987951500e-01 8.104838709677418818e-01
5.421686746987951500e-01 8.145161290322581182e-01
5.421686746987951500e-01 8.185483870967742437e-01
5.421686746987951500e-01 8.669354838709677491e-01
5.461847389558233123e-01 3.225806451612903136e-01
5.461847389558233123e-01 3.266129032258064391e-01
5.461847389558233123e-01 3.427419354838709409e-01
5.461847389558233123e-01 3.951612903225806273e-01
5.461847389558233123e-01 3.991935483870967527e-01
5.461847389558233123e-01 5.040322580645161255e-01
5.461847389558233123e-01 5.362903225806451291e-01
5.461847389558233123e-01 6.532258064516128782e-01
5.461847389558233123e-01 8.225806451612903691e-01
5.461847389558233123e-01 8.266129032258064946e-01
5.461847389558233123e-01 8.306451612903226200e-01
5.461847389558233123e-01 8.629032258064516236e-01
5.502008032128513637e-01 3.185483870967741882e-01
5.502008032128513637e-01 3.266129032258064391e-01
5.502008032128513637e-01 3.467741935483871218e-01
5.502008032128513637e-01 3.508064516129032473e-01
5.502008032128513637e-01 3.870967741935483764e-01
5.502008032128513637e-01 3.911290322580645018e-01
5.502008032128513637e-01 5.040322580645161255e-01
5.502008032128513637e-01 5.362903225806451291e-01
5.502008032128513637e-01 6.532258064516128782e-01
5.502008032128513637e-01 8.346774193548387455e-01
5.502008032128513637e-01 8.387096774193548709e-01
5.502008032128513637e-01 8.588709677419354982e-01
5.542168674698795261e-01 3.185483870967741882e-01
5.542168674698795261e-01 3.225806451612903136e-01
5.542168674698795261e-01 3.548387096774193727e-01
5.542168674698795261e-01 3.588709677419354982e-01
5.542168674698795261e-01 3.629032258064516236e-01
5.542168674698795261e-01 3.669354838709677491e-01
5.542168674698795261e-01 3.709677419354838745e-01
5.542168674698795261e-01 3.750000000000000000e-01
5.542168674698795261e-01 3.790322580645161255e-01
5.542168674698795261e-01 3.830645161290322509e-01
5.542168674698795261e-01 5.040322580645161255e-01
5.542168674698795261e-01 5.403225806451612545e-01
5.542168674698795261e-01 6.532258064516128782e-01
5.542168674698795261e-01 8.427419354838709964e-01
5.542168674698795261e-01 8.467741935483871218e-01
5.542168674698795261e-01 8.508064516129032473e-01
5.542168674698795261e-01 8.548387096774193727e-01
5.542168674698795261e-01 8.588709677419354982e-01
5.582329317269075775e-01 3.145161290322580627e-01
5.582329317269075775e-01 5.080645161290322509e-01
5.582329317269075775e-01 5.403225806451612545e-01
5.582329317269075775e-01 6.572580645161290036e-01
5.582329317269075775e-01 8.588709677419354982e-01
5.622489959839357399e-01 3.145161290322580627e-01
5.622489959839357399e-01 5.080645161290322509e-01
5.622489959839357399e-01 5.403225806451612545e-01
5.622489959839357399e-01 6.572580645161290036e-01
5.622489959839357399e-01 8.629032258064516236e-01
5.662650602409639022e-01 3.145161290322580627e-01
5.662650602409639022e-01 5.120967741935483764e-01
5.662650602409639022e-01 5.403225806451612545e-01
5.662650602409639022e-01 6.572580645161290036e-01
5.662650602409639022e-01 8.669354838709677491e-01
5.702811244979919536e-01 3.145161290322580627e-01
5.702811244979919536e-01 5.120967741935483764e-01
5.702811244979919536e-01 5.403225806451612545e-01
5.702811244979919536e-01 5.443548387096773800e-01
5.702811244979919536e-01 5.483870967741935054e-01
5.702811244979919536e-01 5.524193548387096309e-01
5.702811244979919536e-01 6.572580645161290036e-01
5.702811244979919536e-01 8.669354838709677491e-01
5.742971887550201160e-01 3.145161290322580627e-01
5.742971887550201160e-01 5.161290322580645018e-01
5.742971887550201160e-01 5.362903225806451291e-01
5.742971887550201160e-01 5.564516129032257563e-01
5.742971887550201160e-01 5.604838709677418818e-01
5.742971887550201160e-01 6.572580645161290036e-01
5.742971887550201160e-01 8.669354838709677491e-01
5.783132530120481674e-01 3.145161290322580627e-01
5.783132530120481674e-01 5.201612903225806273e-01
5.783132530120481674e-01 5.322580645161290036e-01
5.783132530120481674e-01 6.532258064516128782e-01
5.783132530120481674e-01 6.572580645161290036e-01
5.783132530120481674e-01 6.612903225806451291e-01
5.783132530120481674e-01 8.669354838709677491e-01
5.823293172690763297e-01 3.145161290322580627e-01
5.823293172690763297e-01 5.241935483870967527e-01
5.823293172690763297e-01 5.282258064516128782e-01
5.823293172690763297e-01 5.322580645161290036e-01
5.823293172690763297e-01 6.491935483870967527e-01
5.823293172690763297e-01 6.653225806451612545e-01
5.823293172690763297e-01 8.669354838709677491e-01
5.863453815261043811e-01 3.145161290322580627e-01
5.863453815261043811e-01 5.201612903225806273e-01
5.863453815261043811e-01 5.322580645161290036e-01
5.863453815261043811e-01 6.451612903225806273e-01
5.863453815261043811e-01 6.693548387096773800e-01
5.863453815261043811e-01 8.669354838709677491e-01
5.903614457831325435e-01 3.145161290322580627e-01
5.903614457831325435e-01 5.161290322580645018e-01
5.903614457831325435e-01 5.362903225806451291e-01
5.903614457831325435e-01 6.411290322580645018e-01
5.903614457831325435e-01 6.693548387096773800e-01
5.903614457831325435e-01 8.669354838709677491e-01
5.943775100401605949e-01 3.145161290322580627e-01
5.943775100401605949e-01 5.080645161290322509e-01
5.943775100401605949e-01 5.120967741935483764e-01
5.943775100401605949e-01 5.362903225806451291e-01
5.943775100401605949e-01 6.370967741935483764e-01
5.943775100401605949e-01 6.693548387096773800e-01
5.943775100401605949e-01 8.669354838709677491e-01
5.983935742971887572e-01 3.145161290322580627e-01
5.983935742971887572e-01 5.040322580645161255e-01
5.983935742971887572e-01 5.403225806451612545e-01
5.983935742971887572e-01 6.370967741935483764e-01
5.983935742971887572e-01 6.733870967741935054e-01
5.983935742971887572e-01 8.669354838709677491e-01
6.024096385542169196e-01 3.145161290322580627e-01
6.024096385542169196e-01 5.040322580645161255e-01
6.024096385542169196e-01 5.403225806451612545e-01
6.024096385542169196e-01 6.370967741935483764e-01
6.024096385542169196e-01 6.733870967741935054e-01
6.024096385542169196e-01 8.669354838709677491e-01
6.064257028112449710e-01 3.145161290322580627e-01
6.064257028112449710e-01 5.040322580645161255e-01
6.064257028112449710e-01 5.403225806451612545e-01
6.064257028112449710e-01 6.370967741935483764e-01
6.064257028112449710e-01 6.733870967741935054e-01
6.064257028112449710e-01 8.669354838709677491e-01
6.064257028112449710e-01 8.709677419354838745e-01
6.064257028112449710e-01 8.750000000000000000e-01
6.064257028112449710e-01 8.790322580645161255e-01
6.104417670682731334e-01 3.145161290322580627e-01
6.104417670682731334e-01 5.040322580645161255e-01
6.104417670682731334e-01 5.403225806451612545e-01
6.104417670682731334e-01 6.370967741935483764e-01
6.104417670682731334e-01 6.733870967741935054e-01
6.104417670682731334e-01 8.669354838709677491e-01
6.104417670682731334e-01 8.830645161290322509e-01
6.104417670682731334e-01 8.870967741935483764e-01
6.144578313253011848e-01 3.145161290322580627e-01
6.144578313253011848e-01 5.040322580645161255e-01
6.144578313253011848e-01 5.403225806451612545e-01
6.144578313253011848e-01 6.370967741935483764e-01
6.144578313253011848e-01 6.774193548387096309e-01
6.144578313253011848e-01 8.669354838709677491e-01
6.144578313253011848e-01 8.911290322580645018e-01
6.184738955823293471e-01 3.145161290322580627e-01
6.184738955823293471e-01 5.040322580645161255e-01
6.184738955823293471e-01 5.443548387096773800e-01
6.184738955823293471e-01 6.370967741935483764e-01
6.184738955823293471e-01 6.774193548387096309e-01
6.184738955823293471e-01 8.669354838709677491e-01
6.184738955823293471e-01 8.951612903225806273e-01
6.224899598393573985e-01 3.145161290322580627e-01
6.224899598393573985e-01 5.040322580645161255e-01
6.224899598393573985e-01 6.370967741935483764e-01
6.224899598393573985e-01 6.814516129032257563e-01
6.224899598393573985e-01 8.669354838709677491e-01
6.224899598393573985e-01 8.991935483870967527e-01
6.265060240963855609e-01 3.145161290322580627e-01
6.265060240963855609e-01 5.040322580645161255e-01
6.265060240963855609e-01 6.370967741935483764e-01
6.265060240963855609e-01 6.814516129032257563e-01
6.265060240963855609e-01 8.669354838709677491e-01
6.265060240963855609e-01 8.991935483870967527e-01
6.305220883534136123e-01 3.145161290322580627e-01
6.305220883534136123e-01 5.040322580645161255e-01
6.305220883534136123e-01 6.370967741935483764e-01
6.305220883534136123e-01 6.854838709677418818e-01
6.305220883534136123e-01 8.669354838709677491e-01
6.305220883534136123e-01 8.951612903225806273e-01
6.305220883534136123e-01 8.991935483870967527e-01
6.305220883534136123e-01 9.032258064516128782e-01
6.345381526104417746e-01 3.145161290322580627e-01
6.345381526104417746e-01 5.040322580645161255e-01
6.345381526104417746e-01 6.370967741935483764e-01
6.345381526104417746e-01 6.854838709677418818e-01
6.345381526104417746e-01 8.669354838709677491e-01
6.345381526104417746e-01 8.870967741935483764e-01
6.345381526104417746e-01 8.911290322580645018e-01
6.345381526104417746e-01 9.072580645161290036e-01
6.385542168674698260e-01 3.145161290322580627e-01
6.385542168674698260e-01 5.040322580645161255e-01
6.385542168674698260e-01 6.370967741935483764e-01
6.385542168674698260e-01 6.895161290322581182e-01
6.385542168674698260e-01 8.669354838709677491e-01
6.385542168674698260e-01 8.709677419354838745e-01
6.385542168674698260e-01 8.750000000000000000e-01
6.385542168674698260e-01 8.790322580645161255e-01
6.385542168674698260e-01 8.830645161290322509e-01
6.385542168674698260e-01 9.112903225806451291e-01
6.385542168674698260e-01 9.153225806451612545e-01
6.425702811244979884e-01 3.145161290322580627e-01
6.425702811244979884e-01 5.040322580645161255e-01
6.425702811244979884e-01 6.370967741935483764e-01
6.425702811244979884e-01 6.935483870967742437e-01
6.425702811244979884e-01 8.669354838709677491e-01
6.425702811244979884e-01 9.193548387096773800e-01
6.465863453815261508e-01 3.185483870967741882e-01
6.465863453815261508e-01 5.080645161290322509e-01
6.465863453815261508e-01 6.370967741935483764e-01
6.465863453815261508e-01 6.975806451612903691e-01
6.465863453815261508e-01 8.669354838709677491e-01
6.465863453815261508e-01 9.233870967741935054e-01
6.506024096385542022e-01 3.185483870967741882e-01
6.506024096385542022e-01 5.080645161290322509e-01
6.506024096385542022e-01 6.370967741935483764e-01
6.506024096385542022e-01 7.016129032258064946e-01
6.506024096385542022e-01 7.056451612903226200e-01
6.506024096385542022e-01 8.669354838709677491e-01
6.506024096385542022e-01 9.274193548387096309e-01
6.546184738955823645e-01 3.185483870967741882e-01
6.546184738955823645e-01 5.080645161290322509e-01
6.546184738955823645e-01 6.411290322580645018e-01
6.546184738955823645e-01 7.096774193548387455e-01
6.546184738955823645e-01 8.669354838709677491e-01
6.546184738955823645e-01 9.314516129032257563e-01
6.546184738955823645e-01 9.354838709677418818e-01
6.586345381526104159e-01 3.185483870967741882e-01
6.586345381526104159e-01 5.080645161290322509e-01
6.586345381526104159e-01 6.451612903225806273e-01
6.586345381526104159e-01 7.137096774193548709e-01
6.586345381526104159e-01 8.669354838709677491e-01
6.586345381526104159e-01 9.395161290322581182e-01
6.586345381526104159e-01 9.435483870967742437e-01
6.586345381526104159e-01 9.475806451612903691e-01
6.626506024096385783e-01 3.225806451612903136e-01
6.626506024096385783e-01 5.080645161290322509e-01
6.626506024096385783e-01 6.491935483870967527e-01
6.626506024096385783e-01 7.137096774193548709e-01
6.626506024096385783e-01 8.669354838709677491e-01
6.626506024096385783e-01 9.516129032258064946e-01
6.666666666666666297e-01 3.225806451612903136e-01
6.666666666666666297e-01 5.080645161290322509e-01
6.666666666666666297e-01 6.491935483870967527e-01
6.666666666666666297e-01 8.669354838709677491e-01
6.706827309236947920e-01 3.225806451612903136e-01
6.706827309236947920e-01 5.080645161290322509e-01
6.706827309236947920e-01 6.532258064516128782e-01
6.706827309236947920e-01 8.629032258064516236e-01
6.746987951807228434e-01 3.225806451612903136e-01
6.746987951807228434e-01 5.080645161290322509e-01
6.746987951807228434e-01 6.491935483870967527e-01
6.746987951807228434e-01 6.532258064516128782e-01
6.746987951807228434e-01 6.572580645161290036e-01
6.746987951807228434e-01 6.612903225806451291e-01
6.746987951807228434e-01 8.629032258064516236e-01
6.787148594377510058e-01 3.266129032258064391e-01
6.787148594377510058e-01 5.080645161290322509e-01
6.787148594377510058e-01 6.411290322580645018e-01
6.787148594377510058e-01 6.451612903225806273e-01
6.787148594377510058e-01 6.653225806451612545e-01
6.787148594377510058e-01 8.588709677419354982e-01
6.827309236947791682e-01 3.266129032258064391e-01
6.827309236947791682e-01 5.080645161290322509e-01
6.827309236947791682e-01 6.370967741935483764e-01
6.827309236947791682e-01 6.693548387096773800e-01
6.827309236947791682e-01 8.467741935483871218e-01
6.827309236947791682e-01 8.508064516129032473e-01
6.827309236947791682e-01 8.548387096774193727e-01
6.827309236947791682e-01 8.588709677419354982e-01
6.867469879518072196e-01 3.266129032258064391e-01
6.867469879518072196e-01 5.080645161290322509e-01
6.867469879518072196e-01 6.370967741935483764e-01
6.867469879518072196e-01 6.693548387096773800e-01
6.867469879518072196e-01 8.387096774193548709e-01
6.867469879518072196e-01 8.427419354838709964e-01
6.867469879518072196e-01 8.629032258064516236e-01
6.907630522088353819e-01 3.266129032258064391e-01
6.907630522088353819e-01 5.080645161290322509e-01
6.907630522088353819e-01 6.370967741935483764e-01
6.907630522088353819e-01 6.733870967741935054e-01
6.907630522088353819e-01 8.346774193548387455e-01
6.907630522088353819e-01 8.669354838709677491e-01
6.947791164658634333e-01 3.266129032258064391e-01
6.947791164658634333e-01 5.080645161290322509e-01
6.947791164658634333e-01 6.370967741935483764e-01
6.947791164658634333e-01 6.733870967741935054e-01
6.947791164658634333e-01 8.306451612903226200e-01
6.947791164658634333e-01 8.669354838709677491e-01
6.987951807228915957e-01 3.266129032258064391e-01
6.987951807228915957e-01 5.080645161290322509e-01
6.987951807228915957e-01 6.370967741935483764e-01
6.987951807228915957e-01 6.774193548387096309e-01
6.987951807228915957e-01 8.306451612903226200e-01
6.987951807228915957e-01 8.669354838709677491e-01
7.028112449799196471e-01 3.266129032258064391e-01
7.028112449799196471e-01 5.080645161290322509e-01
7.028112449799196471e-01 6.370967741935483764e-01
7.028112449799196471e-01 6.814516129032257563e-01
7.028112449799196471e-01 6.854838709677418818e-01
7.028112449799196471e-01 6.895161290322581182e-01
7.028112449799196471e-01 8.306451612903226200e-01
7.028112449799196471e-01 8.669354838709677491e-01
7.068273092369478094e-01 3.266129032258064391e-01
7.068273092369478094e-01 5.080645161290322509e-01
7.068273092369478094e-01 6.370967741935483764e-01
7.068273092369478094e-01 6.935483870967742437e-01
7.068273092369478094e-01 6.975806451612903691e-01
7.068273092369478094e-01 8.266129032258064946e-01
7.068273092369478094e-01 8.669354838709677491e-01
7.108433734939758608e-01 3.266129032258064391e-01
7.108433734939758608e-01 5.120967741935483764e-01
7.108433734939758608e-01 6.370967741935483764e-01
7.108433734939758608e-01 8.225806451612903691e-01
7.108433734939758608e-01 8.669354838709677491e-01
7.148594377510040232e-01 3.266129032258064391e-01
7.148594377510040232e-01 5.120967741935483764e-01
7.148594377510040232e-01 6.370967741935483764e-01
7.148594377510040232e-01 8.225806451612903691e-01
7.148594377510040232e-01 8.669354838709677491e-01
7.188755020080320746e-01 3.266129032258064391e-01
7.188755020080320746e-01 5.120967741935483764e-01
7.188755020080320746e-01 6.370967741935483764e-01
7.188755020080320746e-01 8.225806451612903691e-01
7.188755020080320746e-01 8.669354838709677491e-01
7.228915662650602370e-01 3.225806451612903136e-01
7.228915662650602370e-01 5.120967741935483764e-01
7.228915662650602370e-01 6.370967741935483764e-01
7.228915662650602370e-01 8.185483870967742437e-01
7.228915662650602370e-01 8.669354838709677491e-01
7.269076305220883993e-01 3.225806451612903136e-01
7.269076305220883993e-01 5.120967741935483764e-01
7.269076305220883993e-01 6.370967741935483764e-01
7.269076305220883993e-01 8.185483870967742437e-01
7.269076305220883993e-01 8.669354838709677491e-01
7.309236947791164507e-01 3.266129032258064391e-01
7.309236947791164507e-01 5.120967741935483764e-01
7.309236947791164507e-01 6.370967741935483764e-01
7.309236947791164507e-01 8.185483870967742437e-01
7.309236947791164507e-01 8.669354838709677491e-01
7.349397590361446131e-01 3.266129032258064391e-01
7.349397590361446131e-01 5.120967741935483764e-01
7.349397590361446131e-01 6.370967741935483764e-01
7.349397590361446131e-01 8.104838709677418818e-01
7.349397590361446131e-01 8.145161290322581182e-01
7.349397590361446131e-01 8.669354838709677491e-01
7.389558232931726645e-01 3.266129032258064391e-01
7.389558232931726645e-01 5.080645161290322509e-01
7.389558232931726645e-01 6.370967741935483764e-01
7.389558232931726645e-01 8.669354838709677491e-01
7.429718875502008268e-01 3.266129032258064391e-01
7.429718875502008268e-01 5.080645161290322509e-01
7.429718875502008268e-01 6.370967741935483764e-01
7.429718875502008268e-01 8.669354838709677491e-01
7.469879518072288782e-01 3.266129032258064391e-01
7.469879518072288782e-01 5.040322580645161255e-01
7.469879518072288782e-01 6.370967741935483764e-01
7.469879518072288782e-01 8.669354838709677491e-01
7.510040160642570406e-01 3.266129032258064391e-01
7.510040160642570406e-01 5.040322580645161255e-01
7.510040160642570406e-01 6.370967741935483764e-01
7.510040160642570406e-01 8.669354838709677491e-01
7.550200803212850920e-01 3.266129032258064391e-01
7.550200803212850920e-01 5.040322580645161255e-01
7.550200803212850920e-01 6.370967741935483764e-01
7.550200803212850920e-01 8.669354838709677491e-01
7.590361445783132543e-01 3.266129032258064391e-01
7.590361445783132543e-01 5.040322580645161255e-01
7.590361445783132543e-01 6.330645161290322509e-01
7.590361445783132543e-01 8.709677419354838745e-01
7.630522088353414167e-01 3.266129032258064391e-01
7.630522088353414167e-01 5.000000000000000000e-01
7.630522088353414167e-01 6.330645161290322509e-01
7.630522088353414167e-01 8.709677419354838745e-01
7.670682730923694681e-01 3.225806451612903136e-01
7.670682730923694681e-01 5.000000000000000000e-01
7.670682730923694681e-01 6.330645161290322509e-01
7.670682730923694681e-01 8.709677419354838745e-01
7.710843373493976305e-01 3.225806451612903136e-01
7.710843373493976305e-01 5.000000000000000000e-01
7.710843373493976305e-01 6.330645161290322509e-01
7.710843373493976305e-01 8.669354838709677491e-01
7.751004016064256819e-01 3.225806451612903136e-01
7.751004016064256819e-01 5.000000000000000000e-01
7.751004016064256819e-01 6.330645161290322509e-01
7.751004016064256819e-01 8.669354838709677491e-01
7.791164658634538442e-01 3.225806451612903136e-01
7.791164658634538442e-01 5.000000000000000000e-01
7.791164658634538442e-01 6.330645161290322509e-01
7.791164658634538442e-01 8.709677419354838745e-01
7.831325301204818956e-01 3.225806451612903136e-01
7.831325301204818956e-01 5.000000000000000000e-01
7.831325301204818956e-01 6.330645161290322509e-01
7.831325301204818956e-01 8.709677419354838745e-01
7.871485943775100580e-01 3.185483870967741882e-01
7.871485943775100580e-01 5.000000000000000000e-01
7.871485943775100580e-01 6.330645161290322509e-01
7.871485943775100580e-01 8.709677419354838745e-01
7.911646586345381094e-01 3.185483870967741882e-01
7.911646586345381094e-01 5.000000000000000000e-01
7.911646586345381094e-01 6.370967741935483764e-01
7.911646586345381094e-01 8.709677419354838745e-01
7.951807228915662717e-01 3.185483870967741882e-01
7.951807228915662717e-01 5.000000000000000000e-01
7.951807228915662717e-01 6.370967741935483764e-01
7.951807228915662717e-01 8.669354838709677491e-01
7.991967871485943231e-01 3.185483870967741882e-01
7.991967871485943231e-01 5.000000000000000000e-01
7.991967871485943231e-01 6.370967741935483764e-01
7.991967871485943231e-01 8.669354838709677491e-01
8.032128514056224855e-01 3.185483870967741882e-01
8.032128514056224855e-01 5.000000000000000000e-01
8.032128514056224855e-01 6.370967741935483764e-01
8.032128514056224855e-01 8.669354838709677491e-01
8.072289156626506479e-01 3.185483870967741882e-01
8.072289156626506479e-01 5.000000000000000000e-01
8.072289156626506479e-01 6.370967741935483764e-01
8.072289156626506479e-01 8.669354838709677491e-01
8.112449799196786993e-01 3.225806451612903136e-01
8.112449799196786993e-01 5.000000000000000000e-01
8.112449799196786993e-01 6.411290322580645018e-01
8.112449799196786993e-01 8.669354838709677491e-01
8.152610441767068616e-01 3.225806451612903136e-01
8.152610441767068616e-01 5.000000000000000000e-01
8.152610441767068616e-01 6.411290322580645018e-01
8.152610441767068616e-01 8.669354838709677491e-01
8.192771084337349130e-01 3.225806451612903136e-01
8.192771084337349130e-01 5.000000000000000000e-01
8.192771084337349130e-01 6.411290322580645018e-01
8.192771084337349130e-01 8.669354838709677491e-01
8.232931726907630754e-01 3.225806451612903136e-01
8.232931726907630754e-01 4.959677419354838745e-01
8.232931726907630754e-01 6.370967741935483764e-01
8.232931726907630754e-01 8.669354838709677491e-01
8.273092369477911268e-01 3.225806451612903136e-01
8.273092369477911268e-01 4.959677419354838745e-01
8.273092369477911268e-01 6.370967741935483764e-01
8.273092369477911268e-01 8.669354838709677491e-01
8.313253012048192891e-01 3.225806451612903136e-01
8.313253012048192891e-01 4.959677419354838745e-01
8.313253012048192891e-01 6.370967741935483764e-01
8.313253012048192891e-01 8.669354838709677491e-01
8.353413654618473405e-01 3.225806451612903136e-01
8.353413654618473405e-01 4.959677419354838745e-01
8.353413654618473405e-01 6.370967741935483764e-01
8.353413654618473405e-01 8.709677419354838745e-01
8.393574297188755029e-01 3.185483870967741882e-01
8.393574297188755029e-01 4.959677419354838745e-01
8.393574297188755029e-01 6.370967741935483764e-01
8.393574297188755029e-01 8.669354838709677491e-01
8.433734939759036653e-01 4.959677419354838745e-01
8.433734939759036653e-01 6.370967741935483764e-01
8.433734939759036653e-01 8.669354838709677491e-01
8.473895582329317167e-01 5.000000000000000000e-01
8.473895582329317167e-01 6.370967741935483764e-01
8.473895582329317167e-01 8.669354838709677491e-01
8.514056224899598790e-01 5.000000000000000000e-01
8.514056224899598790e-01 6.370967741935483764e-01
8.514056224899598790e-01 8.669354838709677491e-01
8.554216867469879304e-01 5.000000000000000000e-01
8.554216867469879304e-01 6.370967741935483764e-01
8.554216867469879304e-01 8.669354838709677491e-01
8.594377510040160928e-01 6.330645161290322509e-01
8.594377510040160928e-01 8.669354838709677491e-01
8.634538152610441442e-01 6.330645161290322509e-01
8.634538152610441442e-01 8.669354838709677491e-01
8.674698795180723065e-01 6.290322580645161255e-01
8.674698795180723065e-01 8.669354838709677491e-01
8.714859437751003579e-01 6.290322580645161255e-01
8.714859437751003579e-01 8.629032258064516236e-01
8.755020080321285203e-01 6.290322580645161255e-01
8.755020080321285203e-01 8.629032258064516236e-01
8.795180722891565717e-01 6.290322580645161255e-01
8.795180722891565717e-01 8.629032258064516236e-01
8.835341365461847341e-01 6.290322580645161255e-01
8.835341365461847341e-01 8.629032258064516236e-01
8.875502008032128964e-01 6.250000000000000000e-01
8.875502008032128964e-01 8.629032258064516236e-01
8.915662650602409478e-01 6.250000000000000000e-01
8.915662650602409478e-01 8.629032258064516236e-01
8.955823293172691102e-01 6.250000000000000000e-01
8.955823293172691102e-01 8.629032258064516236e-01
8.995983935742971616e-01 6.250000000000000000e-01
8.995983935742971616e-01 8.629032258064516236e-01
9.036144578313253239e-01 6.290322580645161255e-01
9.036144578313253239e-01 8.629032258064516236e-01
9.076305220883533753e-01 6.290322580645161255e-01
9.076305220883533753e-01 8.629032258064516236e-01
9.116465863453815377e-01 6.290322580645161255e-01
9.116465863453815377e-01 8.629032258064516236e-01
9.156626506024095891e-01 6.290322580645161255e-01
9.156626506024095891e-01 8.629032258064516236e-01
9.196787148594377514e-01 6.290322580645161255e-01
9.196787148594377514e-01 8.629032258064516236e-01
9.236947791164659138e-01 6.290322580645161255e-01
9.236947791164659138e-01 8.629032258064516236e-01
9.277108433734939652e-01 6.290322580645161255e-01
9.277108433734939652e-01 8.588709677419354982e-01
9.317269076305221276e-01 6.290322580645161255e-01
9.317269076305221276e-01 8.588709677419354982e-01
9.357429718875501790e-01 6.290322580645161255e-01
9.357429718875501790e-01 8.588709677419354982e-01
9.397590361445783413e-01 6.290322580645161255e-01
9.397590361445783413e-01 8.588709677419354982e-01
9.437751004016063927e-01 6.290322580645161255e-01
9.437751004016063927e-01 8.588709677419354982e-01
9.477911646586345551e-01 8.588709677419354982e-01
9.518072289156626065e-01 8.588709677419354982e-01
9.558232931726907688e-01 8.588709677419354982e-01
9.598393574297188202e-01 8.588709677419354982e-01
9.638554216867469826e-01 8.548387096774193727e-01
9.678714859437751450e-01 8.548387096774193727e-01
9.718875502008031964e-01 8.548387096774193727e-01
9.759036144578313587e-01 8.508064516129032473e-01
9.799196787148594101e-01 8.508064516129032473e-01
9.839357429718875725e-01 8.508064516129032473e-01
9.879518072289156239e-01 8.508064516129032473e-01
9.919678714859437862e-01 8.508064516129032473e-01
9.959839357429718376e-01 8.508064516129032473e-01
1.000000000000000000e+00 8.508064516129032473e-01
