7.910526474006474018e-04 8.585425035337046484e-01
1.456197001971304417e-03 8.593221766453597033e-01
2.904664725065231323e-03 8.600631847361763782e-01
8.108410052955150604e-03 9.205710213113155183e-01
5.922505166381597519e-03 9.214076423536865512e-01
4.561244510114192963e-03 9.230579619085595988e-01
3.485393477603793144e-03 9.246073535703602797e-01
2.486900659278035164e-03 9.254795843134483446e-01
2.554466130686886688e-03 8.677285249465175321e-01
4.725802920302338977e-03 8.699877522810692820e-01
5.816940681552477260e-03 8.729390756888014691e-01
7.335097875921018501e-03 8.759315675124526024e-01
3.984063745019920250e-03 8.790322580645161255e-01
1.331010821509171285e-02 9.157022729716939313e-01
7.968127490039840499e-03 8.830645161290322509e-01
7.968127490039840499e-03 9.112903225806451291e-01
1.195219123505976075e-02 8.870967741935483764e-01
1.195219123505976075e-02 8.991935483870967527e-01
1.195219123505976075e-02 9.032258064516128782e-01
1.195219123505976075e-02 9.072580645161290036e-01
1.195219123505976075e-02 9.112903225806451291e-01
1.195219123505976075e-02 9.153225806451612545e-01
7.386265432024263083e-03 9.147126496949743446e-01
7.320872151786349952e-03 9.170511584248273174e-01
7.271015194738172233e-03 9.181205813562677287e-01
1.593625498007968100e-02 8.911290322580645018e-01
1.593625498007968100e-02 8.951612903225806273e-01
1.992031872509960125e-02 8.911290322580645018e-01
2.390438247011952150e-02 8.911290322580645018e-01
2.788844621513944175e-02 8.911290322580645018e-01
3.187250996015936200e-02 8.870967741935483764e-01
3.585657370517928572e-02 8.870967741935483764e-01
3.984063745019920250e-02 8.870967741935483764e-01
4.320953679048415708e-02 8.877553233290992329e-01
4.751067835732318556e-02 8.874360768062498073e-01
5.180629498122706761e-02 8.871766063060814167e-01
5.576342605245625944e-02 8.870169420737393784e-01
5.971595704409354832e-02 8.868442805654804806e-01
6.365034050323009618e-02 8.866252068077183912e-01
6.753493017882045146e-02 8.863303514193713317e-01
7.122129465470024290e-02 8.857420688840530465e-01
7.372759918467071405e-02 8.842819725508771489e-01
8.165088687110617915e-02 8.858793177717034784e-01
8.415719140107665031e-02 8.844192214385275808e-01
9.535262425916188334e-02 4.323116356334198440e-01
8.784355587695644174e-02 8.838309389032092955e-01
9.608231398065489315e-02 4.329675136194113816e-01
9.978224995334547542e-02 5.287267177125378748e-01
9.172814555254679703e-02 8.835360835148622360e-01
9.706915897805154514e-02 4.345171961993459786e-01
1.019179722668966670e-01 5.275321328926140252e-01
9.566827964845722732e-02 8.833624655164913353e-01
1.039487997188689172e-01 4.336535570309347221e-01
1.029640746421636999e-01 5.289922292257899228e-01
9.962935351746179946e-02 8.832488898699539792e-01
1.056458076324863077e-01 4.352871377758997240e-01
1.042986863155467153e-01 5.307457525313140634e-01
1.035999510420016895e-01 8.831690577574209389e-01
1.084371107237124127e-01 4.364177227234317669e-01
1.114408183449589890e-01 5.296661446637083159e-01
1.075754719110185581e-01 8.831099718993373759e-01
1.102874172434945427e-01 4.382167243729195305e-01
1.133318266880501829e-01 5.311026886638794409e-01
1.115537848515619906e-01 8.830645161290322509e-01
1.178513952091232303e-01 4.371025220626184038e-01
1.165084701988742116e-01 5.317129614714142249e-01
1.155378485965819074e-01 8.830645161290322509e-01
1.198196118816722278e-01 4.389278464969397775e-01
1.199487927838217560e-01 5.320776556627899723e-01
1.195219123823472035e-01 8.830645161290322509e-01
1.231127483633428499e-01 4.402615929739699951e-01
1.234782605469774142e-01 5.323903292747056426e-01
1.235059761046133076e-01 8.830645161290322509e-01
1.253910077925014521e-01 4.421893149283864788e-01
1.273236465043795507e-01 5.328401135930400656e-01
1.274900399131324025e-01 8.830645161290322509e-01
1.333849556211649245e-01 4.412492266330387269e-01
1.309803302100195355e-01 5.335495814515818225e-01
1.314741037576345750e-01 8.830645161290322509e-01
1.355180890944273076e-01 4.434285448280148034e-01
1.334544410140613424e-01 5.351210104136336909e-01
1.354581674846629391e-01 8.830645161290322509e-01
1.376667726206114439e-01 4.455967659070607101e-01
1.413678689048146753e-01 5.337012479186898917e-01
1.394422310667014220e-01 8.830645161290322509e-01
1.456324594657482374e-01 4.445446166885836381e-01
1.438275326547292787e-01 5.353271665855220407e-01
1.434205441070909581e-01 8.830190603587271259e-01
1.479868551556659251e-01 4.462731079641549248e-01
1.474096976272402382e-01 5.361909585964542702e-01
1.473960649351805652e-01 8.829599745006435629e-01
1.515700323499073188e-01 4.471245942498376924e-01
1.511016854193326930e-01 5.369112302770747691e-01
1.513666622569031228e-01 8.828801423881105226e-01
1.622235230429921737e-01 2.637335936418704341e-01
1.553188772346018320e-01 4.477819007245876226e-01
1.542706173173044315e-01 5.377212155482641309e-01
1.553277362877977519e-01 8.827665667415731665e-01
1.615763571117058428e-01 2.653997620913169930e-01
1.589376610008984836e-01 4.485960478871880430e-01
1.564352523073539170e-01 5.395358488068825453e-01
1.592516564724137107e-01 8.825515955179599192e-01
1.677041717552657796e-01 2.653056823333064251e-01
1.614047616235058380e-01 4.502110731066955585e-01
1.645165587755929304e-01 5.392641263690987063e-01
1.631125948546997828e-01 8.822044933988382187e-01
1.686626374911687487e-01 2.673027432906711631e-01
1.693344036074525827e-01 4.487499573283017518e-01
1.649221909655428642e-01 5.423279218751215769e-01
1.667626883908345514e-01 8.815486154128466811e-01
1.694819176503720437e-01 2.693811420035818749e-01
1.718085142950790678e-01 4.503213862903536202e-01
1.729396950853320514e-01 5.428135211526926573e-01
1.691857364661323582e-01 8.799646371119325128e-01
1.756094331065549130e-01 2.714150537691649712e-01
1.754489842131158883e-01 4.510722073159300627e-01
1.731895295814036007e-01 5.459742596553217586e-01
1.771338720716892356e-01 8.812818924235480411e-01
1.810896456129366672e-01 2.741736814303059599e-01
1.792869328994665667e-01 4.515328851252448650e-01
1.811952192922571814e-01 5.465453496886296669e-01
1.795044319708349323e-01 8.794593451349365099e-01
1.864905814970453934e-01 2.759800491884590867e-01
1.831468666666379863e-01 4.519477166890752406e-01
1.817891732886975364e-01 5.498471931073694030e-01
1.828098403154482798e-01 8.781588981547693296e-01
1.868005921498109845e-01 2.791745343392023626e-01
1.869492087063548413e-01 4.524457336069204749e-01
1.898765065781475303e-01 5.500066587025479459e-01
1.850778807494492528e-01 8.762424479974734171e-01
1.943843750101310053e-01 2.790125478359480327e-01
1.905171868908014932e-01 4.532343715677157880e-01
1.916615116402768382e-01 5.524165224994043166e-01
1.930697759431582727e-01 8.771379648242145777e-01
1.964497143663354595e-01 2.808867406866122907e-01
1.928098849048726637e-01 4.549100463759274127e-01
1.931915499763451893e-01 5.546694781420932197e-01
1.951598658079635729e-01 8.749104141825227998e-01
1.998035372239518881e-01 2.819759504064061617e-01
2.006647321400213957e-01 4.542264182405966744e-01
2.013477120785955310e-01 5.546173792625326282e-01
1.972272802381757617e-01 8.726739161647856236e-01
2.032431694660410126e-01 2.830258410840836292e-01
2.016696268674060544e-01 4.571988575213077888e-01
2.019027548357918700e-01 5.575856569283190733e-01
2.052270220574065884e-01 8.734217217387331145e-01
2.053163169142957212e-01 2.846470207742025083e-01
2.095585443270559789e-01 4.565191946082537977e-01
2.100127561674620391e-01 5.571384401391109575e-01
2.073067083360095875e-01 8.712185232687906788e-01
2.132193746445960325e-01 2.833254853368646908e-01
2.118367951996884269e-01 4.582493587719997374e-01
2.119454141874126119e-01 5.586825900808757295e-01
2.094560560006908101e-01 8.690805587647182362e-01
2.156568666017035507e-01 2.849465589144177247e-01
2.153743100846538805e-01 4.591317826040809957e-01
2.154872377198542022e-01 5.594778266367351760e-01
2.174072369146513306e-01 8.701968612074251208e-01
2.193061134637545873e-01 2.856669202784917760e-01
2.191001677836183770e-01 4.598110793510474248e-01
2.192638136073228050e-01 5.599970029706450303e-01
2.197747513889780346e-01 8.685752664384762678e-01
2.231352852079100113e-01 2.861580578220685456e-01
2.227063318579995677e-01 4.606405753499617783e-01
2.231305598044956706e-01 5.603702953212045257e-01
2.233778590609391823e-01 8.678631022264580164e-01
2.270078387361184891e-01 2.865575404186177511e-01
2.251497815438245620e-01 4.623078473002439348e-01
2.270087216881268855e-01 5.607172888830386226e-01
2.272261780150632571e-01 8.675006510963994000e-01
2.308331677596575371e-01 2.870335671224541474e-01
2.330708805057943589e-01 4.609058176527821016e-01
2.308599177741703368e-01 5.611016780002823223e-01
2.311426611305355816e-01 8.672747864836691800e-01
2.344228091329221275e-01 2.878255636070765067e-01
2.355400680185646412e-01 4.624979926400907826e-01
2.346310443622876551e-01 5.615761426142266144e-01
2.350875209299936319e-01 8.671198576118894774e-01
2.364626937551401742e-01 2.893851391610599566e-01
2.391872283542506583e-01 4.632412040035330247e-01
2.381065937579587288e-01 5.623663731948321809e-01
2.390581183726789849e-01 8.670400254993564371e-01
2.446693418064225245e-01 2.885106684782752784e-01
2.430278884408754447e-01 4.637096774162148272e-01
2.401717190845940042e-01 5.639682357995620121e-01
2.430336390784415546e-01 8.669809396412728741e-01
2.464501064695581167e-01 2.905761943050405027e-01
2.468523345031938820e-01 4.642195040604189527e-01
2.470119521852670585e-01 5.645161289375875135e-01
2.470119522002308388e-01 8.669354838709677491e-01
2.484401759860361825e-01 2.928295659742528589e-01
2.504920578497717987e-01 4.649736089293934893e-01
2.538521852978761206e-01 5.650640222649541133e-01
2.509960157642777689e-01 8.669354838709677491e-01
2.566481728252372196e-01 2.924303972808223739e-01
2.529486255633062175e-01 4.665811328112237644e-01
2.559115598822361282e-01 5.667113405126598114e-01
2.549800797130244989e-01 8.669354838709677491e-01
2.581525956286558898e-01 2.946906553237744197e-01
2.608992193947987648e-01 4.651837299743126208e-01
2.593843170855170133e-01 5.675152012319755190e-01
2.589641434987897672e-01 8.669354838709677491e-01
2.597042136692044867e-01 2.970563519460659996e-01
2.633453804807805998e-01 4.668587975019979353e-01
2.631343063182731701e-01 5.680517653874572748e-01
2.629424565390883206e-01 8.669809396412728741e-01
2.665700841654718989e-01 2.986789951551585554e-01
2.669322710846557811e-01 4.677419354666382256e-01
2.669685416268869904e-01 5.684807914933058814e-01
2.669017631753043407e-01 8.670813787245987836e-01
2.719665625674345666e-01 9.197935370518074416e-01
2.736468211102087711e-01 3.004816760564403277e-01
2.705029472004876201e-01 4.686664266327786321e-01
2.708131443601937693e-01 5.689031763233229899e-01
2.710987119231627052e-01 8.674458362436252568e-01
2.748204607802231525e-01 9.168251617022999955e-01
2.727227181481917118e-01 9.173033117962580141e-01
2.711111330887556736e-01 9.176856568533806602e-01
2.737110697926834479e-01 3.036333176329912287e-01
2.729416715010881678e-01 4.703523877242039020e-01
2.746013589349456385e-01 5.694196964088347190e-01
2.749003984063744799e-01 8.669354838709677491e-01
2.779058764718354002e-01 9.115232433443100080e-01
2.817235468660455044e-01 3.038242697310183371e-01
2.809024498105954226e-01 4.689825699634609935e-01
2.781580462010551091e-01 5.702289413367849225e-01
2.788844621513943967e-01 8.669354838709677491e-01
2.820479721535902318e-01 9.074718918718938099e-01
2.835342671705476936e-01 3.061827026484083558e-01
2.833494941687278446e-01 4.706238377576453802e-01
2.804535366112433370e-01 5.718909860062864059e-01
2.828685258964143689e-01 8.669354838709677491e-01
2.868827506417475637e-01 9.046167510358856800e-01
2.851844964974719621e-01 3.083760543320808734e-01
2.869682776439861915e-01 4.714379848765900549e-01
2.883303486236530877e-01 5.711205488281144715e-01
2.868525896414342857e-01 8.669354838709677491e-01
2.872657906049556620e-01 9.019766461832688931e-01
2.934006419435395974e-01 3.077793521205744454e-01
2.907371794188880476e-01 4.720690489367341813e-01
2.893588944042354005e-01 5.740407414944662667e-01
2.908366533864542025e-01 8.669354838709677491e-01
2.875510488573714274e-01 8.993157780759276632e-01
2.955909008772457658e-01 3.097842410770094701e-01
2.943796142383823811e-01 4.728309494413195369e-01
2.972357064166451512e-01 5.732703043162943324e-01
2.948207171314741193e-01 8.709677419354838745e-01
2.948207171314741193e-01 8.991935483870967527e-01
2.985310803349102149e-01 3.110378574910423466e-01
2.968629289541831473e-01 4.744046214937923667e-01
2.995369473944856087e-01 5.748868933428199490e-01
2.988047808764940361e-01 8.750000000000000000e-01
2.988047808764940361e-01 8.870967741935483764e-01
2.988047808764940361e-01 8.911290322580645018e-01
2.988047808764940361e-01 8.951612903225806273e-01
3.008183837502794167e-01 3.129842869802227923e-01
3.047983216221974989e-01 4.728980499560073714e-01
3.031183917175577780e-01 5.755956990892188152e-01
3.027888446215139528e-01 8.790322580645161255e-01
3.027888446215139528e-01 8.830645161290322509e-01
3.088072332863388003e-01 3.118878172845729879e-01
3.072809753318009318e-01 4.744103931363732318e-01
3.079651960248750986e-01 5.757267706344024738e-01
3.067729083665338696e-01 8.750000000000000000e-01
3.111308073795185369e-01 3.137666510902495376e-01
3.109511256708315519e-01 4.750400288387262027e-01
3.107569721115537864e-01 5.766129032258064946e-01
3.107569721115537864e-01 8.750000000000000000e-01
3.144669876115274154e-01 3.150521648950093678e-01
3.148357153536978648e-01 4.753348842270732622e-01
3.147410358565737032e-01 5.766129032258064946e-01
3.147410358565737032e-01 8.750000000000000000e-01
3.168265161111921135e-01 3.169116099034586242e-01
3.187758494532462739e-01 4.755085022254441629e-01
3.187250996015936200e-01 5.766129032258064946e-01
3.194178871817857090e-01 8.746456647021395581e-01
3.247864087329309091e-01 3.156671779635812913e-01
3.227369234004673904e-01 4.756220778719815190e-01
3.227091633466135367e-01 5.766129032258064946e-01
3.219149378578241572e-01 8.729321201061529534e-01
3.271942519194602217e-01 3.173717888477708970e-01
3.267075208040444712e-01 4.757019099845145593e-01
3.266932270916334535e-01 5.766129032258064946e-01
3.258490871948345746e-01 8.718597220685032623e-01
3.307767647896676100e-01 3.182535316793232982e-01
3.306830417135338540e-01 4.757609958425981223e-01
3.306772908366533703e-01 5.766129032258064946e-01
3.302503316775678432e-01 8.708774405566791499e-01
3.345019586648201870e-01 3.189630847829844629e-01
3.346613544911867799e-01 4.758064516129032473e-01
3.346613545816732871e-01 5.766129032258064946e-01
3.339011648584498393e-01 8.700320910392028706e-01
3.380689215621413557e-01 3.198559242939095770e-01
3.386396677758665708e-01 4.758519073832083723e-01
3.434837969609970121e-01 5.404608060245311707e-01
3.415361770087355642e-01 5.419242433647835089e-01
3.386454183266932039e-01 5.443548387096773800e-01
3.386454183266932039e-01 5.483870967741935054e-01
3.386454183266932039e-01 5.524193548387096309e-01
3.386454183266932039e-01 5.564516129032257563e-01
3.386454183266932039e-01 5.604838709677418818e-01
3.386454183266932039e-01 5.645161290322581182e-01
3.386454183266932039e-01 5.685483870967742437e-01
3.386454183266932039e-01 5.725806451612903691e-01
3.386454183266932039e-01 5.766129032258064946e-01
3.366637012579912214e-01 8.682437142086846249e-01
3.404473164452766487e-01 3.215501198485012924e-01
3.422558886274756351e-01 4.758655374746247890e-01
3.470177492460762569e-01 5.357962190473992692e-01
3.426294820717131207e-01 5.806451612903226200e-01
3.446111991404151031e-01 8.696595115977669987e-01
3.484288694182099411e-01 3.204386663367791432e-01
3.458178285238021621e-01 4.758862837254362876e-01
3.513685920353667447e-01 5.318139290001483444e-01
3.466135458167330929e-01 5.806451612903226200e-01
3.470708629485373953e-01 8.680335929309348497e-01
3.506138235439880679e-01 3.225392919433239247e-01
3.493056345320088019e-01 4.759200272594406034e-01
3.514514316626605739e-01 5.286877059524187628e-01
3.505976095617530097e-01 5.846774193548387455e-01
3.506808695961968203e-01 8.671889861213839534e-01
3.528062148516871721e-01 3.246290239715768355e-01
3.526846780706071049e-01 4.759800695821703176e-01
3.594372939815618784e-01 5.283860250135823389e-01
3.545816733067729265e-01 5.846774193548387455e-01
3.566343229295559913e-01 8.046815707798926631e-01
3.583741024168082268e-01 8.035753226628706836e-01
3.544183350869095639e-01 8.665127325727934871e-01
3.607756626102108788e-01 3.234267965439827086e-01
3.558830961360562872e-01 4.761013070885617982e-01
3.585657370517928433e-01 5.241935483870967527e-01
3.600774022293243837e-01 5.841522722865545303e-01
3.610485659687746596e-01 8.087242991257939106e-01
3.579906290056150686e-01 8.656422615674654875e-01
3.631770471911005549e-01 3.250074166121081354e-01
3.586954669080734126e-01 4.763947341482215325e-01
3.625498007968127601e-01 5.241935483870967527e-01
3.625022514388257511e-01 5.863352004333489687e-01
3.640953900976166002e-01 8.130388066037407269e-01
3.609518233206182591e-01 8.635514466948206458e-01
3.668041539689678165e-01 3.256852848703161718e-01
3.600392688726227197e-01 4.772665479460791449e-01
3.665338645418326768e-01 5.241935483870967527e-01
3.662676835860277924e-01 5.875776144337930829e-01
3.659174059479649577e-01 8.175563100394943605e-01
3.691297623058001909e-01 8.167321120328721040e-01
3.665338645418326768e-01 8.629032258064516236e-01
3.706524729958514675e-01 3.260477360003747882e-01
3.620272289434692814e-01 4.758338293571385824e-01
3.705179282868525936e-01 5.241935483870967527e-01
3.705781981433288186e-01 5.886077857893167176e-01
3.726698892595491364e-01 8.220446962607844688e-01
3.705179282868525936e-01 8.629032258064516236e-01
3.745689560312882582e-01 3.262736006131050082e-01
3.745019920318725104e-01 5.201612903225806273e-01
3.745019920318725104e-01 5.241935483870967527e-01
3.743223175991431395e-01 5.892457464604728967e-01
3.775378810390236373e-01 8.262285023651672056e-01
3.745019920318725104e-01 8.629032258064516236e-01
3.785138155870017007e-01 3.264285294848847108e-01
3.784860557768924272e-01 5.201612903225806273e-01
3.784860557768924272e-01 5.282258064516128782e-01
3.779027832331566250e-01 5.900894371687525064e-01
3.784860557768924272e-01 8.266129032258064946e-01
3.784860557768924272e-01 8.629032258064516236e-01
3.824844130715238100e-01 3.265083615974177511e-01
3.824701195219123440e-01 5.201612903225806273e-01
3.824701195219123440e-01 5.322580645161290036e-01
3.802504886509442406e-01 5.918255381646656543e-01
3.824701195219123440e-01 8.306451612903226200e-01
3.824701195219123440e-01 8.588709677419354982e-01
3.864541832722719339e-01 3.266129032238532237e-01
3.864541832669322607e-01 5.161290322580645018e-01
3.864541832669322607e-01 5.362903225806451291e-01
3.882059905524050114e-01 5.907458031715284719e-01
3.864541832669322607e-01 8.346774193548387455e-01
3.864541832669322607e-01 8.387096774193548709e-01
3.864541832669322607e-01 8.548387096774193727e-01
3.904239534214134499e-01 3.267174448541951270e-01
3.904382470119521775e-01 5.161290322580645018e-01
3.904382470119521775e-01 5.362903225806451291e-01
3.903621112314062946e-01 5.929031309487688972e-01
3.904382470119521775e-01 8.427419354838709964e-01
3.904382470119521775e-01 8.467741935483871218e-01
3.904382470119521775e-01 8.508064516129032473e-01
3.904382470119521775e-01 8.548387096774193727e-01
3.943945508650082976e-01 3.267972769667281674e-01
3.944223107569720943e-01 5.161290322580645018e-01
3.944223107569720943e-01 5.362903225806451291e-01
3.925114587214645345e-01 5.950410959476064576e-01
3.944223107569720943e-01 8.548387096774193727e-01
3.983556246503393572e-01 3.269108526132655235e-01
3.984063745019920111e-01 5.201612903225806273e-01
3.984063745019920111e-01 5.241935483870967527e-01
3.984063745019920111e-01 5.282258064516128782e-01
3.984063745019920111e-01 5.362903225806451291e-01
4.005216206433214188e-01 5.940596543688086983e-01
3.984063745019920111e-01 8.548387096774193727e-01
4.022957588299233000e-01 3.270844706116364242e-01
4.023904382470119279e-01 5.322580645161290036e-01
4.028073171197957825e-01 5.959764828759005484e-01
4.023904382470119279e-01 8.548387096774193727e-01
4.061860993059966396e-01 3.273338702405922951e-01
4.063745019920319002e-01 5.120967741935483764e-01
4.063745019920319002e-01 5.322580645161290036e-01
4.061130734589099567e-01 5.972948803419938502e-01
4.063745019920319002e-01 8.548387096774193727e-01
4.098810065710227213e-01 3.278630668778092505e-01
4.103585657370518169e-01 5.040322580645161255e-01
4.103585657370518169e-01 5.080645161290322509e-01
4.103585657370518169e-01 5.322580645161290036e-01
4.084473625929336271e-01 5.991850235469399211e-01
4.103585657370518169e-01 8.548387096774193727e-01
4.123950268756932380e-01 3.291978754118204953e-01
4.143426294820717337e-01 5.322580645161290036e-01
4.164208839563987019e-01 5.980045217795357804e-01
4.104943694463333848e-01 8.568967220884177172e-01
4.205247767861428065e-01 3.273177047545510754e-01
4.183266932270916505e-01 5.282258064516128782e-01
4.188000025935897930e-01 5.997621181661323408e-01
4.192475303318778379e-01 8.556117177790691919e-01
4.235857779728768313e-01 3.281678485969501957e-01
4.223107569721115673e-01 5.282258064516128782e-01
4.223506220893988305e-01 6.007128517369217935e-01
4.221404374418135652e-01 8.573083483929475612e-01
4.272114244951547568e-01 3.283389416343021616e-01
4.262948207171314841e-01 5.282258064516128782e-01
4.258976474076656138e-01 6.016895895947762529e-01
4.333478509062582140e-01 6.751303632533357524e-01
4.264889741163381820e-01 8.581045449677584536e-01
4.310345636737306640e-01 3.276786274096417650e-01
4.302788844621514008e-01 5.282258064516128782e-01
4.283201575568650887e-01 6.034169038532362084e-01
4.323704086533521340e-01 6.734281593723402404e-01
4.303678131587926337e-01 8.584448561154967017e-01
4.333719597580709126e-01 3.262272384768772349e-01
4.304416108444199529e-01 5.244008532289655689e-01
4.365838084868953195e-01 6.022095443725946629e-01
4.395210864987090793e-01 6.703233046442149679e-01
4.342831903232506341e-01 8.587189131935555331e-01
4.410634839219000347e-01 3.270146107374344857e-01
4.383919396855361916e-01 5.247117768965601226e-01
4.396258845004212268e-01 6.043131517757091009e-01
4.440552354567643412e-01 6.692116147436711904e-01
4.381831477872055181e-01 8.589988636226588703e-01
4.428797438518103369e-01 9.120915461511861499e-01
4.419409315496269364e-01 3.241606533542395474e-01
4.394801718635536480e-01 5.221546567270471950e-01
4.422310756972111512e-01 6.048387096774193727e-01
4.441218292094818998e-01 6.657386582059364732e-01
4.422310756972111512e-01 8.588709677419354982e-01
4.455190748894639063e-01 9.088963688418809639e-01
4.435505046030558396e-01 9.094905656867570132e-01
4.420264986592629675e-01 9.099045249543362690e-01
4.493907419695663541e-01 3.239293673053203482e-01
4.471533477503019660e-01 5.204812492198881424e-01
4.462151394422310680e-01 6.048387096774193727e-01
4.518377573426026195e-01 6.647894098798954321e-01
4.462151394422310680e-01 8.588709677419354982e-01
4.488655216722893804e-01 9.031523117272656220e-01
4.503310751605317797e-01 3.192957434202394196e-01
4.491438191324709783e-01 3.207329740417340092e-01
4.477926961552589069e-01 3.231965240031000053e-01
4.470145270169018636e-01 3.221085328062350261e-01
4.546652134448527227e-01 5.190239453372815781e-01
4.501992031872509847e-01 6.048387096774193727e-01
4.521666295767067800e-01 6.610606729894155098e-01
4.501992031872509847e-01 8.588709677419354982e-01
4.531349873576550613e-01 8.982454281874872049e-01
4.492551488486448696e-01 3.175546441287283028e-01
4.497266877127210072e-01 3.247620741153255941e-01
4.541832669322709015e-01 5.161290322580645018e-01
4.541832669322709015e-01 6.048387096774193727e-01
4.541832669322709015e-01 6.572580645161290036e-01
4.541832669322709015e-01 6.612903225806451291e-01
4.541832669322709015e-01 8.588709677419354982e-01
4.541832669322709015e-01 8.951612903225806273e-01
4.556641749466260882e-01 3.286680512415665611e-01
4.581673306772908183e-01 5.161290322580645018e-01
4.581673306772908183e-01 6.088709677419354982e-01
4.581673306772908183e-01 6.451612903225806273e-01
4.581673306772908183e-01 6.491935483870967527e-01
4.581673306772908183e-01 6.532258064516128782e-01
4.581673306772908183e-01 6.653225806451612545e-01
4.581673306772908183e-01 8.588709677419354982e-01
4.581673306772908183e-01 8.911290322580645018e-01
4.612539669835524214e-01 3.323152097497856228e-01
4.621513944223107351e-01 5.161290322580645018e-01
4.621513944223107351e-01 6.088709677419354982e-01
4.621513944223107351e-01 6.330645161290322509e-01
4.621513944223107351e-01 6.370967741935483764e-01
4.621513944223107351e-01 6.411290322580645018e-01
4.621513944223107351e-01 6.653225806451612545e-01
4.621513944223107351e-01 8.629032258064516236e-01
4.621513944223107351e-01 8.870967741935483764e-01
4.671768529421326810e-01 3.354824595979504775e-01
4.661354581673306519e-01 5.120967741935483764e-01
4.661354581673306519e-01 6.129032258064516236e-01
4.661354581673306519e-01 6.169354838709677491e-01
4.661354581673306519e-01 6.209677419354838745e-01
4.661354581673306519e-01 6.250000000000000000e-01
4.661354581673306519e-01 6.290322580645161255e-01
4.661354581673306519e-01 6.612903225806451291e-01
4.661354581673306519e-01 8.669354838709677491e-01
4.661354581673306519e-01 8.830645161290322509e-01
4.737297426501059228e-01 3.384710442905704553e-01
4.776615527981662446e-01 3.865918330998430186e-01
4.701195219123506241e-01 5.120967741935483764e-01
4.701195219123506241e-01 6.129032258064516236e-01
4.701195219123506241e-01 6.612903225806451291e-01
4.701195219123506241e-01 8.709677419354838745e-01
4.701195219123506241e-01 8.750000000000000000e-01
4.701195219123506241e-01 8.790322580645161255e-01
4.701195219123506241e-01 8.830645161290322509e-01
4.756436229950611327e-01 3.405296301634441192e-01
4.798916781588320468e-01 3.875855004993237207e-01
4.741035856573705409e-01 5.080645161290322509e-01
4.741035856573705409e-01 6.129032258064516236e-01
4.741035856573705409e-01 6.612903225806451291e-01
4.741035856573705409e-01 8.669354838709677491e-01
4.741035856573705409e-01 8.870967741935483764e-01
4.790622267883226648e-01 3.417823215995374198e-01
4.807448603223964945e-01 3.859277139530487011e-01
4.780876494023904577e-01 5.000000000000000000e-01
4.780876494023904577e-01 5.040322580645161255e-01
4.780876494023904577e-01 5.120967741935483764e-01
4.780876494023904577e-01 5.161290322580645018e-01
4.780876494023904577e-01 6.129032258064516236e-01
4.780876494023904577e-01 6.612903225806451291e-01
4.780876494023904577e-01 8.629032258064516236e-01
4.780876494023904577e-01 8.911290322580645018e-01
4.825369022250689532e-01 3.425996475407079855e-01
4.817076297872282531e-01 3.839148749942861150e-01
4.820717131474103745e-01 4.959677419354838745e-01
4.820717131474103745e-01 5.120967741935483764e-01
4.820717131474103745e-01 5.201612903225806273e-01
4.820717131474103745e-01 6.129032258064516236e-01
4.820717131474103745e-01 6.612903225806451291e-01
4.820717131474103745e-01 8.629032258064516236e-01
4.769044649542357739e-01 8.911443004805233992e-01
4.865836405160046674e-01 3.438406971681322033e-01
4.885791381320125915e-01 3.837999282479886975e-01
4.860557768924302913e-01 4.919354838709677491e-01
4.860557768924302913e-01 5.161290322580645018e-01
4.860557768924302913e-01 5.201612903225806273e-01
4.860557768924302913e-01 5.362903225806451291e-01
4.879119732149086452e-01 5.284868900574022366e-01
4.860557768924302913e-01 6.129032258064516236e-01
4.860557768924302913e-01 6.612903225806451291e-01
4.860557768924302913e-01 8.629032258064516236e-01
4.807060602551467277e-01 8.985129606087631782e-01
4.826599750166900016e-01 8.991206161707879785e-01
4.836521290207422830e-01 8.994859601671416627e-01
4.899223983578617769e-01 3.448926268310676391e-01
4.887081791588339108e-01 3.803769191802148786e-01
4.900398406374502080e-01 4.919354838709677491e-01
4.900398406374502080e-01 5.241935483870967527e-01
4.900398406374502080e-01 5.282258064516128782e-01
4.900398406374502080e-01 5.322580645161290036e-01
4.900398406374502080e-01 6.129032258064516236e-01
4.900398406374502080e-01 6.572580645161290036e-01
4.900398406374502080e-01 8.588709677419354982e-01
4.930657630355423926e-01 3.460594725029002006e-01
4.961547974415450035e-01 3.787142595721243454e-01
4.940239043824701248e-01 4.919354838709677491e-01
4.940239043824701248e-01 5.241935483870967527e-01
4.940239043824701248e-01 6.129032258064516236e-01
4.940239043824701248e-01 6.532258064516128782e-01
4.940239043824701248e-01 8.588709677419354982e-01
4.946776645386079529e-01 3.479811302085797364e-01
4.956401002721348981e-01 3.753611351168083532e-01
4.980079681274900416e-01 4.919354838709677491e-01
4.980079681274900416e-01 5.241935483870967527e-01
4.980079681274900416e-01 6.169354838709677491e-01
4.975812980276486108e-01 6.532481424955250970e-01
4.977197437849780748e-01 8.602639072191631264e-01
5.019920318725099584e-01 3.467741935483871218e-01
5.019920318725099584e-01 3.750000000000000000e-01
5.019920318725099584e-01 4.919354838709677491e-01
5.019920318725099584e-01 5.241935483870967527e-01
5.019920318725099584e-01 6.169354838709677491e-01
4.991041938180615922e-01 6.507433200285078767e-01
5.021200676698982512e-01 8.596163258039122290e-01
5.059760956175298752e-01 3.508064516129032473e-01
5.059760956175298752e-01 3.709677419354838745e-01
5.059760956175298752e-01 4.919354838709677491e-01
5.059760956175298752e-01 5.241935483870967527e-01
5.059760956175298752e-01 6.169354838709677491e-01
5.059760956175298752e-01 6.491935483870967527e-01
5.062945212086336078e-01 8.596093489754674799e-01
5.099601593625497920e-01 3.548387096774193727e-01
5.099601593625497920e-01 3.629032258064516236e-01
5.099601593625497920e-01 3.669354838709677491e-01
5.099601593625497920e-01 4.959677419354838745e-01
5.099601593625497920e-01 5.241935483870967527e-01
5.099601593625497920e-01 6.169354838709677491e-01
5.099601593625497920e-01 6.491935483870967527e-01
5.108150172687833113e-01 8.600043312030574150e-01
5.139442231075697087e-01 3.588709677419354982e-01
5.139442231075697087e-01 4.959677419354838745e-01
5.139442231075697087e-01 5.201612903225806273e-01
5.139442231075697087e-01 6.169354838709677491e-01
5.139442231075697087e-01 6.451612903225806273e-01
5.150208819459982656e-01 8.604637998937358923e-01
5.179282868525896255e-01 3.588709677419354982e-01
5.179282868525896255e-01 4.959677419354838745e-01
5.179282868525896255e-01 5.201612903225806273e-01
5.179282868525896255e-01 6.169354838709677491e-01
5.179282868525896255e-01 6.411290322580645018e-01
5.179282868525896255e-01 8.588709677419354982e-01
5.219123505976095423e-01 3.588709677419354982e-01
5.219123505976095423e-01 4.959677419354838745e-01
5.219123505976095423e-01 5.161290322580645018e-01
5.219123505976095423e-01 6.169354838709677491e-01
5.219123505976095423e-01 6.370967741935483764e-01
5.219123505976095423e-01 8.588709677419354982e-01
5.258964143426294591e-01 3.588709677419354982e-01
5.258964143426294591e-01 4.959677419354838745e-01
5.258964143426294591e-01 5.161290322580645018e-01
5.258964143426294591e-01 6.209677419354838745e-01
5.258964143426294591e-01 6.290322580645161255e-01
5.258964143426294591e-01 6.330645161290322509e-01
5.258964143426294591e-01 8.588709677419354982e-01
5.298804780876493759e-01 3.588709677419354982e-01
5.298804780876493759e-01 4.959677419354838745e-01
5.298804780876493759e-01 5.040322580645161255e-01
5.298804780876493759e-01 5.080645161290322509e-01
5.298804780876493759e-01 5.120967741935483764e-01
5.298804780876493759e-01 6.250000000000000000e-01
5.298804780876493759e-01 8.629032258064516236e-01
5.338645418326692926e-01 3.588709677419354982e-01
5.338645418326692926e-01 4.959677419354838745e-01
5.338645418326692926e-01 5.000000000000000000e-01
5.338645418326692926e-01 6.250000000000000000e-01
5.338645418326692926e-01 8.669354838709677491e-01
5.378486055776892094e-01 3.588709677419354982e-01
5.378486055776892094e-01 4.959677419354838745e-01
5.378486055776892094e-01 6.250000000000000000e-01
5.378486055776892094e-01 8.669354838709677491e-01
5.378486055776892094e-01 8.709677419354838745e-01
5.378486055776892094e-01 8.750000000000000000e-01
5.378486055776892094e-01 8.790322580645161255e-01
5.378486055776892094e-01 8.830645161290322509e-01
5.373739941931279240e-01 8.852346382449350903e-01
5.376852799161286889e-01 8.899768999695116811e-01
5.377502902918211980e-01 8.944136662945721961e-01
5.378041970541533878e-01 8.988339824943742951e-01
5.378486055776892094e-01 9.032258064426170741e-01
5.378930141012250310e-01 9.072525797892305732e-01
5.379507515097219361e-01 9.112766882928201584e-01
5.380287880614349483e-01 9.152960956792324243e-01
5.381398703100574998e-01 9.193064029108602986e-01
5.383504209819665043e-01 9.232811676352397079e-01
5.386910031445739655e-01 9.271955214550665625e-01
5.393713845767496018e-01 9.308834645724404222e-01
5.409607729304997115e-01 9.333834815169533838e-01
5.418326693227091262e-01 7.937240414321422577e-03
5.418326693227091262e-01 9.049094867922605895e-03
5.418326693227091262e-01 1.162115066131997471e-02
5.418326693227091262e-01 1.467994077792090721e-02
5.418326693227091262e-01 1.798209793970829973e-02
5.418326693227091262e-01 2.143027542173982572e-02
5.418770778462449478e-01 2.497031472082580222e-02
5.419348152547418529e-01 2.857722260241937415e-02
5.420128518064548651e-01 3.223157946834567800e-02
5.421239340550774166e-01 3.624188669815456981e-02
5.422939068568912724e-01 4.023215936585104041e-02
5.425831440709107945e-01 4.416915753738008543e-02
5.431629993592896888e-01 4.791495313252051857e-02
5.446230959252962300e-01 5.050456633550986368e-02
5.446230959252962300e-01 9.868898205158690984e-02
5.431629993592896888e-01 1.012785951090570957e-01
5.426275525580668280e-01 1.050189062474190388e-01
5.423960527743720839e-01 1.089477544805812353e-01
5.423041165970308164e-01 1.129251766029600729e-01
5.423446944671259651e-01 1.168980249856230585e-01
5.424879755930551717e-01 1.208528029345606880e-01
5.428200015205466578e-01 1.247237985080573708e-01
5.434847402259284088e-01 1.283745137662927194e-01
5.451134582155892083e-01 1.308150233310316768e-01
5.418326693227091262e-01 3.588709677419354982e-01
5.418326693227091262e-01 4.959677419354838745e-01
5.418326693227091262e-01 6.250000000000000000e-01
5.418326693227091262e-01 8.629032258064516236e-01
5.396619850409725139e-01 9.412675647200235973e-01
5.414998907992658594e-01 9.437049617174066984e-01
5.427795565094375441e-01 9.470630489034398414e-01
5.446868451883593032e-01 9.493580969996870955e-01
5.430263064651419391e-01 5.836640140642562063e-02
5.444864030311484804e-01 6.095601460941496574e-02
5.450218498323713412e-01 6.469632566046540356e-02
5.452533496160660853e-01 6.862517389362760012e-02
5.453452857934073528e-01 7.260259610695592170e-02
5.453452857934073528e-01 7.659095234744346670e-02
5.452533496160660853e-01 8.056837439160575987e-02
5.450218498323713412e-01 8.449722278483902393e-02
5.444864030311484804e-01 8.823753392320096700e-02
5.430263064651419391e-01 9.082714698067115289e-02
5.440238579491754045e-01 1.386959934719808052e-01
5.462177089963708987e-01 1.408748253166014763e-01
5.484563357046474685e-01 1.429460310797777967e-01
5.458167330677290430e-01 3.588709677419354982e-01
5.458167330677290430e-01 4.959677419354838745e-01
5.458167330677290430e-01 6.250000000000000000e-01
5.458167330677290430e-01 8.588709677419354982e-01
5.441095598823060264e-01 9.572176944517020170e-01
5.471183247015480866e-01 9.583077060148841309e-01
5.481321736298263581e-01 1.507943957338049590e-01
5.512608931459248574e-01 1.517831613572554750e-01
5.498007968127489598e-01 3.588709677419354982e-01
5.498007968127489598e-01 4.959677419354838745e-01
5.498007968127489598e-01 6.250000000000000000e-01
5.498007968127489598e-01 8.548387096774193727e-01
5.464551280312002213e-01 9.661051331448459178e-01
5.481716370269418270e-01 9.684546516209300293e-01
5.489390192962013693e-01 9.717037117544321534e-01
5.493701732485782863e-01 9.751527518739984135e-01
5.496986642830301584e-01 9.785923765551659548e-01
5.500392463583261282e-01 9.819226496469890542e-01
5.505677433976665647e-01 9.849519707382686784e-01
5.517963400635630400e-01 9.866552266682828698e-01
5.508073545330058884e-01 1.596164410302956249e-01
5.527633093566488576e-01 1.618636317190624008e-01
5.540836949345044893e-01 1.651890792648285367e-01
5.559555448395054889e-01 1.676034030219119286e-01
5.537848605577688765e-01 3.548387096774193727e-01
5.537848605577688765e-01 3.588709677419354982e-01
5.537848605577688765e-01 3.629032258064516236e-01
5.537848605577688765e-01 3.669354838709677491e-01
5.537848605577688765e-01 4.959677419354838745e-01
5.537848605577688765e-01 6.250000000000000000e-01
5.533622790513414991e-01 8.478849782578407046e-01
5.499927373871993375e-01 8.481615700068012575e-01
5.509944339551817727e-01 9.928656938681078570e-01
5.524545305211883139e-01 9.925349028781056404e-01
5.546567569499782913e-01 1.754874862249820588e-01
5.562461453037284009e-01 1.779875031694950205e-01
5.569709352812677317e-01 1.816699615972597326e-01
5.573692547868884795e-01 1.855761657333782622e-01
5.576578420687181570e-01 1.895380800943389787e-01
5.579205844069545783e-01 1.935109282514472784e-01
5.582538828557770394e-01 1.974426330073789093e-01
5.590833170818112485e-01 2.018989074990273358e-01
5.601415053488634221e-01 2.058384551078967506e-01
5.621323698678932779e-01 2.085244562101340182e-01
5.605593509053758972e-01 3.164309175354578785e-01
5.590992543393693559e-01 3.190205307384472166e-01
5.584749905056267671e-01 3.227608417021861631e-01
5.579240989709686183e-01 3.273547323319249691e-01
5.572459642089850895e-01 3.320021313434887156e-01
5.577689243027887933e-01 3.346774193548386900e-01
5.577689243027887933e-01 3.387096774193548154e-01
5.577689243027887933e-01 3.427419354838709409e-01
5.577689243027887933e-01 3.467741935483871218e-01
5.577689243027887933e-01 3.508064516129032473e-01
5.577689243027887933e-01 3.709677419354838745e-01
5.577689243027887933e-01 3.750000000000000000e-01
5.577689243027887933e-01 4.838709677419354982e-01
5.577689243027887933e-01 4.879032258064516236e-01
5.577689243027887933e-01 4.919354838709677491e-01
5.577689243027887933e-01 4.959677419354838745e-01
5.577689243027887933e-01 5.000000000000000000e-01
5.577689243027887933e-01 5.040322580645161255e-01
5.577689243027887933e-01 5.080645161290322509e-01
5.577689243027887933e-01 5.120967741935483764e-01
5.577689243027887933e-01 5.161290322580645018e-01
5.577689243027887933e-01 6.250000000000000000e-01
5.603007240233890407e-01 8.284909622293086251e-01
5.586157013558730178e-01 8.306154066054484142e-01
5.575292136736860193e-01 8.341010728824673759e-01
5.563947871806047552e-01 8.374722102551811487e-01
5.539835993213526599e-01 8.400296484751086368e-01
5.617529880478087101e-01 2.137096774193548432e-01
5.617529880478087101e-01 2.177419354838709686e-01
5.617529880478087101e-01 2.217741935483870941e-01
5.617529880478087101e-01 2.419354838709677491e-01
5.617529880478087101e-01 2.459677419354838745e-01
5.640073961335274610e-01 2.487997667631134391e-01
5.632240440686273608e-01 2.529418612867894156e-01
5.626871397475752268e-01 2.572217634954159227e-01
5.621440238833002034e-01 2.618404266944590608e-01
5.618957118499365855e-01 2.661581744837495656e-01
5.617973965713445317e-01 2.701667750494790576e-01
5.617529880478087101e-01 2.741935483781010041e-01
5.617529880478087101e-01 2.782258064426171296e-01
5.617085795242728885e-01 2.822525797892306287e-01
5.616508421157759834e-01 2.862766882928202139e-01
5.615728055640629712e-01 2.902960955973779567e-01
5.614617233154404197e-01 2.943064027471513078e-01
5.612917505136265639e-01 2.982966757349899134e-01
5.610025132996070418e-01 3.022336737391719264e-01
5.604226580112281475e-01 3.059794692615527834e-01
5.589625614452216062e-01 3.085690824645421215e-01
5.617529880478087101e-01 3.790322580645161255e-01
5.596583688388618860e-01 3.823947954299529162e-01
5.609809512029442224e-01 3.862780497405647884e-01
5.623446452304761145e-01 3.904992569737406605e-01
5.641602270993444357e-01 3.933330899059411800e-01
5.617529880478087101e-01 4.717741935483871218e-01
5.617529880478087101e-01 4.758064516129032473e-01
5.617529880478087101e-01 4.798387096774193727e-01
5.617529880478087101e-01 5.201612903225806273e-01
5.617529880478087101e-01 5.241935483870967527e-01
5.617529880478087101e-01 5.282258064516128782e-01
5.617529880509007922e-01 5.322580644818536433e-01
5.622121979763305966e-01 5.361530770943875313e-01
5.629031355715397034e-01 5.398769221294881238e-01
5.644412685873958502e-01 5.424536844197239693e-01
5.617529880478087101e-01 6.250000000000000000e-01
5.642927275261881981e-01 8.083334736818927890e-01
5.626220805793109569e-01 8.108655932282412548e-01
5.617124101631616462e-01 8.145006210998549934e-01
5.607919726394157145e-01 8.181285125085138166e-01
5.590613775643560324e-01 8.206182874949469186e-01
5.657370517928287379e-01 2.258064516129032195e-01
5.657370517928287379e-01 2.379032258064516236e-01
5.627541759949311606e-01 4.012043418122395178e-01
5.643147989375650875e-01 4.037361020718009952e-01
5.649904076907917849e-01 4.074537690185318639e-01
5.654185380462225519e-01 4.113516013868878107e-01
5.657518365286963169e-01 4.152833061864751873e-01
5.664564606467396013e-01 4.197990884544373080e-01
5.671383945936471216e-01 4.239757472401364802e-01
5.680161366671457879e-01 4.280009837145166141e-01
5.689489295672759406e-01 4.314740548068643489e-01
5.657370517928287379e-01 4.354838709677419373e-01
5.657370517928287379e-01 4.637096774193548154e-01
5.657370517928287379e-01 4.677419354838709409e-01
5.629060474656656377e-01 5.503173933116598526e-01
5.644067217562481753e-01 5.528914983348635070e-01
5.649865770446270696e-01 5.566372940755230925e-01
5.652758142586465917e-01 5.605742920869810630e-01
5.654457870604604475e-01 5.645645649147487122e-01
5.655568693090829990e-01 5.685748720627030739e-01
5.656349058607960112e-01 5.725942794900426014e-01
5.656926432692929163e-01 5.766183879527049250e-01
5.657370517928287379e-01 5.806451614622998303e-01
5.657370517928287379e-01 5.846774193638345496e-01
5.657370517928287379e-01 5.887096774283506750e-01
5.654887263280473642e-01 5.934014931835625006e-01
5.657370517928287379e-01 5.967741935483871218e-01
5.657370517928287379e-01 6.008064516129032473e-01
5.657370517928287379e-01 6.048387096774193727e-01
5.657370517928287379e-01 6.088709677419354982e-01
5.657370517928287379e-01 6.129032258064516236e-01
5.657370517928287379e-01 6.169354838709677491e-01
5.657370517928287379e-01 6.209677419354838745e-01
5.657370517928287379e-01 6.290322580645161255e-01
5.657370517928287379e-01 6.370967741935483764e-01
5.657370517928287379e-01 6.411290322580645018e-01
5.685511994142219416e-01 7.801881862368674758e-01
5.669277772739663712e-01 7.827192309496533440e-01
5.661962617213506244e-01 7.864275680232469812e-01
5.657370517897366557e-01 7.903225806923765973e-01
5.652372639942117027e-01 7.942020853637762334e-01
5.644949814504146568e-01 7.979032861053823034e-01
5.628902662046387784e-01 8.004452687943534039e-01
5.697211155378486547e-01 2.298387096774193450e-01
5.697211155378486547e-01 2.338709677419354704e-01
5.697211155378486547e-01 4.395161290322580627e-01
5.697211155378486547e-01 4.596774193548386900e-01
5.697211155378486547e-01 6.330645161290322509e-01
5.697211155378486547e-01 6.451612903225806273e-01
5.697211155378486547e-01 6.491935483870967527e-01
5.697211155378486547e-01 6.532258064516128782e-01
5.697211155378486547e-01 6.572580645161290036e-01
5.697211155378486547e-01 6.612903225806451291e-01
5.697211155378486547e-01 6.653225806451612545e-01
5.697211155378486547e-01 6.693548387096773800e-01
5.697211155378486547e-01 6.733870967741935054e-01
5.697211155378486547e-01 6.774193548387096309e-01
5.697211155378486547e-01 6.814516129032257563e-01
5.697211155378486547e-01 6.854838709677418818e-01
5.709757047183107170e-01 6.892177013815531383e-01
5.708084298706840309e-01 6.932282966792568946e-01
5.697211155378486547e-01 6.975806451612903691e-01
5.697211155378486547e-01 7.016129032258064946e-01
5.697211155378486547e-01 7.056451612903226200e-01
5.697211155378486547e-01 7.096774193548387455e-01
5.697211155378486547e-01 7.540322580645161255e-01
5.697211155378486547e-01 7.580645161290322509e-01
5.697211155378486547e-01 7.620967741935483764e-01
5.697121669130670307e-01 7.666256265515731805e-01
5.687962885307374927e-01 7.701872117346694191e-01
5.671961605725105438e-01 7.723509620634778639e-01
5.737051792828685715e-01 2.298387096774193450e-01
5.737051792828685715e-01 4.435483870967741882e-01
5.737051792828685715e-01 4.556451612903225645e-01
5.737051792828685715e-01 6.330645161290322509e-01
5.737051792828685715e-01 7.137096774193548709e-01
5.737051792828685715e-01 7.177419354838709964e-01
5.737051792828685715e-01 7.500000000000000000e-01
5.776892430278884882e-01 2.298387096774193450e-01
5.776892430278884882e-01 4.475806451612903136e-01
5.776892430278884882e-01 4.516129032258064391e-01
5.776892430278884882e-01 6.330645161290322509e-01
5.776892430278884882e-01 7.217741935483871218e-01
5.776892430278884882e-01 7.459677419354838745e-01
5.816733067729084050e-01 2.298387096774193450e-01
5.816733067729084050e-01 4.475806451612903136e-01
5.816733067729084050e-01 6.330645161290322509e-01
5.816733067729084050e-01 7.258064516129032473e-01
5.816733067729084050e-01 7.419354838709677491e-01
5.856573705179283218e-01 2.298387096774193450e-01
5.856573705179283218e-01 4.475806451612903136e-01
5.856573705179283218e-01 6.330645161290322509e-01
5.856573705179283218e-01 7.298387096774193727e-01
5.856573705179283218e-01 7.338709677419354982e-01
5.856573705179283218e-01 7.379032258064516236e-01
5.896414342629482386e-01 2.298387096774193450e-01
5.896414342629482386e-01 4.475806451612903136e-01
5.896414342629482386e-01 6.330645161290322509e-01
5.896414342629482386e-01 7.298387096774193727e-01
5.896414342629482386e-01 7.338709677419354982e-01
5.940017165304013469e-01 2.279979102088198484e-01
5.936254980079681554e-01 4.475806451612903136e-01
5.936254980079681554e-01 6.330645161290322509e-01
5.936254980079681554e-01 7.258064516129032473e-01
5.936254980079681554e-01 7.379032258064516236e-01
5.970972823575083632e-01 2.263862243628189386e-01
5.976095617529880721e-01 4.475806451612903136e-01
5.976095617529880721e-01 6.330645161290322509e-01
5.976095617529880721e-01 7.217741935483871218e-01
5.976095617529880721e-01 7.419354838709677491e-01
6.007531226486936271e-01 2.249192229712441982e-01
6.015936254980079889e-01 4.475806451612903136e-01
6.015936254980079889e-01 6.330645161290322509e-01
6.015936254980079889e-01 6.653225806451612545e-01
6.015936254980079889e-01 6.693548387096773800e-01
6.015936254980079889e-01 6.733870967741935054e-01
6.015936254980079889e-01 6.774193548387096309e-01
6.015936254980079889e-01 6.814516129032257563e-01
6.015936254980079889e-01 6.854838709677418818e-01
6.015936254980079889e-01 7.177419354838709964e-01
6.015936254980079889e-01 7.459677419354838745e-01
6.032933209757450621e-01 2.228176309501812280e-01
6.055776892430279057e-01 4.475806451612903136e-01
6.055776892430279057e-01 6.290322580645161255e-01
6.055776892430279057e-01 6.330645161290322509e-01
6.055776892430279057e-01 6.370967741935483764e-01
6.055776892430279057e-01 6.411290322580645018e-01
6.055776892430279057e-01 6.451612903225806273e-01
6.055776892430279057e-01 6.612903225806451291e-01
6.055776892430279057e-01 7.137096774193548709e-01
6.055776892430279057e-01 7.500000000000000000e-01
6.055776892430279057e-01 7.540322580645161255e-01
6.055776892430279057e-01 7.580645161290322509e-01
6.112073102211802444e-01 2.234852547727284866e-01
6.095617529880478225e-01 4.475806451612903136e-01
6.095617529880478225e-01 6.250000000000000000e-01
6.095617529880478225e-01 6.491935483870967527e-01
6.095617529880478225e-01 6.532258064516128782e-01
6.095617529880478225e-01 6.572580645161290036e-01
6.095617529880478225e-01 7.137096774193548709e-01
6.073781261164917789e-01 7.621598272493311788e-01
6.109772253493069849e-01 7.624363107756981783e-01
6.128151339283528509e-01 2.212356772825812834e-01
6.135458167330677393e-01 4.395161290322580627e-01
6.135458167330677393e-01 4.435483870967741882e-01
6.135458167330677393e-01 4.516129032258064391e-01
6.135458167330677393e-01 4.556451612903225645e-01
6.135458167330677393e-01 6.209677419354838745e-01
6.135458167330677393e-01 6.532258064516128782e-01
6.135458167330677393e-01 7.137096774193548709e-01
6.125458966628963831e-01 7.670200510371115721e-01
6.144712483408337755e-01 2.187473982076851564e-01
6.175298804780876560e-01 4.354838709677419373e-01
6.175298804780876560e-01 4.596774193548386900e-01
6.175298804780876560e-01 6.169354838709677491e-01
6.175298804780876560e-01 6.209677419354838745e-01
6.175298804780876560e-01 6.572580645161290036e-01
6.175298804780876560e-01 7.137096774193548709e-01
6.153161222944444342e-01 7.715856293441667457e-01
6.217449291163857916e-01 2.185002649484592829e-01
6.215139442231075728e-01 4.314516129032258118e-01
6.215139442231075728e-01 4.637096774193548154e-01
6.215139442231075728e-01 6.129032258064516236e-01
6.215139442231075728e-01 6.250000000000000000e-01
6.215139442231075728e-01 6.572580645161290036e-01
6.217930833683850134e-01 7.137019319214584767e-01
6.178014966301189625e-01 7.769504026772694472e-01
6.194792246553616488e-01 7.759257252628524171e-01
6.212712554112670427e-01 2.152359794990550135e-01
6.254980079681274896e-01 4.314516129032258118e-01
6.254980079681274896e-01 4.637096774193548154e-01
6.254980079681274896e-01 6.088709677419354982e-01
6.254980079681274896e-01 6.290322580645161255e-01
6.254980079681274896e-01 6.612903225806451291e-01
6.254980079761125467e-01 7.137096774227522644e-01
6.288066952666954146e-01 2.133233276751613505e-01
6.253779785303154037e-01 2.119738045974724761e-01
6.294820717131474064e-01 4.314516129032258118e-01
6.294820717131474064e-01 4.637096774193548154e-01
6.294820717131474064e-01 6.088709677419354982e-01
6.294820717131474064e-01 6.653225806451612545e-01
6.290087378121201889e-01 7.134422614716083855e-01
6.304835991273481932e-01 2.094320404163051152e-01
6.334661354581673232e-01 4.314516129032258118e-01
6.334661354581673232e-01 4.637096774193548154e-01
6.334661354581673232e-01 6.048387096774193727e-01
6.334661354581673232e-01 6.653225806451612545e-01
6.327768567521904197e-01 7.130014516540893466e-01
6.335861066836804278e-01 2.058265134241551997e-01
6.374501992031872399e-01 4.314516129032258118e-01
6.374501992031872399e-01 4.637096774193548154e-01
6.374501992031872399e-01 4.677419354838709409e-01
6.374501992031872399e-01 6.008064516129032473e-01
6.374501992031872399e-01 6.693548387096773800e-01
6.374501992031872399e-01 7.137096774193548709e-01
6.360281575229983497e-01 2.033188527660264033e-01
6.414342629482071567e-01 4.314516129032258118e-01
6.414342629482071567e-01 4.596774193548386900e-01
6.414342629482071567e-01 4.717741935483871218e-01
6.414342629482071567e-01 5.806451612903226200e-01
6.414342629482071567e-01 5.846774193548387455e-01
6.414342629482071567e-01 5.887096774193548709e-01
6.414342629482071567e-01 5.927419354838709964e-01
6.414342629482071567e-01 5.967741935483871218e-01
6.414342629482071567e-01 6.008064516129032473e-01
6.414342629482071567e-01 6.733870967741935054e-01
6.414342629482071567e-01 7.137096774193548709e-01
6.454183266932270735e-01 4.314516129032258118e-01
6.454183266932270735e-01 4.556451612903225645e-01
6.454183266932270735e-01 4.717741935483871218e-01
6.473597180765248149e-01 5.714471253506359094e-01
6.455052212431221514e-01 5.747124744323833800e-01
6.454183266932270735e-01 5.766129032258064946e-01
6.454183266932270735e-01 6.048387096774193727e-01
6.454183266932270735e-01 6.733870967741935054e-01
6.454183266932270735e-01 7.137096774193548709e-01
6.494023904382469903e-01 4.314516129032258118e-01
6.494023904382469903e-01 4.475806451612903136e-01
6.494023904382469903e-01 4.516129032258064391e-01
6.494023904382469903e-01 4.717741935483871218e-01
6.512016774798962127e-01 5.534476278530012783e-01
6.503093264476614843e-01 5.572900606109009169e-01
6.490732663663788538e-01 5.590626292922082907e-01
6.481142206761273394e-01 5.618301651538198938e-01
6.464149050592663537e-01 5.636811769236961256e-01
6.494023904382469903e-01 6.048387096774193727e-01
6.494023904382469903e-01 6.774193548387096309e-01
6.494023904382469903e-01 7.096774193548387455e-01
6.533864541832669071e-01 4.274193548387096864e-01
6.533864541832669071e-01 4.435483870967741882e-01
6.533864541832669071e-01 4.717741935483871218e-01
6.470160666775269798e-01 5.545609384294478694e-01
6.533864541832669071e-01 6.048387096774193727e-01
6.533864541832669071e-01 6.814516129032257563e-01
6.533864541832669071e-01 7.056451612903226200e-01
6.573705179282868238e-01 4.274193548387096864e-01
6.573705179282868238e-01 4.314516129032258118e-01
6.573705179282868238e-01 4.354838709677419373e-01
6.573705179282868238e-01 4.395161290322580627e-01
6.573705179282868238e-01 4.717741935483871218e-01
6.573705179282868238e-01 4.758064516129032473e-01
6.573705179282868238e-01 4.798387096774193727e-01
6.602500406691277357e-01 4.894130397588014603e-01
6.573705179282868238e-01 6.048387096774193727e-01
6.573705179282868238e-01 6.854838709677418818e-01
6.573705179282868238e-01 7.016129032258064946e-01
6.613545816733067406e-01 4.233870967741935609e-01
6.613545816733067406e-01 4.395161290322580627e-01
6.613545816733067406e-01 4.677419354838709409e-01
6.613545816733067406e-01 4.838709677419354982e-01
6.582433163064097537e-01 4.832519405641623189e-01
6.590717738369976653e-01 4.864420371520663533e-01
6.587794603189950360e-01 4.881306522255463021e-01
6.613545816733067406e-01 6.048387096774193727e-01
6.613545816733067406e-01 6.532258064516128782e-01
6.613545816733067406e-01 6.895161290322581182e-01
6.613545816733067406e-01 6.975806451612903691e-01
6.653386454183266574e-01 4.153225806451613100e-01
6.653386454183266574e-01 4.193548387096774355e-01
6.653386454183266574e-01 4.395161290322580627e-01
6.653386454183266574e-01 4.637096774193548154e-01
6.653386454183266574e-01 6.048387096774193727e-01
6.653386454183266574e-01 6.491935483870967527e-01
6.653386454183266574e-01 6.935483870967742437e-01
6.653386454183266574e-01 6.975806451612903691e-01
6.693227091633465742e-01 4.112903225806451846e-01
6.693227091633465742e-01 4.435483870967741882e-01
6.693227091633465742e-01 4.596774193548386900e-01
6.693227091633465742e-01 6.008064516129032473e-01
6.693227091633465742e-01 6.491935483870967527e-01
6.693227091633465742e-01 6.895161290322581182e-01
6.693227091633465742e-01 6.935483870967742437e-01
6.693227091633465742e-01 6.975806451612903691e-01
6.733067729083664910e-01 4.112903225806451846e-01
6.733067729083664910e-01 4.435483870967741882e-01
6.733067729083664910e-01 4.556451612903225645e-01
6.733067729083664910e-01 6.008064516129032473e-01
6.733067729083664910e-01 6.491935483870967527e-01
6.733067729083664910e-01 6.854838709677418818e-01
6.733067729083664910e-01 7.016129032258064946e-01
6.772908366533864077e-01 4.112903225806451846e-01
6.772908366533864077e-01 4.475806451612903136e-01
6.772908366533864077e-01 4.516129032258064391e-01
6.772908366533864077e-01 6.008064516129032473e-01
6.772908366533864077e-01 6.491935483870967527e-01
6.772908366533864077e-01 6.814516129032257563e-01
6.772908366533864077e-01 7.016129032258064946e-01
6.772908366533864077e-01 7.056451612903226200e-01
6.812749003984063245e-01 4.112903225806451846e-01
6.812749003984063245e-01 4.475806451612903136e-01
6.812749003984063245e-01 5.967741935483871218e-01
6.812749003984063245e-01 6.491935483870967527e-01
6.812749003984063245e-01 6.814516129032257563e-01
6.812749003984063245e-01 7.016129032258064946e-01
6.812749003984063245e-01 7.096774193548387455e-01
6.812749003984063245e-01 7.137096774193548709e-01
6.874431209375272411e-01 4.103630155159701531e-01
6.852589641434262413e-01 4.475806451612903136e-01
6.852589641434262413e-01 5.967741935483871218e-01
6.852589641434262413e-01 6.491935483870967527e-01
6.852589641434262413e-01 6.774193548387096309e-01
6.852589641434262413e-01 7.056451612903226200e-01
6.852589641434262413e-01 7.177419354838709964e-01
6.897442967809952474e-01 4.084811584625934189e-01
6.892430278884462691e-01 4.475806451612903136e-01
6.892430278884462691e-01 5.967741935483871218e-01
6.892430278884462691e-01 6.491935483870967527e-01
6.892430278884462691e-01 6.774193548387096309e-01
6.892430278884462691e-01 7.217741935483871218e-01
6.932426919778069685e-01 4.073758095774176469e-01
6.899987557593110221e-01 4.437176328633100630e-01
6.932270916334661859e-01 5.967741935483871218e-01
6.932270916334661859e-01 6.532258064516128782e-01
6.932270916334661859e-01 6.693548387096773800e-01
6.932270916334661859e-01 6.733870967741935054e-01
6.968543523147079366e-01 7.215674740502671103e-01
6.964712439819640277e-01 4.064437848583404844e-01
6.965879469078435360e-01 4.491484934208734292e-01
6.972111553784861027e-01 5.967741935483871218e-01
6.972111553784861027e-01 6.572580645161290036e-01
6.972111553784861027e-01 6.612903225806451291e-01
6.972111553784861027e-01 6.653225806451612545e-01
6.978418069791449962e-01 7.238204981906399826e-01
6.992002213948900202e-01 4.045800166504998630e-01
6.990378765033120612e-01 4.482630799851199943e-01
7.011952191235060194e-01 5.927419354838709964e-01
7.011952191235060194e-01 5.967741935483871218e-01
7.011952191235060194e-01 6.008064516129032473e-01
7.011952191235060194e-01 6.048387096774193727e-01
7.011952191235060194e-01 6.088709677419354982e-01
7.011952191235060194e-01 6.129032258064516236e-01
7.011952191235060194e-01 6.532258064516128782e-01
6.998489699901575545e-01 7.264492606402435104e-01
7.071742805971419354e-01 4.059038543172420743e-01
7.026357692054128190e-01 4.478023217328178096e-01
7.051792828685259362e-01 5.887096774193548709e-01
7.051792828685259362e-01 6.169354838709677491e-01
7.051792828685259362e-01 6.451612903225806273e-01
7.051792828685259362e-01 6.491935483870967527e-01
7.088396206351583739e-01 7.264115834653738224e-01
7.096003853604411216e-01 4.042025442730875495e-01
7.061653354268269123e-01 4.475048634433938521e-01
7.091633466135458530e-01 5.887096774193548709e-01
7.091633466135458530e-01 6.209677419354838745e-01
7.091633466135458530e-01 6.250000000000000000e-01
7.091633466135458530e-01 6.290322580645161255e-01
7.091633466135458530e-01 6.330645161290322509e-01
7.091633466135458530e-01 6.370967741935483764e-01
7.091633466135458530e-01 6.411290322580645018e-01
7.109200100477532924e-01 7.279580352872970783e-01
7.131636243408008280e-01 4.032671596513893730e-01
7.093160661675808054e-01 4.471059383161651302e-01
7.131474103585657698e-01 5.887096774193548709e-01
7.131474103585657698e-01 6.209677419354838745e-01
7.131474103585657698e-01 7.298387096774193727e-01
7.167343007941198163e-01 4.023426684697398725e-01
7.106503448931433820e-01 4.462003808678878802e-01
7.171314741035856866e-01 5.887096774193548709e-01
7.171314741035856866e-01 6.209677419354838745e-01
7.196371797954597138e-01 7.301249146215512686e-01
7.191804618801016513e-01 4.006676009420545581e-01
7.126584881211657230e-01 4.476276032566543495e-01
7.211155378486056033e-01 5.806451612903226200e-01
7.211155378486056033e-01 5.846774193548387455e-01
7.211155378486056033e-01 5.887096774193548709e-01
7.211155378486056033e-01 6.209677419354838745e-01
7.211155378486056033e-01 7.298387096774193727e-01
7.271310557115941986e-01 4.020650037789657016e-01
7.250996015936255201e-01 5.766129032258064946e-01
7.250996015936255201e-01 5.927419354838709964e-01
7.250996015936255201e-01 5.967741935483871218e-01
7.250996015936255201e-01 6.008064516129032473e-01
7.250996015936255201e-01 6.048387096774193727e-01
7.250996015936255201e-01 6.088709677419354982e-01
7.250996015936255201e-01 6.129032258064516236e-01
7.250996015936255201e-01 6.169354838709677491e-01
7.250996015936255201e-01 6.209677419354838745e-01
7.250996015936255201e-01 7.298387096774193727e-01
7.295876233669209565e-01 4.004574798971354266e-01
7.290836653386454369e-01 5.725806451612903691e-01
7.290836653386454369e-01 6.250000000000000000e-01
7.290836653386454369e-01 7.298387096774193727e-01
7.332111328531361050e-01 3.996620218029185434e-01
7.330677290836653537e-01 5.725806451612903691e-01
7.330677290836653537e-01 6.250000000000000000e-01
7.330677290836653537e-01 7.298387096774193727e-01
7.330677290836653537e-01 7.338709677419354982e-01
7.370119277914335409e-01 3.990999485256672141e-01
7.370517928286852705e-01 5.725806451612903691e-01
7.370517928286852705e-01 6.250000000000000000e-01
7.370517928286852705e-01 7.258064516129032473e-01
7.370517928286852705e-01 7.379032258064516236e-01
7.370517928286852705e-01 7.419354838709677491e-01
7.408163170818962140e-01 3.985638795063770612e-01
7.426946845714492706e-01 5.723420716296401256e-01
7.410358565737051872e-01 6.250000000000000000e-01
7.410358565737051872e-01 7.217741935483871218e-01
7.410358565737051872e-01 7.459677419354838745e-01
7.410358565737051872e-01 7.500000000000000000e-01
7.410358565737051872e-01 7.540322580645161255e-01
7.443964348378242502e-01 3.977381394004388948e-01
7.445936239702743986e-01 5.698337489213314289e-01
7.383532600098872134e-01 6.264892831715124233e-01
7.450199203187251040e-01 7.217741935483871218e-01
7.427565924910479733e-01 7.578232445596386757e-01
7.461449212016189048e-01 7.587345492905906985e-01
7.467504828533833017e-01 3.960367127081318994e-01
7.468146779871289720e-01 5.671440100470077628e-01
7.437836728355591287e-01 6.300381498952065673e-01
7.490039840637450208e-01 7.217741935483871218e-01
7.465532631910150041e-01 7.659339255337873631e-01
7.492719099106011083e-01 7.656345387410011805e-01
7.547035843873233230e-01 3.970898267767962730e-01
7.555309551808819801e-01 5.674306741585174452e-01
7.486253864172682793e-01 6.336785581774048159e-01
7.529880478087649376e-01 7.217741935483871218e-01
7.496116742532537014e-01 7.720194782821401258e-01
7.511673554818913967e-01 7.710954136245192769e-01
7.568367177987400662e-01 3.949105089892738230e-01
7.575327418412942659e-01 5.657643624018097173e-01
7.512732518621649813e-01 6.358163235859284335e-01
7.569721115537848544e-01 7.217741935483871218e-01
7.589164042374141328e-01 3.927073105193313873e-01
7.610316503496397100e-01 5.647766884376911323e-01
7.609561752988047711e-01 7.217741935483871218e-01
7.669161460566449318e-01 3.934551160932788783e-01
7.646873673861029896e-01 5.639888212336378048e-01
7.637738360994610343e-01 7.223654840227907714e-01
7.689595613918649430e-01 3.911843220598858473e-01
7.678326482599808767e-01 5.631265893480891238e-01
7.688353741504110328e-01 7.213480819219483253e-01
7.710157811100895042e-01 3.889157965463856392e-01
7.699810690404216285e-01 5.612706028060207020e-01
7.726979991433278183e-01 7.209664175489677307e-01
7.789654106734713590e-01 3.896910926672599862e-01
7.777047843108346736e-01 5.616349296741968145e-01
7.763607123768350160e-01 7.203258882246671435e-01
7.811403231282738613e-01 3.876440817370049308e-01
7.783764673042596893e-01 5.584204496680608143e-01
7.788307464327217655e-01 7.187981962661950108e-01
7.839722284203973768e-01 3.862955502230643878e-01
7.860418176366594789e-01 5.580094002014506227e-01
7.867794196442348120e-01 7.202587877099793090e-01
7.860241085355841317e-01 3.842320410880230019e-01
7.865036851791404882e-01 5.546902571166414386e-01
7.892417949107215502e-01 7.186250734657440020e-01
7.941181579413656433e-01 3.843144478817139831e-01
7.940624688095245798e-01 5.540565250463963531e-01
7.928286851828130199e-01 7.177419354807310636e-01
7.944641844388022900e-01 3.811790171387274828e-01
7.942560433894321203e-01 5.506976363737315916e-01
7.964155756072066605e-01 7.168587975019979908e-01
8.024796359236370247e-01 3.806488466253804548e-01
8.012502284541278552e-01 5.487299350657379726e-01
7.988779508736933987e-01 7.152250832577626838e-01
8.026956003131455741e-01 3.774471330726819618e-01
8.079607791705167852e-01 5.469210747809659656e-01
8.068266240852064453e-01 7.166856747015469820e-01
8.106772910054045322e-01 3.768417470855638385e-01
8.090836201103142056e-01 5.445958001777574387e-01
8.092966581410931948e-01 7.151579827430748493e-01
8.109521582881286106e-01 3.736610086634755135e-01
8.106548655703961215e-01 5.420654983439993080e-01
8.129593715346715710e-01 7.145174534187742621e-01
8.193007091661373975e-01 3.733051669513506310e-01
8.186435290747712257e-01 5.417460414258041812e-01
8.168277469861012774e-01 7.141812448051848561e-01
8.207171315369700126e-01 3.709677419483737859e-01
8.188542767772933884e-01 5.385294999371492697e-01
8.207678812420827752e-01 7.140076268068139553e-01
8.221335537820698702e-01 3.686303169196171181e-01
8.267911056611331189e-01 5.378629729722536057e-01
8.247232045543489987e-01 7.138485954008854106e-01
8.301630179463622694e-01 3.683955802041436467e-01
8.269529396035445457e-01 5.346250676422289461e-01
8.286852589588037388e-01 7.137096774224948037e-01
8.303993808613919780e-01 3.651863413322116170e-01
8.349007601892405317e-01 5.339787066050414310e-01
8.326473132811694766e-01 7.135707594523762465e-01
8.383362096288163867e-01 3.645198143673159530e-01
8.348565407582481113e-01 5.309190731796045171e-01
8.366026366025306471e-01 7.134117280318957866e-01
8.384724283587202676e-01 3.612746066533990552e-01
8.432050916362568982e-01 5.305632314674796346e-01
8.405427707821145900e-01 7.132381100335248858e-01
8.463409441496353436e-01 3.605150247308155365e-01
8.446215140070895133e-01 5.282258064645027895e-01
8.444273604577049452e-01 7.129432546451778263e-01
8.464370161244846313e-01 3.572614353465577430e-01
8.460379362521893709e-01 5.258883814357461217e-01
8.481137249335847228e-01 7.123549721098595411e-01
8.542724646088960538e-01 3.564552982382837021e-01
8.543864871301981578e-01 5.255325397236212392e-01
8.506200294635551939e-01 7.108948757766836435e-01
8.545675541643439344e-01 3.530333317861321651e-01
8.546613544129221252e-01 5.223518013015329142e-01
8.585433171499906591e-01 7.124922209975099729e-01
8.619824917634496542e-01 3.522369683262021045e-01
8.626670441237757059e-01 5.217807112682250059e-01
8.610496218545841129e-01 7.110321246643340753e-01
8.620592063150008810e-01 3.488500623272792200e-01
8.628928796012526048e-01 5.185856768117856896e-01
8.647359860685294164e-01 7.104438421290157901e-01
8.683579422251054281e-01 3.466924318518948001e-01
8.708867325514287883e-01 5.180478309198552900e-01
8.686205756713601955e-01 7.101489867406687306e-01
8.746750918959093068e-01 3.444868116339127595e-01
8.712458750975143884e-01 5.149277115856567555e-01
8.725607100110152059e-01 7.099753687422978299e-01
8.744834183735691324e-01 3.410932188553194577e-01
8.793221953811042324e-01 5.150675292937986205e-01
8.765217838782007886e-01 7.098617930957604738e-01
8.808828425067022350e-01 3.389895165408585709e-01
8.817257199666473921e-01 5.129821627746306012e-01
8.804866306022577360e-01 7.097365052165602872e-01
8.870758250795408584e-01 3.371080422864085047e-01
8.847824508065461613e-01 5.119405676199558775e-01
8.844536084724897718e-01 7.096183334967551826e-01
8.878915627205009597e-01 3.347600347758176720e-01
8.887235484793513107e-01 5.104454016658447335e-01
8.884184550037338424e-01 7.094930456139170172e-01
8.889269425461358010e-01 3.322692433927929012e-01
8.907950051987832962e-01 5.085904678675315926e-01
8.923795290328094820e-01 7.093794699673796611e-01
8.940627971335696200e-01 3.302128766832362339e-01
8.964143426294820527e-01 5.080645161290322509e-01
8.963034492137874620e-01 7.091644987437664138e-01
8.991043593848598858e-01 3.266519996418097427e-01
9.003984063745019695e-01 5.040322580645161255e-01
9.001643877706965169e-01 7.088173966246447133e-01
9.036703322755740286e-01 3.227854401578247878e-01
9.043824701195218863e-01 5.040322580645161255e-01
9.037904824337558152e-01 7.081272225684276389e-01
9.084412240651048576e-01 3.185472644236765905e-01
9.083665338645418030e-01 5.040322580645161255e-01
9.062036591882546288e-01 7.065365654040849375e-01
9.125368513560675465e-01 3.148966208410133860e-01
9.123505976095617198e-01 5.000000000000000000e-01
9.123505976095617198e-01 5.040322580645161255e-01
9.141493941934600853e-01 7.078272000240583006e-01
9.172303444843653564e-01 3.111479915077647873e-01
9.163346613545816366e-01 4.919354838709677491e-01
9.163346613545816366e-01 4.959677419354838745e-01
9.163346613545816366e-01 5.080645161290322509e-01
9.164969671160595466e-01 7.059826625214379314e-01
9.221173322757713064e-01 3.086950777158621873e-01
9.203187250996015534e-01 4.879032258064516236e-01
9.203187250996015534e-01 5.120967741935483764e-01
9.197807119226090178e-01 7.046855741233054582e-01
9.212834326758149173e-01 3.057268887585509742e-01
9.243027888446214702e-01 4.879032258064516236e-01
9.243027888446214702e-01 5.161290322580645018e-01
9.219824785108777787e-01 7.027741298830557648e-01
9.257694383103592939e-01 3.043095146328391176e-01
9.282868525896413869e-01 4.879032258064516236e-01
9.282868525896413869e-01 5.161290322580645018e-01
9.299000051522819943e-01 7.033237810960160097e-01
9.312580059443885672e-01 3.019057263605176566e-01
9.322709163346613037e-01 4.879032258064516236e-01
9.322709163346613037e-01 5.120967741935483764e-01
9.308692933221632826e-01 7.003140025321514806e-01
9.298867048135405211e-01 3.004037552032499669e-01
9.362549800796812205e-01 4.879032258064516236e-01
9.362549800796812205e-01 5.120967741935483764e-01
9.387278384900098471e-01 7.009985147254361726e-01
9.402390438247012483e-01 4.838709677419354982e-01
9.402390438247012483e-01 4.879032258064516236e-01
9.402390438247012483e-01 5.120967741935483764e-01
9.409952095359104263e-01 6.993409511145024515e-01
9.442231075697211651e-01 4.798387096774193727e-01
9.442231075697211651e-01 4.919354838709677491e-01
9.442231075697211651e-01 5.120967741935483764e-01
9.445526545784534989e-01 6.985978492978780485e-01
9.482071713147410819e-01 4.758064516129032473e-01
9.482071713147410819e-01 4.959677419354838745e-01
9.482071713147410819e-01 5.000000000000000000e-01
9.482071713147410819e-01 5.040322580645161255e-01
9.482071713147410819e-01 5.080645161290322509e-01
9.483779865269275078e-01 6.982134080120182551e-01
9.528138886367720772e-01 4.762539887770770308e-01
9.530004496033122052e-01 6.979721944465587802e-01
9.583046330626965315e-01 4.728636974168400342e-01
9.576930095463902504e-01 6.979688303347962863e-01
9.592983793349940669e-01 4.709772688501904780e-01
9.618420406709429216e-01 6.978442850907619066e-01
9.618301048385076157e-01 4.695580285906250650e-01
9.660680963633678786e-01 6.977852490766259796e-01
9.642595483641329679e-01 4.686239281136001522e-01
9.703614236972484264e-01 6.977036342671659730e-01
9.661207999032273008e-01 4.666951498647610719e-01
9.744263686169221117e-01 6.977480350272550202e-01
9.682495731533879990e-01 4.678786926332019758e-01
9.785720522188956494e-01 6.977892148082197599e-01
9.823358060209548270e-01 6.977215644531703509e-01
9.845900829042868452e-01 7.020654223799225324e-01
9.810456021315978603e-01 6.969706916227756954e-01
9.825196133553610878e-01 6.943096569288642605e-01
9.838414507754800198e-01 6.989112516805049413e-01
9.831218583346066353e-01 6.999852290196765248e-01
9.848197550815251944e-01 6.993148761891549992e-01
9.860341453505494513e-01 6.965924610323723787e-01
9.873447857121844251e-01 6.945567052518468731e-01
9.893647404387593269e-01 6.960666939285734545e-01
