6.985375075601041317e-04 8.044293466839490536e-01
1.103627379052340984e-03 8.054587917897031435e-01
1.837469288147985935e-03 8.076705415907057262e-01
3.492770018056035042e-03 8.089736725406091455e-01
0.000000000000000000e+00 8.630705394190871793e-01
0.000000000000000000e+00 8.672199170124481604e-01
0.000000000000000000e+00 8.713692946058091415e-01
0.000000000000000000e+00 8.755186721991701226e-01
3.479132661595940590e-03 8.743352543551057288e-01
2.313886769115924835e-03 8.779892540204481399e-01
1.690653036348521709e-03 8.807037792446794633e-01
1.150237629190087318e-03 8.823391200000753054e-01
4.541123551914999154e-03 8.157486012669210584e-01
4.016064257028112081e-03 8.589211618257260872e-01
5.285302709122318560e-03 8.219719648504189013e-01
7.300989012033808762e-03 8.248566978898950186e-01
8.032128514056224161e-03 8.257261410788381273e-01
8.032128514056224161e-03 8.298755186721992194e-01
8.032128514056224161e-03 8.340248962655602005e-01
8.032128514056224161e-03 8.381742738589211816e-01
8.032128514056224161e-03 8.547717842323651061e-01
1.204819277108433798e-02 8.423236514522821627e-01
1.204819277108433798e-02 8.464730290456431439e-01
1.204819277108433798e-02 8.506224066390041250e-01
1.204819277108433798e-02 8.547717842323651061e-01
1.204819277108433798e-02 8.589211618257260872e-01
1.204819277108433798e-02 8.630705394190871793e-01
1.204819277108433798e-02 8.672199170124481604e-01
1.606425702811244832e-02 8.506224066390041250e-01
1.606425702811244832e-02 8.713692946058091415e-01
1.606425702811244832e-02 8.755186721991701226e-01
1.810157638282541143e-02 9.896568152618776537e-01
2.008032128514056214e-02 8.506224066390041250e-01
1.804300193042759903e-02 9.895962967713174407e-01
2.409638554216867595e-02 8.506224066390041250e-01
2.811244979919678630e-02 8.506224066390041250e-01
3.212851405622489664e-02 8.506224066390041250e-01
3.614457831325301046e-02 8.506224066390041250e-01
4.016064257028112428e-02 8.506224066390041250e-01
4.417670682730923809e-02 8.506224066390041250e-01
4.997232374987643777e-02 8.484388908131735851e-01
5.214650438799607601e-02 8.463511801696371739e-01
5.430464318394286755e-02 8.442524654551165630e-01
6.244373545948281312e-02 8.452501065644563161e-01
6.475926284471630878e-02 8.434803508303255759e-01
6.814255909963855273e-02 8.423724456538573824e-01
7.060839237325476636e-02 8.408398524939210139e-01
7.798333831802833904e-02 8.426875301107331628e-01
7.888798924428541692e-02 8.425621396332546587e-01
8.617334964079220727e-02 8.403694221365393124e-01
8.877150764142772987e-02 8.414722610346169196e-01
9.251882206395185826e-02 8.418456801178061388e-01
9.645534001533798141e-02 8.420302082982041858e-01
1.004336518785292343e-01 8.420793746795632861e-01
1.044257237580930309e-01 8.420745800563261829e-01
1.084196743281116010e-01 8.420280643936374210e-01
1.124028235844378026e-01 8.419724074506328426e-01
1.163670749396640280e-01 8.418415884393860571e-01
1.202796006318201383e-01 8.415409517788455807e-01
1.239871169486266300e-01 8.409436825045512043e-01
1.364228056190183724e-01 5.314250602891680275e-01
1.264906589785239066e-01 8.394797555252105914e-01
1.374636490840509817e-01 5.316023949631035750e-01
1.345535177283034012e-01 8.410181697859927530e-01
1.399114674067566122e-01 5.319030316236440514e-01
1.370510524365561034e-01 8.396007585275485630e-01
1.426425118674430614e-01 5.325003008979384278e-01
1.407496461592288306e-01 8.390639407030805463e-01
1.444136998779210479e-01 5.339642278772790407e-01
1.446481110341917009e-01 8.388449567306354160e-01
1.518616848101607408e-01 5.326144332133805337e-01
1.485943775092084806e-01 8.387837305950499589e-01
1.538910515181884930e-01 5.339967077665602746e-01
1.525237486738876269e-01 8.388871083321548516e-01
1.571890028566683140e-01 5.345335255328206303e-01
1.563975916500764396e-01 8.391592754220157380e-01
1.607413587152402012e-01 5.347876465306723448e-01
1.600584765437085277e-01 8.397647590778335447e-01
1.647116175667339699e-01 5.349649812046078923e-01
1.624945335428653048e-01 8.412728718418195362e-01
1.687036894062799997e-01 5.350810897138541522e-01
1.705993077456838813e-01 8.399618181015492402e-01
1.727056930916784638e-01 5.351627423219139645e-01
1.729993108614632236e-01 8.417263821197801255e-01
1.767128347245594810e-01 5.352231938808796885e-01
1.763982792962557611e-01 8.429209207265765391e-01
1.807228914311756474e-01 5.352697095435684504e-01
1.787982826157618887e-01 8.446854848030150853e-01
1.847389558361465234e-01 5.352697095435684504e-01
1.869030568185804653e-01 8.433744310627447893e-01
1.887550200931746303e-01 5.352697095435684504e-01
1.893391139923602251e-01 8.449755752685236265e-01
1.927710843244960504e-01 5.352697095435684504e-01
1.930060062512926611e-01 8.456554462195130517e-01
1.967871487445056189e-01 5.352697095435684504e-01
1.968827643908312997e-01 8.459839512820112040e-01
2.008032128642589786e-01 5.352697095435684504e-01
2.008172733029819912e-01 8.461774419869984021e-01
2.048192771212870855e-01 5.352697095435684504e-01
2.047734718229526907e-01 8.462731240310462644e-01
2.088353413783151924e-01 5.352697095435684504e-01
2.086768543321300684e-01 8.463198185222212677e-01
2.128514056096366125e-01 5.352697095435684504e-01
2.124085593517462123e-01 8.464463849708921961e-01
2.168674700703915326e-01 5.352697095435684504e-01
2.150733944025810807e-01 8.469902560923004975e-01
2.208775266398238790e-01 5.353162252062572124e-01
2.193079659113114366e-01 8.412268342821244138e-01
2.248846681503778588e-01 5.353766767652229364e-01
2.238067432734965612e-01 8.439481578993367483e-01
2.288866720813398647e-01 5.354583293732827487e-01
2.311844461659216254e-01 8.445195422123313866e-01
2.328787437589958653e-01 5.355744378825290086e-01
2.331423939948613633e-01 8.424791812745050512e-01
2.368490028105784684e-01 5.357517725564645561e-01
2.352351896491941541e-01 8.403837549581320010e-01
2.407615280952809522e-01 5.360524092170050325e-01
2.433136029993688831e-01 8.414497327927067394e-01
2.444690446594700028e-01 5.366496784912994089e-01
2.456825782304599692e-01 8.398577161302357430e-01
2.469725866893672794e-01 5.381136054706400218e-01
2.493065870866080225e-01 8.391157523897975201e-01
2.550354454391467462e-01 5.365751912098578602e-01
2.531623155185784291e-01 8.386793938285238559e-01
2.575389876436670056e-01 5.380391181891984731e-01
2.570690001811012371e-01 8.383325340278945381e-01
2.612465038731620615e-01 5.386363874634928495e-01
2.610201841674729684e-01 8.380581653423989641e-01
2.651590293979711466e-01 5.389370241240333259e-01
2.649763826929006361e-01 8.377991780749555195e-01
2.691292884131739616e-01 5.391143587979688734e-01
2.688799855944721262e-01 8.374380898481733615e-01
2.731213602108832350e-01 5.392304673072151333e-01
2.725814944586668065e-01 8.367943049111902232e-01
2.771233638144271483e-01 5.393121199152749456e-01
2.750850364885640831e-01 8.353303779318496103e-01
2.811399624537093134e-01 8.958211576989253411e-01
2.793418579588992090e-01 8.972391751464418030e-01
2.786403583216828794e-01 8.999011081774309639e-01
2.780375309142631979e-01 9.030960980030858787e-01
2.775085227534522803e-01 9.066173552141304492e-01
2.774101344024179072e-01 9.093801951252263871e-01
2.772489138936738984e-01 9.120082344755499060e-01
2.771520961708678898e-01 9.132053749210730098e-01
2.811305055296174360e-01 5.393725714742406696e-01
2.838035447010583412e-01 8.371273319959579018e-01
2.831263921642488968e-01 8.910772652177842978e-01
2.851405623840854164e-01 5.394190871369294316e-01
2.851405622489959768e-01 8.340248962655602005e-01
2.866403820511163048e-01 8.858716174162135637e-01
2.891566264373867101e-01 5.394190871369294316e-01
2.891566265060240837e-01 8.340248962655602005e-01
2.915604683256382557e-01 8.810734815651133367e-01
2.931726906129240584e-01 5.394190871369294316e-01
2.931726907630521906e-01 8.340248962655602005e-01
2.968797185243178260e-01 8.775643513381434779e-01
3.042794115725440673e-01 2.259471157707730049e-01
2.971887550329336269e-01 5.394190871369294316e-01
2.971887550200802974e-01 8.340248962655602005e-01
2.971524618704746712e-01 8.752952175582247030e-01
3.041469424946166566e-01 2.280052908139759416e-01
3.011988117803861553e-01 5.393725714742406696e-01
3.012048192771084598e-01 8.340248962655602005e-01
2.977119512373514465e-01 8.724800404470367532e-01
3.108369649470181795e-01 2.285376598123080305e-01
3.052059535765214715e-01 5.393121199152749456e-01
3.052208835341365667e-01 8.340248962655602005e-01
3.029378244735629888e-01 8.684475140344676269e-01
3.110447812308351767e-01 2.317287629524330816e-01
3.092079572619199079e-01 5.392304673072151333e-01
3.092369477911646736e-01 8.340248962655602005e-01
3.067002483824993742e-01 8.615506594088624404e-01
3.187937448081751279e-01 2.324068139899119756e-01
3.132000289795936476e-01 5.391143587979688734e-01
3.132530120481927804e-01 8.381742738589211816e-01
3.132530120481927804e-01 8.423236514522821627e-01
3.132530120481927804e-01 8.464730290456431439e-01
3.132530120481927804e-01 8.506224066390041250e-01
3.132530120481927804e-01 8.547717842323651061e-01
3.132530120481927804e-01 8.589211618257260872e-01
3.132530120481927804e-01 8.630705394190871793e-01
3.191646157677872631e-01 2.357566301909920781e-01
3.171533926027599315e-01 5.388948724934100598e-01
3.172690763052208873e-01 8.381742738589211816e-01
3.212851405622489942e-01 2.365145228215767559e-01
3.210412961123796372e-01 5.385410526863499969e-01
3.212851405622489942e-01 8.340248962655602005e-01
3.253012048192771011e-01 2.365145228215767559e-01
3.247111034109705918e-01 5.378751176389134914e-01
3.253012048192771011e-01 8.298755186721992194e-01
3.293172690763052080e-01 2.365145228215767559e-01
3.293172690763052080e-01 2.406639004149377647e-01
3.293172690763052080e-01 2.448132780082987459e-01
3.271282763897355172e-01 5.362857997164330870e-01
3.293172690763052080e-01 8.298755186721992194e-01
3.333333333333333148e-01 2.365145228215767559e-01
3.333333333333333148e-01 2.489626556016597547e-01
3.333333333333333148e-01 2.531120331950207358e-01
3.352164248547827019e-01 5.375362080589508595e-01
3.333333333333333148e-01 8.298755186721992194e-01
3.373493975903614217e-01 2.365145228215767559e-01
3.373493975903614217e-01 2.572614107883817169e-01
3.375787193306962752e-01 5.357029783257855060e-01
3.373493975903614217e-01 8.298755186721992194e-01
3.413654618473895841e-01 2.365145228215767559e-01
3.413654618473895841e-01 2.614107883817427536e-01
3.409162101728082650e-01 5.344177384462779345e-01
3.405496407925323599e-01 8.308401816054556965e-01
3.453815261044176910e-01 2.365145228215767559e-01
3.453815261044176910e-01 2.614107883817427536e-01
3.432077449422898385e-01 5.325318744939392390e-01
3.451336516034892443e-01 8.302828300390702188e-01
3.493975903614457978e-01 2.365145228215767559e-01
3.493975903614457978e-01 2.614107883817427536e-01
3.513593640885349645e-01 5.334362301432539200e-01
3.494294155892251341e-01 8.300246375463048443e-01
3.530553597732480897e-01 9.332026763304950290e-01
3.514870039428618087e-01 9.348742962038121274e-01
3.517911785523440971e-01 9.357316054237612146e-01
3.534136546184739047e-01 2.365145228215767559e-01
3.534136546184739047e-01 2.614107883817427536e-01
3.534928810875710981e-01 5.312843324568367054e-01
3.534196619928691718e-01 8.299220343348879814e-01
3.566313217268755609e-01 9.233867639716312192e-01
3.545540256998931938e-01 9.246432439260343639e-01
3.523496913365518624e-01 9.262732830694664354e-01
3.503197493371983939e-01 9.374829498564059005e-01
3.574297188755020116e-01 2.365145228215767559e-01
3.574297188755020116e-01 2.614107883817427536e-01
3.556501662099629257e-01 5.291544701826770281e-01
3.574297188476099896e-01 8.298755186721992194e-01
3.603238163489743684e-01 9.164371359378439275e-01
3.569447290649998550e-01 9.163173034915669257e-01
3.614457831325301185e-01 2.365145228215767559e-01
3.614457831325301185e-01 2.572614107883817169e-01
3.637432441653975501e-01 5.302255418860736258e-01
3.614457831196767890e-01 8.298755186721992194e-01
3.636374214737036481e-01 9.114205591917748928e-01
3.654618473895582254e-01 2.365145228215767559e-01
3.654618473895582254e-01 2.531120331950207358e-01
3.661134260412993724e-01 5.286056252439889080e-01
3.654618474024115549e-01 8.298755186721992194e-01
3.685277666602971847e-01 9.071218614858725937e-01
3.694779116465863322e-01 2.406639004149377647e-01
3.694779116465863322e-01 2.448132780082987459e-01
3.694779116465863322e-01 2.489626556016597547e-01
3.697594651001193111e-01 5.279176545223603911e-01
3.694779116744783543e-01 8.298755186721992194e-01
3.678166012085196113e-01 9.038329149057308110e-01
3.734939759036144391e-01 2.489626556016597547e-01
3.736342817886117995e-01 5.275483521177816160e-01
3.734939759164677686e-01 8.298755186721992194e-01
3.749380426618820206e-01 9.023989891880713765e-01
3.775100401606425460e-01 2.489626556016597547e-01
3.775799185012249093e-01 5.273178343264303125e-01
3.775100401734958755e-01 8.298755186721992194e-01
3.745876076634988006e-01 8.988813695046641294e-01
3.815261044176707084e-01 2.489626556016597547e-01
3.815550949869332409e-01 5.271595741865607865e-01
3.821817538221778388e-01 8.301340584173176884e-01
3.804789892267847473e-01 8.960293812430425442e-01
3.855421686746988152e-01 2.489626556016597547e-01
3.855570988769679852e-01 5.270779215785009741e-01
3.855421686746988152e-01 8.298755186721992194e-01
3.872363125408876394e-01 8.916246214955446669e-01
3.895582329317269221e-01 2.489626556016597547e-01
3.895642403879767124e-01 5.270174700195352502e-01
3.895582329317269221e-01 8.298755186721992194e-01
3.938120022251543895e-01 8.875599586333851043e-01
3.935742971887550290e-01 2.489626556016597547e-01
3.935742970793723039e-01 5.269709543568464882e-01
3.935742971887550290e-01 8.298755186721992194e-01
3.935742971887550290e-01 8.838174273858920849e-01
3.963846895178914642e-01 2.491937912818835699e-01
3.975903613106936962e-01 5.269709543568464882e-01
3.975903614457831359e-01 8.298755186721992194e-01
3.975903614457831359e-01 8.838174273858920849e-01
4.006837594222808496e-01 2.496523240079264738e-01
4.016004182465614525e-01 5.269244386941577263e-01
4.067544919105777756e-01 6.048123948623840285e-01
4.016064257028112428e-01 8.298755186721992194e-01
4.016064257028112428e-01 8.838174273858920849e-01
4.050700975697483774e-01 2.504379593847412266e-01
4.056075600022242544e-01 5.268639871351920023e-01
4.092714262426827010e-01 6.024968582408355422e-01
4.056224899598393496e-01 8.298755186721992194e-01
4.056224899598393496e-01 8.796680497925311037e-01
4.075359307560530997e-01 2.519705523118469515e-01
4.096095635657504008e-01 5.267823345271321900e-01
4.126149531319198704e-01 5.994648535328209737e-01
4.096385542168674565e-01 8.298755186721992194e-01
4.096385542168674565e-01 8.796680497925311037e-01
4.156250327790013688e-01 2.505728653158714181e-01
4.136016352015696174e-01 5.266662260178859301e-01
4.167037343570820229e-01 5.962472283194436562e-01
4.136546184738955634e-01 8.340248962655602005e-01
4.136546184738955634e-01 8.381742738589211816e-01
4.136546184738955634e-01 8.423236514522821627e-01
4.136546184738955634e-01 8.464730290456431439e-01
4.136546184738955634e-01 8.506224066390041250e-01
4.136546184738955634e-01 8.547717842323651061e-01
4.136546184738955634e-01 8.589211618257260872e-01
4.136546184738955634e-01 8.630705394190871793e-01
4.136546184738955634e-01 8.672199170124481604e-01
4.136546184738955634e-01 8.713692946058091415e-01
4.136546184738955634e-01 8.755186721991701226e-01
4.136546184738955634e-01 8.796680497925311037e-01
4.180827694542960105e-01 2.522141271728743916e-01
4.175718942968079661e-01 5.264888913439503826e-01
4.210700401634231982e-01 5.943683747668785378e-01
4.176706827309236703e-01 8.340248962655602005e-01
4.176706827309236703e-01 8.838174273858920849e-01
4.216867469480381492e-01 2.531120331845191362e-01
4.214844197343056154e-01 5.261882546834099061e-01
4.202778245019446191e-01 5.913210203639266416e-01
4.216867469879518326e-01 8.298755186721992194e-01
4.216867469879518326e-01 8.838174273858920849e-01
4.252907245216075993e-01 2.540099392171670800e-01
4.251919360511121071e-01 5.255909854091155298e-01
4.261653457040548987e-01 5.889432829195108132e-01
4.257028112449799395e-01 8.298755186721992194e-01
4.257028112449799395e-01 8.838174273858920849e-01
4.257028112449799395e-01 8.879668049792530660e-01
4.277315660740761416e-01 2.556933525010665065e-01
4.276954782556323664e-01 5.241270584297749169e-01
4.321153375215409653e-01 5.865163112236032594e-01
4.297188755020080464e-01 8.298755186721992194e-01
4.297188755020080464e-01 8.838174273858920849e-01
4.297188755020080464e-01 8.921161825726141581e-01
4.358226331876568493e-01 2.543604811325019810e-01
4.357583370054118332e-01 5.256654726905570785e-01
4.314284784248076376e-01 5.833672587238097895e-01
4.337349397590361533e-01 8.257261410788381273e-01
4.337349397590361533e-01 8.879668049792530660e-01
4.337349397590361533e-01 8.921161825726141581e-01
4.371535369189433751e-01 9.426723747464433867e-01
4.357458717184118924e-01 9.446496202589178548e-01
4.354905246052868661e-01 9.474960733794401957e-01
4.363178779365472493e-01 9.492184408743290502e-01
4.382744057895989753e-01 2.559747268350145433e-01
4.389175283816085793e-01 5.244600855145425955e-01
4.391460185964034535e-01 5.800802967775829933e-01
4.377510040160642601e-01 8.257261410788381273e-01
4.377510040160642601e-01 8.962655601659751392e-01
4.400471677165852524e-01 9.304937820280689831e-01
4.379282050452103503e-01 9.332692967737441503e-01
4.359992715856434442e-01 9.353265192048600962e-01
4.353036787454412915e-01 9.553065794467910932e-01
4.366146277264134623e-01 9.551255261618257775e-01
4.419333074318084198e-01 2.567412877941785965e-01
4.417670682730923670e-01 5.228215767634855071e-01
4.462005404482434767e-01 5.766993537097475642e-01
4.408982642187576073e-01 8.263860756149263853e-01
4.417670682730923670e-01 9.004149377593361203e-01
4.417670682730923670e-01 9.045643153526971014e-01
4.417670682730923670e-01 9.087136929460580825e-01
4.417670682730923670e-01 9.128630705394190636e-01
4.417670682730923670e-01 9.170124481327800448e-01
4.417670682730923670e-01 9.211618257261410259e-01
4.386890348239640969e-01 9.218095442931326655e-01
4.457831324885434543e-01 2.572614107785106130e-01
4.457831325301204739e-01 5.228215767634855071e-01
4.515209620178912697e-01 5.742982013824422527e-01
4.457831325301204739e-01 8.257261410788381273e-01
4.457831325301204739e-01 8.962655601659751392e-01
4.496498525329798990e-01 2.577393821228577409e-01
4.497991967871485808e-01 5.228215767634855071e-01
4.517642864882646658e-01 5.707665310681824256e-01
4.497991967871485808e-01 8.257261410788381273e-01
4.497991967871485808e-01 8.962655601659751392e-01
4.533164812858313519e-01 2.584949115661254737e-01
4.538152610441766877e-01 5.228215767634855071e-01
4.596017949773095745e-01 5.704693737269777021e-01
4.538152610441766877e-01 8.215767634854771462e-01
4.538152610441766877e-01 8.921161825726141581e-01
4.557813406579689919e-01 2.600936747293269846e-01
4.578313253012047945e-01 5.228215767634855071e-01
4.612918818027274548e-01 5.678859045791837534e-01
4.578313253012047945e-01 8.215767634854771462e-01
4.578313253012047945e-01 8.879668049792530660e-01
4.638586914855014620e-01 2.587133603918277402e-01
4.618473895582329569e-01 5.228215767634855071e-01
4.633418915084522305e-01 5.661381172311890086e-01
4.618473895582329569e-01 8.215767634854771462e-01
4.618473895582329569e-01 8.838174273858920849e-01
4.663213459223398694e-01 2.603355477147646924e-01
4.658634538152610638e-01 5.228215767634855071e-01
4.658634538152610638e-01 5.560165975103734670e-01
4.658634538152610638e-01 5.601659751037344481e-01
4.658634538152610638e-01 5.643153526970954292e-01
4.615786640295183041e-01 5.652960409705924949e-01
4.658634538152610638e-01 8.215767634854771462e-01
4.616181437247788288e-01 8.815201358537332332e-01
4.699830569645792600e-01 2.611101516920984467e-01
4.698795180722891707e-01 5.269709543568464882e-01
4.698795180722891707e-01 5.311203319502074693e-01
4.698795180722891707e-01 5.352697095435684504e-01
4.698795180722891707e-01 5.394190871369294316e-01
4.698795180722891707e-01 5.435684647302904127e-01
4.698795180722891707e-01 5.477178423236515048e-01
4.698795180722891707e-01 5.518672199170124859e-01
4.698795180722891707e-01 5.726141078838173915e-01
4.698795180722891707e-01 5.767634854771783726e-01
4.698795180722891707e-01 8.215767634854771462e-01
4.706184753870412130e-01 8.763289139333134692e-01
4.668834000315337796e-01 8.761951188079595276e-01
4.737920434515791035e-01 2.617114250713870605e-01
4.738955823293172775e-01 5.269709543568464882e-01
4.738955823293172775e-01 5.809128630705394647e-01
4.738955823293172775e-01 5.850622406639004458e-01
4.738955823293172775e-01 8.215767634854771462e-01
4.751798064269342481e-01 8.682871001093412922e-01
4.716996980885260760e-01 8.689145196859118236e-01
4.774537545374742398e-01 2.624860290487208148e-01
4.779116465863453844e-01 5.269709543568464882e-01
4.779116465863453844e-01 8.215767634854771462e-01
4.787354534412416318e-01 8.599604628709650589e-01
4.756783327241110304e-01 8.606483081695759374e-01
4.799333040389310856e-01 2.640660647119306703e-01
4.819277108433734913e-01 5.269709543568464882e-01
4.819277108433734913e-01 8.215767634854771462e-01
4.819277108433734913e-01 8.257261410788381273e-01
4.819277108433734913e-01 8.298755186721992194e-01
4.819277108433734913e-01 8.340248962655602005e-01
4.819277108433734913e-01 8.381742738589211816e-01
4.819277108433734913e-01 8.423236514522821627e-01
4.819277108433734913e-01 8.464730290456431439e-01
4.819277108433734913e-01 8.506224066390041250e-01
4.819277108433734913e-01 8.547717842323651061e-01
4.880086897758310616e-01 2.626209349798510062e-01
4.859437751004015982e-01 5.269709543568464882e-01
4.859437751004015982e-01 8.215767634854771462e-01
4.904876097323312978e-01 2.641380452512303578e-01
4.899598393574297051e-01 5.269709543568464882e-01
4.899598393574297051e-01 8.215767634854771462e-01
4.941722234009403025e-01 2.648239819643559145e-01
4.939759036144578119e-01 5.269709543568464882e-01
4.968294757502489944e-01 6.042056365462243894e-01
4.954844841352069040e-01 6.060366462536940224e-01
4.947371696555392107e-01 6.090422703184601438e-01
4.944843579517082532e-01 6.126030763172587434e-01
4.944934271127321979e-01 6.158373696435845979e-01
4.942776042819359561e-01 6.189237635899567103e-01
4.941163837731919473e-01 6.215518029402802291e-01
4.940195660503859387e-01 6.227489433858033330e-01
4.939759036144578119e-01 8.215767634854771462e-01
4.980758263898232840e-01 2.651850701911380725e-01
4.979919678714859188e-01 5.269709543568464882e-01
4.981492745989735127e-01 5.984492406045681667e-01
4.979919678714859188e-01 8.215767634854771462e-01
5.020320246678684484e-01 2.654440574585815171e-01
5.020080321285140812e-01 5.269709543568464882e-01
5.020080321285140812e-01 5.933609958506224080e-01
5.020080321285140812e-01 8.215767634854771462e-01
5.060001039280422885e-01 2.656762744916259522e-01
5.060240963855421326e-01 5.269709543568464882e-01
5.060240963855421326e-01 5.850622406639004458e-01
5.060240963855421326e-01 5.892116182572614269e-01
5.060240963855421326e-01 8.215767634854771462e-01
5.099563021242329297e-01 2.659352617590693968e-01
5.100401606425702949e-01 5.269709543568464882e-01
5.100401606425702949e-01 5.809128630705394647e-01
5.100401606425702949e-01 8.215767634854771462e-01
5.138599051858754319e-01 2.662963499858515548e-01
5.140562248995983463e-01 5.269709543568464882e-01
5.140562248995983463e-01 5.311203319502074693e-01
5.140562248995983463e-01 5.352697095435684504e-01
5.140562248995983463e-01 5.394190871369294316e-01
5.140562248995983463e-01 5.435684647302904127e-01
5.140562248995983463e-01 5.477178423236515048e-01
5.140562248995983463e-01 5.518672199170124859e-01
5.140562248995983463e-01 5.560165975103734670e-01
5.140562248995983463e-01 5.601659751037344481e-01
5.140562248995983463e-01 5.643153526970954292e-01
5.179691850787484508e-01 5.678269149565535745e-01
5.176979688110285860e-01 5.691598424662862588e-01
5.136358273446084421e-01 5.694941230238070862e-01
5.140562248995983463e-01 8.215767634854771462e-01
5.180722891566265087e-01 2.655601659751037347e-01
5.180722891566265087e-01 5.269709543568464882e-01
5.118484121960509281e-01 5.670734310031895209e-01
5.180722891566265087e-01 8.215767634854771462e-01
5.220883534136546711e-01 2.655601659751037347e-01
5.220883534136546711e-01 5.269709543568464882e-01
5.220883534136546711e-01 5.684647302904564103e-01
5.220883534136546711e-01 8.215767634854771462e-01
5.261044176706827225e-01 2.697095435684647158e-01
5.261044176706827225e-01 5.269709543568464882e-01
5.261044176706827225e-01 5.560165975103734670e-01
5.261044176706827225e-01 5.601659751037344481e-01
5.261044176706827225e-01 5.643153526970954292e-01
5.261044176706827225e-01 8.215767634854771462e-01
5.301204819277108848e-01 2.697095435684647158e-01
5.301204819277108848e-01 5.228215767634855071e-01
5.301204819277108848e-01 8.215767634854771462e-01
5.341365461847389362e-01 2.697095435684647158e-01
5.341365461847389362e-01 5.228215767634855071e-01
5.341365461847389362e-01 8.215767634854771462e-01
5.381526104417670986e-01 2.697095435684647158e-01
5.381526104417670986e-01 5.228215767634855071e-01
5.381526104417670986e-01 8.257261410788381273e-01
5.421686746987951500e-01 2.697095435684647158e-01
5.421686746987951500e-01 5.228215767634855071e-01
5.421686746987951500e-01 8.298755186721992194e-01
5.491189170604474645e-01 6.833460216779509155e-02
5.475890837585456472e-01 7.103344153335580669e-02
5.469640342377960485e-01 7.488300572622845486e-02
5.466823230123981636e-01 7.892007459917166345e-02
5.465716959185801249e-01 8.302109509047313207e-02
5.465391410141154926e-01 8.713692949319482017e-02
5.465716959185801249e-01 9.125276399803571026e-02
5.466823230123981636e-01 9.535378442385356035e-02
5.469239942937992316e-01 9.940582413256073002e-02
5.474983162455163699e-01 1.032772666497660391e-01
5.489622434576876264e-01 1.060097512365917871e-01
5.461847389558233123e-01 2.697095435684647158e-01
5.461847389558233123e-01 5.228215767634855071e-01
5.461847389558233123e-01 8.298755186721992194e-01
5.461847389558233123e-01 8.340248962655602005e-01
5.461847389558233123e-01 8.381742738589211816e-01
5.461847389558233123e-01 8.423236514522821627e-01
5.461847389558233123e-01 8.464730290456431439e-01
5.461847389558233123e-01 8.506224066390041250e-01
5.461847389558233123e-01 8.547717842323651061e-01
5.461847389558233123e-01 8.589211618257260872e-01
5.461410765198951855e-01 8.627096448782967109e-01
5.461847389558233123e-01 8.672199171882829516e-01
5.461847389558233123e-01 8.713692946186625266e-01
5.461847389558233123e-01 8.755186723342595068e-01
5.461847389558233123e-01 8.796680497646390817e-01
5.461847389558233123e-01 8.838174272357639527e-01
5.461847389558233123e-01 8.879668050328517470e-01
5.461847389558233123e-01 8.921161825597607731e-01
5.461847389558233123e-01 8.962655601531217542e-01
5.461847389558233123e-01 9.004149376499533952e-01
5.461847389558233123e-01 9.045643154213345305e-01
5.462284013917514391e-01 9.087084103016064285e-01
5.463252191145574477e-01 9.128349666856540034e-01
5.464864396233014565e-01 9.169277136982852960e-01
5.467022624540976983e-01 9.209905793843621291e-01
5.470063832797013026e-01 9.249976256407490549e-01
5.474686466365955573e-01 9.288851009779397483e-01
5.481460530752219062e-01 9.321242411397745453e-01
5.498398759843684536e-01 9.342043665392301133e-01
5.540662026107610050e-01 8.472088724374771118e-03
5.526917907484174552e-01 4.747054369297048354e-02
5.510604588855356756e-01 5.016252153946271913e-02
5.502008032099857671e-01 5.394190859958830631e-02
5.493411475401670518e-01 5.772129585881934088e-02
5.477098156772852722e-01 6.041327373441540693e-02
5.474232987109870496e-01 1.139072612115410027e-01
5.488872259231583062e-01 1.166397456528475984e-01
5.494615478748754445e-01 1.205111883155720459e-01
5.497468815958426180e-01 1.245685105004743498e-01
5.499142864502799544e-01 1.286773815390387377e-01
5.500236021837052736e-01 1.328055984739653639e-01
5.501440254631460025e-01 1.369373110390453285e-01
5.502575809625567249e-01 1.410709877979959281e-01
5.503780042419974539e-01 1.452027002812213696e-01
5.504873199754227731e-01 1.493309172961835019e-01
5.506547248298601094e-01 1.534397880946413162e-01
5.509400585508272830e-01 1.574971104396146737e-01
5.515143805025444212e-01 1.613685529568199828e-01
5.529783077147156778e-01 1.641010375436457169e-01
5.502008032128513637e-01 2.697095435684647158e-01
5.502008032128513637e-01 2.738589211618257524e-01
5.502008032128513637e-01 2.780082987551867335e-01
5.502008032128513637e-01 2.821576763485477146e-01
5.502008032128513637e-01 2.863070539419086957e-01
5.502008032128513637e-01 5.186721991701245260e-01
5.502008032128513637e-01 5.228215767634855071e-01
5.502008032128513637e-01 5.269709543568464882e-01
5.502008032128513637e-01 8.257261410788381273e-01
5.513206056859643045e-01 9.405861259737589020e-01
5.527529402577082696e-01 1.059858805086479061e-02
5.536425456345777096e-01 1.214429948583276193e-02
5.538878712220347555e-01 1.512604374129371439e-02
5.539490224443606170e-01 1.848366792522432647e-02
5.539303507073081168e-01 2.201543406378555015e-02
5.538535898783474298e-01 2.564663681514653751e-02
5.537061680631476523e-01 2.933248782895613721e-02
5.533939097483406844e-01 3.300609433742363735e-02
5.528125226671571912e-01 3.685037589403008379e-02
5.512826893652553739e-01 3.954921525959079892e-02
5.514393629680152120e-01 1.719985475185949464e-01
5.529032901801864686e-01 1.747310321054206805e-01
5.534776121319036069e-01 1.786024745498664135e-01
5.537629458528707804e-01 1.826597969675993471e-01
5.539303507073081168e-01 1.867686677660571615e-01
5.540396664407334359e-01 1.908968846991647705e-01
5.541164272769700805e-01 1.950338796958746290e-01
5.541732050339513993e-01 1.991754069629798896e-01
5.542168674698795261e-01 2.033195019245607194e-01
5.542168674698795261e-01 2.074688796551964476e-01
5.542168674698795261e-01 2.116182573965001978e-01
5.542168674698795261e-01 2.157676347604277345e-01
5.542168674698795261e-01 2.199170125424768363e-01
5.542168674698795261e-01 2.240663899064043729e-01
5.542168674698795261e-01 2.282157677291988263e-01
5.542168674698795261e-01 2.323651450523809836e-01
5.539720681669886293e-01 2.371787179256132361e-01
5.542168674698795261e-01 2.406639004149377647e-01
5.542168674698795261e-01 2.448132780082987459e-01
5.542168674698795261e-01 2.489626556016597547e-01
5.542168674698795261e-01 2.531120331950207358e-01
5.542168674698795261e-01 2.572614107883817169e-01
5.542168674698795261e-01 2.614107883817427536e-01
5.542168674698795261e-01 2.655601659751037347e-01
5.542168674698795261e-01 2.904564315352697323e-01
5.542168674698795261e-01 2.946058091286307135e-01
5.542168674698795261e-01 2.987551867219916946e-01
5.535618089313383283e-01 3.023222695439048979e-01
5.539303507073081168e-01 3.071006179735260577e-01
5.540396664407334359e-01 3.112288348666158999e-01
5.541164272769700805e-01 3.153658299442707591e-01
5.541732050339513993e-01 3.195073571704487581e-01
5.542168674698795261e-01 3.236514522542656702e-01
5.542168674698795261e-01 3.278008297404292337e-01
5.542168674698795261e-01 3.319502074817329840e-01
5.542168674698795261e-01 3.360995850493873616e-01
5.542168674698795261e-01 3.402489626277096502e-01
5.544616667727704229e-01 3.454287123554328209e-01
5.542168674698795261e-01 3.485477178423236344e-01
5.542168674698795261e-01 3.526970954356846710e-01
5.542168674698795261e-01 3.568464730290456521e-01
5.542168674698795261e-01 3.609958506224066332e-01
5.542168674698795261e-01 3.651452282157676144e-01
5.542168674698795261e-01 3.692946058091286510e-01
5.542168674698795261e-01 3.734439834024896321e-01
5.542168674698795261e-01 3.775933609958506132e-01
5.542168674698795261e-01 3.817427385892115943e-01
5.542168674698795261e-01 3.858921161825726309e-01
5.542168674698795261e-01 3.900414937759336120e-01
5.542168674698795261e-01 3.941908713692945931e-01
5.542168674698795261e-01 3.983402489626555742e-01
5.542168674698795261e-01 4.024896265560166109e-01
5.542168674698795261e-01 4.066390041493775920e-01
5.542168674698795261e-01 4.107883817427385731e-01
5.552869149657662096e-01 4.156126610990768522e-01
5.555234754399160924e-01 4.195789059242948649e-01
5.556828704836542787e-01 4.234197356356418918e-01
5.556828704836542787e-01 4.272026709597064875e-01
5.555234754399160924e-01 4.310435004818786719e-01
5.552869149657662096e-01 4.350097455399273283e-01
5.550556273489954950e-01 4.390895402984484885e-01
5.548664612985911848e-01 4.432389889051557841e-01
5.547229063638250413e-01 4.474217814211714495e-01
5.546165325619976105e-01 4.516169792702962593e-01
5.543941056937209400e-01 4.561110722940585060e-01
5.542168674698795261e-01 4.605809128759238424e-01
5.542168674698795261e-01 4.647302904028328130e-01
5.542168674698795261e-01 4.688796679811551571e-01
5.542168674698795261e-01 4.730290456967522483e-01
5.542168674698795261e-01 4.771784232236612189e-01
5.542168674698795261e-01 4.813278009392582546e-01
5.541732050339513993e-01 4.854718958601846324e-01
5.539152904063693317e-01 4.902829006534065726e-01
5.542168674698795261e-01 4.937759336099585283e-01
5.542168674698795261e-01 4.979253112033195094e-01
5.542168674698795261e-01 5.020746887966804906e-01
5.542168674698795261e-01 5.062240663900414717e-01
5.542168674698795261e-01 5.103734439834024528e-01
5.542168674698795261e-01 5.145228215767634339e-01
5.542168674698795261e-01 5.311203319502074693e-01
5.542168674698795261e-01 8.215767634854771462e-01
5.536088174382920446e-01 9.470656095517033801e-01
5.582329317269075775e-01 3.775933609958506132e-01
5.582329317269075775e-01 5.352697095435684504e-01
5.582329317269075775e-01 5.518672199170124859e-01
5.582329317269075775e-01 5.560165975103734670e-01
5.582329317269075775e-01 5.601659751037344481e-01
5.582329317269075775e-01 5.643153526970954292e-01
5.610104362287718915e-01 6.367288379750264404e-01
5.595465090166006350e-01 6.394613225618521746e-01
5.589721870648834967e-01 6.433327650790575669e-01
5.586868533439163231e-01 6.473900872639598569e-01
5.590433592016968989e-01 6.519576273909267750e-01
5.592644327127535009e-01 6.563179785930609578e-01
5.582329317269075775e-01 6.597510373443983278e-01
5.582329317269075775e-01 6.639004149377593089e-01
5.582329317269075775e-01 6.680497925311202900e-01
5.582329317269075775e-01 6.721991701244813822e-01
5.582329317269075775e-01 6.763485477178423633e-01
5.582329317269075775e-01 6.804979253112033444e-01
5.582329317269075775e-01 6.846473029045643255e-01
5.582329317269075775e-01 6.887966804979253066e-01
5.582329317269075775e-01 6.929460580912862877e-01
5.582329317269075775e-01 8.008298755186722406e-01
5.582329317269075775e-01 8.049792531120332217e-01
5.582329317269075775e-01 8.091286307053942028e-01
5.582329317269075775e-01 8.132780082987551840e-01
5.582329317269075775e-01 8.174273858921161651e-01
5.549434135475356245e-01 9.533151111689190937e-01
5.570509127148587369e-01 9.556483546773327786e-01
5.584177728171387800e-01 9.585988112309350440e-01
5.607186919816929960e-01 9.612891448055939092e-01
5.622489959839357399e-01 3.775933609958506132e-01
5.622489959839357399e-01 5.394190871369294316e-01
5.622489959839357399e-01 5.435684647302904127e-01
5.622489959839357399e-01 5.477178423236515048e-01
5.622489959839357399e-01 5.684647302904564103e-01
5.622489959839357399e-01 5.809128630705394647e-01
5.622489959839357399e-01 5.850622406639004458e-01
5.622489959839357399e-01 5.892116182572614269e-01
5.622489959839357399e-01 5.933609958506224080e-01
5.622489959839357399e-01 5.975103734439833891e-01
5.622489959839357399e-01 6.016597510373443702e-01
5.624501328618124463e-01 6.051396510650256522e-01
5.621154573943557553e-01 6.099382732665987739e-01
5.619624792213643305e-01 6.140612078362885917e-01
5.617950743669269942e-01 6.181700787111439332e-01
5.615097406459598206e-01 6.222274008960462233e-01
5.609354186942426823e-01 6.260988435587706569e-01
5.594714914820714258e-01 6.288313280000772387e-01
5.622489959839357399e-01 6.970954356846472688e-01
5.622489959839357399e-01 7.925311203319501674e-01
5.622489959839357399e-01 7.966804979253111485e-01
5.601082681584729217e-01 9.695044994591909271e-01
5.620530392968420275e-01 9.716539661316935250e-01
5.633663437235726379e-01 9.747607746980050392e-01
5.646713971998168491e-01 9.776831891361615900e-01
5.666818735096229576e-01 9.789036432632797213e-01
5.662650602409639022e-01 3.775933609958506132e-01
5.662650602409639022e-01 5.394190871369294316e-01
5.662650602409639022e-01 5.726141078838173915e-01
5.662650602409639022e-01 5.767634854771783726e-01
5.662650602409639022e-01 7.012448132780082499e-01
5.662650602409639022e-01 7.676348547717842807e-01
5.662650602409639022e-01 7.717842323651452618e-01
5.662650602409639022e-01 7.759336099585062430e-01
5.662650602409639022e-01 7.800829875518672241e-01
5.662650602409639022e-01 7.842323651452282052e-01
5.662650602409639022e-01 7.883817427385891863e-01
5.693849766632564924e-01 9.831869292103867508e-01
5.702811244979919536e-01 3.775933609958506132e-01
5.702811244979919536e-01 4.232365145228215719e-01
5.702811244979919536e-01 4.273858921161825530e-01
5.702811244979919536e-01 5.394190871369294316e-01
5.702811244979919536e-01 5.726141078838173915e-01
5.702811244979919536e-01 7.053941908713693421e-01
5.729581886541517122e-01 7.309346964942190494e-01
5.715073769085527999e-01 7.341123420958401979e-01
5.709199397230939610e-01 7.383891400133348881e-01
5.705578450858546091e-01 7.428002565903772947e-01
5.702811244951263570e-01 7.468879667723653526e-01
5.702811244979919536e-01 7.510373443983402453e-01
5.702811244979919536e-01 7.551867219917012264e-01
5.702811244979919536e-01 7.593360995850622075e-01
5.702811244979919536e-01 7.634854771784231886e-01
5.702811244979919536e-01 7.842323651452282052e-01
5.678382942557753665e-01 9.863182121918718792e-01
5.742971887550201160e-01 3.775933609958506132e-01
5.742971887550201160e-01 5.394190871369294316e-01
5.742971887550201160e-01 5.726141078838173915e-01
5.742971887550201160e-01 7.012448132780082499e-01
5.742971887550201160e-01 7.053941908713693421e-01
5.742971887550201160e-01 7.095435684647303232e-01
5.742971887550201160e-01 7.136929460580913043e-01
5.742971887550201160e-01 7.178423236514522854e-01
5.742971887550201160e-01 7.219917012448132665e-01
5.712600757571753007e-01 7.229311323939161538e-01
5.742971887550201160e-01 7.842323651452282052e-01
5.743973479722743747e-01 9.881680274558064525e-01
5.783132530120481674e-01 3.775933609958506132e-01
5.783132530120481674e-01 5.394190871369294316e-01
5.783132530120481674e-01 5.726141078838173915e-01
5.783132530120481674e-01 6.970954356846472688e-01
5.783132530120481674e-01 7.842323651452282052e-01
5.734109465335776035e-01 9.910178165592995470e-01
5.823293172690763297e-01 3.775933609958506132e-01
5.823293172690763297e-01 5.352697095435684504e-01
5.823293172690763297e-01 5.394190871369294316e-01
5.823293172690763297e-01 5.435684647302904127e-01
5.823293172690763297e-01 5.477178423236515048e-01
5.823293172690763297e-01 5.518672199170124859e-01
5.823293172690763297e-01 5.560165975103734670e-01
5.823293172690763297e-01 5.601659751037344481e-01
5.823293172690763297e-01 5.726141078838173915e-01
5.823293172690763297e-01 6.763485477178423633e-01
5.823293172690763297e-01 6.804979253112033444e-01
5.823293172690763297e-01 6.846473029045643255e-01
5.823293172690763297e-01 6.887966804979253066e-01
5.823293172690763297e-01 6.929460580912862877e-01
5.823293172690763297e-01 7.842323651452282052e-01
5.823293172690763297e-01 8.423236514522821627e-01
5.823293172690763297e-01 8.464730290456431439e-01
5.862688816088929000e-01 8.511894863353427487e-01
5.882396202470853153e-01 8.518161985142101988e-01
5.767624562542631450e-01 9.918888520770146044e-01
5.863453815261043811e-01 3.775933609958506132e-01
5.863453815261043811e-01 5.352697095435684504e-01
5.863453815261043811e-01 5.643153526970954292e-01
5.863453815261043811e-01 5.684647302904564103e-01
5.863453815261043811e-01 5.726141078838173915e-01
5.863453815261043811e-01 6.721991701244813822e-01
5.863453815261043811e-01 7.842323651452282052e-01
5.857255579473592544e-01 8.453730620845719690e-01
5.913188750425495410e-01 8.553900161953217340e-01
5.798517898226298595e-01 9.942736644297838211e-01
5.903614457831325435e-01 3.775933609958506132e-01
5.903614457831325435e-01 5.311203319502074693e-01
5.903614457831325435e-01 5.726141078838173915e-01
5.903614457831325435e-01 7.800829875518672241e-01
5.863401355356516742e-01 8.426277855202494171e-01
5.904422876748911531e-01 8.585510961149859233e-01
5.943775100401605949e-01 3.775933609958506132e-01
5.943775100401605949e-01 3.817427385892115943e-01
5.943775100401605949e-01 3.858921161825726309e-01
5.943775100401605949e-01 3.900414937759336120e-01
5.943775100401605949e-01 5.311203319502074693e-01
5.943775100401605949e-01 5.726141078838173915e-01
5.943775100401605949e-01 7.800829875518672241e-01
5.976530309068973645e-01 8.591341890734756070e-01
5.983935742971887572e-01 3.692946058091286510e-01
5.983935742971887572e-01 3.734439834024896321e-01
5.983935742971887572e-01 3.941908713692945931e-01
5.983935742971887572e-01 3.983402489626555742e-01
5.983935742971887572e-01 5.311203319502074693e-01
5.983935742971887572e-01 5.767634854771783726e-01
5.983935742971887572e-01 5.809128630705394647e-01
5.983935742971887572e-01 7.800829875518672241e-01
5.989321907965866609e-01 8.614197374428758103e-01
6.024096385542169196e-01 3.651452282157676144e-01
6.024096385542169196e-01 4.024896265560166109e-01
6.024096385542169196e-01 4.066390041493775920e-01
6.041549901444330795e-01 4.087766206734407826e-01
6.024096385542169196e-01 5.311203319502074693e-01
6.024096385542169196e-01 5.850622406639004458e-01
6.024096385542169196e-01 5.892116182572614269e-01
6.006987895550072176e-01 5.924354887452011331e-01
6.022701911740103720e-01 5.963219288882463109e-01
6.044632285799697025e-01 5.992176134662926534e-01
6.024096385542169196e-01 7.800829875518672241e-01
6.015502566321618838e-01 8.635723877106928903e-01
6.064257028112449710e-01 3.609958506224066332e-01
6.039907424776145284e-01 4.169205939918911308e-01
6.062634274632698883e-01 4.191964198701449429e-01
6.085181620503106181e-01 4.215088487482973600e-01
6.064257028112449710e-01 5.311203319502074693e-01
6.035913312873133485e-01 6.073896493965612597e-01
6.052074346291163032e-01 6.096343204028387142e-01
6.059231280298233990e-01 6.129675246103709618e-01
6.064245198311453144e-01 6.163530980175964125e-01
6.069988416922540431e-01 6.194921872429781651e-01
6.082867509750911061e-01 6.213190942998836341e-01
6.064257028112449710e-01 7.759336099585062430e-01
6.064257028112449710e-01 8.672199170124481604e-01
6.105368502937333908e-01 3.634916053654015378e-01
6.076794789802941743e-01 4.294510144765461557e-01
6.096291372484254900e-01 4.319463053771828154e-01
6.109501829302597109e-01 4.354403576371888018e-01
6.127475536592963401e-01 4.376675723114773486e-01
6.104417670682731334e-01 5.311203319502074693e-01
6.075734949369642202e-01 6.275839923090722472e-01
6.090881497763755981e-01 6.273651822756094454e-01
6.104417670682731334e-01 7.759336099585062430e-01
6.104417670682731334e-01 8.672199170124481604e-01
6.123586307077791835e-01 3.605626194132346973e-01
6.115880555736955548e-01 4.451873326114730300e-01
6.132643010498147751e-01 4.473258795267883170e-01
6.140805469914928372e-01 4.505068989899550513e-01
6.148235253787722732e-01 4.535725607644936486e-01
6.162095637557220007e-01 4.553651516113229047e-01
6.138111046313431407e-01 5.314393232324637895e-01
6.144578313253011848e-01 7.759336099585062430e-01
6.162357548748266245e-01 8.657348911530102775e-01
6.208237968282362962e-01 3.605537396745516765e-01
6.155397174777051950e-01 4.616425339996242938e-01
6.170695507796070123e-01 4.614119571710925127e-01
6.184738955823293471e-01 5.311203319502074693e-01
6.184738955823293471e-01 7.717842323651452618e-01
6.203064182670375848e-01 8.659745905334825800e-01
6.232657906595602260e-01 3.584509129525854099e-01
6.235028637103721127e-01 5.314393232324637895e-01
6.224899598393573985e-01 7.717842323651452618e-01
6.245065994091316686e-01 8.659125599098156378e-01
6.267568005984565094e-01 3.574469490215874123e-01
6.276303503524893745e-01 5.314844837917026554e-01
6.265060240963855609e-01 7.634854771784231886e-01
6.265060240963855609e-01 7.676348547717842807e-01
6.265060240963855609e-01 7.717842323651452618e-01
6.265060240963855609e-01 7.759336099585062430e-01
6.286976531243333444e-01 8.655240400713632987e-01
6.304849586905990622e-01 3.566758605395902726e-01
6.305220883534136123e-01 5.311203319502074693e-01
6.305220883534136123e-01 7.510373443983402453e-01
6.305220883534136123e-01 7.551867219917012264e-01
6.305220883534136123e-01 7.593360995850622075e-01
6.305220883534136123e-01 7.800829875518672241e-01
6.324244172739642567e-01 8.645463751182655976e-01
6.340971557426043903e-01 3.558133840217946875e-01
6.345381526104417746e-01 5.311203319502074693e-01
6.345381526104417746e-01 7.468879668049792642e-01
6.345381526104417746e-01 7.842323651452282052e-01
6.337841724222769146e-01 8.663010035691728339e-01
6.339127627494988149e-01 8.668858529729343010e-01
6.333848966812026804e-01 8.674971044403636533e-01
6.329328495837059920e-01 8.639213452134977267e-01
6.365429149402013209e-01 3.541490450391306388e-01
6.385542168674698260e-01 5.311203319502074693e-01
6.385542168674698260e-01 7.468879668049792642e-01
6.385542168674698260e-01 7.842323651452282052e-01
6.374071604033639815e-01 8.605379897799667610e-01
6.446202657677337911e-01 3.555293593766299387e-01
6.425702811244979884e-01 5.311203319502074693e-01
6.425702811244979884e-01 7.468879668049792642e-01
6.425702811244979884e-01 7.842323651452282052e-01
6.412352430194721009e-01 8.681626344933870421e-01
6.470851250234561647e-01 3.539305962134284278e-01
6.465863453815261508e-01 5.311203319502074693e-01
6.465863453815261508e-01 7.468879668049792642e-01
6.465863453815261508e-01 7.842323651452282052e-01
6.465863453815261508e-01 7.883817427385891863e-01
6.427598815536628152e-01 8.696149934568206952e-01
6.507517538781709687e-01 3.531750667701606949e-01
6.506024096385542022e-01 5.352697095435684504e-01
6.506024096385542022e-01 7.468879668049792642e-01
6.506024096385542022e-01 7.759336099585062430e-01
6.506024096385542022e-01 7.800829875518672241e-01
6.506024096385542022e-01 7.925311203319501674e-01
6.510378759345937238e-01 8.682068986982431902e-01
6.546184738556686256e-01 3.526970954309067707e-01
6.546184738955823645e-01 5.311203319502074693e-01
6.546184738955823645e-01 5.352697095435684504e-01
6.546184738955823645e-01 5.394190871369294316e-01
6.546184738955823645e-01 5.435684647302904127e-01
6.546184738955823645e-01 7.468879668049792642e-01
6.546184738955823645e-01 7.510373443983402453e-01
6.546184738955823645e-01 7.551867219917012264e-01
6.546184738955823645e-01 7.593360995850622075e-01
6.546184738955823645e-01 7.634854771784231886e-01
6.546184738955823645e-01 7.676348547717842807e-01
6.546184738955823645e-01 7.717842323651452618e-01
6.546184738955823645e-01 7.966804979253111485e-01
6.536338026027558312e-01 8.700558372238975657e-01
6.584682989502386175e-01 3.521769724414815506e-01
6.586345381526104159e-01 5.269709543568464882e-01
6.586345381526104159e-01 5.477178423236515048e-01
6.586345381526104159e-01 7.468879668049792642e-01
6.586345381526104159e-01 7.966804979253111485e-01
6.572919642509720273e-01 8.711973029294841631e-01
6.621272004614808804e-01 3.514104114823174974e-01
6.626506024096385783e-01 5.228215767634855071e-01
6.626506024096385783e-01 5.518672199170124859e-01
6.626506024096385783e-01 7.468879668049792642e-01
6.626506024096385783e-01 8.008298755186722406e-01
6.608701848946736401e-01 8.723490630673569335e-01
6.645789732380459336e-01 3.497961657798049351e-01
6.666666666666666297e-01 5.228215767634855071e-01
6.666666666666666297e-01 5.518672199170124859e-01
6.666666666666666297e-01 7.468879668049792642e-01
6.645997366091856984e-01 8.006209488113988915e-01
6.634548047247031954e-01 8.744131764561262621e-01
6.726700403516266968e-01 3.511290371483694051e-01
6.706827309236947920e-01 5.228215767634855071e-01
6.706827309236947920e-01 5.518672199170124859e-01
6.706827309236947920e-01 7.468879668049792642e-01
6.728234461763028529e-01 8.016177897981109357e-01
6.720919888022441890e-01 8.742222872406197887e-01
6.751108819040951836e-01 3.494456238644699786e-01
6.746987951807228434e-01 5.228215767634855071e-01
6.746987951807228434e-01 5.518672199170124859e-01
6.746987951807228434e-01 7.468879668049792642e-01
6.747442713273472670e-01 8.044190282408820725e-01
6.726002865358737814e-01 8.772158931551454764e-01
6.787148593978372668e-01 3.485477178528252340e-01
6.787148594377510058e-01 5.228215767634855071e-01
6.787148594377510058e-01 5.518672199170124859e-01
6.787148594377510058e-01 7.468879668049792642e-01
6.771037033978797304e-01 8.072851065254511571e-01
6.805631028475187527e-01 8.771572593122303196e-01
6.823188369714068280e-01 3.476498118201772902e-01
6.827309236947791682e-01 5.228215767634855071e-01
6.827309236947791682e-01 5.518672199170124859e-01
6.827309236947791682e-01 7.427385892116182831e-01
6.853159259159462557e-01 8.071627817435491625e-01
6.823704148961575733e-01 8.795764312471194835e-01
6.847765736467014142e-01 3.460085499631743167e-01
6.867469879518072196e-01 5.228215767634855071e-01
6.867469879518072196e-01 5.560165975103734670e-01
6.867469879518072196e-01 7.427385892116182831e-01
6.877206752261887379e-01 8.105298019100282136e-01
6.841776496450225897e-01 8.819815151381820151e-01
6.928656756696497387e-01 3.474062369591498500e-01
6.907630522088353819e-01 5.228215767634855071e-01
6.865644092955832667e-01 5.547628923878653584e-01
6.907630522088353819e-01 7.427385892116182831e-01
6.907630522088353819e-01 8.091286307053942028e-01
6.920553513388355560e-01 8.817624445672289646e-01
6.953315089723697273e-01 3.458736440320441252e-01
6.947791164658634333e-01 5.228215767634855071e-01
6.933861954986719756e-01 5.573878165805921103e-01
6.947791164658634333e-01 7.427385892116182831e-01
6.947791164658634333e-01 8.132780082987551840e-01
6.935989517170606522e-01 8.842878955782533801e-01
6.990144030702600819e-01 3.452231915821263319e-01
6.987951807228915957e-01 5.228215767634855071e-01
6.930103883629732398e-01 5.598739315237593051e-01
6.987951807228915957e-01 7.344398340248963208e-01
6.987951807228915957e-01 7.385892116182573020e-01
6.987951807228915957e-01 7.427385892116182831e-01
6.987951807228915957e-01 8.132780082987551840e-01
7.073535890800946024e-01 8.323213708668143473e-01
6.947955167403512267e-01 8.867390296089605606e-01
7.029100335741064187e-01 3.448804032618587589e-01
7.028112449799196471e-01 5.228215767634855071e-01
6.952044559758620013e-01 5.592026287840516918e-01
7.028112449799196471e-01 7.261410788381742476e-01
7.028112449799196471e-01 7.302904564315352287e-01
7.028112449799196471e-01 7.468879668049792642e-01
7.028112449799196471e-01 8.132780082987551840e-01
7.088221554760353316e-01 8.335857164516612405e-01
6.999124422319696892e-01 8.890485043682860855e-01
7.068742848893149189e-01 3.446565529252344495e-01
7.066249819105420160e-01 5.236042764369220892e-01
7.068273092369478094e-01 7.219917012448132665e-01
7.068273092369478094e-01 7.510373443983402453e-01
7.068273092369478094e-01 8.174273858921161651e-01
7.079162877268087017e-01 8.313679910666808004e-01
7.054088564106192338e-01 8.931199643718411574e-01
7.108574341056232981e-01 3.444799928715743809e-01
7.103324984747310111e-01 5.242015457112164656e-01
7.108433734939758608e-01 7.178423236514522854e-01
7.108433734939758608e-01 7.551867219917012264e-01
7.108433734939758608e-01 8.174273858921161651e-01
7.139374925137822459e-01 8.269961903594372776e-01
7.097412116674099991e-01 8.976272083688489056e-01
7.148284819055721329e-01 3.442745359738997868e-01
7.128420480008959004e-01 5.256189570860759774e-01
7.148594377510040232e-01 7.136929460580913043e-01
7.148594377510040232e-01 7.551867219917012264e-01
7.112221667490690180e-01 8.280056012616612282e-01
7.148362123249558664e-01 8.284371582292699987e-01
7.165701908239885398e-01 8.263131211158197820e-01
7.131885637942492195e-01 9.022751988391913835e-01
7.187870089884568214e-01 3.440447927955480045e-01
7.208839692222140938e-01 5.240200913754674561e-01
7.188755020080320746e-01 7.136929460580913043e-01
7.188755020080320746e-01 7.551867219917012264e-01
7.188755020080320746e-01 7.676348547717842807e-01
7.207990645012073427e-01 7.662054434364576894e-01
7.203600044641830236e-01 7.693440133330887720e-01
7.199005552148632914e-01 7.724156271902017368e-01
7.188755020080320746e-01 7.842323651452282052e-01
7.158561842562817246e-01 8.279133537896287143e-01
7.152399749076180369e-01 9.072818829604575308e-01
7.171947214566357642e-01 9.084846631171427100e-01
7.184900491021294355e-01 9.109257496178490010e-01
7.201804093830473930e-01 9.124237324006824190e-01
7.227135516965413897e-01 3.437522767148853964e-01
7.233734506968526601e-01 5.254023653465705879e-01
7.263140523952084093e-01 7.128495936382454046e-01
7.228915662650602370e-01 7.551867219917012264e-01
7.228915662650602370e-01 7.593360995850622075e-01
7.228915662650602370e-01 7.634854771784231886e-01
7.185321761441069155e-01 8.301336496540189236e-01
7.198346419405775576e-01 9.185901134781137012e-01
7.214644167485299020e-01 9.182547668180587319e-01
7.265645995631863086e-01 3.433609387525299317e-01
7.270569746161860136e-01 5.258835264026570089e-01
7.265784248721834926e-01 7.099647103792879888e-01
7.269076305220883993e-01 7.551867219917012264e-01
7.203574982251089720e-01 8.325587656461012065e-01
7.301636474318315972e-01 3.426423694859200841e-01
7.309236948597754857e-01 5.260068284474695988e-01
7.334712643520420183e-01 7.088477070398891966e-01
7.309236947791164507e-01 7.551867219917012264e-01
7.253354058945065130e-01 8.341113163939150033e-01
7.324565219670444716e-01 3.410229122186952955e-01
7.347904148983912531e-01 5.258835264026570089e-01
7.335466435389503825e-01 7.058738258098981033e-01
7.349397590361446131e-01 7.261410788381742476e-01
7.349397590361446131e-01 7.551867219917012264e-01
7.324587287358850229e-01 8.374780559848561401e-01
7.404683454038881729e-01 3.417128898677729287e-01
7.384739388613802413e-01 5.254023653465705879e-01
7.406470402453401158e-01 7.044839122143276011e-01
7.389558232931726645e-01 7.261410788381742476e-01
7.389558232931726645e-01 7.551867219917012264e-01
7.393268231786628286e-01 8.412393114145041428e-01
7.414424703166592190e-01 3.387428839001186409e-01
7.409634203360188076e-01 5.240200913754674561e-01
7.406217937533515761e-01 7.010440833298889896e-01
7.429718875502008268e-01 7.302904564315352287e-01
7.429718875502008268e-01 7.551867219917012264e-01
7.458920411010044882e-01 8.437808469629602959e-01
7.494393634884786159e-01 3.393258941456428479e-01
7.490053415573370010e-01 5.256189570860759774e-01
7.479215219542552084e-01 6.995035022162905403e-01
7.469879518072288782e-01 7.344398340248963208e-01
7.469879518072288782e-01 7.385892116182573020e-01
7.469879518072288782e-01 7.427385892116182831e-01
7.469879518072288782e-01 7.551867219917012264e-01
7.467313268613238186e-01 8.472099044469872942e-01
7.516935554241395145e-01 3.375716012766337704e-01
7.515148910835018903e-01 5.242015457112164656e-01
7.476870885958528667e-01 6.960644543767979808e-01
7.441712185183173567e-01 7.518938703470210427e-01
7.510040160642570406e-01 7.510373443983402453e-01
7.510040160642570406e-01 7.551867219917012264e-01
7.543734508009261042e-01 8.470213999411407846e-01
7.552309018770960725e-01 3.366682576694278728e-01
7.552224075749313092e-01 5.236042764369220892e-01
7.536872043980314961e-01 6.925240210593190948e-01
7.458658406518429151e-01 7.500074806920720150e-01
7.564199276508792869e-01 8.487354672419223922e-01
7.589497753525579204e-01 3.359741943810353737e-01
7.591349331725000260e-01 5.233036397763816128e-01
7.590361446638130838e-01 6.887966804462267723e-01
7.477495282529348364e-01 7.518735493830872585e-01
7.598481526239270201e-01 8.495553236592877644e-01
7.626352608991678883e-01 3.352649631657390605e-01
7.631051919439583164e-01 5.231263051024460653e-01
7.643850847585950126e-01 6.850693399365315184e-01
7.636085550972152580e-01 8.500237163992915290e-01
7.660324154959348153e-01 3.342941008837646555e-01
7.670972638253410469e-01 5.230101965931998054e-01
7.699892953343046020e-01 6.825194645690426665e-01
7.671876653795302037e-01 8.501876540853027242e-01
7.679801102200276564e-01 3.325161140043041419e-01
7.710992673888672488e-01 5.229285439851399930e-01
7.698611082447446297e-01 6.791610086121291356e-01
7.711302230305723260e-01 8.503916351495627302e-01
7.747664157105759175e-01 3.314701717997093344e-01
7.751064092254750237e-01 5.228680924261742691e-01
7.772408113852292688e-01 6.781639019365488519e-01
7.751153318086948518e-01 8.505154394173496391e-01
7.818450885030056030e-01 3.305282522731023964e-01
7.791164658506004592e-01 5.228215767634855071e-01
7.774326673612544925e-01 6.747458235233156909e-01
7.791224732787763729e-01 8.505758909763153630e-01
7.835923696521680526e-01 3.283323614548455116e-01
7.831325302555712797e-01 5.228215767634855071e-01
7.849493638615134827e-01 6.738643533510593198e-01
7.831265228274864043e-01 8.505758909763153630e-01
7.855598013717157713e-01 3.260734835446375546e-01
7.871485943646566730e-01 5.228215767634855071e-01
7.851340910288913122e-01 6.704224770849076531e-01
7.871336641343136264e-01 8.505154394173496391e-01
7.936105051977432323e-01 3.269446990114571183e-01
7.911646586473914944e-01 5.228215767634855071e-01
7.926229270143306804e-01 6.694847263909752266e-01
7.911356680652755768e-01 8.504337868092898267e-01
7.958974446470187258e-01 3.251801066460953682e-01
7.951807228636742497e-01 5.228215767634855071e-01
7.926037831299276304e-01 6.660847866490359204e-01
7.951277396192403257e-01 8.503176783000435668e-01
7.994437891457895073e-01 3.242740728554250329e-01
7.991967871614477081e-01 5.228215767634855071e-01
7.989455248744892213e-01 6.637782782830777828e-01
7.990979987144786190e-01 8.501403436261080193e-01
8.032000342787781744e-01 3.236174759684414259e-01
8.032128512554943534e-01 5.228215767634855071e-01
8.053873976492453846e-01 6.614628844885773740e-01
8.030105243265992510e-01 8.498397069655675429e-01
8.069557630006751747e-01 3.229609308426202863e-01
8.072289156497972629e-01 5.228215767634855071e-01
8.051481887597187193e-01 6.580964670042194209e-01
8.067180404687828155e-01 8.492424376912731665e-01
8.104890314394600503e-01 3.220494119112314313e-01
8.112449799325320843e-01 5.228215767634855071e-01
8.116072148373808526e-01 6.558036862165957936e-01
8.092215826733030193e-01 8.477785107119325536e-01
8.127327883713336698e-01 3.203070077241332858e-01
8.152550366390572956e-01 5.227750611007967452e-01
8.179464522846432439e-01 6.535385881484915283e-01
8.172844414230825416e-01 8.493169249727147152e-01
8.207024077615554525e-01 3.208094638056426806e-01
8.192621785170470794e-01 5.227146095418310212e-01
8.180295071993808342e-01 6.501728781200443175e-01
8.197879836276027454e-01 8.478529979933741023e-01
8.215799979462539149e-01 3.177074623043953938e-01
8.232641819577914966e-01 5.226329569337712089e-01
8.256557897494425369e-01 6.497051503298673092e-01
8.234954998570978013e-01 8.472557287190797259e-01
8.296144586916728292e-01 3.180820615334181145e-01
8.272562539192097608e-01 5.225168484245249489e-01
8.270985698605602954e-01 6.471473747275405808e-01
8.274080254619423647e-01 8.469550920585392495e-01
8.317423175932020518e-01 3.160712664202531830e-01
8.312265126106325175e-01 5.223395137505894015e-01
8.284458930166550550e-01 6.446613973727318703e-01
8.313782842734184220e-01 8.467777573846037020e-01
8.349243491607760692e-01 3.146341277124105051e-01
8.351390382955126146e-01 5.220388770900489250e-01
8.349274791613263691e-01 6.428500044327934981e-01
8.353643486166968390e-01 8.466151332126686802e-01
8.367089336498614305e-01 3.127119999216614321e-01
8.388525620212752276e-01 5.214881234202356497e-01
8.419634586426403278e-01 6.407187880447744455e-01
8.393574296789617639e-01 8.464730290459584472e-01
8.443169338721221440e-01 3.131048991736140596e-01
8.413650267617216461e-01 5.200846478907213966e-01
8.421021763793563597e-01 6.373613045050441350e-01
8.433505108210541668e-01 8.463309248786176076e-01
8.447372437413617208e-01 3.101267019910853850e-01
8.493839650373741224e-01 5.217047146940797520e-01
8.497793945908381774e-01 6.366154201149059055e-01
8.473365752443681176e-01 8.461683007066825857e-01
8.520900244416901304e-01 3.105053535210455795e-01
8.518635144224157019e-01 5.203568966314390254e-01
8.501641310809412433e-01 6.332575844188270686e-01
8.513068338957731074e-01 8.459909660327470382e-01
8.536154880112665211e-01 3.088446021093542715e-01
8.555083304582442594e-01 5.199791134288728189e-01
8.579529397812368785e-01 6.327197541158136040e-01
8.552193595806532045e-01 8.456903293722065618e-01
8.562131720851269279e-01 3.080913434051464339e-01
8.592926948645711605e-01 5.200322966044962358e-01
8.585392604605388556e-01 6.294484605222430140e-01
8.589268758101482604e-01 8.450930600979121854e-01
8.585995124076982732e-01 3.077000054427909692e-01
8.628918054519710834e-01 5.205555865029066753e-01
8.663638150674780603e-01 6.295819341666857305e-01
8.614304180146684642e-01 8.436291331185715725e-01
8.596026466216847295e-01 3.074540050248171230e-01
8.652748201962515706e-01 5.220354005648016882e-01
8.681029919640116388e-01 6.277146952688554826e-01
8.694872692681804294e-01 8.451210317748726331e-01
8.732915047876887993e-01 5.207654006877736608e-01
8.710769156023745463e-01 6.266023185216682556e-01
8.719818888785668687e-01 8.435966532292903386e-01
8.756038957622533925e-01 5.226015083677656436e-01
8.743050672533738688e-01 6.253498299974808994e-01
8.756584494445289746e-01 8.428755796362773500e-01
8.785309406749185479e-01 5.237962460593142966e-01
8.762431383884724534e-01 6.233550730157504383e-01
8.795223602861007572e-01 8.424056513345229424e-01
8.806035333232632434e-01 5.258001843100236217e-01
8.838554886438562130e-01 6.233254714370937144e-01
8.834091048752800157e-01 8.419823162571654640e-01
8.888432256663293396e-01 5.257530822196426756e-01
8.839921124763862048e-01 6.201030345019185042e-01
8.872361604608670627e-01 8.414748698437714003e-01
8.891665401520678635e-01 5.288593718792694576e-01
8.894838759793439742e-01 6.177625354085720666e-01
8.908211478033574160e-01 8.406746479763776980e-01
8.973055186898384328e-01 5.295008749158133243e-01
8.949896332442697222e-01 6.142028985615746173e-01
8.931050997444365258e-01 8.389947390264959060e-01
8.974706842414436059e-01 5.327064976950187658e-01
9.008746304166835861e-01 6.103564836141601724e-01
9.011109156850126700e-01 8.396382010710924382e-01
9.052559911688587979e-01 5.333012633558934512e-01
9.064959139978311375e-01 6.078023845532761760e-01
9.020850405977837161e-01 8.366681951034381504e-01
9.057600516176045335e-01 5.366385633892020168e-01
9.063530391363621153e-01 6.044432184628995008e-01
9.100988291252598561e-01 8.372933572415200976e-01
9.138639704006383813e-01 5.370254998773537070e-01
9.137098181209186709e-01 6.034195444138944486e-01
9.123776431343177951e-01 8.355922470824731496e-01
9.154522623880821941e-01 5.395486576666091993e-01
9.138583606123048542e-01 6.000010778719783167e-01
9.159526984454188225e-01 8.347575693648247031e-01
9.166774796667961356e-01 5.419507518157563597e-01
9.213244470647988793e-01 5.990483104164375794e-01
9.197579410447725978e-01 8.341888967867413518e-01
9.245080624337226327e-01 5.425796673292123673e-01
9.215971361359499570e-01 5.954447674943729174e-01
9.235869523422827188e-01 8.336422596791231987e-01
9.239179169372038203e-01 5.455484742190518377e-01
9.292231543068156796e-01 5.918841063744423314e-01
9.272458541227353024e-01 8.328756988072706369e-01
9.300252666176076488e-01 5.490552336479928019e-01
9.317269076305221276e-01 5.892116182572614269e-01
9.297184404163401084e-01 8.312879673927960900e-01
9.357429718875501790e-01 5.518672199170124859e-01
9.357429718875501790e-01 5.892116182572614269e-01
9.377832642567519583e-01 8.327615664918285310e-01
9.397590361445783413e-01 5.560165975103734670e-01
9.397590361445783413e-01 5.850622406639004458e-01
9.402699111638231910e-01 8.312554876199301779e-01
9.437751004016063927e-01 5.601659751037344481e-01
9.462923984983973025e-01 5.656123210128234380e-01
9.440544674007724790e-01 5.811324445009077300e-01
9.439774277280121861e-01 8.306582183456358015e-01
9.490521144230352757e-01 5.726814180442529878e-01
9.441615176961259959e-01 5.784295275285685767e-01
9.478839455528269564e-01 8.304040973768879175e-01
9.523043684403310616e-01 5.756278744873617459e-01
9.504632784028436143e-01 5.739731270939698593e-01
9.477386400776813824e-01 5.743921200543858907e-01
9.518512895647509575e-01 8.302406985774014592e-01
9.507131085106467205e-01 5.747074493181918431e-01
9.558382231712331256e-01 8.301457911026973724e-01
9.531345664463697354e-01 5.733793267489437628e-01
9.598302950098696051e-01 8.300985943958240076e-01
9.545777324160718003e-01 5.718316968039636183e-01
9.638156236537889221e-01 8.300993689797196984e-01
9.563625042465138115e-01 5.735037539915579519e-01
9.677619396716328204e-01 8.301296396991547644e-01
9.712039028531890272e-01 8.304123364384595751e-01
9.735923670568918942e-01 8.312577933417942821e-01
9.780426910815640529e-01 8.259873412340817955e-01
9.835436760167868275e-01 8.311621112395387589e-01
9.855656786990093510e-01 8.301721513150569498e-01
9.881952527712237755e-01 8.295788860293414890e-01
9.894849013903712631e-01 8.285889261048596799e-01
9.915497973561286926e-01 8.299457326964223558e-01
