0.000000000000000000e+00 8.237704918032786594e-01
0.000000000000000000e+00 8.278688524590164244e-01
0.000000000000000000e+00 8.319672131147540783e-01
0.000000000000000000e+00 8.360655737704918433e-01
0.000000000000000000e+00 8.647540983606557541e-01
0.000000000000000000e+00 8.688524590163934080e-01
0.000000000000000000e+00 8.729508196721311730e-01
0.000000000000000000e+00 8.770491803278688270e-01
4.032258064516128920e-03 8.401639344262294973e-01
4.032258064516128920e-03 8.606557377049179891e-01
8.064516129032257841e-03 8.442622950819672623e-01
8.064516129032257841e-03 8.565573770491803351e-01
1.209677419354838676e-02 8.483606557377049162e-01
1.209677419354838676e-02 8.524590163934425702e-01
1.612903225806451568e-02 8.483606557377049162e-01
2.016129032258064460e-02 8.483606557377049162e-01
2.419354838709677352e-02 8.483606557377049162e-01
2.822580645161290244e-02 8.483606557377049162e-01
3.225806451612903136e-02 8.483606557377049162e-01
3.629032258064516375e-02 8.483606557377049162e-01
4.032258064516128920e-02 8.483606557377049162e-01
4.435483870967742159e-02 8.483606557377049162e-01
4.838709677419354704e-02 8.483606557377049162e-01
5.241935483870967943e-02 8.483606557377049162e-01
5.645161290322580488e-02 8.483606557377049162e-01
6.048387096774193727e-02 8.483606557377049162e-01
6.451612903225806273e-02 8.483606557377049162e-01
6.854838709677418818e-02 8.483606557377049162e-01
7.258064516129032751e-02 8.483606557377049162e-01
7.661290322580645296e-02 8.483606557377049162e-01
8.064516129032257841e-02 8.524590163934425702e-01
8.467741935483870386e-02 8.524590163934425702e-01
8.870967741935484319e-02 8.565573770491803351e-01
9.274193548387096864e-02 8.565573770491803351e-01
9.677419354838709409e-02 8.565573770491803351e-01
1.008064516129032195e-01 8.606557377049179891e-01
1.048387096774193589e-01 8.606557377049179891e-01
1.088709677419354843e-01 8.606557377049179891e-01
1.129032258064516098e-01 8.647540983606557541e-01
1.169354838709677352e-01 8.647540983606557541e-01
1.209677419354838745e-01 8.647540983606557541e-01
1.250000000000000000e-01 6.229508196721311730e-01
1.250000000000000000e-01 8.647540983606557541e-01
1.290322580645161255e-01 6.229508196721311730e-01
1.290322580645161255e-01 8.647540983606557541e-01
1.330645161290322509e-01 6.270491803278688270e-01
1.330645161290322509e-01 8.688524590163934080e-01
1.370967741935483764e-01 6.270491803278688270e-01
1.370967741935483764e-01 8.688524590163934080e-01
1.411290322580645296e-01 6.270491803278688270e-01
1.411290322580645296e-01 8.688524590163934080e-01
1.451612903225806550e-01 6.229508196721311730e-01
1.451612903225806550e-01 8.688524590163934080e-01
1.491935483870967805e-01 6.229508196721311730e-01
1.491935483870967805e-01 8.688524590163934080e-01
1.532258064516129059e-01 6.229508196721311730e-01
1.532258064516129059e-01 8.688524590163934080e-01
1.572580645161290314e-01 4.590163934426229608e-01
1.572580645161290314e-01 6.229508196721311730e-01
1.572580645161290314e-01 8.688524590163934080e-01
1.612903225806451568e-01 4.590163934426229608e-01
1.612903225806451568e-01 6.229508196721311730e-01
1.612903225806451568e-01 8.729508196721311730e-01
1.653225806451612823e-01 4.631147540983606703e-01
1.653225806451612823e-01 6.188524590163934080e-01
1.653225806451612823e-01 8.729508196721311730e-01
1.693548387096774077e-01 4.590163934426229608e-01
1.693548387096774077e-01 6.229508196721311730e-01
1.693548387096774077e-01 8.729508196721311730e-01
1.733870967741935609e-01 4.590163934426229608e-01
1.733870967741935609e-01 6.229508196721311730e-01
1.733870967741935609e-01 8.729508196721311730e-01
1.774193548387096864e-01 4.590163934426229608e-01
1.774193548387096864e-01 6.229508196721311730e-01
1.774193548387096864e-01 8.729508196721311730e-01
1.814516129032258118e-01 4.590163934426229608e-01
1.814516129032258118e-01 6.229508196721311730e-01
1.814516129032258118e-01 8.688524590163934080e-01
1.854838709677419373e-01 4.590163934426229608e-01
1.854838709677419373e-01 6.229508196721311730e-01
1.854838709677419373e-01 8.688524590163934080e-01
1.895161290322580627e-01 4.590163934426229608e-01
1.895161290322580627e-01 6.229508196721311730e-01
1.895161290322580627e-01 8.688524590163934080e-01
1.935483870967741882e-01 4.590163934426229608e-01
1.935483870967741882e-01 6.229508196721311730e-01
1.935483870967741882e-01 8.688524590163934080e-01
1.975806451612903136e-01 4.590163934426229608e-01
1.975806451612903136e-01 6.229508196721311730e-01
1.975806451612903136e-01 8.688524590163934080e-01
2.016129032258064391e-01 4.590163934426229608e-01
2.016129032258064391e-01 6.229508196721311730e-01
2.016129032258064391e-01 8.688524590163934080e-01
2.056451612903225923e-01 4.549180327868852514e-01
2.056451612903225923e-01 6.270491803278688270e-01
2.056451612903225923e-01 8.688524590163934080e-01
2.096774193548387177e-01 4.549180327868852514e-01
2.096774193548387177e-01 6.270491803278688270e-01
2.096774193548387177e-01 8.647540983606557541e-01
2.137096774193548432e-01 4.549180327868852514e-01
2.137096774193548432e-01 6.270491803278688270e-01
2.137096774193548432e-01 8.647540983606557541e-01
2.177419354838709686e-01 4.508196721311475419e-01
2.177419354838709686e-01 6.229508196721311730e-01
2.177419354838709686e-01 8.647540983606557541e-01
2.217741935483870941e-01 4.508196721311475419e-01
2.217741935483870941e-01 6.229508196721311730e-01
2.217741935483870941e-01 8.606557377049179891e-01
2.258064516129032195e-01 4.508196721311475419e-01
2.258064516129032195e-01 6.229508196721311730e-01
2.258064516129032195e-01 8.606557377049179891e-01
2.298387096774193450e-01 4.508196721311475419e-01
2.298387096774193450e-01 6.229508196721311730e-01
2.298387096774193450e-01 8.606557377049179891e-01
2.338709677419354704e-01 4.508196721311475419e-01
2.338709677419354704e-01 6.229508196721311730e-01
2.338709677419354704e-01 8.606557377049179891e-01
2.379032258064516236e-01 4.508196721311475419e-01
2.379032258064516236e-01 6.229508196721311730e-01
2.379032258064516236e-01 8.606557377049179891e-01
2.419354838709677491e-01 4.508196721311475419e-01
2.419354838709677491e-01 6.229508196721311730e-01
2.419354838709677491e-01 8.606557377049179891e-01
2.459677419354838745e-01 4.508196721311475419e-01
2.459677419354838745e-01 6.229508196721311730e-01
2.459677419354838745e-01 8.606557377049179891e-01
2.500000000000000000e-01 4.508196721311475419e-01
2.500000000000000000e-01 6.229508196721311730e-01
2.500000000000000000e-01 8.606557377049179891e-01
2.540322580645161255e-01 4.508196721311475419e-01
2.540322580645161255e-01 6.229508196721311730e-01
2.540322580645161255e-01 8.606557377049179891e-01
2.580645161290322509e-01 4.508196721311475419e-01
2.580645161290322509e-01 6.229508196721311730e-01
2.580645161290322509e-01 8.606557377049179891e-01
2.580645161290322509e-01 9.098360655737705027e-01
2.620967741935483764e-01 4.508196721311475419e-01
2.620967741935483764e-01 6.229508196721311730e-01
2.620967741935483764e-01 8.606557377049179891e-01
2.620967741935483764e-01 9.057377049180327377e-01
2.661290322580645018e-01 3.237704918032787149e-01
2.661290322580645018e-01 4.549180327868852514e-01
2.661290322580645018e-01 6.229508196721311730e-01
2.661290322580645018e-01 8.606557377049179891e-01
2.661290322580645018e-01 9.057377049180327377e-01
2.701612903225806273e-01 3.237704918032787149e-01
2.701612903225806273e-01 4.549180327868852514e-01
2.701612903225806273e-01 6.229508196721311730e-01
2.701612903225806273e-01 8.606557377049179891e-01
2.701612903225806273e-01 9.016393442622950838e-01
2.741935483870967527e-01 3.237704918032787149e-01
2.741935483870967527e-01 4.549180327868852514e-01
2.741935483870967527e-01 6.229508196721311730e-01
2.741935483870967527e-01 8.606557377049179891e-01
2.741935483870967527e-01 8.975409836065574298e-01
2.782258064516128782e-01 3.196721311475410054e-01
2.782258064516128782e-01 4.549180327868852514e-01
2.782258064516128782e-01 6.229508196721311730e-01
2.782258064516128782e-01 8.606557377049179891e-01
2.782258064516128782e-01 8.975409836065574298e-01
2.822580645161290591e-01 3.196721311475410054e-01
2.822580645161290591e-01 4.590163934426229608e-01
2.822580645161290591e-01 6.229508196721311730e-01
2.822580645161290591e-01 8.647540983606557541e-01
2.822580645161290591e-01 8.975409836065574298e-01
2.862903225806451846e-01 3.196721311475410054e-01
2.862903225806451846e-01 4.590163934426229608e-01
2.862903225806451846e-01 6.188524590163934080e-01
2.862903225806451846e-01 8.647540983606557541e-01
2.862903225806451846e-01 8.934426229508196649e-01
2.903225806451613100e-01 3.196721311475410054e-01
2.903225806451613100e-01 4.590163934426229608e-01
2.903225806451613100e-01 6.188524590163934080e-01
2.903225806451613100e-01 8.647540983606557541e-01
2.903225806451613100e-01 8.893442622950820109e-01
2.943548387096774355e-01 3.196721311475410054e-01
2.943548387096774355e-01 4.631147540983606703e-01
2.943548387096774355e-01 6.188524590163934080e-01
2.943548387096774355e-01 8.688524590163934080e-01
2.943548387096774355e-01 8.852459016393442459e-01
2.983870967741935609e-01 3.155737704918032960e-01
2.983870967741935609e-01 4.631147540983606703e-01
2.983870967741935609e-01 6.188524590163934080e-01
2.983870967741935609e-01 8.729508196721311730e-01
2.983870967741935609e-01 8.770491803278688270e-01
2.983870967741935609e-01 8.811475409836065920e-01
3.024193548387096864e-01 3.155737704918032960e-01
3.024193548387096864e-01 4.631147540983606703e-01
3.024193548387096864e-01 6.188524590163934080e-01
3.024193548387096864e-01 8.729508196721311730e-01
3.064516129032258118e-01 3.155737704918032960e-01
3.064516129032258118e-01 4.631147540983606703e-01
3.064516129032258118e-01 6.188524590163934080e-01
3.064516129032258118e-01 8.729508196721311730e-01
3.104838709677419373e-01 3.155737704918032960e-01
3.104838709677419373e-01 4.672131147540983798e-01
3.104838709677419373e-01 6.188524590163934080e-01
3.104838709677419373e-01 8.688524590163934080e-01
3.145161290322580627e-01 3.155737704918032960e-01
3.145161290322580627e-01 4.631147540983606703e-01
3.145161290322580627e-01 6.188524590163934080e-01
3.145161290322580627e-01 8.688524590163934080e-01
3.185483870967741882e-01 3.155737704918032960e-01
3.185483870967741882e-01 4.631147540983606703e-01
3.185483870967741882e-01 6.188524590163934080e-01
3.185483870967741882e-01 8.688524590163934080e-01
3.225806451612903136e-01 3.155737704918032960e-01
3.225806451612903136e-01 4.631147540983606703e-01
3.225806451612903136e-01 6.188524590163934080e-01
3.225806451612903136e-01 8.688524590163934080e-01
3.266129032258064391e-01 3.155737704918032960e-01
3.266129032258064391e-01 4.590163934426229608e-01
3.266129032258064391e-01 5.696721311475410054e-01
3.266129032258064391e-01 6.188524590163934080e-01
3.266129032258064391e-01 8.688524590163934080e-01
3.306451612903225645e-01 3.155737704918032960e-01
3.306451612903225645e-01 4.590163934426229608e-01
3.306451612903225645e-01 5.737704918032786594e-01
3.306451612903225645e-01 5.778688524590164244e-01
3.306451612903225645e-01 6.188524590163934080e-01
3.306451612903225645e-01 8.688524590163934080e-01
3.346774193548386900e-01 3.155737704918032960e-01
3.346774193548386900e-01 4.590163934426229608e-01
3.346774193548386900e-01 5.819672131147540783e-01
3.346774193548386900e-01 6.188524590163934080e-01
3.346774193548386900e-01 8.688524590163934080e-01
3.387096774193548154e-01 3.155737704918032960e-01
3.387096774193548154e-01 4.549180327868852514e-01
3.387096774193548154e-01 5.860655737704918433e-01
3.387096774193548154e-01 6.188524590163934080e-01
3.387096774193548154e-01 8.688524590163934080e-01
3.427419354838709409e-01 3.155737704918032960e-01
3.427419354838709409e-01 4.549180327868852514e-01
3.427419354838709409e-01 5.901639344262294973e-01
3.427419354838709409e-01 5.942622950819672623e-01
3.427419354838709409e-01 5.983606557377049162e-01
3.427419354838709409e-01 6.147540983606557541e-01
3.427419354838709409e-01 8.688524590163934080e-01
3.467741935483871218e-01 3.114754098360655865e-01
3.467741935483871218e-01 4.549180327868852514e-01
3.467741935483871218e-01 6.024590163934425702e-01
3.467741935483871218e-01 6.065573770491803351e-01
3.467741935483871218e-01 6.106557377049179891e-01
3.467741935483871218e-01 8.688524590163934080e-01
3.508064516129032473e-01 3.114754098360655865e-01
3.508064516129032473e-01 4.549180327868852514e-01
3.508064516129032473e-01 6.106557377049179891e-01
3.508064516129032473e-01 8.688524590163934080e-01
3.548387096774193727e-01 3.114754098360655865e-01
3.548387096774193727e-01 4.549180327868852514e-01
3.548387096774193727e-01 6.147540983606557541e-01
3.548387096774193727e-01 8.688524590163934080e-01
3.588709677419354982e-01 3.114754098360655865e-01
3.588709677419354982e-01 4.549180327868852514e-01
3.588709677419354982e-01 6.147540983606557541e-01
3.588709677419354982e-01 8.688524590163934080e-01
3.629032258064516236e-01 3.114754098360655865e-01
3.629032258064516236e-01 4.549180327868852514e-01
3.629032258064516236e-01 6.147540983606557541e-01
3.629032258064516236e-01 8.688524590163934080e-01
3.669354838709677491e-01 3.155737704918032960e-01
3.669354838709677491e-01 4.549180327868852514e-01
3.669354838709677491e-01 6.147540983606557541e-01
3.669354838709677491e-01 8.688524590163934080e-01
3.709677419354838745e-01 3.155737704918032960e-01
3.709677419354838745e-01 4.549180327868852514e-01
3.709677419354838745e-01 6.147540983606557541e-01
3.709677419354838745e-01 8.688524590163934080e-01
3.750000000000000000e-01 3.155737704918032960e-01
3.750000000000000000e-01 4.508196721311475419e-01
3.750000000000000000e-01 6.147540983606557541e-01
3.750000000000000000e-01 8.688524590163934080e-01
3.790322580645161255e-01 3.155737704918032960e-01
3.790322580645161255e-01 4.508196721311475419e-01
3.790322580645161255e-01 6.188524590163934080e-01
3.790322580645161255e-01 6.885245901639344135e-01
3.790322580645161255e-01 8.688524590163934080e-01
3.790322580645161255e-01 9.385245901639344135e-01
3.790322580645161255e-01 9.426229508196721785e-01
3.830645161290322509e-01 3.155737704918032960e-01
3.830645161290322509e-01 4.508196721311475419e-01
3.830645161290322509e-01 6.188524590163934080e-01
3.830645161290322509e-01 6.844262295081967595e-01
3.830645161290322509e-01 8.688524590163934080e-01
3.830645161290322509e-01 9.262295081967213406e-01
3.830645161290322509e-01 9.303278688524589946e-01
3.830645161290322509e-01 9.344262295081967595e-01
3.830645161290322509e-01 9.467213114754098324e-01
3.830645161290322509e-01 9.508196721311474864e-01
3.830645161290322509e-01 9.549180327868852514e-01
3.830645161290322509e-01 9.590163934426229053e-01
3.830645161290322509e-01 9.631147540983606703e-01
3.830645161290322509e-01 9.672131147540983243e-01
3.830645161290322509e-01 9.713114754098360892e-01
3.830645161290322509e-01 9.754098360655737432e-01
3.830645161290322509e-01 9.795081967213115082e-01
3.830645161290322509e-01 9.836065573770491621e-01
3.830645161290322509e-01 9.877049180327869271e-01
3.870967741935483764e-01 3.155737704918032960e-01
3.870967741935483764e-01 4.508196721311475419e-01
3.870967741935483764e-01 6.188524590163934080e-01
3.870967741935483764e-01 6.803278688524589946e-01
3.870967741935483764e-01 8.688524590163934080e-01
3.870967741935483764e-01 9.098360655737705027e-01
3.870967741935483764e-01 9.139344262295081567e-01
3.870967741935483764e-01 9.180327868852459217e-01
3.870967741935483764e-01 9.221311475409835756e-01
3.870967741935483764e-01 9.918032786885245811e-01
3.870967741935483764e-01 9.959016393442623460e-01
3.911290322580645018e-01 3.155737704918032960e-01
3.911290322580645018e-01 4.139344262295082122e-01
3.911290322580645018e-01 4.508196721311475419e-01
3.911290322580645018e-01 6.188524590163934080e-01
3.911290322580645018e-01 6.762295081967213406e-01
3.911290322580645018e-01 8.688524590163934080e-01
3.911290322580645018e-01 8.852459016393442459e-01
3.911290322580645018e-01 8.893442622950820109e-01
3.911290322580645018e-01 8.934426229508196649e-01
3.911290322580645018e-01 8.975409836065574298e-01
3.911290322580645018e-01 9.016393442622950838e-01
3.911290322580645018e-01 9.057377049180327377e-01
3.911290322580645018e-01 1.000000000000000000e+00
3.951612903225806273e-01 3.155737704918032960e-01
3.951612903225806273e-01 4.139344262295082122e-01
3.951612903225806273e-01 4.508196721311475419e-01
3.951612903225806273e-01 6.188524590163934080e-01
3.951612903225806273e-01 6.721311475409835756e-01
3.951612903225806273e-01 8.729508196721311730e-01
3.951612903225806273e-01 8.770491803278688270e-01
3.951612903225806273e-01 8.811475409836065920e-01
3.991935483870967527e-01 3.155737704918032960e-01
3.991935483870967527e-01 4.139344262295082122e-01
3.991935483870967527e-01 4.508196721311475419e-01
3.991935483870967527e-01 6.188524590163934080e-01
3.991935483870967527e-01 6.721311475409835756e-01
3.991935483870967527e-01 8.688524590163934080e-01
4.032258064516128782e-01 3.155737704918032960e-01
4.032258064516128782e-01 4.180327868852459217e-01
4.032258064516128782e-01 4.508196721311475419e-01
4.032258064516128782e-01 6.188524590163934080e-01
4.032258064516128782e-01 6.680327868852459217e-01
4.032258064516128782e-01 8.688524590163934080e-01
4.072580645161290591e-01 3.155737704918032960e-01
4.072580645161290591e-01 4.180327868852459217e-01
4.072580645161290591e-01 4.508196721311475419e-01
4.072580645161290591e-01 6.188524590163934080e-01
4.072580645161290591e-01 6.639344262295081567e-01
4.072580645161290591e-01 8.032786885245901676e-01
4.072580645161290591e-01 8.073770491803278215e-01
4.072580645161290591e-01 8.688524590163934080e-01
4.112903225806451846e-01 3.155737704918032960e-01
4.112903225806451846e-01 4.180327868852459217e-01
4.112903225806451846e-01 4.508196721311475419e-01
4.112903225806451846e-01 6.229508196721311730e-01
4.112903225806451846e-01 6.557377049180327377e-01
4.112903225806451846e-01 6.598360655737705027e-01
4.112903225806451846e-01 8.114754098360655865e-01
4.112903225806451846e-01 8.647540983606557541e-01
4.153225806451613100e-01 3.196721311475410054e-01
4.153225806451613100e-01 4.180327868852459217e-01
4.153225806451613100e-01 6.270491803278688270e-01
4.153225806451613100e-01 6.475409836065574298e-01
4.153225806451613100e-01 6.516393442622950838e-01
4.153225806451613100e-01 8.155737704918032405e-01
4.153225806451613100e-01 8.647540983606557541e-01
4.193548387096774355e-01 3.155737704918032960e-01
4.193548387096774355e-01 4.180327868852459217e-01
4.193548387096774355e-01 6.311475409836065920e-01
4.193548387096774355e-01 6.352459016393442459e-01
4.193548387096774355e-01 6.393442622950820109e-01
4.193548387096774355e-01 6.434426229508196649e-01
4.193548387096774355e-01 8.196721311475410054e-01
4.193548387096774355e-01 8.647540983606557541e-01
4.233870967741935609e-01 3.155737704918032960e-01
4.233870967741935609e-01 4.180327868852459217e-01
4.233870967741935609e-01 6.311475409836065920e-01
4.233870967741935609e-01 8.237704918032786594e-01
4.233870967741935609e-01 8.647540983606557541e-01
4.274193548387096864e-01 3.155737704918032960e-01
4.274193548387096864e-01 4.221311475409836311e-01
4.274193548387096864e-01 6.311475409836065920e-01
4.274193548387096864e-01 8.278688524590164244e-01
4.274193548387096864e-01 8.647540983606557541e-01
4.314516129032258118e-01 3.155737704918032960e-01
4.314516129032258118e-01 4.221311475409836311e-01
4.314516129032258118e-01 6.270491803278688270e-01
4.314516129032258118e-01 8.319672131147540783e-01
4.314516129032258118e-01 8.606557377049179891e-01
4.354838709677419373e-01 3.155737704918032960e-01
4.354838709677419373e-01 4.221311475409836311e-01
4.354838709677419373e-01 6.270491803278688270e-01
4.354838709677419373e-01 8.360655737704918433e-01
4.354838709677419373e-01 8.401639344262294973e-01
4.354838709677419373e-01 8.565573770491803351e-01
4.395161290322580627e-01 3.155737704918032960e-01
4.395161290322580627e-01 4.262295081967212851e-01
4.395161290322580627e-01 6.270491803278688270e-01
4.395161290322580627e-01 8.442622950819672623e-01
4.395161290322580627e-01 8.483606557377049162e-01
4.395161290322580627e-01 8.524590163934425702e-01
4.395161290322580627e-01 9.959016393442623460e-01
4.435483870967741882e-01 3.155737704918032960e-01
4.435483870967741882e-01 4.303278688524589946e-01
4.435483870967741882e-01 4.344262295081967040e-01
4.435483870967741882e-01 5.860655737704918433e-01
4.435483870967741882e-01 6.270491803278688270e-01
4.435483870967741882e-01 8.524590163934425702e-01
4.435483870967741882e-01 9.959016393442623460e-01
4.475806451612903136e-01 3.155737704918032960e-01
4.475806451612903136e-01 4.385245901639344135e-01
4.475806451612903136e-01 5.860655737704918433e-01
4.475806451612903136e-01 6.270491803278688270e-01
4.475806451612903136e-01 8.565573770491803351e-01
4.475806451612903136e-01 9.959016393442623460e-01
4.516129032258064391e-01 3.114754098360655865e-01
4.516129032258064391e-01 4.426229508196721230e-01
4.516129032258064391e-01 5.901639344262294973e-01
4.516129032258064391e-01 6.270491803278688270e-01
4.516129032258064391e-01 8.565573770491803351e-01
4.516129032258064391e-01 9.959016393442623460e-01
4.556451612903225645e-01 3.114754098360655865e-01
4.556451612903225645e-01 4.467213114754098324e-01
4.556451612903225645e-01 5.942622950819672623e-01
4.556451612903225645e-01 6.229508196721311730e-01
4.556451612903225645e-01 8.606557377049179891e-01
4.596774193548386900e-01 3.155737704918032960e-01
4.596774193548386900e-01 4.508196721311475419e-01
4.596774193548386900e-01 5.983606557377049162e-01
4.596774193548386900e-01 6.024590163934425702e-01
4.596774193548386900e-01 6.188524590163934080e-01
4.596774193548386900e-01 8.606557377049179891e-01
4.637096774193548154e-01 3.155737704918032960e-01
4.637096774193548154e-01 4.549180327868852514e-01
4.637096774193548154e-01 6.065573770491803351e-01
4.637096774193548154e-01 6.106557377049179891e-01
4.637096774193548154e-01 6.147540983606557541e-01
4.637096774193548154e-01 8.647540983606557541e-01
4.677419354838709409e-01 3.155737704918032960e-01
4.677419354838709409e-01 4.549180327868852514e-01
4.677419354838709409e-01 6.147540983606557541e-01
4.677419354838709409e-01 8.647540983606557541e-01
4.717741935483871218e-01 3.155737704918032960e-01
4.717741935483871218e-01 4.549180327868852514e-01
4.717741935483871218e-01 6.188524590163934080e-01
4.717741935483871218e-01 8.647540983606557541e-01
4.758064516129032473e-01 3.155737704918032960e-01
4.758064516129032473e-01 4.549180327868852514e-01
4.758064516129032473e-01 6.188524590163934080e-01
4.758064516129032473e-01 8.647540983606557541e-01
4.758064516129032473e-01 8.893442622950820109e-01
4.758064516129032473e-01 8.934426229508196649e-01
4.758064516129032473e-01 9.672131147540983243e-01
4.758064516129032473e-01 9.713114754098360892e-01
4.758064516129032473e-01 9.754098360655737432e-01
4.758064516129032473e-01 9.795081967213115082e-01
4.758064516129032473e-01 9.836065573770491621e-01
4.798387096774193727e-01 3.155737704918032960e-01
4.798387096774193727e-01 4.549180327868852514e-01
4.798387096774193727e-01 4.959016393442622905e-01
4.798387096774193727e-01 6.229508196721311730e-01
4.798387096774193727e-01 8.647540983606557541e-01
4.798387096774193727e-01 8.852459016393442459e-01
4.798387096774193727e-01 8.975409836065574298e-01
4.798387096774193727e-01 9.631147540983606703e-01
4.798387096774193727e-01 9.877049180327869271e-01
4.838709677419354982e-01 3.155737704918032960e-01
4.838709677419354982e-01 4.549180327868852514e-01
4.838709677419354982e-01 4.918032786885245811e-01
4.838709677419354982e-01 6.229508196721311730e-01
4.838709677419354982e-01 8.688524590163934080e-01
4.838709677419354982e-01 8.811475409836065920e-01
4.838709677419354982e-01 9.016393442622950838e-01
4.838709677419354982e-01 9.590163934426229053e-01
4.838709677419354982e-01 9.877049180327869271e-01
4.879032258064516236e-01 3.114754098360655865e-01
4.879032258064516236e-01 3.360655737704917878e-01
4.879032258064516236e-01 3.401639344262294973e-01
4.879032258064516236e-01 3.442622950819672067e-01
4.879032258064516236e-01 3.483606557377049162e-01
4.879032258064516236e-01 4.590163934426229608e-01
4.879032258064516236e-01 4.918032786885245811e-01
4.879032258064516236e-01 6.229508196721311730e-01
4.879032258064516236e-01 8.729508196721311730e-01
4.879032258064516236e-01 8.770491803278688270e-01
4.879032258064516236e-01 9.057377049180327377e-01
4.879032258064516236e-01 9.549180327868852514e-01
4.879032258064516236e-01 9.877049180327869271e-01
4.919354838709677491e-01 3.114754098360655865e-01
4.919354838709677491e-01 3.319672131147540783e-01
4.919354838709677491e-01 4.631147540983606703e-01
4.919354838709677491e-01 4.918032786885245811e-01
4.919354838709677491e-01 6.270491803278688270e-01
4.919354838709677491e-01 8.729508196721311730e-01
4.919354838709677491e-01 9.098360655737705027e-01
4.919354838709677491e-01 9.139344262295081567e-01
4.919354838709677491e-01 9.180327868852459217e-01
4.919354838709677491e-01 9.221311475409835756e-01
4.919354838709677491e-01 9.262295081967213406e-01
4.919354838709677491e-01 9.303278688524589946e-01
4.919354838709677491e-01 9.344262295081967595e-01
4.919354838709677491e-01 9.385245901639344135e-01
4.919354838709677491e-01 9.426229508196721785e-01
4.919354838709677491e-01 9.467213114754098324e-01
4.919354838709677491e-01 9.508196721311474864e-01
4.919354838709677491e-01 9.918032786885245811e-01
4.959677419354838745e-01 3.155737704918032960e-01
4.959677419354838745e-01 3.278688524590163689e-01
4.959677419354838745e-01 4.672131147540983798e-01
4.959677419354838745e-01 4.713114754098360892e-01
4.959677419354838745e-01 4.754098360655737432e-01
4.959677419354838745e-01 4.795081967213114527e-01
4.959677419354838745e-01 4.836065573770491621e-01
4.959677419354838745e-01 4.877049180327868716e-01
4.959677419354838745e-01 4.918032786885245811e-01
4.959677419354838745e-01 4.959016393442622905e-01
4.959677419354838745e-01 5.000000000000000000e-01
4.959677419354838745e-01 5.040983606557376540e-01
4.959677419354838745e-01 5.081967213114754189e-01
4.959677419354838745e-01 5.122950819672130729e-01
4.959677419354838745e-01 6.311475409836065920e-01
4.959677419354838745e-01 6.803278688524589946e-01
4.959677419354838745e-01 8.729508196721311730e-01
4.959677419354838745e-01 9.098360655737705027e-01
4.959677419354838745e-01 9.549180327868852514e-01
4.959677419354838745e-01 9.590163934426229053e-01
4.959677419354838745e-01 9.631147540983606703e-01
4.959677419354838745e-01 9.672131147540983243e-01
4.959677419354838745e-01 9.713114754098360892e-01
4.959677419354838745e-01 9.754098360655737432e-01
4.959677419354838745e-01 9.795081967213115082e-01
4.959677419354838745e-01 9.836065573770491621e-01
4.959677419354838745e-01 9.877049180327869271e-01
4.959677419354838745e-01 9.918032786885245811e-01
5.000000000000000000e-01 3.196721311475410054e-01
5.000000000000000000e-01 3.237704918032787149e-01
5.000000000000000000e-01 3.278688524590163689e-01
5.000000000000000000e-01 4.631147540983606703e-01
5.000000000000000000e-01 5.163934426229508379e-01
5.000000000000000000e-01 5.204918032786884918e-01
5.000000000000000000e-01 5.245901639344262568e-01
5.000000000000000000e-01 5.286885245901639108e-01
5.000000000000000000e-01 6.311475409836065920e-01
5.000000000000000000e-01 6.352459016393442459e-01
5.000000000000000000e-01 6.393442622950820109e-01
5.000000000000000000e-01 6.434426229508196649e-01
5.000000000000000000e-01 6.475409836065574298e-01
5.000000000000000000e-01 6.516393442622950838e-01
5.000000000000000000e-01 6.557377049180327377e-01
5.000000000000000000e-01 6.598360655737705027e-01
5.000000000000000000e-01 6.639344262295081567e-01
5.000000000000000000e-01 6.680327868852459217e-01
5.000000000000000000e-01 6.721311475409835756e-01
5.000000000000000000e-01 6.762295081967213406e-01
5.000000000000000000e-01 6.844262295081967595e-01
5.000000000000000000e-01 6.885245901639344135e-01
5.000000000000000000e-01 8.155737704918032405e-01
5.000000000000000000e-01 8.196721311475410054e-01
5.000000000000000000e-01 8.688524590163934080e-01
5.000000000000000000e-01 8.729508196721311730e-01
5.000000000000000000e-01 8.770491803278688270e-01
5.000000000000000000e-01 8.811475409836065920e-01
5.000000000000000000e-01 8.852459016393442459e-01
5.000000000000000000e-01 8.893442622950820109e-01
5.000000000000000000e-01 8.934426229508196649e-01
5.000000000000000000e-01 8.975409836065574298e-01
5.000000000000000000e-01 9.016393442622950838e-01
5.000000000000000000e-01 9.057377049180327377e-01
5.000000000000000000e-01 9.959016393442623460e-01
5.040322580645161255e-01 0.000000000000000000e+00
5.040322580645161255e-01 4.098360655737705131e-03
5.040322580645161255e-01 8.196721311475410263e-03
5.040322580645161255e-01 1.229508196721311453e-02
5.040322580645161255e-01 1.639344262295082053e-02
5.040322580645161255e-01 2.049180327868852305e-02
5.040322580645161255e-01 2.459016393442622905e-02
5.040322580645161255e-01 2.868852459016393505e-02
5.040322580645161255e-01 3.278688524590164105e-02
5.040322580645161255e-01 3.688524590163934358e-02
5.040322580645161255e-01 4.098360655737704611e-02
5.040322580645161255e-01 4.508196721311475558e-02
5.040322580645161255e-01 4.918032786885245811e-02
5.040322580645161255e-01 3.155737704918032960e-01
5.040322580645161255e-01 3.278688524590163689e-01
5.040322580645161255e-01 4.590163934426229608e-01
5.040322580645161255e-01 5.327868852459016757e-01
5.040322580645161255e-01 5.368852459016393297e-01
5.040322580645161255e-01 6.311475409836065920e-01
5.040322580645161255e-01 6.926229508196721785e-01
5.040322580645161255e-01 6.967213114754098324e-01
5.040322580645161255e-01 7.008196721311474864e-01
5.040322580645161255e-01 7.049180327868852514e-01
5.040322580645161255e-01 7.090163934426229053e-01
5.040322580645161255e-01 7.131147540983606703e-01
5.040322580645161255e-01 7.909836065573770947e-01
5.040322580645161255e-01 7.950819672131147486e-01
5.040322580645161255e-01 7.991803278688525136e-01
5.040322580645161255e-01 8.032786885245901676e-01
5.040322580645161255e-01 8.073770491803278215e-01
5.040322580645161255e-01 8.114754098360655865e-01
5.040322580645161255e-01 8.237704918032786594e-01
5.040322580645161255e-01 8.278688524590164244e-01
5.040322580645161255e-01 8.319672131147540783e-01
5.040322580645161255e-01 8.360655737704918433e-01
5.040322580645161255e-01 8.401639344262294973e-01
5.040322580645161255e-01 8.442622950819672623e-01
5.040322580645161255e-01 8.483606557377049162e-01
5.040322580645161255e-01 8.524590163934425702e-01
5.040322580645161255e-01 8.565573770491803351e-01
5.040322580645161255e-01 8.606557377049179891e-01
5.040322580645161255e-01 8.647540983606557541e-01
5.040322580645161255e-01 1.000000000000000000e+00
5.080645161290322509e-01 5.327868852459016064e-02
5.080645161290322509e-01 5.737704918032787010e-02
5.080645161290322509e-01 6.147540983606557263e-02
5.080645161290322509e-01 6.557377049180328210e-02
5.080645161290322509e-01 9.836065573770491621e-02
5.080645161290322509e-01 1.024590163934426257e-01
5.080645161290322509e-01 1.065573770491803213e-01
5.080645161290322509e-01 1.106557377049180307e-01
5.080645161290322509e-01 1.147540983606557402e-01
5.080645161290322509e-01 1.188524590163934358e-01
5.080645161290322509e-01 1.229508196721311453e-01
5.080645161290322509e-01 1.270491803278688547e-01
5.080645161290322509e-01 1.311475409836065642e-01
5.080645161290322509e-01 1.352459016393442737e-01
5.080645161290322509e-01 1.393442622950819554e-01
5.080645161290322509e-01 2.745901639344262568e-01
5.080645161290322509e-01 3.073770491803278770e-01
5.080645161290322509e-01 3.114754098360655865e-01
5.080645161290322509e-01 3.319672131147540783e-01
5.080645161290322509e-01 3.934426229508196649e-01
5.080645161290322509e-01 3.975409836065573743e-01
5.080645161290322509e-01 4.016393442622950838e-01
5.080645161290322509e-01 4.057377049180327933e-01
5.080645161290322509e-01 4.098360655737705027e-01
5.080645161290322509e-01 4.139344262295082122e-01
5.080645161290322509e-01 4.180327868852459217e-01
5.080645161290322509e-01 4.221311475409836311e-01
5.080645161290322509e-01 4.262295081967212851e-01
5.080645161290322509e-01 4.303278688524589946e-01
5.080645161290322509e-01 4.344262295081967040e-01
5.080645161290322509e-01 4.385245901639344135e-01
5.080645161290322509e-01 4.426229508196721230e-01
5.080645161290322509e-01 4.467213114754098324e-01
5.080645161290322509e-01 4.508196721311475419e-01
5.080645161290322509e-01 4.549180327868852514e-01
5.080645161290322509e-01 5.409836065573770947e-01
5.080645161290322509e-01 5.450819672131147486e-01
5.080645161290322509e-01 5.491803278688525136e-01
5.080645161290322509e-01 5.737704918032786594e-01
5.080645161290322509e-01 5.778688524590164244e-01
5.080645161290322509e-01 5.819672131147540783e-01
5.080645161290322509e-01 5.860655737704918433e-01
5.080645161290322509e-01 5.901639344262294973e-01
5.080645161290322509e-01 5.942622950819672623e-01
5.080645161290322509e-01 6.270491803278688270e-01
5.080645161290322509e-01 7.172131147540983243e-01
5.080645161290322509e-01 7.213114754098360892e-01
5.080645161290322509e-01 7.254098360655737432e-01
5.080645161290322509e-01 7.295081967213115082e-01
5.080645161290322509e-01 7.336065573770491621e-01
5.080645161290322509e-01 7.377049180327869271e-01
5.080645161290322509e-01 7.418032786885245811e-01
5.080645161290322509e-01 7.459016393442623460e-01
5.080645161290322509e-01 7.500000000000000000e-01
5.080645161290322509e-01 7.540983606557376540e-01
5.080645161290322509e-01 7.581967213114754189e-01
5.080645161290322509e-01 7.622950819672130729e-01
5.080645161290322509e-01 7.663934426229508379e-01
5.080645161290322509e-01 7.704918032786884918e-01
5.080645161290322509e-01 7.745901639344262568e-01
5.080645161290322509e-01 7.786885245901639108e-01
5.080645161290322509e-01 7.827868852459016757e-01
5.080645161290322509e-01 7.868852459016393297e-01
5.080645161290322509e-01 8.647540983606557541e-01
5.080645161290322509e-01 1.000000000000000000e+00
5.120967741935483764e-01 6.967213114754097769e-02
5.120967741935483764e-01 7.377049180327868716e-02
5.120967741935483764e-01 7.786885245901639663e-02
5.120967741935483764e-01 8.196721311475409222e-02
5.120967741935483764e-01 8.606557377049180169e-02
5.120967741935483764e-01 9.016393442622951115e-02
5.120967741935483764e-01 9.426229508196720674e-02
5.120967741935483764e-01 1.434426229508196649e-01
5.120967741935483764e-01 1.475409836065573743e-01
5.120967741935483764e-01 1.516393442622950838e-01
5.120967741935483764e-01 1.557377049180327933e-01
5.120967741935483764e-01 1.598360655737705027e-01
5.120967741935483764e-01 1.639344262295081844e-01
5.120967741935483764e-01 1.680327868852458939e-01
5.120967741935483764e-01 1.721311475409836034e-01
5.120967741935483764e-01 1.762295081967213128e-01
5.120967741935483764e-01 1.803278688524590223e-01
5.120967741935483764e-01 1.844262295081967318e-01
5.120967741935483764e-01 1.885245901639344135e-01
5.120967741935483764e-01 1.926229508196721230e-01
5.120967741935483764e-01 1.967213114754098324e-01
5.120967741935483764e-01 2.008196721311475419e-01
5.120967741935483764e-01 2.418032786885245811e-01
5.120967741935483764e-01 2.459016393442622905e-01
5.120967741935483764e-01 2.500000000000000000e-01
5.120967741935483764e-01 2.540983606557377095e-01
5.120967741935483764e-01 2.581967213114754189e-01
5.120967741935483764e-01 2.622950819672131284e-01
5.120967741935483764e-01 2.663934426229508379e-01
5.120967741935483764e-01 2.704918032786885473e-01
5.120967741935483764e-01 2.786885245901639108e-01
5.120967741935483764e-01 2.827868852459016202e-01
5.120967741935483764e-01 2.868852459016393297e-01
5.120967741935483764e-01 2.909836065573770392e-01
5.120967741935483764e-01 2.950819672131147486e-01
5.120967741935483764e-01 2.991803278688524581e-01
5.120967741935483764e-01 3.032786885245901676e-01
5.120967741935483764e-01 3.360655737704917878e-01
5.120967741935483764e-01 3.401639344262294973e-01
5.120967741935483764e-01 3.811475409836065364e-01
5.120967741935483764e-01 3.852459016393442459e-01
5.120967741935483764e-01 3.893442622950819554e-01
5.120967741935483764e-01 5.532786885245901676e-01
5.120967741935483764e-01 5.573770491803278215e-01
5.120967741935483764e-01 5.614754098360655865e-01
5.120967741935483764e-01 5.655737704918032405e-01
5.120967741935483764e-01 5.696721311475410054e-01
5.120967741935483764e-01 6.270491803278688270e-01
5.120967741935483764e-01 8.647540983606557541e-01
5.120967741935483764e-01 1.000000000000000000e+00
5.161290322580645018e-01 2.049180327868852514e-01
5.161290322580645018e-01 2.090163934426229608e-01
5.161290322580645018e-01 2.131147540983606425e-01
5.161290322580645018e-01 2.172131147540983520e-01
5.161290322580645018e-01 2.213114754098360615e-01
5.161290322580645018e-01 2.254098360655737709e-01
5.161290322580645018e-01 2.295081967213114804e-01
5.161290322580645018e-01 2.336065573770491899e-01
5.161290322580645018e-01 2.377049180327868716e-01
5.161290322580645018e-01 5.614754098360655865e-01
5.161290322580645018e-01 6.270491803278688270e-01
5.161290322580645018e-01 8.647540983606557541e-01
5.161290322580645018e-01 1.000000000000000000e+00
5.201612903225806273e-01 2.336065573770491899e-01
5.201612903225806273e-01 5.614754098360655865e-01
5.201612903225806273e-01 6.270491803278688270e-01
5.201612903225806273e-01 8.647540983606557541e-01
5.201612903225806273e-01 1.000000000000000000e+00
5.241935483870967527e-01 2.336065573770491899e-01
5.241935483870967527e-01 3.811475409836065364e-01
5.241935483870967527e-01 5.614754098360655865e-01
5.241935483870967527e-01 6.270491803278688270e-01
5.241935483870967527e-01 8.647540983606557541e-01
5.282258064516128782e-01 2.336065573770491899e-01
5.282258064516128782e-01 3.811475409836065364e-01
5.282258064516128782e-01 5.614754098360655865e-01
5.282258064516128782e-01 6.270491803278688270e-01
5.282258064516128782e-01 8.647540983606557541e-01
5.322580645161290036e-01 2.336065573770491899e-01
5.322580645161290036e-01 3.811475409836065364e-01
5.322580645161290036e-01 5.655737704918032405e-01
5.322580645161290036e-01 6.270491803278688270e-01
5.322580645161290036e-01 8.647540983606557541e-01
5.362903225806451291e-01 2.336065573770491899e-01
5.362903225806451291e-01 3.811475409836065364e-01
5.362903225806451291e-01 5.696721311475410054e-01
5.362903225806451291e-01 5.737704918032786594e-01
5.362903225806451291e-01 6.229508196721311730e-01
5.362903225806451291e-01 8.647540983606557541e-01
5.403225806451612545e-01 2.336065573770491899e-01
5.403225806451612545e-01 3.811475409836065364e-01
5.403225806451612545e-01 5.778688524590164244e-01
5.403225806451612545e-01 5.819672131147540783e-01
5.403225806451612545e-01 5.860655737704918433e-01
5.403225806451612545e-01 5.901639344262294973e-01
5.403225806451612545e-01 5.942622950819672623e-01
5.403225806451612545e-01 5.983606557377049162e-01
5.403225806451612545e-01 6.024590163934425702e-01
5.403225806451612545e-01 6.065573770491803351e-01
5.403225806451612545e-01 6.106557377049179891e-01
5.403225806451612545e-01 6.147540983606557541e-01
5.403225806451612545e-01 6.188524590163934080e-01
5.403225806451612545e-01 6.229508196721311730e-01
5.403225806451612545e-01 8.647540983606557541e-01
5.443548387096773800e-01 2.336065573770491899e-01
5.443548387096773800e-01 3.852459016393442459e-01
5.443548387096773800e-01 6.229508196721311730e-01
5.443548387096773800e-01 8.688524590163934080e-01
5.483870967741935054e-01 2.336065573770491899e-01
5.483870967741935054e-01 3.852459016393442459e-01
5.483870967741935054e-01 6.229508196721311730e-01
5.483870967741935054e-01 8.688524590163934080e-01
5.524193548387096309e-01 2.336065573770491899e-01
5.524193548387096309e-01 3.852459016393442459e-01
5.524193548387096309e-01 6.270491803278688270e-01
5.524193548387096309e-01 8.688524590163934080e-01
5.564516129032257563e-01 2.336065573770491899e-01
5.564516129032257563e-01 3.893442622950819554e-01
5.564516129032257563e-01 3.934426229508196649e-01
5.564516129032257563e-01 3.975409836065573743e-01
5.564516129032257563e-01 4.016393442622950838e-01
5.564516129032257563e-01 4.057377049180327933e-01
5.564516129032257563e-01 4.098360655737705027e-01
5.564516129032257563e-01 4.139344262295082122e-01
5.564516129032257563e-01 4.180327868852459217e-01
5.564516129032257563e-01 6.311475409836065920e-01
5.564516129032257563e-01 8.688524590163934080e-01
5.604838709677418818e-01 2.336065573770491899e-01
5.604838709677418818e-01 3.852459016393442459e-01
5.604838709677418818e-01 4.221311475409836311e-01
5.604838709677418818e-01 4.262295081967212851e-01
5.604838709677418818e-01 6.311475409836065920e-01
5.604838709677418818e-01 8.688524590163934080e-01
5.645161290322581182e-01 2.295081967213114804e-01
5.645161290322581182e-01 3.852459016393442459e-01
5.645161290322581182e-01 4.303278688524589946e-01
5.645161290322581182e-01 6.311475409836065920e-01
5.645161290322581182e-01 8.729508196721311730e-01
5.685483870967742437e-01 2.295081967213114804e-01
5.685483870967742437e-01 3.811475409836065364e-01
5.685483870967742437e-01 4.344262295081967040e-01
5.685483870967742437e-01 4.385245901639344135e-01
5.685483870967742437e-01 6.311475409836065920e-01
5.685483870967742437e-01 8.688524590163934080e-01
5.685483870967742437e-01 8.729508196721311730e-01
5.685483870967742437e-01 8.770491803278688270e-01
5.685483870967742437e-01 8.811475409836065920e-01
5.685483870967742437e-01 8.852459016393442459e-01
5.685483870967742437e-01 8.893442622950820109e-01
5.685483870967742437e-01 8.934426229508196649e-01
5.685483870967742437e-01 8.975409836065574298e-01
5.725806451612903691e-01 2.295081967213114804e-01
5.725806451612903691e-01 3.319672131147540783e-01
5.725806451612903691e-01 3.360655737704917878e-01
5.725806451612903691e-01 3.401639344262294973e-01
5.725806451612903691e-01 3.442622950819672067e-01
5.725806451612903691e-01 3.483606557377049162e-01
5.725806451612903691e-01 3.524590163934426257e-01
5.725806451612903691e-01 3.565573770491803351e-01
5.725806451612903691e-01 3.606557377049180446e-01
5.725806451612903691e-01 3.647540983606557541e-01
5.725806451612903691e-01 3.688524590163934636e-01
5.725806451612903691e-01 3.729508196721311730e-01
5.725806451612903691e-01 3.770491803278688270e-01
5.725806451612903691e-01 3.811475409836065364e-01
5.725806451612903691e-01 4.426229508196721230e-01
5.725806451612903691e-01 4.467213114754098324e-01
5.725806451612903691e-01 6.311475409836065920e-01
5.725806451612903691e-01 8.688524590163934080e-01
5.725806451612903691e-01 9.016393442622950838e-01
5.725806451612903691e-01 1.000000000000000000e+00
5.766129032258064946e-01 2.295081967213114804e-01
5.766129032258064946e-01 3.196721311475410054e-01
5.766129032258064946e-01 3.237704918032787149e-01
5.766129032258064946e-01 3.278688524590163689e-01
5.766129032258064946e-01 3.811475409836065364e-01
5.766129032258064946e-01 6.311475409836065920e-01
5.766129032258064946e-01 6.352459016393442459e-01
5.766129032258064946e-01 6.393442622950820109e-01
5.766129032258064946e-01 8.647540983606557541e-01
5.766129032258064946e-01 9.057377049180327377e-01
5.766129032258064946e-01 9.959016393442623460e-01
5.806451612903226200e-01 2.254098360655737709e-01
5.806451612903226200e-01 3.155737704918032960e-01
5.806451612903226200e-01 3.811475409836065364e-01
5.806451612903226200e-01 6.270491803278688270e-01
5.806451612903226200e-01 6.434426229508196649e-01
5.806451612903226200e-01 6.475409836065574298e-01
5.806451612903226200e-01 6.516393442622950838e-01
5.806451612903226200e-01 8.647540983606557541e-01
5.806451612903226200e-01 9.098360655737705027e-01
5.806451612903226200e-01 9.959016393442623460e-01
5.846774193548387455e-01 2.254098360655737709e-01
5.846774193548387455e-01 3.811475409836065364e-01
5.846774193548387455e-01 6.270491803278688270e-01
5.846774193548387455e-01 6.557377049180327377e-01
5.846774193548387455e-01 8.647540983606557541e-01
5.846774193548387455e-01 9.139344262295081567e-01
5.846774193548387455e-01 9.959016393442623460e-01
5.887096774193548709e-01 2.254098360655737709e-01
5.887096774193548709e-01 3.811475409836065364e-01
5.887096774193548709e-01 6.270491803278688270e-01
5.887096774193548709e-01 6.598360655737705027e-01
5.887096774193548709e-01 8.647540983606557541e-01
5.887096774193548709e-01 9.180327868852459217e-01
5.887096774193548709e-01 9.221311475409835756e-01
5.887096774193548709e-01 9.918032786885245811e-01
5.927419354838709964e-01 2.254098360655737709e-01
5.927419354838709964e-01 3.811475409836065364e-01
5.927419354838709964e-01 6.270491803278688270e-01
5.927419354838709964e-01 6.639344262295081567e-01
5.927419354838709964e-01 8.647540983606557541e-01
5.927419354838709964e-01 9.262295081967213406e-01
5.927419354838709964e-01 9.303278688524589946e-01
5.927419354838709964e-01 9.344262295081967595e-01
5.927419354838709964e-01 9.385245901639344135e-01
5.927419354838709964e-01 9.426229508196721785e-01
5.927419354838709964e-01 9.467213114754098324e-01
5.927419354838709964e-01 9.877049180327869271e-01
5.967741935483871218e-01 2.254098360655737709e-01
5.967741935483871218e-01 3.811475409836065364e-01
5.967741935483871218e-01 6.270491803278688270e-01
5.967741935483871218e-01 6.680327868852459217e-01
5.967741935483871218e-01 6.721311475409835756e-01
5.967741935483871218e-01 8.647540983606557541e-01
5.967741935483871218e-01 9.508196721311474864e-01
5.967741935483871218e-01 9.549180327868852514e-01
5.967741935483871218e-01 9.590163934426229053e-01
5.967741935483871218e-01 9.836065573770491621e-01
6.008064516129032473e-01 2.254098360655737709e-01
6.008064516129032473e-01 3.811475409836065364e-01
6.008064516129032473e-01 6.270491803278688270e-01
6.008064516129032473e-01 6.762295081967213406e-01
6.008064516129032473e-01 8.647540983606557541e-01
6.008064516129032473e-01 8.770491803278688270e-01
6.008064516129032473e-01 9.631147540983606703e-01
6.008064516129032473e-01 9.672131147540983243e-01
6.008064516129032473e-01 9.713114754098360892e-01
6.008064516129032473e-01 9.754098360655737432e-01
6.008064516129032473e-01 9.795081967213115082e-01
6.048387096774193727e-01 2.213114754098360615e-01
6.048387096774193727e-01 3.811475409836065364e-01
6.048387096774193727e-01 6.270491803278688270e-01
6.048387096774193727e-01 6.803278688524589946e-01
6.048387096774193727e-01 8.647540983606557541e-01
6.048387096774193727e-01 8.688524590163934080e-01
6.048387096774193727e-01 8.729508196721311730e-01
6.088709677419354982e-01 2.213114754098360615e-01
6.088709677419354982e-01 3.811475409836065364e-01
6.088709677419354982e-01 6.270491803278688270e-01
6.088709677419354982e-01 6.844262295081967595e-01
6.088709677419354982e-01 6.885245901639344135e-01
6.088709677419354982e-01 8.606557377049179891e-01
6.129032258064516236e-01 2.213114754098360615e-01
6.129032258064516236e-01 3.811475409836065364e-01
6.129032258064516236e-01 6.270491803278688270e-01
6.129032258064516236e-01 6.926229508196721785e-01
6.129032258064516236e-01 8.606557377049179891e-01
6.169354838709677491e-01 2.172131147540983520e-01
6.169354838709677491e-01 3.811475409836065364e-01
6.169354838709677491e-01 6.270491803278688270e-01
6.169354838709677491e-01 6.967213114754098324e-01
6.169354838709677491e-01 8.565573770491803351e-01
6.209677419354838745e-01 2.172131147540983520e-01
6.209677419354838745e-01 3.811475409836065364e-01
6.209677419354838745e-01 6.229508196721311730e-01
6.209677419354838745e-01 6.967213114754098324e-01
6.209677419354838745e-01 8.565573770491803351e-01
6.250000000000000000e-01 2.172131147540983520e-01
6.250000000000000000e-01 3.811475409836065364e-01
6.250000000000000000e-01 6.229508196721311730e-01
6.250000000000000000e-01 7.008196721311474864e-01
6.250000000000000000e-01 7.049180327868852514e-01
6.250000000000000000e-01 8.524590163934425702e-01
6.250000000000000000e-01 8.565573770491803351e-01
6.290322580645161255e-01 2.131147540983606425e-01
6.290322580645161255e-01 3.811475409836065364e-01
6.290322580645161255e-01 6.229508196721311730e-01
6.290322580645161255e-01 7.090163934426229053e-01
6.290322580645161255e-01 7.131147540983606703e-01
6.290322580645161255e-01 7.172131147540983243e-01
6.290322580645161255e-01 7.213114754098360892e-01
6.290322580645161255e-01 8.401639344262294973e-01
6.290322580645161255e-01 8.442622950819672623e-01
6.290322580645161255e-01 8.483606557377049162e-01
6.290322580645161255e-01 8.606557377049179891e-01
6.330645161290322509e-01 2.131147540983606425e-01
6.330645161290322509e-01 3.811475409836065364e-01
6.330645161290322509e-01 6.229508196721311730e-01
6.330645161290322509e-01 7.254098360655737432e-01
6.330645161290322509e-01 7.295081967213115082e-01
6.330645161290322509e-01 8.360655737704918433e-01
6.330645161290322509e-01 8.647540983606557541e-01
6.370967741935483764e-01 2.131147540983606425e-01
6.370967741935483764e-01 3.811475409836065364e-01
6.370967741935483764e-01 6.229508196721311730e-01
6.370967741935483764e-01 8.319672131147540783e-01
6.370967741935483764e-01 8.647540983606557541e-01
6.411290322580645018e-01 2.090163934426229608e-01
6.411290322580645018e-01 3.811475409836065364e-01
6.411290322580645018e-01 6.229508196721311730e-01
6.411290322580645018e-01 8.278688524590164244e-01
6.411290322580645018e-01 8.647540983606557541e-01
6.451612903225806273e-01 2.090163934426229608e-01
6.451612903225806273e-01 3.811475409836065364e-01
6.451612903225806273e-01 6.188524590163934080e-01
6.451612903225806273e-01 8.237704918032786594e-01
6.451612903225806273e-01 8.647540983606557541e-01
6.491935483870967527e-01 2.090163934426229608e-01
6.491935483870967527e-01 3.811475409836065364e-01
6.491935483870967527e-01 6.188524590163934080e-01
6.491935483870967527e-01 8.196721311475410054e-01
6.491935483870967527e-01 8.647540983606557541e-01
6.532258064516128782e-01 2.090163934426229608e-01
6.532258064516128782e-01 3.852459016393442459e-01
6.532258064516128782e-01 5.983606557377049162e-01
6.532258064516128782e-01 6.024590163934425702e-01
6.532258064516128782e-01 6.065573770491803351e-01
6.532258064516128782e-01 6.106557377049179891e-01
6.532258064516128782e-01 6.147540983606557541e-01
6.532258064516128782e-01 6.188524590163934080e-01
6.532258064516128782e-01 8.196721311475410054e-01
6.532258064516128782e-01 8.647540983606557541e-01
6.572580645161290036e-01 2.090163934426229608e-01
6.572580645161290036e-01 3.852459016393442459e-01
6.572580645161290036e-01 5.901639344262294973e-01
6.572580645161290036e-01 5.942622950819672623e-01
6.572580645161290036e-01 6.188524590163934080e-01
6.572580645161290036e-01 8.155737704918032405e-01
6.572580645161290036e-01 8.647540983606557541e-01
6.612903225806451291e-01 2.090163934426229608e-01
6.612903225806451291e-01 3.811475409836065364e-01
6.612903225806451291e-01 5.860655737704918433e-01
6.612903225806451291e-01 6.188524590163934080e-01
6.612903225806451291e-01 8.114754098360655865e-01
6.612903225806451291e-01 8.647540983606557541e-01
6.653225806451612545e-01 2.049180327868852514e-01
6.653225806451612545e-01 3.811475409836065364e-01
6.653225806451612545e-01 5.819672131147540783e-01
6.653225806451612545e-01 6.188524590163934080e-01
6.653225806451612545e-01 8.114754098360655865e-01
6.653225806451612545e-01 8.647540983606557541e-01
6.693548387096773800e-01 2.049180327868852514e-01
6.693548387096773800e-01 3.811475409836065364e-01
6.693548387096773800e-01 5.737704918032786594e-01
6.693548387096773800e-01 5.778688524590164244e-01
6.693548387096773800e-01 6.188524590163934080e-01
6.693548387096773800e-01 8.073770491803278215e-01
6.693548387096773800e-01 8.647540983606557541e-01
6.733870967741935054e-01 2.049180327868852514e-01
6.733870967741935054e-01 3.811475409836065364e-01
6.733870967741935054e-01 5.696721311475410054e-01
6.733870967741935054e-01 6.188524590163934080e-01
6.733870967741935054e-01 8.073770491803278215e-01
6.733870967741935054e-01 8.647540983606557541e-01
6.774193548387096309e-01 2.049180327868852514e-01
6.774193548387096309e-01 3.770491803278688270e-01
6.774193548387096309e-01 6.188524590163934080e-01
6.774193548387096309e-01 8.073770491803278215e-01
6.774193548387096309e-01 8.647540983606557541e-01
6.814516129032257563e-01 2.008196721311475419e-01
6.814516129032257563e-01 3.770491803278688270e-01
6.814516129032257563e-01 6.188524590163934080e-01
6.814516129032257563e-01 8.032786885245901676e-01
6.814516129032257563e-01 8.647540983606557541e-01
6.854838709677418818e-01 2.008196721311475419e-01
6.854838709677418818e-01 3.770491803278688270e-01
6.854838709677418818e-01 6.188524590163934080e-01
6.854838709677418818e-01 8.647540983606557541e-01
6.895161290322581182e-01 2.008196721311475419e-01
6.895161290322581182e-01 3.770491803278688270e-01
6.895161290322581182e-01 6.188524590163934080e-01
6.895161290322581182e-01 8.647540983606557541e-01
6.935483870967742437e-01 2.008196721311475419e-01
6.935483870967742437e-01 3.770491803278688270e-01
6.935483870967742437e-01 6.188524590163934080e-01
6.935483870967742437e-01 8.647540983606557541e-01
6.975806451612903691e-01 1.967213114754098324e-01
6.975806451612903691e-01 3.770491803278688270e-01
6.975806451612903691e-01 6.188524590163934080e-01
6.975806451612903691e-01 8.647540983606557541e-01
7.016129032258064946e-01 1.967213114754098324e-01
7.016129032258064946e-01 3.770491803278688270e-01
7.016129032258064946e-01 6.229508196721311730e-01
7.016129032258064946e-01 8.647540983606557541e-01
7.056451612903226200e-01 1.926229508196721230e-01
7.056451612903226200e-01 3.729508196721311730e-01
7.056451612903226200e-01 6.229508196721311730e-01
7.056451612903226200e-01 8.647540983606557541e-01
7.096774193548387455e-01 1.926229508196721230e-01
7.096774193548387455e-01 3.729508196721311730e-01
7.096774193548387455e-01 6.229508196721311730e-01
7.096774193548387455e-01 8.688524590163934080e-01
7.096774193548387455e-01 8.729508196721311730e-01
7.137096774193548709e-01 1.926229508196721230e-01
7.137096774193548709e-01 3.729508196721311730e-01
7.137096774193548709e-01 6.229508196721311730e-01
7.137096774193548709e-01 8.770491803278688270e-01
7.177419354838709964e-01 1.926229508196721230e-01
7.177419354838709964e-01 3.688524590163934636e-01
7.177419354838709964e-01 6.229508196721311730e-01
7.177419354838709964e-01 8.729508196721311730e-01
7.177419354838709964e-01 8.770491803278688270e-01
7.177419354838709964e-01 8.811475409836065920e-01
7.177419354838709964e-01 8.852459016393442459e-01
7.177419354838709964e-01 8.893442622950820109e-01
7.177419354838709964e-01 8.934426229508196649e-01
7.217741935483871218e-01 1.926229508196721230e-01
7.217741935483871218e-01 3.688524590163934636e-01
7.217741935483871218e-01 6.229508196721311730e-01
7.217741935483871218e-01 8.729508196721311730e-01
7.217741935483871218e-01 8.975409836065574298e-01
7.258064516129032473e-01 1.885245901639344135e-01
7.258064516129032473e-01 3.688524590163934636e-01
7.258064516129032473e-01 6.229508196721311730e-01
7.258064516129032473e-01 8.688524590163934080e-01
7.258064516129032473e-01 9.016393442622950838e-01
7.298387096774193727e-01 1.885245901639344135e-01
7.298387096774193727e-01 3.688524590163934636e-01
7.298387096774193727e-01 6.229508196721311730e-01
7.298387096774193727e-01 8.688524590163934080e-01
7.298387096774193727e-01 9.016393442622950838e-01
7.338709677419354982e-01 1.885245901639344135e-01
7.338709677419354982e-01 3.688524590163934636e-01
7.338709677419354982e-01 6.229508196721311730e-01
7.338709677419354982e-01 8.688524590163934080e-01
7.338709677419354982e-01 9.057377049180327377e-01
7.379032258064516236e-01 1.844262295081967318e-01
7.379032258064516236e-01 3.688524590163934636e-01
7.379032258064516236e-01 6.229508196721311730e-01
7.379032258064516236e-01 8.688524590163934080e-01
7.379032258064516236e-01 9.057377049180327377e-01
7.419354838709677491e-01 1.844262295081967318e-01
7.419354838709677491e-01 3.688524590163934636e-01
7.419354838709677491e-01 6.229508196721311730e-01
7.419354838709677491e-01 8.688524590163934080e-01
7.419354838709677491e-01 9.057377049180327377e-01
7.459677419354838745e-01 1.844262295081967318e-01
7.459677419354838745e-01 3.688524590163934636e-01
7.459677419354838745e-01 6.188524590163934080e-01
7.459677419354838745e-01 8.729508196721311730e-01
7.459677419354838745e-01 9.098360655737705027e-01
7.500000000000000000e-01 1.844262295081967318e-01
7.500000000000000000e-01 3.647540983606557541e-01
7.500000000000000000e-01 6.188524590163934080e-01
7.500000000000000000e-01 8.729508196721311730e-01
7.500000000000000000e-01 9.139344262295081567e-01
7.540322580645161255e-01 1.844262295081967318e-01
7.540322580645161255e-01 3.647540983606557541e-01
7.540322580645161255e-01 6.188524590163934080e-01
7.540322580645161255e-01 8.729508196721311730e-01
7.540322580645161255e-01 9.180327868852459217e-01
7.540322580645161255e-01 9.221311475409835756e-01
7.580645161290322509e-01 1.844262295081967318e-01
7.580645161290322509e-01 3.647540983606557541e-01
7.580645161290322509e-01 6.188524590163934080e-01
7.580645161290322509e-01 8.729508196721311730e-01
7.580645161290322509e-01 9.262295081967213406e-01
7.580645161290322509e-01 9.303278688524589946e-01
7.620967741935483764e-01 1.803278688524590223e-01
7.620967741935483764e-01 3.647540983606557541e-01
7.620967741935483764e-01 6.188524590163934080e-01
7.620967741935483764e-01 8.729508196721311730e-01
7.661290322580645018e-01 1.803278688524590223e-01
7.661290322580645018e-01 3.647540983606557541e-01
7.661290322580645018e-01 6.147540983606557541e-01
7.661290322580645018e-01 8.729508196721311730e-01
7.701612903225806273e-01 1.762295081967213128e-01
7.701612903225806273e-01 3.647540983606557541e-01
7.701612903225806273e-01 6.147540983606557541e-01
7.701612903225806273e-01 8.729508196721311730e-01
7.741935483870967527e-01 1.762295081967213128e-01
7.741935483870967527e-01 3.647540983606557541e-01
7.741935483870967527e-01 6.147540983606557541e-01
7.741935483870967527e-01 8.729508196721311730e-01
7.782258064516128782e-01 1.762295081967213128e-01
7.782258064516128782e-01 3.606557377049180446e-01
7.782258064516128782e-01 6.147540983606557541e-01
7.782258064516128782e-01 8.729508196721311730e-01
7.822580645161290036e-01 1.721311475409836034e-01
7.822580645161290036e-01 3.606557377049180446e-01
7.822580645161290036e-01 6.147540983606557541e-01
7.822580645161290036e-01 8.729508196721311730e-01
7.862903225806451291e-01 3.606557377049180446e-01
7.862903225806451291e-01 6.147540983606557541e-01
7.862903225806451291e-01 8.729508196721311730e-01
7.903225806451612545e-01 3.647540983606557541e-01
7.903225806451612545e-01 6.147540983606557541e-01
7.903225806451612545e-01 8.729508196721311730e-01
7.943548387096773800e-01 3.647540983606557541e-01
7.943548387096773800e-01 6.147540983606557541e-01
7.943548387096773800e-01 8.729508196721311730e-01
7.983870967741935054e-01 3.647540983606557541e-01
7.983870967741935054e-01 6.147540983606557541e-01
7.983870967741935054e-01 8.729508196721311730e-01
8.024193548387096309e-01 3.647540983606557541e-01
8.024193548387096309e-01 6.147540983606557541e-01
8.024193548387096309e-01 8.729508196721311730e-01
8.064516129032257563e-01 3.647540983606557541e-01
8.064516129032257563e-01 6.147540983606557541e-01
8.064516129032257563e-01 8.729508196721311730e-01
8.104838709677418818e-01 3.647540983606557541e-01
8.104838709677418818e-01 6.147540983606557541e-01
8.104838709677418818e-01 8.729508196721311730e-01
8.145161290322581182e-01 3.647540983606557541e-01
8.145161290322581182e-01 6.147540983606557541e-01
8.145161290322581182e-01 8.729508196721311730e-01
8.185483870967742437e-01 3.647540983606557541e-01
8.185483870967742437e-01 6.147540983606557541e-01
8.185483870967742437e-01 8.729508196721311730e-01
8.225806451612903691e-01 3.647540983606557541e-01
8.225806451612903691e-01 6.147540983606557541e-01
8.225806451612903691e-01 8.729508196721311730e-01
8.266129032258064946e-01 3.647540983606557541e-01
8.266129032258064946e-01 6.147540983606557541e-01
8.266129032258064946e-01 8.729508196721311730e-01
8.306451612903226200e-01 3.606557377049180446e-01
8.306451612903226200e-01 6.147540983606557541e-01
8.306451612903226200e-01 8.729508196721311730e-01
8.346774193548387455e-01 6.147540983606557541e-01
8.346774193548387455e-01 8.729508196721311730e-01
8.387096774193548709e-01 6.147540983606557541e-01
8.387096774193548709e-01 8.729508196721311730e-01
8.427419354838709964e-01 6.147540983606557541e-01
8.427419354838709964e-01 8.729508196721311730e-01
8.467741935483871218e-01 6.147540983606557541e-01
8.467741935483871218e-01 8.729508196721311730e-01
8.508064516129032473e-01 6.147540983606557541e-01
8.508064516129032473e-01 8.729508196721311730e-01
8.548387096774193727e-01 6.147540983606557541e-01
8.548387096774193727e-01 8.729508196721311730e-01
8.588709677419354982e-01 6.147540983606557541e-01
8.588709677419354982e-01 8.729508196721311730e-01
8.629032258064516236e-01 6.147540983606557541e-01
8.629032258064516236e-01 8.729508196721311730e-01
8.669354838709677491e-01 6.147540983606557541e-01
8.669354838709677491e-01 8.729508196721311730e-01
8.709677419354838745e-01 6.147540983606557541e-01
8.709677419354838745e-01 8.688524590163934080e-01
8.750000000000000000e-01 6.147540983606557541e-01
8.750000000000000000e-01 8.688524590163934080e-01
8.790322580645161255e-01 6.147540983606557541e-01
8.790322580645161255e-01 8.688524590163934080e-01
8.830645161290322509e-01 6.147540983606557541e-01
8.830645161290322509e-01 8.688524590163934080e-01
8.870967741935483764e-01 6.147540983606557541e-01
8.870967741935483764e-01 8.688524590163934080e-01
8.911290322580645018e-01 6.147540983606557541e-01
8.911290322580645018e-01 8.688524590163934080e-01
8.951612903225806273e-01 6.147540983606557541e-01
8.951612903225806273e-01 8.688524590163934080e-01
8.991935483870967527e-01 6.147540983606557541e-01
8.991935483870967527e-01 8.688524590163934080e-01
9.032258064516128782e-01 6.147540983606557541e-01
9.032258064516128782e-01 8.688524590163934080e-01
9.072580645161290036e-01 6.147540983606557541e-01
9.072580645161290036e-01 8.688524590163934080e-01
9.112903225806451291e-01 6.147540983606557541e-01
9.112903225806451291e-01 8.688524590163934080e-01
9.153225806451612545e-01 6.147540983606557541e-01
9.153225806451612545e-01 8.688524590163934080e-01
9.193548387096773800e-01 6.147540983606557541e-01
9.193548387096773800e-01 8.688524590163934080e-01
9.233870967741935054e-01 8.688524590163934080e-01
9.274193548387096309e-01 8.688524590163934080e-01
9.314516129032257563e-01 8.688524590163934080e-01
9.354838709677418818e-01 8.688524590163934080e-01
9.395161290322581182e-01 8.688524590163934080e-01
9.435483870967742437e-01 8.442622950819672623e-01
9.435483870967742437e-01 8.483606557377049162e-01
9.435483870967742437e-01 8.524590163934425702e-01
9.435483870967742437e-01 8.565573770491803351e-01
9.435483870967742437e-01 8.606557377049179891e-01
9.435483870967742437e-01 8.647540983606557541e-01
9.475806451612903691e-01 8.647540983606557541e-01
9.516129032258064946e-01 8.647540983606557541e-01
9.556451612903226200e-01 8.647540983606557541e-01
9.596774193548387455e-01 8.647540983606557541e-01
9.637096774193548709e-01 8.647540983606557541e-01
9.677419354838709964e-01 8.647540983606557541e-01
9.717741935483871218e-01 8.647540983606557541e-01
9.758064516129032473e-01 8.647540983606557541e-01
9.798387096774193727e-01 8.647540983606557541e-01
9.838709677419354982e-01 8.647540983606557541e-01
9.879032258064516236e-01 8.647540983606557541e-01
9.919354838709677491e-01 8.647540983606557541e-01
9.959677419354838745e-01 8.647540983606557541e-01
1.000000000000000000e+00 8.606557377049179891e-01
