0.000000000000000000e+00 8.683127572016461349e-01
0.000000000000000000e+00 8.724279835390946758e-01
0.000000000000000000e+00 8.765432098765432167e-01
0.000000000000000000e+00 8.806584362139917577e-01
0.000000000000000000e+00 8.847736625514402986e-01
0.000000000000000000e+00 8.888888888888888395e-01
0.000000000000000000e+00 8.930041152263374915e-01
0.000000000000000000e+00 8.971193415637860324e-01
1.219512195121951262e-02 8.724279835390946758e-01
1.626016260162601798e-02 8.765432098765432167e-01
2.032520325203251987e-02 8.806584362139917577e-01
2.439024390243902524e-02 8.806584362139917577e-01
2.845528455284552713e-02 8.847736625514402986e-01
3.252032520325203596e-02 8.847736625514402986e-01
3.658536585365853439e-02 8.847736625514402986e-01
4.065040650406503975e-02 6.790123456790123635e-01
4.065040650406503975e-02 8.806584362139917577e-01
4.471544715447154511e-02 6.790123456790123635e-01
4.471544715447154511e-02 8.806584362139917577e-01
4.878048780487805047e-02 6.790123456790123635e-01
4.878048780487805047e-02 8.806584362139917577e-01
5.284552845528455584e-02 6.790123456790123635e-01
5.284552845528455584e-02 8.806584362139917577e-01
5.691056910569105426e-02 6.790123456790123635e-01
5.691056910569105426e-02 8.806584362139917577e-01
6.097560975609755962e-02 6.790123456790123635e-01
6.097560975609755962e-02 8.765432098765432167e-01
6.504065040650407192e-02 6.790123456790123635e-01
6.504065040650407192e-02 8.765432098765432167e-01
6.910569105691057035e-02 6.790123456790123635e-01
6.910569105691057035e-02 8.765432098765432167e-01
7.317073170731706877e-02 6.831275720164609044e-01
7.317073170731706877e-02 8.765432098765432167e-01
7.723577235772358107e-02 6.831275720164609044e-01
7.723577235772358107e-02 8.765432098765432167e-01
8.130081300813007950e-02 6.831275720164609044e-01
8.130081300813007950e-02 8.765432098765432167e-01
8.536585365853659180e-02 5.226337448559670307e-01
8.536585365853659180e-02 6.831275720164609044e-01
8.536585365853659180e-02 8.765432098765432167e-01
8.943089430894309022e-02 5.226337448559670307e-01
8.943089430894309022e-02 6.831275720164609044e-01
8.943089430894309022e-02 8.765432098765432167e-01
9.349593495934958864e-02 5.226337448559670307e-01
9.349593495934958864e-02 6.831275720164609044e-01
9.349593495934958864e-02 8.765432098765432167e-01
9.756097560975610095e-02 5.226337448559670307e-01
9.756097560975610095e-02 6.831275720164609044e-01
9.756097560975610095e-02 8.806584362139917577e-01
1.016260162601625994e-01 5.226337448559670307e-01
1.016260162601625994e-01 6.831275720164609044e-01
1.016260162601625994e-01 8.806584362139917577e-01
1.056910569105691117e-01 5.226337448559670307e-01
1.056910569105691117e-01 6.831275720164609044e-01
1.056910569105691117e-01 8.806584362139917577e-01
1.097560975609756101e-01 5.267489711934156826e-01
1.097560975609756101e-01 6.831275720164609044e-01
1.097560975609756101e-01 8.806584362139917577e-01
1.138211382113821085e-01 5.267489711934156826e-01
1.138211382113821085e-01 6.831275720164609044e-01
1.138211382113821085e-01 8.806584362139917577e-01
1.178861788617886208e-01 5.267489711934156826e-01
1.178861788617886208e-01 6.831275720164609044e-01
1.178861788617886208e-01 8.806584362139917577e-01
1.219512195121951192e-01 5.267489711934156826e-01
1.219512195121951192e-01 6.831275720164609044e-01
1.219512195121951192e-01 8.806584362139917577e-01
1.260162601626016177e-01 3.251028806584362330e-01
1.260162601626016177e-01 5.267489711934156826e-01
1.260162601626016177e-01 6.831275720164609044e-01
1.260162601626016177e-01 8.806584362139917577e-01
1.300813008130081438e-01 3.251028806584362330e-01
1.300813008130081438e-01 5.267489711934156826e-01
1.300813008130081438e-01 6.831275720164609044e-01
1.300813008130081438e-01 8.806584362139917577e-01
1.341463414634146423e-01 3.292181069958847739e-01
1.341463414634146423e-01 5.267489711934156826e-01
1.341463414634146423e-01 6.831275720164609044e-01
1.341463414634146423e-01 8.806584362139917577e-01
1.382113821138211407e-01 3.292181069958847739e-01
1.382113821138211407e-01 5.267489711934156826e-01
1.382113821138211407e-01 6.831275720164609044e-01
1.382113821138211407e-01 8.806584362139917577e-01
1.422764227642276391e-01 3.292181069958847739e-01
1.422764227642276391e-01 5.267489711934156826e-01
1.422764227642276391e-01 6.831275720164609044e-01
1.422764227642276391e-01 8.847736625514402986e-01
1.463414634146341375e-01 3.292181069958847739e-01
1.463414634146341375e-01 5.267489711934156826e-01
1.463414634146341375e-01 6.831275720164609044e-01
1.463414634146341375e-01 8.847736625514402986e-01
1.504065040650406637e-01 3.292181069958847739e-01
1.504065040650406637e-01 5.267489711934156826e-01
1.504065040650406637e-01 6.831275720164609044e-01
1.504065040650406637e-01 8.847736625514402986e-01
1.544715447154471621e-01 3.292181069958847739e-01
1.544715447154471621e-01 5.267489711934156826e-01
1.544715447154471621e-01 6.831275720164609044e-01
1.544715447154471621e-01 8.847736625514402986e-01
1.585365853658536606e-01 3.292181069958847739e-01
1.585365853658536606e-01 5.267489711934156826e-01
1.585365853658536606e-01 6.831275720164609044e-01
1.585365853658536606e-01 8.847736625514402986e-01
1.626016260162601590e-01 3.251028806584362330e-01
1.626016260162601590e-01 5.267489711934156826e-01
1.626016260162601590e-01 6.831275720164609044e-01
1.626016260162601590e-01 8.847736625514402986e-01
1.666666666666666574e-01 3.251028806584362330e-01
1.666666666666666574e-01 5.267489711934156826e-01
1.666666666666666574e-01 6.831275720164609044e-01
1.666666666666666574e-01 8.847736625514402986e-01
1.707317073170731836e-01 3.251028806584362330e-01
1.707317073170731836e-01 5.267489711934156826e-01
1.707317073170731836e-01 6.872427983539094454e-01
1.707317073170731836e-01 8.847736625514402986e-01
1.747967479674796820e-01 3.251028806584362330e-01
1.747967479674796820e-01 5.267489711934156826e-01
1.747967479674796820e-01 6.872427983539094454e-01
1.747967479674796820e-01 8.847736625514402986e-01
1.788617886178861804e-01 3.251028806584362330e-01
1.788617886178861804e-01 5.226337448559670307e-01
1.788617886178861804e-01 6.872427983539094454e-01
1.788617886178861804e-01 8.847736625514402986e-01
1.829268292682926789e-01 3.251028806584362330e-01
1.829268292682926789e-01 5.226337448559670307e-01
1.829268292682926789e-01 6.872427983539094454e-01
1.829268292682926789e-01 8.847736625514402986e-01
1.869918699186991773e-01 3.251028806584362330e-01
1.869918699186991773e-01 5.226337448559670307e-01
1.869918699186991773e-01 6.872427983539094454e-01
1.869918699186991773e-01 8.847736625514402986e-01
1.910569105691057035e-01 3.251028806584362330e-01
1.910569105691057035e-01 5.185185185185184897e-01
1.910569105691057035e-01 6.872427983539094454e-01
1.910569105691057035e-01 8.806584362139917577e-01
1.951219512195122019e-01 3.251028806584362330e-01
1.951219512195122019e-01 5.185185185185184897e-01
1.951219512195122019e-01 6.872427983539094454e-01
1.951219512195122019e-01 8.806584362139917577e-01
1.991869918699187003e-01 3.251028806584362330e-01
1.991869918699187003e-01 5.185185185185184897e-01
1.991869918699187003e-01 6.872427983539094454e-01
1.991869918699187003e-01 8.806584362139917577e-01
2.032520325203251987e-01 3.209876543209876365e-01
2.032520325203251987e-01 5.185185185185184897e-01
2.032520325203251987e-01 6.872427983539094454e-01
2.032520325203251987e-01 8.806584362139917577e-01
2.073170731707316972e-01 1.769547325102880653e-01
2.073170731707316972e-01 3.209876543209876365e-01
2.073170731707316972e-01 5.144032921810699488e-01
2.073170731707316972e-01 6.872427983539094454e-01
2.073170731707316972e-01 8.806584362139917577e-01
2.113821138211382233e-01 1.769547325102880653e-01
2.113821138211382233e-01 3.209876543209876365e-01
2.113821138211382233e-01 5.144032921810699488e-01
2.113821138211382233e-01 6.872427983539094454e-01
2.113821138211382233e-01 8.806584362139917577e-01
2.154471544715447218e-01 1.810699588477366340e-01
2.154471544715447218e-01 3.209876543209876365e-01
2.154471544715447218e-01 5.144032921810699488e-01
2.154471544715447218e-01 6.872427983539094454e-01
2.154471544715447218e-01 8.806584362139917577e-01
2.195121951219512202e-01 1.810699588477366340e-01
2.195121951219512202e-01 3.209876543209876365e-01
2.195121951219512202e-01 5.144032921810699488e-01
2.195121951219512202e-01 6.872427983539094454e-01
2.195121951219512202e-01 8.806584362139917577e-01
2.235772357723577186e-01 1.810699588477366340e-01
2.235772357723577186e-01 3.209876543209876365e-01
2.235772357723577186e-01 5.102880658436214079e-01
2.235772357723577186e-01 6.872427983539094454e-01
2.235772357723577186e-01 8.847736625514402986e-01
2.276422764227642170e-01 1.810699588477366340e-01
2.276422764227642170e-01 3.209876543209876365e-01
2.276422764227642170e-01 5.102880658436214079e-01
2.276422764227642170e-01 6.872427983539094454e-01
2.276422764227642170e-01 8.847736625514402986e-01
2.317073170731707432e-01 1.810699588477366340e-01
2.317073170731707432e-01 3.209876543209876365e-01
2.317073170731707432e-01 5.102880658436214079e-01
2.317073170731707432e-01 6.872427983539094454e-01
2.317073170731707432e-01 8.806584362139917577e-01
2.357723577235772416e-01 1.810699588477366340e-01
2.357723577235772416e-01 3.209876543209876365e-01
2.357723577235772416e-01 5.102880658436214079e-01
2.357723577235772416e-01 6.872427983539094454e-01
2.357723577235772416e-01 8.806584362139917577e-01
2.398373983739837401e-01 1.810699588477366340e-01
2.398373983739837401e-01 3.209876543209876365e-01
2.398373983739837401e-01 5.102880658436214079e-01
2.398373983739837401e-01 6.872427983539094454e-01
2.398373983739837401e-01 8.806584362139917577e-01
2.439024390243902385e-01 1.810699588477366340e-01
2.439024390243902385e-01 3.209876543209876365e-01
2.439024390243902385e-01 5.102880658436214079e-01
2.439024390243902385e-01 6.872427983539094454e-01
2.439024390243902385e-01 8.765432098765432167e-01
2.479674796747967369e-01 1.810699588477366340e-01
2.479674796747967369e-01 3.251028806584362330e-01
2.479674796747967369e-01 5.102880658436214079e-01
2.479674796747967369e-01 6.831275720164609044e-01
2.479674796747967369e-01 8.765432098765432167e-01
2.520325203252032353e-01 1.769547325102880653e-01
2.520325203252032353e-01 3.251028806584362330e-01
2.520325203252032353e-01 5.102880658436214079e-01
2.520325203252032353e-01 6.831275720164609044e-01
2.520325203252032353e-01 8.765432098765432167e-01
2.560975609756097615e-01 1.769547325102880653e-01
2.560975609756097615e-01 3.251028806584362330e-01
2.560975609756097615e-01 5.102880658436214079e-01
2.560975609756097615e-01 6.831275720164609044e-01
2.560975609756097615e-01 8.765432098765432167e-01
2.601626016260162877e-01 1.769547325102880653e-01
2.601626016260162877e-01 3.251028806584362330e-01
2.601626016260162877e-01 5.102880658436214079e-01
2.601626016260162877e-01 6.831275720164609044e-01
2.601626016260162877e-01 8.765432098765432167e-01
2.642276422764227584e-01 1.769547325102880653e-01
2.642276422764227584e-01 3.251028806584362330e-01
2.642276422764227584e-01 5.102880658436214079e-01
2.642276422764227584e-01 6.831275720164609044e-01
2.642276422764227584e-01 8.765432098765432167e-01
2.682926829268292845e-01 1.769547325102880653e-01
2.682926829268292845e-01 3.251028806584362330e-01
2.682926829268292845e-01 5.102880658436214079e-01
2.682926829268292845e-01 6.831275720164609044e-01
2.682926829268292845e-01 8.765432098765432167e-01
2.723577235772357552e-01 1.769547325102880653e-01
2.723577235772357552e-01 3.251028806584362330e-01
2.723577235772357552e-01 5.102880658436214079e-01
2.723577235772357552e-01 6.831275720164609044e-01
2.723577235772357552e-01 8.765432098765432167e-01
2.764227642276422814e-01 1.769547325102880653e-01
2.764227642276422814e-01 3.251028806584362330e-01
2.764227642276422814e-01 5.102880658436214079e-01
2.764227642276422814e-01 6.831275720164609044e-01
2.764227642276422814e-01 8.724279835390946758e-01
2.804878048780488076e-01 1.769547325102880653e-01
2.804878048780488076e-01 3.251028806584362330e-01
2.804878048780488076e-01 5.102880658436214079e-01
2.804878048780488076e-01 6.831275720164609044e-01
2.804878048780488076e-01 8.724279835390946758e-01
2.845528455284552782e-01 1.769547325102880653e-01
2.845528455284552782e-01 3.251028806584362330e-01
2.845528455284552782e-01 5.102880658436214079e-01
2.845528455284552782e-01 6.831275720164609044e-01
2.845528455284552782e-01 8.724279835390946758e-01
2.886178861788618044e-01 1.769547325102880653e-01
2.886178861788618044e-01 3.251028806584362330e-01
2.886178861788618044e-01 5.102880658436214079e-01
2.886178861788618044e-01 6.831275720164609044e-01
2.886178861788618044e-01 8.724279835390946758e-01
2.926829268292682751e-01 1.769547325102880653e-01
2.926829268292682751e-01 3.251028806584362330e-01
2.926829268292682751e-01 5.102880658436214079e-01
2.926829268292682751e-01 6.831275720164609044e-01
2.926829268292682751e-01 8.724279835390946758e-01
2.926829268292682751e-01 9.300411522633744710e-01
2.967479674796748013e-01 1.769547325102880653e-01
2.967479674796748013e-01 3.251028806584362330e-01
2.967479674796748013e-01 5.102880658436214079e-01
2.967479674796748013e-01 6.296296296296296502e-01
2.967479674796748013e-01 6.831275720164609044e-01
2.967479674796748013e-01 8.724279835390946758e-01
2.967479674796748013e-01 9.259259259259259300e-01
3.008130081300813274e-01 1.769547325102880653e-01
3.008130081300813274e-01 3.251028806584362330e-01
3.008130081300813274e-01 5.102880658436214079e-01
3.008130081300813274e-01 6.337448559670781911e-01
3.008130081300813274e-01 6.831275720164609044e-01
3.008130081300813274e-01 8.724279835390946758e-01
3.008130081300813274e-01 9.176954732510288482e-01
3.008130081300813274e-01 9.218106995884773891e-01
3.048780487804877981e-01 1.769547325102880653e-01
3.048780487804877981e-01 3.251028806584362330e-01
3.048780487804877981e-01 5.102880658436214079e-01
3.048780487804877981e-01 6.378600823045267321e-01
3.048780487804877981e-01 6.831275720164609044e-01
3.048780487804877981e-01 8.724279835390946758e-01
3.048780487804877981e-01 9.135802469135801962e-01
3.089430894308943243e-01 1.769547325102880653e-01
3.089430894308943243e-01 3.209876543209876365e-01
3.089430894308943243e-01 5.102880658436214079e-01
3.089430894308943243e-01 6.378600823045267321e-01
3.089430894308943243e-01 6.831275720164609044e-01
3.089430894308943243e-01 8.724279835390946758e-01
3.089430894308943243e-01 9.094650205761316553e-01
3.130081300813007950e-01 1.810699588477366340e-01
3.130081300813007950e-01 3.209876543209876365e-01
3.130081300813007950e-01 5.102880658436214079e-01
3.130081300813007950e-01 6.419753086419752730e-01
3.130081300813007950e-01 6.831275720164609044e-01
3.130081300813007950e-01 8.724279835390946758e-01
3.130081300813007950e-01 9.053497942386831143e-01
3.170731707317073211e-01 1.810699588477366340e-01
3.170731707317073211e-01 3.209876543209876365e-01
3.170731707317073211e-01 5.102880658436214079e-01
3.170731707317073211e-01 6.460905349794238139e-01
3.170731707317073211e-01 6.831275720164609044e-01
3.170731707317073211e-01 8.724279835390946758e-01
3.170731707317073211e-01 8.847736625514402986e-01
3.170731707317073211e-01 8.888888888888888395e-01
3.170731707317073211e-01 8.930041152263374915e-01
3.170731707317073211e-01 8.971193415637860324e-01
3.170731707317073211e-01 9.012345679012345734e-01
3.211382113821138473e-01 1.810699588477366340e-01
3.211382113821138473e-01 3.209876543209876365e-01
3.211382113821138473e-01 5.102880658436214079e-01
3.211382113821138473e-01 6.502057613168724659e-01
3.211382113821138473e-01 6.790123456790123635e-01
3.211382113821138473e-01 8.765432098765432167e-01
3.211382113821138473e-01 8.806584362139917577e-01
3.252032520325203180e-01 1.810699588477366340e-01
3.252032520325203180e-01 3.209876543209876365e-01
3.252032520325203180e-01 5.102880658436214079e-01
3.252032520325203180e-01 6.543209876543210068e-01
3.252032520325203180e-01 6.584362139917695478e-01
3.252032520325203180e-01 6.748971193415638226e-01
3.252032520325203180e-01 8.724279835390946758e-01
3.292682926829268442e-01 1.810699588477366340e-01
3.292682926829268442e-01 3.209876543209876365e-01
3.292682926829268442e-01 5.102880658436214079e-01
3.292682926829268442e-01 6.625514403292180887e-01
3.292682926829268442e-01 6.666666666666666297e-01
3.292682926829268442e-01 6.707818930041152816e-01
3.292682926829268442e-01 8.724279835390946758e-01
3.333333333333333148e-01 1.810699588477366340e-01
3.333333333333333148e-01 3.209876543209876365e-01
3.333333333333333148e-01 5.102880658436214079e-01
3.333333333333333148e-01 6.707818930041152816e-01
3.333333333333333148e-01 8.724279835390946758e-01
3.373983739837398410e-01 1.810699588477366340e-01
3.373983739837398410e-01 3.209876543209876365e-01
3.373983739837398410e-01 5.102880658436214079e-01
3.373983739837398410e-01 6.748971193415638226e-01
3.373983739837398410e-01 8.683127572016461349e-01
3.414634146341463672e-01 1.810699588477366340e-01
3.414634146341463672e-01 3.168724279835390956e-01
3.414634146341463672e-01 5.144032921810699488e-01
3.414634146341463672e-01 6.748971193415638226e-01
3.414634146341463672e-01 8.683127572016461349e-01
3.455284552845528379e-01 1.810699588477366340e-01
3.455284552845528379e-01 3.168724279835390956e-01
3.455284552845528379e-01 5.144032921810699488e-01
3.455284552845528379e-01 6.748971193415638226e-01
3.455284552845528379e-01 8.683127572016461349e-01
3.495934959349593640e-01 1.810699588477366340e-01
3.495934959349593640e-01 3.168724279835390956e-01
3.495934959349593640e-01 5.144032921810699488e-01
3.495934959349593640e-01 6.790123456790123635e-01
3.495934959349593640e-01 8.641975308641974829e-01
3.536585365853658347e-01 1.810699588477366340e-01
3.536585365853658347e-01 3.168724279835390956e-01
3.536585365853658347e-01 5.144032921810699488e-01
3.536585365853658347e-01 5.843621399176954778e-01
3.536585365853658347e-01 6.790123456790123635e-01
3.536585365853658347e-01 8.641975308641974829e-01
3.536585365853658347e-01 9.423868312757202048e-01
3.536585365853658347e-01 9.465020576131687458e-01
3.536585365853658347e-01 9.506172839506172867e-01
3.536585365853658347e-01 9.547325102880658276e-01
3.536585365853658347e-01 9.588477366255143686e-01
3.577235772357723609e-01 1.810699588477366340e-01
3.577235772357723609e-01 3.168724279835390956e-01
3.577235772357723609e-01 5.185185185185184897e-01
3.577235772357723609e-01 5.802469135802469369e-01
3.577235772357723609e-01 6.790123456790123635e-01
3.577235772357723609e-01 8.641975308641974829e-01
3.577235772357723609e-01 9.341563786008230119e-01
3.577235772357723609e-01 9.382716049382715529e-01
3.617886178861788871e-01 1.810699588477366340e-01
3.617886178861788871e-01 3.168724279835390956e-01
3.617886178861788871e-01 5.185185185185184897e-01
3.617886178861788871e-01 5.761316872427983959e-01
3.617886178861788871e-01 6.790123456790123635e-01
3.617886178861788871e-01 8.641975308641974829e-01
3.617886178861788871e-01 9.218106995884773891e-01
3.617886178861788871e-01 9.259259259259259300e-01
3.617886178861788871e-01 9.300411522633744710e-01
3.658536585365853577e-01 1.810699588477366340e-01
3.658536585365853577e-01 3.209876543209876365e-01
3.658536585365853577e-01 5.185185185185184897e-01
3.658536585365853577e-01 5.761316872427983959e-01
3.658536585365853577e-01 6.790123456790123635e-01
3.658536585365853577e-01 8.641975308641974829e-01
3.658536585365853577e-01 9.176954732510288482e-01
3.699186991869918839e-01 1.810699588477366340e-01
3.699186991869918839e-01 3.209876543209876365e-01
3.699186991869918839e-01 5.185185185185184897e-01
3.699186991869918839e-01 5.720164609053497440e-01
3.699186991869918839e-01 6.790123456790123635e-01
3.699186991869918839e-01 8.641975308641974829e-01
3.699186991869918839e-01 9.135802469135801962e-01
3.739837398373983546e-01 1.810699588477366340e-01
3.739837398373983546e-01 3.209876543209876365e-01
3.739837398373983546e-01 5.185185185185184897e-01
3.739837398373983546e-01 5.679012345679012030e-01
3.739837398373983546e-01 6.790123456790123635e-01
3.739837398373983546e-01 8.641975308641974829e-01
3.739837398373983546e-01 9.094650205761316553e-01
3.780487804878048808e-01 1.810699588477366340e-01
3.780487804878048808e-01 3.209876543209876365e-01
3.780487804878048808e-01 5.185185185185184897e-01
3.780487804878048808e-01 5.679012345679012030e-01
3.780487804878048808e-01 6.790123456790123635e-01
3.780487804878048808e-01 8.641975308641974829e-01
3.780487804878048808e-01 9.094650205761316553e-01
3.821138211382114069e-01 1.769547325102880653e-01
3.821138211382114069e-01 3.209876543209876365e-01
3.821138211382114069e-01 5.226337448559670307e-01
3.821138211382114069e-01 5.637860082304526621e-01
3.821138211382114069e-01 6.790123456790123635e-01
3.821138211382114069e-01 8.641975308641974829e-01
3.821138211382114069e-01 9.053497942386831143e-01
3.861788617886178776e-01 1.769547325102880653e-01
3.861788617886178776e-01 3.209876543209876365e-01
3.861788617886178776e-01 5.226337448559670307e-01
3.861788617886178776e-01 5.596707818930041212e-01
3.861788617886178776e-01 6.831275720164609044e-01
3.861788617886178776e-01 8.641975308641974829e-01
3.861788617886178776e-01 9.053497942386831143e-01
3.902439024390244038e-01 1.769547325102880653e-01
3.902439024390244038e-01 3.209876543209876365e-01
3.902439024390244038e-01 5.226337448559670307e-01
3.902439024390244038e-01 5.555555555555555802e-01
3.902439024390244038e-01 6.831275720164609044e-01
3.902439024390244038e-01 7.242798353909465359e-01
3.902439024390244038e-01 8.641975308641974829e-01
3.902439024390244038e-01 9.012345679012345734e-01
3.943089430894308745e-01 1.728395061728394966e-01
3.943089430894308745e-01 3.251028806584362330e-01
3.943089430894308745e-01 5.267489711934156826e-01
3.943089430894308745e-01 5.308641975308642236e-01
3.943089430894308745e-01 5.349794238683127645e-01
3.943089430894308745e-01 5.390946502057613055e-01
3.943089430894308745e-01 5.432098765432098464e-01
3.943089430894308745e-01 5.473251028806583873e-01
3.943089430894308745e-01 5.514403292181070393e-01
3.943089430894308745e-01 6.831275720164609044e-01
3.943089430894308745e-01 7.201646090534979949e-01
3.943089430894308745e-01 8.641975308641974829e-01
3.943089430894308745e-01 8.971193415637860324e-01
3.983739837398374006e-01 1.728395061728394966e-01
3.983739837398374006e-01 5.267489711934156826e-01
3.983739837398374006e-01 6.831275720164609044e-01
3.983739837398374006e-01 7.201646090534979949e-01
3.983739837398374006e-01 8.641975308641974829e-01
3.983739837398374006e-01 8.930041152263374915e-01
4.024390243902439268e-01 1.769547325102880653e-01
4.024390243902439268e-01 5.267489711934156826e-01
4.024390243902439268e-01 6.831275720164609044e-01
4.024390243902439268e-01 7.201646090534979949e-01
4.024390243902439268e-01 8.641975308641974829e-01
4.024390243902439268e-01 8.683127572016461349e-01
4.024390243902439268e-01 8.724279835390946758e-01
4.024390243902439268e-01 8.765432098765432167e-01
4.024390243902439268e-01 8.806584362139917577e-01
4.024390243902439268e-01 8.847736625514402986e-01
4.024390243902439268e-01 8.888888888888888395e-01
4.065040650406503975e-01 1.769547325102880653e-01
4.065040650406503975e-01 5.267489711934156826e-01
4.065040650406503975e-01 6.831275720164609044e-01
4.065040650406503975e-01 7.160493827160493430e-01
4.065040650406503975e-01 8.641975308641974829e-01
4.105691056910569237e-01 1.769547325102880653e-01
4.105691056910569237e-01 5.267489711934156826e-01
4.105691056910569237e-01 6.831275720164609044e-01
4.105691056910569237e-01 7.160493827160493430e-01
4.105691056910569237e-01 8.641975308641974829e-01
4.146341463414633943e-01 1.728395061728394966e-01
4.146341463414633943e-01 5.267489711934156826e-01
4.146341463414633943e-01 6.872427983539094454e-01
4.146341463414633943e-01 7.119341563786008020e-01
4.146341463414633943e-01 8.641975308641974829e-01
4.186991869918699205e-01 1.728395061728394966e-01
4.186991869918699205e-01 3.786008230452674872e-01
4.186991869918699205e-01 5.267489711934156826e-01
4.186991869918699205e-01 6.913580246913579863e-01
4.186991869918699205e-01 7.078189300411522611e-01
4.186991869918699205e-01 8.641975308641974829e-01
4.227642276422764467e-01 1.728395061728394966e-01
4.227642276422764467e-01 3.703703703703703498e-01
4.227642276422764467e-01 3.744855967078189463e-01
4.227642276422764467e-01 5.267489711934156826e-01
4.227642276422764467e-01 6.954732510288066383e-01
4.227642276422764467e-01 6.995884773662551792e-01
4.227642276422764467e-01 7.037037037037037202e-01
4.227642276422764467e-01 8.641975308641974829e-01
4.268292682926829174e-01 1.728395061728394966e-01
4.268292682926829174e-01 3.497942386831275896e-01
4.268292682926829174e-01 3.539094650205761305e-01
4.268292682926829174e-01 3.580246913580246715e-01
4.268292682926829174e-01 3.621399176954732679e-01
4.268292682926829174e-01 3.662551440329218089e-01
4.268292682926829174e-01 5.267489711934156826e-01
4.268292682926829174e-01 6.995884773662551792e-01
4.268292682926829174e-01 8.641975308641974829e-01
4.308943089430894435e-01 1.728395061728394966e-01
4.308943089430894435e-01 3.456790123456789932e-01
4.308943089430894435e-01 5.267489711934156826e-01
4.308943089430894435e-01 6.995884773662551792e-01
4.308943089430894435e-01 8.641975308641974829e-01
4.349593495934959142e-01 1.728395061728394966e-01
4.349593495934959142e-01 5.267489711934156826e-01
4.349593495934959142e-01 6.995884773662551792e-01
4.349593495934959142e-01 8.641975308641974829e-01
4.390243902439024404e-01 1.728395061728394966e-01
4.390243902439024404e-01 5.267489711934156826e-01
4.390243902439024404e-01 6.995884773662551792e-01
4.390243902439024404e-01 8.641975308641974829e-01
4.430894308943089666e-01 1.728395061728394966e-01
4.430894308943089666e-01 5.267489711934156826e-01
4.430894308943089666e-01 6.995884773662551792e-01
4.430894308943089666e-01 8.641975308641974829e-01
4.471544715447154372e-01 1.769547325102880653e-01
4.471544715447154372e-01 1.893004115226337436e-01
4.471544715447154372e-01 3.333333333333333148e-01
4.471544715447154372e-01 5.267489711934156826e-01
4.471544715447154372e-01 6.995884773662551792e-01
4.471544715447154372e-01 8.641975308641974829e-01
4.512195121951219634e-01 1.810699588477366340e-01
4.512195121951219634e-01 1.851851851851851749e-01
4.512195121951219634e-01 4.855967078189300512e-01
4.512195121951219634e-01 4.897119341563785921e-01
4.512195121951219634e-01 4.938271604938271331e-01
4.512195121951219634e-01 4.979423868312757295e-01
4.512195121951219634e-01 5.020576131687243260e-01
4.512195121951219634e-01 5.061728395061728669e-01
4.512195121951219634e-01 5.102880658436214079e-01
4.512195121951219634e-01 5.144032921810699488e-01
4.512195121951219634e-01 5.185185185185184897e-01
4.512195121951219634e-01 5.267489711934156826e-01
4.512195121951219634e-01 6.995884773662551792e-01
4.512195121951219634e-01 8.641975308641974829e-01
4.552845528455284341e-01 1.810699588477366340e-01
4.552845528455284341e-01 4.773662551440329138e-01
4.552845528455284341e-01 4.814814814814814548e-01
4.552845528455284341e-01 5.226337448559670307e-01
4.552845528455284341e-01 5.267489711934156826e-01
4.552845528455284341e-01 6.995884773662551792e-01
4.552845528455284341e-01 8.641975308641974829e-01
4.593495934959349603e-01 1.810699588477366340e-01
4.593495934959349603e-01 3.292181069958847739e-01
4.593495934959349603e-01 4.650205761316872355e-01
4.593495934959349603e-01 4.691358024691357764e-01
4.593495934959349603e-01 4.732510288065843729e-01
4.593495934959349603e-01 5.267489711934156826e-01
4.593495934959349603e-01 6.995884773662551792e-01
4.593495934959349603e-01 8.641975308641974829e-01
4.634146341463414864e-01 1.810699588477366340e-01
4.634146341463414864e-01 3.292181069958847739e-01
4.634146341463414864e-01 4.609053497942386945e-01
4.634146341463414864e-01 5.267489711934156826e-01
4.634146341463414864e-01 6.995884773662551792e-01
4.634146341463414864e-01 8.641975308641974829e-01
4.674796747967479571e-01 1.769547325102880653e-01
4.674796747967479571e-01 1.810699588477366340e-01
4.674796747967479571e-01 3.292181069958847739e-01
4.674796747967479571e-01 4.526748971193415572e-01
4.674796747967479571e-01 4.567901234567900981e-01
4.674796747967479571e-01 5.267489711934156826e-01
4.674796747967479571e-01 6.954732510288066383e-01
4.674796747967479571e-01 6.995884773662551792e-01
4.674796747967479571e-01 7.037037037037037202e-01
4.674796747967479571e-01 8.641975308641974829e-01
4.715447154471544833e-01 2.469135802469135665e-02
4.715447154471544833e-01 2.880658436213991841e-02
4.715447154471544833e-01 3.292181069958848016e-02
4.715447154471544833e-01 3.703703703703703498e-02
4.715447154471544833e-01 4.115226337448559674e-02
4.715447154471544833e-01 4.526748971193415849e-02
4.715447154471544833e-01 4.938271604938271331e-02
4.715447154471544833e-01 5.349794238683127506e-02
4.715447154471544833e-01 6.584362139917696033e-02
4.715447154471544833e-01 6.995884773662551515e-02
4.715447154471544833e-01 7.407407407407406996e-02
4.715447154471544833e-01 7.818930041152263866e-02
4.715447154471544833e-01 8.230452674897119347e-02
4.715447154471544833e-01 1.728395061728394966e-01
4.715447154471544833e-01 1.851851851851851749e-01
4.715447154471544833e-01 3.292181069958847739e-01
4.715447154471544833e-01 4.444444444444444198e-01
4.715447154471544833e-01 4.485596707818930162e-01
4.715447154471544833e-01 4.609053497942386945e-01
4.715447154471544833e-01 5.267489711934156826e-01
4.715447154471544833e-01 6.872427983539094454e-01
4.715447154471544833e-01 6.913580246913579863e-01
4.715447154471544833e-01 7.078189300411522611e-01
4.715447154471544833e-01 7.119341563786008020e-01
4.715447154471544833e-01 7.160493827160493430e-01
4.715447154471544833e-01 7.201646090534979949e-01
4.715447154471544833e-01 7.242798353909465359e-01
4.715447154471544833e-01 7.283950617283950768e-01
4.715447154471544833e-01 7.325102880658436177e-01
4.715447154471544833e-01 7.366255144032921587e-01
4.715447154471544833e-01 8.641975308641974829e-01
4.756097560975609539e-01 2.057613168724279837e-02
4.756097560975609539e-01 5.761316872427983682e-02
4.756097560975609539e-01 6.172839506172839164e-02
4.756097560975609539e-01 8.641975308641974829e-02
4.756097560975609539e-01 9.053497942386831698e-02
4.756097560975609539e-01 9.465020576131687180e-02
4.756097560975609539e-01 9.876543209876542662e-02
4.756097560975609539e-01 1.028806584362139953e-01
4.756097560975609539e-01 1.687242798353909556e-01
4.756097560975609539e-01 1.893004115226337436e-01
4.756097560975609539e-01 1.934156378600823123e-01
4.756097560975609539e-01 1.975308641975308532e-01
4.756097560975609539e-01 2.016460905349794219e-01
4.756097560975609539e-01 2.057613168724279906e-01
4.756097560975609539e-01 2.674897119341563823e-01
4.756097560975609539e-01 2.716049382716049232e-01
4.756097560975609539e-01 2.757201646090535196e-01
4.756097560975609539e-01 2.798353909465020606e-01
4.756097560975609539e-01 2.839506172839506015e-01
4.756097560975609539e-01 2.880658436213991980e-01
4.756097560975609539e-01 3.292181069958847739e-01
4.756097560975609539e-01 3.497942386831275896e-01
4.756097560975609539e-01 3.539094650205761305e-01
4.756097560975609539e-01 3.580246913580246715e-01
4.756097560975609539e-01 3.621399176954732679e-01
4.756097560975609539e-01 3.786008230452674872e-01
4.756097560975609539e-01 3.827160493827160281e-01
4.756097560975609539e-01 3.868312757201646246e-01
4.756097560975609539e-01 3.909465020576131655e-01
4.756097560975609539e-01 3.950617283950617065e-01
4.756097560975609539e-01 3.991769547325103029e-01
4.756097560975609539e-01 4.032921810699588439e-01
4.756097560975609539e-01 4.074074074074073848e-01
4.756097560975609539e-01 4.115226337448559812e-01
4.756097560975609539e-01 4.156378600823045222e-01
4.756097560975609539e-01 4.197530864197530631e-01
4.756097560975609539e-01 4.362139917695473379e-01
4.756097560975609539e-01 4.403292181069958788e-01
4.756097560975609539e-01 4.609053497942386945e-01
4.756097560975609539e-01 5.226337448559670307e-01
4.756097560975609539e-01 5.267489711934156826e-01
4.756097560975609539e-01 5.308641975308642236e-01
4.756097560975609539e-01 5.349794238683127645e-01
4.756097560975609539e-01 5.390946502057613055e-01
4.756097560975609539e-01 5.432098765432098464e-01
4.756097560975609539e-01 5.473251028806583873e-01
4.756097560975609539e-01 5.514403292181070393e-01
4.756097560975609539e-01 6.625514403292180887e-01
4.756097560975609539e-01 6.666666666666666297e-01
4.756097560975609539e-01 6.707818930041152816e-01
4.756097560975609539e-01 6.748971193415638226e-01
4.756097560975609539e-01 6.790123456790123635e-01
4.756097560975609539e-01 6.831275720164609044e-01
4.756097560975609539e-01 7.407407407407406996e-01
4.756097560975609539e-01 7.448559670781893516e-01
4.756097560975609539e-01 7.489711934156378925e-01
4.756097560975609539e-01 7.530864197530864335e-01
4.756097560975609539e-01 8.641975308641974829e-01
4.796747967479674801e-01 1.234567901234567833e-02
4.796747967479674801e-01 1.646090534979424008e-02
4.796747967479674801e-01 1.069958847736625501e-01
4.796747967479674801e-01 1.111111111111111049e-01
4.796747967479674801e-01 1.152263374485596736e-01
4.796747967479674801e-01 1.193415637860082285e-01
4.796747967479674801e-01 1.234567901234567833e-01
4.796747967479674801e-01 1.275720164609053520e-01
4.796747967479674801e-01 1.316872427983539207e-01
4.796747967479674801e-01 1.358024691358024616e-01
4.796747967479674801e-01 1.399176954732510303e-01
4.796747967479674801e-01 1.440329218106995990e-01
4.796747967479674801e-01 1.481481481481481399e-01
4.796747967479674801e-01 1.522633744855967086e-01
4.796747967479674801e-01 1.563786008230452773e-01
4.796747967479674801e-01 1.604938271604938183e-01
4.796747967479674801e-01 1.646090534979423869e-01
4.796747967479674801e-01 2.098765432098765316e-01
4.796747967479674801e-01 2.139917695473251003e-01
4.796747967479674801e-01 2.181069958847736689e-01
4.796747967479674801e-01 2.222222222222222099e-01
4.796747967479674801e-01 2.263374485596707786e-01
4.796747967479674801e-01 2.304526748971193473e-01
4.796747967479674801e-01 2.345679012345678882e-01
4.796747967479674801e-01 2.921810699588477389e-01
4.796747967479674801e-01 3.292181069958847739e-01
4.796747967479674801e-01 3.415637860082304522e-01
4.796747967479674801e-01 3.456790123456789932e-01
4.796747967479674801e-01 4.238683127572016596e-01
4.796747967479674801e-01 4.279835390946502005e-01
4.796747967479674801e-01 4.320987654320987414e-01
4.796747967479674801e-01 4.650205761316872355e-01
4.796747967479674801e-01 4.691358024691357764e-01
4.796747967479674801e-01 4.732510288065843729e-01
4.796747967479674801e-01 4.773662551440329138e-01
4.796747967479674801e-01 4.814814814814814548e-01
4.796747967479674801e-01 4.855967078189300512e-01
4.796747967479674801e-01 4.897119341563785921e-01
4.796747967479674801e-01 4.938271604938271331e-01
4.796747967479674801e-01 4.979423868312757295e-01
4.796747967479674801e-01 5.020576131687243260e-01
4.796747967479674801e-01 5.061728395061728669e-01
4.796747967479674801e-01 5.102880658436214079e-01
4.796747967479674801e-01 5.144032921810699488e-01
4.796747967479674801e-01 5.185185185185184897e-01
4.796747967479674801e-01 5.555555555555555802e-01
4.796747967479674801e-01 5.596707818930041212e-01
4.796747967479674801e-01 5.637860082304526621e-01
4.796747967479674801e-01 5.679012345679012030e-01
4.796747967479674801e-01 5.720164609053497440e-01
4.796747967479674801e-01 5.761316872427983959e-01
4.796747967479674801e-01 5.802469135802469369e-01
4.796747967479674801e-01 5.843621399176954778e-01
4.796747967479674801e-01 5.884773662551440188e-01
4.796747967479674801e-01 6.090534979423868345e-01
4.796747967479674801e-01 6.131687242798353754e-01
4.796747967479674801e-01 6.172839506172839164e-01
4.796747967479674801e-01 6.213991769547324573e-01
4.796747967479674801e-01 6.255144032921811093e-01
4.796747967479674801e-01 6.296296296296296502e-01
4.796747967479674801e-01 6.337448559670781911e-01
4.796747967479674801e-01 6.378600823045267321e-01
4.796747967479674801e-01 6.419753086419752730e-01
4.796747967479674801e-01 6.460905349794238139e-01
4.796747967479674801e-01 6.502057613168724659e-01
4.796747967479674801e-01 6.543209876543210068e-01
4.796747967479674801e-01 6.584362139917695478e-01
4.796747967479674801e-01 7.572016460905349744e-01
4.796747967479674801e-01 7.613168724279835153e-01
4.796747967479674801e-01 7.654320987654320563e-01
4.796747967479674801e-01 8.683127572016461349e-01
4.837398373983740063e-01 4.115226337448560021e-03
4.837398373983740063e-01 8.230452674897120041e-03
4.837398373983740063e-01 2.962962962962962798e-01
4.837398373983740063e-01 3.292181069958847739e-01
4.837398373983740063e-01 3.333333333333333148e-01
4.837398373983740063e-01 3.374485596707819113e-01
4.837398373983740063e-01 5.925925925925925597e-01
4.837398373983740063e-01 5.967078189300411006e-01
4.837398373983740063e-01 6.008230452674897526e-01
4.837398373983740063e-01 6.049382716049382935e-01
4.837398373983740063e-01 7.695473251028807082e-01
4.837398373983740063e-01 7.736625514403292492e-01
4.837398373983740063e-01 7.777777777777777901e-01
4.837398373983740063e-01 8.683127572016461349e-01
4.878048780487804770e-01 0.000000000000000000e+00
4.878048780487804770e-01 3.004115226337448763e-01
4.878048780487804770e-01 3.168724279835390956e-01
4.878048780487804770e-01 3.209876543209876365e-01
4.878048780487804770e-01 3.251028806584362330e-01
4.878048780487804770e-01 6.049382716049382935e-01
4.878048780487804770e-01 7.818930041152263311e-01
4.878048780487804770e-01 7.860082304526748720e-01
4.878048780487804770e-01 7.901234567901234129e-01
4.878048780487804770e-01 7.942386831275720649e-01
4.878048780487804770e-01 7.983539094650206058e-01
4.878048780487804770e-01 8.024691358024691468e-01
4.878048780487804770e-01 8.065843621399176877e-01
4.878048780487804770e-01 8.106995884773662286e-01
4.878048780487804770e-01 8.148148148148147696e-01
4.878048780487804770e-01 8.189300411522634215e-01
4.878048780487804770e-01 8.230452674897119625e-01
4.878048780487804770e-01 8.271604938271605034e-01
4.878048780487804770e-01 8.312757201646090444e-01
4.878048780487804770e-01 8.353909465020575853e-01
4.878048780487804770e-01 8.395061728395061262e-01
4.878048780487804770e-01 8.436213991769547782e-01
4.878048780487804770e-01 8.477366255144033191e-01
4.878048780487804770e-01 8.518518518518518601e-01
4.878048780487804770e-01 8.559670781893004010e-01
4.878048780487804770e-01 8.600823045267489420e-01
4.878048780487804770e-01 8.641975308641974829e-01
4.878048780487804770e-01 8.683127572016461349e-01
4.878048780487804770e-01 8.724279835390946758e-01
4.878048780487804770e-01 8.765432098765432167e-01
4.878048780487804770e-01 8.806584362139917577e-01
4.878048780487804770e-01 8.847736625514402986e-01
4.878048780487804770e-01 8.888888888888888395e-01
4.878048780487804770e-01 8.930041152263374915e-01
4.878048780487804770e-01 8.971193415637860324e-01
4.878048780487804770e-01 9.012345679012345734e-01
4.878048780487804770e-01 9.053497942386831143e-01
4.878048780487804770e-01 9.094650205761316553e-01
4.878048780487804770e-01 9.135802469135801962e-01
4.878048780487804770e-01 9.176954732510288482e-01
4.878048780487804770e-01 9.218106995884773891e-01
4.878048780487804770e-01 9.259259259259259300e-01
4.918699186991870032e-01 3.045267489711934172e-01
4.918699186991870032e-01 3.086419753086419582e-01
4.918699186991870032e-01 3.127572016460905546e-01
4.918699186991870032e-01 4.156378600823045222e-01
4.918699186991870032e-01 6.049382716049382935e-01
4.918699186991870032e-01 8.600823045267489420e-01
4.918699186991870032e-01 9.300411522633744710e-01
4.959349593495934738e-01 4.156378600823045222e-01
4.959349593495934738e-01 6.049382716049382935e-01
4.959349593495934738e-01 8.600823045267489420e-01
4.959349593495934738e-01 9.341563786008230119e-01
4.959349593495934738e-01 9.382716049382715529e-01
4.959349593495934738e-01 9.423868312757202048e-01
4.959349593495934738e-01 9.465020576131687458e-01
4.959349593495934738e-01 9.506172839506172867e-01
4.959349593495934738e-01 9.547325102880658276e-01
5.000000000000000000e-01 4.156378600823045222e-01
5.000000000000000000e-01 6.049382716049382935e-01
5.000000000000000000e-01 8.600823045267489420e-01
5.000000000000000000e-01 9.588477366255143686e-01
5.000000000000000000e-01 9.629629629629629095e-01
5.000000000000000000e-01 9.670781893004115615e-01
5.000000000000000000e-01 9.711934156378601024e-01
5.000000000000000000e-01 9.753086419753086433e-01
5.000000000000000000e-01 9.794238683127571843e-01
5.000000000000000000e-01 9.835390946502057252e-01
5.000000000000000000e-01 9.876543209876542662e-01
5.000000000000000000e-01 9.917695473251029181e-01
5.000000000000000000e-01 9.958847736625514591e-01
5.040650406504064707e-01 4.156378600823045222e-01
5.040650406504064707e-01 6.049382716049382935e-01
5.040650406504064707e-01 8.559670781893004010e-01
5.040650406504064707e-01 1.000000000000000000e+00
5.081300813008130524e-01 4.197530864197530631e-01
5.081300813008130524e-01 6.049382716049382935e-01
5.081300813008130524e-01 8.559670781893004010e-01
5.121951219512195230e-01 4.197530864197530631e-01
5.121951219512195230e-01 6.049382716049382935e-01
5.121951219512195230e-01 8.559670781893004010e-01
5.162601626016259937e-01 4.197530864197530631e-01
5.162601626016259937e-01 6.049382716049382935e-01
5.162601626016259937e-01 8.559670781893004010e-01
5.203252032520325754e-01 4.197530864197530631e-01
5.203252032520325754e-01 6.090534979423868345e-01
5.203252032520325754e-01 8.518518518518518601e-01
5.243902439024390461e-01 4.238683127572016596e-01
5.243902439024390461e-01 4.609053497942386945e-01
5.243902439024390461e-01 4.650205761316872355e-01
5.243902439024390461e-01 6.090534979423868345e-01
5.243902439024390461e-01 8.477366255144033191e-01
5.243902439024390461e-01 8.518518518518518601e-01
5.284552845528455167e-01 4.238683127572016596e-01
5.284552845528455167e-01 4.362139917695473379e-01
5.284552845528455167e-01 4.403292181069958788e-01
5.284552845528455167e-01 4.444444444444444198e-01
5.284552845528455167e-01 4.485596707818930162e-01
5.284552845528455167e-01 4.526748971193415572e-01
5.284552845528455167e-01 4.567901234567900981e-01
5.284552845528455167e-01 4.691358024691357764e-01
5.284552845528455167e-01 4.732510288065843729e-01
5.284552845528455167e-01 4.773662551440329138e-01
5.284552845528455167e-01 6.090534979423868345e-01
5.284552845528455167e-01 8.271604938271605034e-01
5.284552845528455167e-01 8.312757201646090444e-01
5.284552845528455167e-01 8.353909465020575853e-01
5.284552845528455167e-01 8.395061728395061262e-01
5.284552845528455167e-01 8.436213991769547782e-01
5.284552845528455167e-01 8.518518518518518601e-01
5.325203252032519874e-01 4.238683127572016596e-01
5.325203252032519874e-01 4.279835390946502005e-01
5.325203252032519874e-01 4.320987654320987414e-01
5.325203252032519874e-01 4.814814814814814548e-01
5.325203252032519874e-01 6.090534979423868345e-01
5.325203252032519874e-01 6.131687242798353754e-01
5.325203252032519874e-01 6.172839506172839164e-01
5.325203252032519874e-01 8.230452674897119625e-01
5.325203252032519874e-01 8.559670781893004010e-01
5.365853658536585691e-01 2.592592592592592449e-01
5.365853658536585691e-01 4.156378600823045222e-01
5.365853658536585691e-01 4.197530864197530631e-01
5.365853658536585691e-01 4.855967078189300512e-01
5.365853658536585691e-01 4.897119341563785921e-01
5.365853658536585691e-01 6.008230452674897526e-01
5.365853658536585691e-01 6.049382716049382935e-01
5.365853658536585691e-01 6.213991769547324573e-01
5.365853658536585691e-01 8.189300411522634215e-01
5.365853658536585691e-01 8.600823045267489420e-01
5.406504065040650397e-01 2.592592592592592449e-01
5.406504065040650397e-01 4.115226337448559812e-01
5.406504065040650397e-01 4.938271604938271331e-01
5.406504065040650397e-01 4.979423868312757295e-01
5.406504065040650397e-01 5.967078189300411006e-01
5.406504065040650397e-01 6.255144032921811093e-01
5.406504065040650397e-01 8.148148148148147696e-01
5.406504065040650397e-01 8.600823045267489420e-01
5.447154471544715104e-01 2.592592592592592449e-01
5.447154471544715104e-01 4.115226337448559812e-01
5.447154471544715104e-01 5.020576131687243260e-01
5.447154471544715104e-01 5.925925925925925597e-01
5.447154471544715104e-01 6.296296296296296502e-01
5.447154471544715104e-01 8.106995884773662286e-01
5.447154471544715104e-01 8.600823045267489420e-01
5.487804878048780921e-01 2.592592592592592449e-01
5.487804878048780921e-01 4.074074074074073848e-01
5.487804878048780921e-01 5.061728395061728669e-01
5.487804878048780921e-01 5.925925925925925597e-01
5.487804878048780921e-01 6.296296296296296502e-01
5.487804878048780921e-01 8.065843621399176877e-01
5.487804878048780921e-01 8.600823045267489420e-01
5.528455284552845628e-01 2.592592592592592449e-01
5.528455284552845628e-01 3.991769547325103029e-01
5.528455284552845628e-01 4.032921810699588439e-01
5.528455284552845628e-01 5.102880658436214079e-01
5.528455284552845628e-01 5.925925925925925597e-01
5.528455284552845628e-01 6.337448559670781911e-01
5.528455284552845628e-01 7.983539094650206058e-01
5.528455284552845628e-01 8.024691358024691468e-01
5.528455284552845628e-01 8.600823045267489420e-01
5.569105691056910334e-01 2.551440329218107039e-01
5.569105691056910334e-01 3.827160493827160281e-01
5.569105691056910334e-01 3.868312757201646246e-01
5.569105691056910334e-01 3.909465020576131655e-01
5.569105691056910334e-01 3.950617283950617065e-01
5.569105691056910334e-01 4.032921810699588439e-01
5.569105691056910334e-01 5.102880658436214079e-01
5.569105691056910334e-01 5.925925925925925597e-01
5.569105691056910334e-01 6.337448559670781911e-01
5.569105691056910334e-01 7.942386831275720649e-01
5.569105691056910334e-01 8.600823045267489420e-01
5.609756097560976151e-01 2.551440329218107039e-01
5.609756097560976151e-01 3.786008230452674872e-01
5.609756097560976151e-01 4.074074074074073848e-01
5.609756097560976151e-01 5.102880658436214079e-01
5.609756097560976151e-01 5.925925925925925597e-01
5.609756097560976151e-01 6.296296296296296502e-01
5.609756097560976151e-01 6.337448559670781911e-01
5.609756097560976151e-01 8.600823045267489420e-01
5.650406504065040858e-01 2.551440329218107039e-01
5.650406504065040858e-01 3.744855967078189463e-01
5.650406504065040858e-01 4.074074074074073848e-01
5.650406504065040858e-01 5.102880658436214079e-01
5.650406504065040858e-01 5.925925925925925597e-01
5.650406504065040858e-01 6.049382716049382935e-01
5.650406504065040858e-01 6.090534979423868345e-01
5.650406504065040858e-01 6.131687242798353754e-01
5.650406504065040858e-01 6.172839506172839164e-01
5.650406504065040858e-01 6.213991769547324573e-01
5.650406504065040858e-01 6.255144032921811093e-01
5.650406504065040858e-01 6.378600823045267321e-01
5.650406504065040858e-01 8.641975308641974829e-01
5.691056910569105565e-01 2.592592592592592449e-01
5.691056910569105565e-01 3.703703703703703498e-01
5.691056910569105565e-01 4.074074074074073848e-01
5.691056910569105565e-01 5.102880658436214079e-01
5.691056910569105565e-01 5.843621399176954778e-01
5.691056910569105565e-01 5.884773662551440188e-01
5.691056910569105565e-01 5.925925925925925597e-01
5.691056910569105565e-01 5.967078189300411006e-01
5.691056910569105565e-01 6.008230452674897526e-01
5.691056910569105565e-01 6.378600823045267321e-01
5.691056910569105565e-01 8.641975308641974829e-01
5.731707317073170271e-01 2.592592592592592449e-01
5.731707317073170271e-01 3.621399176954732679e-01
5.731707317073170271e-01 3.662551440329218089e-01
5.731707317073170271e-01 4.074074074074073848e-01
5.731707317073170271e-01 5.102880658436214079e-01
5.731707317073170271e-01 5.761316872427983959e-01
5.731707317073170271e-01 5.802469135802469369e-01
5.731707317073170271e-01 6.008230452674897526e-01
5.731707317073170271e-01 6.337448559670781911e-01
5.731707317073170271e-01 8.641975308641974829e-01
5.772357723577236088e-01 2.592592592592592449e-01
5.772357723577236088e-01 4.074074074074073848e-01
5.772357723577236088e-01 5.144032921810699488e-01
5.772357723577236088e-01 5.679012345679012030e-01
5.772357723577236088e-01 5.720164609053497440e-01
5.772357723577236088e-01 6.008230452674897526e-01
5.772357723577236088e-01 8.641975308641974829e-01
5.813008130081300795e-01 2.633744855967078413e-01
5.813008130081300795e-01 4.074074074074073848e-01
5.813008130081300795e-01 5.144032921810699488e-01
5.813008130081300795e-01 5.637860082304526621e-01
5.813008130081300795e-01 5.967078189300411006e-01
5.813008130081300795e-01 8.683127572016461349e-01
5.853658536585365502e-01 2.633744855967078413e-01
5.853658536585365502e-01 4.074074074074073848e-01
5.853658536585365502e-01 5.185185185185184897e-01
5.853658536585365502e-01 5.349794238683127645e-01
5.853658536585365502e-01 5.390946502057613055e-01
5.853658536585365502e-01 5.432098765432098464e-01
5.853658536585365502e-01 5.473251028806583873e-01
5.853658536585365502e-01 5.514403292181070393e-01
5.853658536585365502e-01 5.555555555555555802e-01
5.853658536585365502e-01 5.596707818930041212e-01
5.853658536585365502e-01 5.967078189300411006e-01
5.853658536585365502e-01 8.683127572016461349e-01
5.894308943089431319e-01 2.633744855967078413e-01
5.894308943089431319e-01 4.032921810699588439e-01
5.894308943089431319e-01 5.226337448559670307e-01
5.894308943089431319e-01 5.267489711934156826e-01
5.894308943089431319e-01 5.308641975308642236e-01
5.894308943089431319e-01 5.967078189300411006e-01
5.894308943089431319e-01 8.683127572016461349e-01
5.934959349593496025e-01 2.633744855967078413e-01
5.934959349593496025e-01 4.032921810699588439e-01
5.934959349593496025e-01 5.185185185185184897e-01
5.934959349593496025e-01 5.967078189300411006e-01
5.934959349593496025e-01 8.683127572016461349e-01
5.975609756097560732e-01 2.633744855967078413e-01
5.975609756097560732e-01 4.032921810699588439e-01
5.975609756097560732e-01 5.967078189300411006e-01
5.975609756097560732e-01 8.683127572016461349e-01
6.016260162601626549e-01 2.633744855967078413e-01
6.016260162601626549e-01 4.032921810699588439e-01
6.016260162601626549e-01 5.967078189300411006e-01
6.016260162601626549e-01 8.724279835390946758e-01
6.056910569105691255e-01 2.633744855967078413e-01
6.056910569105691255e-01 4.032921810699588439e-01
6.056910569105691255e-01 5.967078189300411006e-01
6.056910569105691255e-01 8.724279835390946758e-01
6.097560975609755962e-01 2.633744855967078413e-01
6.097560975609755962e-01 4.032921810699588439e-01
6.097560975609755962e-01 5.967078189300411006e-01
6.097560975609755962e-01 8.724279835390946758e-01
6.097560975609755962e-01 8.765432098765432167e-01
6.097560975609755962e-01 8.806584362139917577e-01
6.097560975609755962e-01 8.847736625514402986e-01
6.097560975609755962e-01 8.888888888888888395e-01
6.097560975609755962e-01 8.930041152263374915e-01
6.097560975609755962e-01 8.971193415637860324e-01
6.138211382113820669e-01 2.633744855967078413e-01
6.138211382113820669e-01 4.032921810699588439e-01
6.138211382113820669e-01 5.967078189300411006e-01
6.138211382113820669e-01 8.724279835390946758e-01
6.138211382113820669e-01 9.012345679012345734e-01
6.178861788617886486e-01 2.633744855967078413e-01
6.178861788617886486e-01 4.032921810699588439e-01
6.178861788617886486e-01 5.967078189300411006e-01
6.178861788617886486e-01 8.724279835390946758e-01
6.178861788617886486e-01 9.053497942386831143e-01
6.219512195121951192e-01 2.633744855967078413e-01
6.219512195121951192e-01 4.032921810699588439e-01
6.219512195121951192e-01 5.967078189300411006e-01
6.219512195121951192e-01 8.724279835390946758e-01
6.219512195121951192e-01 9.094650205761316553e-01
6.260162601626015899e-01 2.633744855967078413e-01
6.260162601626015899e-01 4.074074074074073848e-01
6.260162601626015899e-01 5.967078189300411006e-01
6.260162601626015899e-01 8.724279835390946758e-01
6.260162601626015899e-01 9.135802469135801962e-01
6.300813008130081716e-01 2.633744855967078413e-01
6.300813008130081716e-01 4.074074074074073848e-01
6.300813008130081716e-01 5.967078189300411006e-01
6.300813008130081716e-01 8.724279835390946758e-01
6.300813008130081716e-01 9.176954732510288482e-01
6.300813008130081716e-01 9.218106995884773891e-01
6.341463414634146423e-01 2.633744855967078413e-01
6.341463414634146423e-01 4.074074074074073848e-01
6.341463414634146423e-01 6.008230452674897526e-01
6.341463414634146423e-01 8.724279835390946758e-01
6.341463414634146423e-01 9.259259259259259300e-01
6.341463414634146423e-01 9.300411522633744710e-01
6.382113821138211129e-01 2.592592592592592449e-01
6.382113821138211129e-01 4.074074074074073848e-01
6.382113821138211129e-01 6.008230452674897526e-01
6.382113821138211129e-01 6.049382716049382935e-01
6.382113821138211129e-01 8.724279835390946758e-01
6.382113821138211129e-01 9.341563786008230119e-01
6.382113821138211129e-01 9.382716049382715529e-01
6.382113821138211129e-01 9.423868312757202048e-01
6.422764227642276946e-01 2.592592592592592449e-01
6.422764227642276946e-01 4.074074074074073848e-01
6.422764227642276946e-01 5.967078189300411006e-01
6.422764227642276946e-01 6.090534979423868345e-01
6.422764227642276946e-01 6.131687242798353754e-01
6.422764227642276946e-01 6.172839506172839164e-01
6.422764227642276946e-01 8.724279835390946758e-01
6.422764227642276946e-01 9.465020576131687458e-01
6.422764227642276946e-01 9.506172839506172867e-01
6.422764227642276946e-01 9.547325102880658276e-01
6.422764227642276946e-01 9.588477366255143686e-01
6.463414634146341653e-01 2.592592592592592449e-01
6.463414634146341653e-01 4.074074074074073848e-01
6.463414634146341653e-01 5.967078189300411006e-01
6.463414634146341653e-01 6.213991769547324573e-01
6.463414634146341653e-01 8.724279835390946758e-01
6.463414634146341653e-01 9.629629629629629095e-01
6.463414634146341653e-01 9.670781893004115615e-01
6.463414634146341653e-01 9.711934156378601024e-01
6.463414634146341653e-01 9.753086419753086433e-01
6.504065040650406360e-01 2.592592592592592449e-01
6.504065040650406360e-01 4.115226337448559812e-01
6.504065040650406360e-01 5.967078189300411006e-01
6.504065040650406360e-01 6.213991769547324573e-01
6.504065040650406360e-01 8.724279835390946758e-01
6.504065040650406360e-01 8.765432098765432167e-01
6.504065040650406360e-01 8.806584362139917577e-01
6.504065040650406360e-01 8.847736625514402986e-01
6.504065040650406360e-01 8.888888888888888395e-01
6.504065040650406360e-01 9.794238683127571843e-01
6.504065040650406360e-01 9.835390946502057252e-01
6.504065040650406360e-01 9.876543209876542662e-01
6.544715447154471066e-01 2.592592592592592449e-01
6.544715447154471066e-01 4.115226337448559812e-01
6.544715447154471066e-01 5.925925925925925597e-01
6.544715447154471066e-01 6.213991769547324573e-01
6.544715447154471066e-01 8.724279835390946758e-01
6.544715447154471066e-01 8.930041152263374915e-01
6.544715447154471066e-01 8.971193415637860324e-01
6.544715447154471066e-01 9.917695473251029181e-01
6.585365853658536883e-01 2.592592592592592449e-01
6.585365853658536883e-01 4.115226337448559812e-01
6.585365853658536883e-01 5.925925925925925597e-01
6.585365853658536883e-01 6.213991769547324573e-01
6.585365853658536883e-01 8.724279835390946758e-01
6.585365853658536883e-01 9.958847736625514591e-01
6.626016260162601590e-01 2.592592592592592449e-01
6.626016260162601590e-01 4.115226337448559812e-01
6.626016260162601590e-01 5.925925925925925597e-01
6.626016260162601590e-01 6.213991769547324573e-01
6.626016260162601590e-01 8.724279835390946758e-01
6.626016260162601590e-01 9.958847736625514591e-01
6.666666666666666297e-01 2.592592592592592449e-01
6.666666666666666297e-01 4.115226337448559812e-01
6.666666666666666297e-01 5.925925925925925597e-01
6.666666666666666297e-01 6.213991769547324573e-01
6.666666666666666297e-01 8.724279835390946758e-01
6.666666666666666297e-01 9.958847736625514591e-01
6.707317073170732113e-01 2.592592592592592449e-01
6.707317073170732113e-01 4.074074074074073848e-01
6.707317073170732113e-01 5.884773662551440188e-01
6.707317073170732113e-01 6.213991769547324573e-01
6.707317073170732113e-01 8.724279835390946758e-01
6.747967479674796820e-01 2.592592592592592449e-01
6.747967479674796820e-01 4.074074074074073848e-01
6.747967479674796820e-01 5.884773662551440188e-01
6.747967479674796820e-01 6.213991769547324573e-01
6.747967479674796820e-01 8.724279835390946758e-01
6.788617886178861527e-01 2.551440329218107039e-01
6.788617886178861527e-01 4.074074074074073848e-01
6.788617886178861527e-01 5.884773662551440188e-01
6.788617886178861527e-01 6.255144032921811093e-01
6.788617886178861527e-01 8.765432098765432167e-01
6.829268292682927344e-01 2.551440329218107039e-01
6.829268292682927344e-01 4.074074074074073848e-01
6.829268292682927344e-01 5.884773662551440188e-01
6.829268292682927344e-01 6.255144032921811093e-01
6.829268292682927344e-01 8.765432098765432167e-01
6.829268292682927344e-01 8.806584362139917577e-01
6.829268292682927344e-01 8.847736625514402986e-01
6.829268292682927344e-01 8.888888888888888395e-01
6.829268292682927344e-01 8.930041152263374915e-01
6.829268292682927344e-01 8.971193415637860324e-01
6.829268292682927344e-01 9.012345679012345734e-01
6.829268292682927344e-01 9.053497942386831143e-01
6.829268292682927344e-01 9.094650205761316553e-01
6.869918699186992050e-01 2.551440329218107039e-01
6.869918699186992050e-01 4.074074074074073848e-01
6.869918699186992050e-01 5.884773662551440188e-01
6.869918699186992050e-01 6.255144032921811093e-01
6.869918699186992050e-01 8.765432098765432167e-01
6.869918699186992050e-01 9.135802469135801962e-01
6.910569105691056757e-01 2.551440329218107039e-01
6.910569105691056757e-01 4.074074074074073848e-01
6.910569105691056757e-01 5.884773662551440188e-01
6.910569105691056757e-01 6.255144032921811093e-01
6.910569105691056757e-01 8.724279835390946758e-01
6.910569105691056757e-01 9.176954732510288482e-01
6.951219512195121464e-01 2.551440329218107039e-01
6.951219512195121464e-01 4.074074074074073848e-01
6.951219512195121464e-01 5.884773662551440188e-01
6.951219512195121464e-01 6.296296296296296502e-01
6.951219512195121464e-01 6.337448559670781911e-01
6.951219512195121464e-01 8.724279835390946758e-01
6.951219512195121464e-01 9.218106995884773891e-01
6.991869918699187281e-01 2.551440329218107039e-01
6.991869918699187281e-01 4.074074074074073848e-01
6.991869918699187281e-01 5.884773662551440188e-01
6.991869918699187281e-01 8.724279835390946758e-01
6.991869918699187281e-01 9.259259259259259300e-01
7.032520325203251987e-01 2.551440329218107039e-01
7.032520325203251987e-01 4.074074074074073848e-01
7.032520325203251987e-01 5.884773662551440188e-01
7.032520325203251987e-01 8.724279835390946758e-01
7.032520325203251987e-01 9.300411522633744710e-01
7.073170731707316694e-01 2.551440329218107039e-01
7.073170731707316694e-01 4.032921810699588439e-01
7.073170731707316694e-01 5.843621399176954778e-01
7.073170731707316694e-01 8.724279835390946758e-01
7.073170731707316694e-01 9.341563786008230119e-01
7.113821138211382511e-01 2.551440329218107039e-01
7.113821138211382511e-01 4.032921810699588439e-01
7.113821138211382511e-01 5.843621399176954778e-01
7.113821138211382511e-01 8.724279835390946758e-01
7.113821138211382511e-01 9.382716049382715529e-01
7.154471544715447218e-01 2.551440329218107039e-01
7.154471544715447218e-01 4.032921810699588439e-01
7.154471544715447218e-01 5.843621399176954778e-01
7.154471544715447218e-01 8.724279835390946758e-01
7.154471544715447218e-01 9.423868312757202048e-01
7.195121951219511924e-01 2.551440329218107039e-01
7.195121951219511924e-01 4.032921810699588439e-01
7.195121951219511924e-01 5.884773662551440188e-01
7.195121951219511924e-01 8.724279835390946758e-01
7.195121951219511924e-01 9.465020576131687458e-01
7.195121951219511924e-01 9.506172839506172867e-01
7.195121951219511924e-01 9.547325102880658276e-01
7.195121951219511924e-01 9.588477366255143686e-01
7.195121951219511924e-01 9.629629629629629095e-01
7.195121951219511924e-01 9.670781893004115615e-01
7.195121951219511924e-01 9.711934156378601024e-01
7.195121951219511924e-01 9.753086419753086433e-01
7.235772357723577741e-01 2.551440329218107039e-01
7.235772357723577741e-01 4.032921810699588439e-01
7.235772357723577741e-01 5.884773662551440188e-01
7.235772357723577741e-01 8.724279835390946758e-01
7.276422764227642448e-01 2.551440329218107039e-01
7.276422764227642448e-01 4.032921810699588439e-01
7.276422764227642448e-01 5.884773662551440188e-01
7.276422764227642448e-01 8.724279835390946758e-01
7.317073170731707155e-01 2.551440329218107039e-01
7.317073170731707155e-01 4.032921810699588439e-01
7.317073170731707155e-01 5.884773662551440188e-01
7.317073170731707155e-01 8.683127572016461349e-01
7.357723577235771861e-01 2.551440329218107039e-01
7.357723577235771861e-01 4.032921810699588439e-01
7.357723577235771861e-01 5.884773662551440188e-01
7.357723577235771861e-01 8.683127572016461349e-01
7.398373983739837678e-01 2.551440329218107039e-01
7.398373983739837678e-01 4.032921810699588439e-01
7.398373983739837678e-01 5.884773662551440188e-01
7.398373983739837678e-01 8.683127572016461349e-01
7.439024390243902385e-01 2.551440329218107039e-01
7.439024390243902385e-01 4.032921810699588439e-01
7.439024390243902385e-01 5.884773662551440188e-01
7.439024390243902385e-01 8.683127572016461349e-01
7.479674796747967092e-01 2.551440329218107039e-01
7.479674796747967092e-01 3.991769547325103029e-01
7.479674796747967092e-01 5.884773662551440188e-01
7.479674796747967092e-01 8.683127572016461349e-01
7.520325203252032908e-01 2.510288065843621630e-01
7.520325203252032908e-01 3.991769547325103029e-01
7.520325203252032908e-01 5.884773662551440188e-01
7.520325203252032908e-01 8.683127572016461349e-01
7.560975609756097615e-01 2.510288065843621630e-01
7.560975609756097615e-01 3.991769547325103029e-01
7.560975609756097615e-01 5.884773662551440188e-01
7.560975609756097615e-01 8.683127572016461349e-01
7.601626016260162322e-01 2.469135802469135665e-01
7.601626016260162322e-01 3.991769547325103029e-01
7.601626016260162322e-01 5.884773662551440188e-01
7.601626016260162322e-01 8.683127572016461349e-01
7.642276422764228139e-01 2.469135802469135665e-01
7.642276422764228139e-01 3.950617283950617065e-01
7.642276422764228139e-01 5.884773662551440188e-01
7.642276422764228139e-01 8.724279835390946758e-01
7.682926829268292845e-01 2.469135802469135665e-01
7.682926829268292845e-01 3.950617283950617065e-01
7.682926829268292845e-01 5.884773662551440188e-01
7.682926829268292845e-01 8.724279835390946758e-01
7.723577235772357552e-01 2.427983539094650256e-01
7.723577235772357552e-01 3.950617283950617065e-01
7.723577235772357552e-01 5.925925925925925597e-01
7.723577235772357552e-01 8.724279835390946758e-01
7.764227642276422259e-01 2.427983539094650256e-01
7.764227642276422259e-01 3.909465020576131655e-01
7.764227642276422259e-01 5.884773662551440188e-01
7.764227642276422259e-01 8.724279835390946758e-01
7.804878048780488076e-01 2.427983539094650256e-01
7.804878048780488076e-01 3.909465020576131655e-01
7.804878048780488076e-01 5.884773662551440188e-01
7.804878048780488076e-01 8.765432098765432167e-01
7.845528455284552782e-01 2.427983539094650256e-01
7.845528455284552782e-01 3.868312757201646246e-01
7.845528455284552782e-01 5.884773662551440188e-01
7.845528455284552782e-01 8.765432098765432167e-01
7.886178861788617489e-01 2.427983539094650256e-01
7.886178861788617489e-01 3.868312757201646246e-01
7.886178861788617489e-01 5.843621399176954778e-01
7.886178861788617489e-01 8.765432098765432167e-01
7.926829268292683306e-01 3.868312757201646246e-01
7.926829268292683306e-01 5.843621399176954778e-01
7.926829268292683306e-01 8.765432098765432167e-01
7.967479674796748013e-01 3.868312757201646246e-01
7.967479674796748013e-01 5.843621399176954778e-01
7.967479674796748013e-01 8.765432098765432167e-01
8.008130081300812719e-01 3.827160493827160281e-01
8.008130081300812719e-01 5.843621399176954778e-01
8.008130081300812719e-01 8.765432098765432167e-01
8.048780487804878536e-01 3.827160493827160281e-01
8.048780487804878536e-01 5.843621399176954778e-01
8.048780487804878536e-01 8.765432098765432167e-01
8.089430894308943243e-01 3.827160493827160281e-01
8.089430894308943243e-01 5.843621399176954778e-01
8.089430894308943243e-01 8.765432098765432167e-01
8.130081300813007950e-01 3.827160493827160281e-01
8.130081300813007950e-01 5.843621399176954778e-01
8.130081300813007950e-01 8.765432098765432167e-01
8.170731707317072656e-01 3.827160493827160281e-01
8.170731707317072656e-01 5.843621399176954778e-01
8.170731707317072656e-01 8.724279835390946758e-01
8.211382113821138473e-01 3.827160493827160281e-01
8.211382113821138473e-01 5.843621399176954778e-01
8.211382113821138473e-01 8.724279835390946758e-01
8.252032520325203180e-01 3.827160493827160281e-01
8.252032520325203180e-01 5.884773662551440188e-01
8.252032520325203180e-01 8.724279835390946758e-01
8.292682926829267887e-01 3.786008230452674872e-01
8.292682926829267887e-01 5.884773662551440188e-01
8.292682926829267887e-01 8.724279835390946758e-01
8.333333333333333703e-01 3.786008230452674872e-01
8.333333333333333703e-01 5.884773662551440188e-01
8.333333333333333703e-01 8.724279835390946758e-01
8.373983739837398410e-01 3.786008230452674872e-01
8.373983739837398410e-01 5.884773662551440188e-01
8.373983739837398410e-01 8.724279835390946758e-01
8.414634146341463117e-01 3.786008230452674872e-01
8.414634146341463117e-01 5.884773662551440188e-01
8.414634146341463117e-01 8.724279835390946758e-01
8.455284552845528934e-01 3.786008230452674872e-01
8.455284552845528934e-01 5.884773662551440188e-01
8.455284552845528934e-01 8.724279835390946758e-01
8.495934959349593640e-01 3.786008230452674872e-01
8.495934959349593640e-01 5.884773662551440188e-01
8.495934959349593640e-01 8.765432098765432167e-01
8.536585365853658347e-01 3.786008230452674872e-01
8.536585365853658347e-01 5.884773662551440188e-01
8.536585365853658347e-01 8.724279835390946758e-01
8.577235772357723054e-01 3.786008230452674872e-01
8.577235772357723054e-01 5.843621399176954778e-01
8.577235772357723054e-01 8.724279835390946758e-01
8.617886178861788871e-01 5.843621399176954778e-01
8.617886178861788871e-01 8.724279835390946758e-01
8.658536585365853577e-01 5.802469135802469369e-01
8.658536585365853577e-01 8.724279835390946758e-01
8.699186991869918284e-01 5.802469135802469369e-01
8.699186991869918284e-01 8.724279835390946758e-01
8.739837398373984101e-01 5.761316872427983959e-01
8.739837398373984101e-01 8.724279835390946758e-01
8.780487804878048808e-01 5.761316872427983959e-01
8.780487804878048808e-01 8.724279835390946758e-01
8.821138211382113514e-01 5.761316872427983959e-01
8.821138211382113514e-01 8.724279835390946758e-01
8.861788617886179331e-01 5.761316872427983959e-01
8.861788617886179331e-01 8.724279835390946758e-01
8.902439024390244038e-01 5.761316872427983959e-01
8.902439024390244038e-01 8.724279835390946758e-01
8.943089430894308745e-01 5.761316872427983959e-01
8.943089430894308745e-01 8.724279835390946758e-01
8.983739837398373451e-01 5.761316872427983959e-01
8.983739837398373451e-01 8.683127572016461349e-01
9.024390243902439268e-01 5.761316872427983959e-01
9.024390243902439268e-01 8.683127572016461349e-01
9.065040650406503975e-01 5.761316872427983959e-01
9.065040650406503975e-01 8.683127572016461349e-01
9.105691056910568681e-01 5.802469135802469369e-01
9.105691056910568681e-01 8.683127572016461349e-01
9.146341463414634498e-01 5.802469135802469369e-01
9.146341463414634498e-01 8.683127572016461349e-01
9.186991869918699205e-01 5.802469135802469369e-01
9.186991869918699205e-01 8.683127572016461349e-01
9.227642276422763912e-01 8.683127572016461349e-01
9.268292682926829729e-01 8.683127572016461349e-01
9.308943089430894435e-01 8.683127572016461349e-01
9.349593495934959142e-01 8.683127572016461349e-01
9.390243902439023849e-01 8.641975308641974829e-01
9.430894308943089666e-01 8.641975308641974829e-01
9.471544715447154372e-01 8.641975308641974829e-01
9.512195121951219079e-01 8.600823045267489420e-01
9.552845528455284896e-01 8.600823045267489420e-01
9.593495934959349603e-01 8.600823045267489420e-01
9.634146341463414309e-01 8.600823045267489420e-01
9.674796747967480126e-01 8.600823045267489420e-01
9.715447154471544833e-01 8.600823045267489420e-01
9.756097560975609539e-01 8.559670781893004010e-01
9.796747967479674246e-01 8.559670781893004010e-01
9.837398373983740063e-01 8.559670781893004010e-01
9.878048780487804770e-01 8.559670781893004010e-01
9.918699186991869476e-01 8.559670781893004010e-01
9.959349593495935293e-01 8.559670781893004010e-01
1.000000000000000000e+00 8.559670781893004010e-01
