1.501099672168493271e-03 9.876216291883576082e-01
1.998480409383773804e-03 9.880607807424356404e-01
2.810592530295252800e-03 9.895081310094662186e-01
4.386488348245620728e-03 9.897926838310654452e-01
7.237458312693907658e-03 9.937019430653301066e-01
1.108982612340882190e-02 9.960335986688733101e-01
1.172286924616224545e-02 9.975806504953652620e-01
1.373286150319844023e-02 9.983449830906465650e-01
2.737726638929880232e-02 7.185573835408518573e-01
1.568990801366007895e-02 9.987940487917512655e-01
2.667584562560125147e-02 7.202852553704957028e-01
1.637265005966230189e-02 9.990851926268078387e-01
3.266869190015962710e-02 7.207311617417239136e-01
3.231452293658382269e-02 7.236199886933994962e-01
3.858963442795283055e-02 7.258726768737643331e-01
4.862154125977231206e-02 6.045307500404777379e-01
4.393213605318142118e-02 7.275075935282619977e-01
4.833523820876618748e-02 6.059353337274404616e-01
4.359096657741358405e-02 7.306997136435346984e-01
5.457622397462932179e-02 6.050260426506761657e-01
5.001592731806544373e-02 7.325704285137587535e-01
5.630588155924057259e-02 6.060863694671903001e-01
5.595978555953776135e-02 7.341313183822325561e-01
5.936742169516426998e-02 6.063268854429375576e-01
5.739551881644209402e-02 7.366538551102980170e-01
6.269394522247721813e-02 6.062152130559448349e-01
5.897526987543215415e-02 7.392269613735965583e-01
6.596987016893429701e-02 6.057253895357612716e-01
6.650425345798460786e-02 7.396163020710939673e-01
6.816887247984354525e-02 6.043163734518353092e-01
6.651379282263164550e-02 7.428555027544045952e-01
7.570755683474851561e-02 6.059353337274404616e-01
7.303402006284011316e-02 7.451956234107629529e-01
7.802158170367819168e-02 6.045307500404777379e-01
7.950254900485505261e-02 7.473472343080936886e-01
8.182000066064611110e-02 6.039931877982342989e-01
7.939887959129955652e-02 7.507816001561730124e-01
8.580943938556759298e-02 6.037379441783303768e-01
8.567297105889468134e-02 7.530620777998124904e-01
9.873282739474456560e-02 4.332544786802791092e-01
8.984870562537475291e-02 6.035670948855584861e-01
9.196270715958457243e-02 7.553382916922722901e-01
1.006748502750938051e-01 4.346256234484200398e-01
9.390818457365955607e-02 6.034554224694619329e-01
9.183588169077981644e-02 7.587737452087034429e-01
1.021262198268454852e-01 4.337005493497883002e-01
9.797684683728628829e-02 6.033769644215243311e-01
9.821773101468760092e-02 7.609995291242540594e-01
1.050318472505528122e-01 4.333509195047837714e-01
1.020502534090842461e-01 6.033189120586501808e-01
1.050114673514831454e-01 7.635141721368590151e-01
1.083154391354824164e-01 4.331526737650448489e-01
1.061263497459790650e-01 6.032742597214126867e-01
1.046368993676210501e-01 7.666554986174041186e-01
1.117696315045373506e-01 4.329818244941008309e-01
1.102040815745121971e-01 6.032388663967611642e-01
1.122737772525193162e-01 7.676772923262503712e-01
1.153009930292942659e-01 4.327448274333902667e-01
1.142857143090641320e-01 6.032388663967611642e-01
1.122270308568009273e-01 7.709823070147719948e-01
1.188482298495542600e-01 4.323930125601065377e-01
1.183673468339349333e-01 6.032388663967611642e-01
1.193043498826042159e-01 7.730372906047454640e-01
1.222499083437747769e-01 4.317458194481615941e-01
1.224489794522051339e-01 6.032388663967611642e-01
1.256226032915316038e-01 7.746900583264844098e-01
1.245189945992766500e-01 4.302070639595796386e-01
1.265306122622934515e-01 6.032388663967611642e-01
1.271437758777043403e-01 7.771863255588298269e-01
1.324902488370141018e-01 4.316561344665991728e-01
1.306122448746093456e-01 6.032388663967611642e-01
1.285610206643765796e-01 7.796161675473169961e-01
1.350787223032818285e-01 4.300226490366789167e-01
1.346938776091612944e-01 6.032388663967611642e-01
1.365279252764445839e-01 7.799484784741271826e-01
1.387643500901819538e-01 4.291168641637945202e-01
1.387716093562946229e-01 6.032742597214126867e-01
1.369110275554109579e-01 7.832027941735778542e-01
1.424454913524511590e-01 4.282032404215591614e-01
1.428477057745892176e-01 6.033189120586501808e-01
1.448460578851933911e-01 7.838695568903556454e-01
1.450111212512972536e-01 4.265181766012268727e-01
1.469211123463871893e-01 6.033769644215243311e-01
1.451657508338364544e-01 7.871510588270819175e-01
1.530052931257048499e-01 4.279113686850920528e-01
1.509897745263404090e-01 6.034554224694619329e-01
1.531141859222659718e-01 7.878185366831818026e-01
1.555789023344357480e-01 4.262701994946852535e-01
1.550492534782631771e-01 6.035670948855584861e-01
1.534715310784474929e-01 7.910712252456792992e-01
1.593065748854221864e-01 4.254655571628987998e-01
1.590885197981058707e-01 6.037379441783303768e-01
1.612011153735600499e-01 7.915231795747753596e-01
1.631803717009832344e-01 4.248435110119331837e-01
1.630740579403580359e-01 6.040285810828680546e-01
1.619442117790102220e-01 7.948461520251807189e-01
1.669197276354605908e-01 4.240575138454020232e-01
1.668669403883467073e-01 6.046107957023667545e-01
1.700177793685651029e-01 7.949537739302842132e-01
1.695284137701881799e-01 4.224832053503647655e-01
1.694977801259873185e-01 6.060734318686189503e-01
1.717177002890301618e-01 7.972229507838720641e-01
1.774867448594649177e-01 4.240478746421438849e-01
1.774409953842167598e-01 6.044528839208547222e-01
1.737915205640946370e-01 7.995926036644606105e-01
1.800892048990543892e-01 4.225783123463195956e-01
1.800718351218573710e-01 6.059155200871069180e-01
1.817398638008352330e-01 7.989019859640629218e-01
1.838470544114861049e-01 4.220463110893768466e-01
1.838647175698460423e-01 6.064977347066056179e-01
1.840159716464731254e-01 8.009732888138623164e-01
1.877928152754493041e-01 4.218419711166796482e-01
1.878502556320626737e-01 6.067883716111432957e-01
1.872740288782978879e-01 8.024516280682527647e-01
1.917870843922155066e-01 4.218343728050393260e-01
1.918895217881963211e-01 6.069592209039151864e-01
1.895016575422213967e-01 8.045125767647058890e-01
1.957691200958369959e-01 4.219604100278382397e-01
1.959490009838636693e-01 6.070708933200117396e-01
1.974093917386644248e-01 8.041427675606344083e-01
1.996842659893445782e-01 4.222614786183265245e-01
2.000176631237991498e-01 6.071493513679493415e-01
1.984067475888878218e-01 8.073112479149956444e-01
2.033669139396361292e-01 4.229058988919285333e-01
2.040910698993239070e-01 6.072074037308234917e-01
2.063278737382925332e-01 8.070419425029790039e-01
2.057916409611625919e-01 4.244818846989226735e-01
2.081671660725096795e-01 6.072520560680609858e-01
2.084208471859729239e-01 8.093264000899175192e-01
2.136956908455004411e-01 4.236385782922312826e-01
2.122448979765791666e-01 6.072874493927125084e-01
2.106148241966848689e-01 8.115771473503222699e-01
2.148757377259281343e-01 4.265638508575663179e-01
2.163265305888950607e-01 6.072874493927125084e-01
2.185921727765199607e-01 8.105936826005020190e-01
2.227836884548697605e-01 4.257559377355086272e-01
2.204081634049377403e-01 6.072874493927125084e-01
2.210394872808638944e-01 8.123699353573285986e-01
2.252139514906103812e-01 4.273765760361733501e-01
2.244897958602264654e-01 6.072874493927125084e-01
2.246840421587932013e-01 8.132934938157816429e-01
2.289048256967881889e-01 4.280790485562341874e-01
2.285714286355237657e-01 6.072874493927125084e-01
2.284753339223763169e-01 8.140558190907725145e-01
2.328329421343443284e-01 4.284585750782447522e-01
2.326530612885849836e-01 6.072874493927125084e-01
2.321276984348588923e-01 8.149899343525432993e-01
2.368371313863091854e-01 4.286962848626593714e-01
2.367346938601555262e-01 6.072874493927125084e-01
2.346304231399328200e-01 8.167347375101783324e-01
2.408737669781750856e-01 4.288595358146871095e-01
2.408163266294984783e-01 6.072874493927125084e-01
2.426168872722975767e-01 8.155451381290594881e-01
2.449267822894955482e-01 4.289787661463073110e-01
2.448979592825596963e-01 6.072874493927125084e-01
2.450713673143229410e-01 8.174388794114610945e-01
2.489851280401237377e-01 4.291051452336127059e-01
2.489795918600845315e-01 6.072874493927125084e-01
2.484578444413384490e-01 8.187643386018725877e-01
2.530556881640798061e-01 4.291944499080876940e-01
2.530612245131457771e-01 6.072874493927125084e-01
2.507808529933420183e-01 8.207085471777508801e-01
2.571251940190579788e-01 4.292878955956133669e-01
2.571428571662069951e-01 6.072874493927125084e-01
2.587357988414753507e-01 8.201186775087533354e-01
2.611938561589934871e-01 4.293663536435509687e-01
2.612244897725685133e-01 6.072874493927125084e-01
2.598584242136579014e-01 8.231328396915612577e-01
2.652533353546608352e-01 4.294780260596475219e-01
2.653061225886111929e-01 6.072874493927125084e-01
2.677547715946423934e-01 8.224136263135866098e-01
2.692926015107944826e-01 4.296488753524194126e-01
2.693877550786909492e-01 6.072874493927125084e-01
2.701482414515042896e-01 8.241104905730158858e-01
2.732781395730111140e-01 4.299395122569570904e-01
2.734693876910068155e-01 6.072874493927125084e-01
2.738103185233907166e-01 8.248916755667001777e-01
2.770710220209997576e-01 4.305217268764557903e-01
2.775510203848133850e-01 6.072874493927125084e-01
2.777132381305540409e-01 8.253578067644544713e-01
2.797018617586403688e-01 4.319843630427079861e-01
2.816326529156385483e-01 6.072874493927125084e-01
2.817044569039539037e-01 8.256739745385990314e-01
2.876450770168698101e-01 4.303638150949438135e-01
2.857142855686997662e-01 6.072874493927125084e-01
2.857077788835989951e-01 8.259818313065030448e-01
2.902759167545104213e-01 4.318264512611960093e-01
2.897959183847424458e-01 6.072874493927125084e-01
2.897027809512314200e-01 8.263126832145777367e-01
2.940687992024991204e-01 4.324086658806947092e-01
2.938736502540209572e-01 6.073228427173640309e-01
2.936460894500428354e-01 8.267458843885966413e-01
2.980543375120983107e-01 4.326993027852323870e-01
2.982107367239446027e-01 6.075204046298645633e-01
3.046148851095717980e-01 6.528433777226007040e-01
2.973813883542102410e-01 8.274681639861360960e-01
3.020936035008849330e-01 4.328701520780042777e-01
3.026592911173570655e-01 6.081100204989675628e-01
3.073278344654459260e-01 6.524607378764168963e-01
3.043781333089787267e-01 6.508939366708490493e-01
2.999276447062361739e-01 8.290891430344478064e-01
3.061530826165167474e-01 4.329818244941008309e-01
3.074541677345464796e-01 6.095810989879433262e-01
3.116921360927576989e-01 6.492535412638648085e-01
3.079084361527989477e-01 8.277493106118338773e-01
3.102217447964699670e-01 4.330602825420384328e-01
3.102040816326530615e-01 6.072874493927125084e-01
3.124233725708814302e-01 6.468043744192658595e-01
3.104081046355327556e-01 8.295694443488894620e-01
3.142951515319769573e-01 4.331183349049125830e-01
3.142857142857142794e-01 6.072874493927125084e-01
3.136083695472084987e-01 6.438825805765776567e-01
3.138378446938336896e-01 8.308513152562948534e-01
3.184819865173527109e-01 9.506212278205131705e-01
3.183712475423631783e-01 4.331629872421500771e-01
3.183673469387754973e-01 6.072874493927125084e-01
3.183673469387754973e-01 6.437246963562752722e-01
3.162473205515012320e-01 8.327589066150533625e-01
3.221007881724104460e-01 9.349889618887562426e-01
3.204116605260238226e-01 9.362681788615769829e-01
3.195253955703988846e-01 9.390412095517861601e-01
3.191119503384284850e-01 9.418523045306693708e-01
3.186326279168311681e-01 9.448940795111028246e-01
3.182125017841641035e-01 9.473784019348592267e-01
3.171484829430297192e-01 9.487039211228761593e-01
3.224489796092322447e-01 4.331983805668015997e-01
3.224489795918367152e-01 6.072874493927125084e-01
3.224489795918367152e-01 6.437246963562752722e-01
3.242810211320198421e-01 8.318074962420215490e-01
3.238222382440022473e-01 9.302659462835745074e-01
3.265306122682478107e-01 4.331983805668015997e-01
3.265306122448979331e-01 6.072874493927125084e-01
3.265306122448979331e-01 6.396761133603239280e-01
3.265136416049077561e-01 8.340366494279297660e-01
3.269312118901158137e-01 9.254049482540442906e-01
3.314834838951652984e-01 4.335189557959266970e-01
3.371823419569706659e-01 4.843573144388192975e-01
3.306122448979592066e-01 6.113360323886639636e-01
3.306122448979592066e-01 6.396761133603239280e-01
3.287399718523671965e-01 8.362713104409923437e-01
3.307137798678310703e-01 9.206745009275477676e-01
3.346938775510204245e-01 4.331983805668015997e-01
3.402902568348360468e-01 4.822825404187581211e-01
3.346938775510204245e-01 6.153846153846154188e-01
3.346938775510204245e-01 6.234817813765182182e-01
3.346938775510204245e-01 6.275303643724696734e-01
3.346938775510204245e-01 6.315789473684210176e-01
3.346938775510204245e-01 6.356275303643724728e-01
3.395365458571029116e-01 7.148608116071052399e-01
3.383528439451617409e-01 7.152327442558685799e-01
3.387158238918197561e-01 7.158584893145693018e-01
3.367642537348580767e-01 8.353825717908047732e-01
3.347289219425726436e-01 9.161967701935642694e-01
3.387755102040816424e-01 4.331983805668015997e-01
3.437048227089096186e-01 4.814841065596815461e-01
3.387755102040816424e-01 6.194331983805667630e-01
3.424366212012816546e-01 7.104539108653044055e-01
3.373666853905294416e-01 7.213318158715947837e-01
3.384445745933905569e-01 7.206643888017969513e-01
3.391386526665289280e-01 8.373570237285175022e-01
3.392162447590951202e-01 9.115719015522472102e-01
3.428571428571428603e-01 4.331983805668015997e-01
3.430119579329454771e-01 4.786436494830090815e-01
3.428571428571428603e-01 6.153846153846154188e-01
3.465565491401191300e-01 7.069085754731270210e-01
3.425109711583770311e-01 8.387277843989149329e-01
3.445716233159016317e-01 9.070387137894705409e-01
3.469387755102040782e-01 4.331983805668015997e-01
3.497341753753396287e-01 4.772229166479917128e-01
3.469387755102040782e-01 6.153846153846154188e-01
3.458646111028763070e-01 7.035692039455818669e-01
3.449086308317753091e-01 8.406681761820518073e-01
3.500171596022816911e-01 9.043190712095068307e-01
3.510204081632652962e-01 4.331983805668015997e-01
3.488416933197984182e-01 4.737154786486314495e-01
3.510204081632652962e-01 6.153846153846154188e-01
3.525714687513643586e-01 7.022751321448653661e-01
3.532241809390941345e-01 8.398465779732520176e-01
3.502299625053526544e-01 9.007509072529913396e-01
3.551020408163265141e-01 4.331983805668015997e-01
3.551020408163265141e-01 4.696356275303643635e-01
3.527357461976305397e-01 4.692327442677005078e-01
3.551020408163265141e-01 6.153846153846154188e-01
3.520093879310832174e-01 6.988242583713203393e-01
3.554603286434382947e-01 8.421294061876993808e-01
3.580467235411003979e-01 8.982366513067796543e-01
3.591836734693877320e-01 4.331983805668015997e-01
3.591836734693877320e-01 4.655870445344129638e-01
3.591836734693877320e-01 6.153846153846154188e-01
3.569862893335901122e-01 6.957376565070642060e-01
3.579733947543807249e-01 8.445761136367524458e-01
3.644205263834826569e-01 8.952071367223796150e-01
3.632653061224490054e-01 4.331983805668015997e-01
3.632653061224490054e-01 4.574898785425101089e-01
3.632653061224490054e-01 4.615384615384615641e-01
3.632653061224490054e-01 6.153846153846154188e-01
3.618769266333773382e-01 6.908598396067435754e-01
3.668121328967034467e-01 8.442698285485116250e-01
3.696810015401214011e-01 8.927454824572587100e-01
3.673469387755102233e-01 4.372469635627530549e-01
3.673469387755102233e-01 4.412955465587044546e-01
3.673469387755102233e-01 4.453441295546558543e-01
3.673469387755102233e-01 4.493927125506073095e-01
3.673469387755102233e-01 4.534412955465587092e-01
3.673469387755102233e-01 6.153846153846154188e-01
3.664700665572962479e-01 6.853026430280916292e-01
3.673469387755102233e-01 8.461538461538461453e-01
3.673469387755102233e-01 8.906882591093117085e-01
3.714285714285714413e-01 4.372469635627530549e-01
3.714285714285714413e-01 6.153846153846154188e-01
3.721738867079174007e-01 6.803859567397763097e-01
3.690641310731215263e-01 6.802801685652842822e-01
3.714285714285714413e-01 8.461538461538461453e-01
3.714285714285714413e-01 8.866396761133603643e-01
3.747941884411765123e-01 9.785713202287990020e-01
3.732548445895580436e-01 9.792197467174817982e-01
3.725103172673178697e-01 9.799255331307046291e-01
3.833059817191441510e-01 2.685784070383991362e-01
3.755102040816326592e-01 4.372469635627530549e-01
3.755102040816326592e-01 6.153846153846154188e-01
3.789881665364135954e-01 6.628792774231976326e-01
3.770207382843126509e-01 6.646808725878359247e-01
3.757357299403282780e-01 6.678283062016709959e-01
3.743876202136506293e-01 6.709874366449667393e-01
3.723094537493069622e-01 6.728978590061323040e-01
3.755102040816326592e-01 8.461538461538461453e-01
3.755102040816326592e-01 8.866396761133603643e-01
3.786308630008478615e-01 9.690701720532904906e-01
3.764316164527316544e-01 9.703717762745750486e-01
3.743310164066259715e-01 9.717141484430715792e-01
3.830114527614977282e-01 2.700410432046513320e-01
3.795918367346938771e-01 4.372469635627530549e-01
3.795918367346938771e-01 6.153846153846154188e-01
3.812860163403865021e-01 6.550750261908377947e-01
3.795918367346938771e-01 8.461538461538461453e-01
3.795918367346938771e-01 8.866396761133603643e-01
3.820327454256083888e-01 9.616173301759337599e-01
3.788699172679524940e-01 9.615937380434997905e-01
3.893007350534352651e-01 2.692102100012017107e-01
3.836734693877550950e-01 4.372469635627530549e-01
3.836734693877550950e-01 6.194331983805667630e-01
3.836734693877550950e-01 6.234817813765182182e-01
3.836734693877550950e-01 6.518218623481781826e-01
3.836734693877550950e-01 8.461538461538461453e-01
3.836734693877550950e-01 8.825910931174089091e-01
3.836734693877550950e-01 8.866396761133603643e-01
3.840076358437690129e-01 9.553548958713576900e-01
3.910486453963557540e-01 2.704176025475499845e-01
3.877551020408163129e-01 4.372469635627530549e-01
3.877551020408163129e-01 6.275303643724696734e-01
3.877551020408163129e-01 6.356275303643724728e-01
3.877551020408163129e-01 6.396761133603239280e-01
3.877551020408163129e-01 6.437246963562752722e-01
3.877551020408163129e-01 6.477732793522267274e-01
3.877551020408163129e-01 8.502024291497976005e-01
3.877551020408163129e-01 8.542510121457489447e-01
3.877551020408163129e-01 8.744939271255061097e-01
3.877551020408163129e-01 8.785425101214574539e-01
3.877551020408163129e-01 8.906882591093117085e-01
3.877551020408163129e-01 8.947368421052631637e-01
3.893252227274814903e-01 9.488009642074374250e-01
3.859887951105946957e-01 9.488669084960044131e-01
3.941470160804764755e-01 2.708736202224282241e-01
3.918367346938775309e-01 4.372469635627530549e-01
3.918367346938775309e-01 6.315789473684210176e-01
3.918367346938775309e-01 8.582995951417003999e-01
3.918367346938775309e-01 8.623481781376518551e-01
3.918367346938775309e-01 8.663967611336031993e-01
3.918367346938775309e-01 8.704453441295546545e-01
3.918367346938775309e-01 8.987854251012146189e-01
3.918367346938775309e-01 9.028340080971659631e-01
3.918367346938775309e-01 9.068825910931174183e-01
3.914576919066329874e-01 9.400162110387947356e-01
3.975502479916476206e-01 2.711435704589713058e-01
3.959183673469387488e-01 4.372469635627530549e-01
3.959183673469387488e-01 6.275303643724696734e-01
3.959183673469387488e-01 8.582995951417003999e-01
3.959183673469387488e-01 9.109311740890688736e-01
3.959183673469387488e-01 9.230769230769231282e-01
3.959183673469387488e-01 9.271255060728744724e-01
3.959183673469387488e-01 9.311740890688259276e-01
3.959183673469387488e-01 9.352226720647773828e-01
3.959183673469387488e-01 9.392712550607287270e-01
4.010863054776564463e-01 2.713551920354257962e-01
4.000000000000000222e-01 4.372469635627530549e-01
4.000000000000000222e-01 6.275303643724696734e-01
4.000000000000000222e-01 8.582995951417003999e-01
4.000000000000000222e-01 9.149797570850202177e-01
4.000000000000000222e-01 9.190283400809716730e-01
4.046911038246899239e-01 2.715720630552278525e-01
4.040816326530612401e-01 4.372469635627530549e-01
4.040816326530612401e-01 6.275303643724696734e-01
4.040816326530612401e-01 8.582995951417003999e-01
4.040816326530612401e-01 9.149797570850202177e-01
4.083052170563878924e-01 2.718721307358828998e-01
4.091587627582176090e-01 3.764124708740334557e-01
4.098650683691649199e-01 3.771628960439188938e-01
4.114826461110188127e-01 3.781458334615529493e-01
4.081632653061224580e-01 4.372469635627530549e-01
4.081632653061224580e-01 6.275303643724696734e-01
4.081632653061224580e-01 8.582995951417003999e-01
4.081632653061224580e-01 9.109311740890688736e-01
4.118807064200637469e-01 2.723083765489173746e-01
4.108278475882371494e-01 3.851010158888030221e-01
4.127726349228879044e-01 3.866549160940429553e-01
4.147994086792578528e-01 3.883113656540614356e-01
4.122448979591836760e-01 4.331983805668015997e-01
4.122448979591836760e-01 6.275303643724696734e-01
4.122448979591836760e-01 8.582995951417003999e-01
4.122448979591836760e-01 9.109311740890688736e-01
4.155331513464298743e-01 2.730963338875336266e-01
4.139133907008764046e-01 3.964744288444156939e-01
4.157235043674555319e-01 3.988179834908334720e-01
4.167273204509948092e-01 4.028035506402493082e-01
4.163265306122448939e-01 4.048582995951416907e-01
4.163265306122448939e-01 4.331983805668015997e-01
4.163265306122448939e-01 6.275303643724696734e-01
4.163265306122448939e-01 8.582995951417003999e-01
4.163265306122448939e-01 9.109311740890688736e-01
4.179113111914876666e-01 2.748011184633833981e-01
4.204081632653061118e-01 4.089068825910930904e-01
4.204081632653061118e-01 4.129554655870445457e-01
4.204081632653061118e-01 4.170040485829959453e-01
4.204081632653061118e-01 4.210526315789473450e-01
4.204081632653061118e-01 4.251012145748988003e-01
4.204081632653061118e-01 4.291497975708502000e-01
4.204081632653061118e-01 6.275303643724696734e-01
4.204081632653061118e-01 8.582995951417003999e-01
4.204081632653061118e-01 9.109311740890688736e-01
4.257984399923826491e-01 2.741220419451609325e-01
4.244897959183673297e-01 4.291497975708502000e-01
4.235674053675266837e-01 6.281884270665982761e-01
4.229426997376377617e-01 8.610752828660522828e-01
4.244897959183673297e-01 9.109311740890688736e-01
4.274906280250953539e-01 2.772998447220787477e-01
4.285714285714285476e-01 4.331983805668015997e-01
4.290341751683237059e-01 6.283146240112187364e-01
4.285714285714285476e-01 8.582995951417003999e-01
4.285714285714285476e-01 9.109311740890688736e-01
4.364226370755279194e-01 2.769112479477095490e-01
4.326530612244898211e-01 4.372469635627530549e-01
4.326530612244898211e-01 6.275303643724696734e-01
4.296173219274425636e-01 8.642479915413175950e-01
4.326530612244898211e-01 9.109311740890688736e-01
4.367346938775510390e-01 2.793522267206478005e-01
4.367346938775510390e-01 4.372469635627530549e-01
4.367346938775510390e-01 6.275303643724696734e-01
4.367346938775510390e-01 8.623481781376518551e-01
4.367346938775510390e-01 8.663967611336031993e-01
4.367346938775510390e-01 9.068825910931174183e-01
4.408163265306122569e-01 2.793522267206478005e-01
4.408163265306122569e-01 4.412955465587044546e-01
4.408163265306122569e-01 6.275303643724696734e-01
4.408163265306122569e-01 8.704453441295546545e-01
4.408163265306122569e-01 9.068825910931174183e-01
4.520952724832661418e-01 9.511544952394821451e-01
4.448979591836734748e-01 2.834008097165992002e-01
4.448979591836734748e-01 4.412955465587044546e-01
4.448979591836734748e-01 6.315789473684210176e-01
4.448979591836734748e-01 8.744939271255061097e-01
4.448979591836734748e-01 9.068825910931174183e-01
4.448979591836734748e-01 9.514170040485829816e-01
4.491274344620808101e-01 9.826031198898549368e-01
4.489795918367346927e-01 2.834008097165992002e-01
4.489795918367346927e-01 4.412955465587044546e-01
4.489795918367346927e-01 6.315789473684210176e-01
4.567082718736967251e-01 7.339717904940014082e-01
4.553003240167638466e-01 7.346967655283055398e-01
4.546902066818913624e-01 7.364484281241441277e-01
4.543905177875897095e-01 7.371017261283842048e-01
4.489795918367346927e-01 8.785425101214574539e-01
4.489795918367346927e-01 8.987854251012146189e-01
4.489795918367346927e-01 9.028340080971659631e-01
4.489795918367346927e-01 9.473684210526315264e-01
4.512842794671198532e-01 9.666014822428058428e-01
4.499389365106364891e-01 9.689813386790288030e-01
4.493804608087996200e-01 9.723505039288387053e-01
4.490216690415875234e-01 9.756827210509765314e-01
4.485929707030775204e-01 9.786472408447851601e-01
4.476316163805788562e-01 9.801378364934913989e-01
4.530612244897959107e-01 2.834008097165992002e-01
4.530612244897959107e-01 4.453441295546558543e-01
4.530612244897959107e-01 6.315789473684210176e-01
4.530612244897959107e-01 7.287449392712550544e-01
4.530612244897959107e-01 8.785425101214574539e-01
4.530612244897959107e-01 8.825910931174089091e-01
4.530612244897959107e-01 8.866396761133603643e-01
4.530612244897959107e-01 8.906882591093117085e-01
4.530612244897959107e-01 8.947368421052631637e-01
4.530612244897959107e-01 9.068825910931174183e-01
4.530612244897959107e-01 9.109311740890688736e-01
4.530612244897959107e-01 9.149797570850202177e-01
4.530612244897959107e-01 9.190283400809716730e-01
4.530612244897959107e-01 9.230769230769231282e-01
4.530612244897959107e-01 9.271255060728744724e-01
4.530612244897959107e-01 9.311740890688259276e-01
4.530612244897959107e-01 9.352226720647773828e-01
4.530612244897959107e-01 9.392712550607287270e-01
4.530612244897959107e-01 9.433198380566801822e-01
4.530612244897959107e-01 9.473684210526315264e-01
4.530612244897959107e-01 9.514170040485829816e-01
4.530612244897959107e-01 9.554655870445344368e-01
4.499681625211117142e-01 9.563444429944431002e-01
4.491263982535776966e-01 9.587547192199208368e-01
4.571428571428571286e-01 2.834008097165992002e-01
4.571428571428571286e-01 4.453441295546558543e-01
4.571428571428571286e-01 6.315789473684210176e-01
4.571428571428571286e-01 7.246963562753035992e-01
4.571428571428571286e-01 8.785425101214574539e-01
4.612244897959183465e-01 2.834008097165992002e-01
4.612244897959183465e-01 4.453441295546558543e-01
4.612244897959183465e-01 6.315789473684210176e-01
4.640761308343510638e-01 6.949239520427699102e-01
4.626134944352682243e-01 6.978317378772241897e-01
4.620255721471633326e-01 7.019499205882370196e-01
4.612244897959183465e-01 7.044534412955465452e-01
4.612244897959183465e-01 7.085020242914980004e-01
4.612244897959183465e-01 7.125506072874493446e-01
4.612244897959183465e-01 7.165991902834007998e-01
4.612244897959183465e-01 7.206477732793522550e-01
4.612244897959183465e-01 8.744939271255061097e-01
4.736808376728879888e-01 1.780137654012380055e-01
4.653061224489795644e-01 2.793522267206478005e-01
4.653061224489795644e-01 2.834008097165992002e-01
4.653061224489795644e-01 2.874493927125505999e-01
4.681577634874122817e-01 4.030703037773609720e-01
4.665738365256550391e-01 4.059150050802397547e-01
4.653061224489795644e-01 4.089068825910930904e-01
4.653061224489795644e-01 4.129554655870445457e-01
4.653061224489795644e-01 4.170040485829959453e-01
4.653061224489795644e-01 4.210526315789473450e-01
4.653061224489795644e-01 4.251012145748988003e-01
4.653061224489795644e-01 4.291497975708502000e-01
4.653061224489795644e-01 4.331983805668015997e-01
4.653061224489795644e-01 4.372469635627530549e-01
4.653061224489795644e-01 4.412955465587044546e-01
4.653061224489795644e-01 4.453441295546558543e-01
4.653061224489795644e-01 4.493927125506073095e-01
4.653061224489795644e-01 4.534412955465587092e-01
4.653061224489795644e-01 4.574898785425101089e-01
4.653061224489795644e-01 4.615384615384615641e-01
4.653061224489795644e-01 4.655870445344129638e-01
4.653061224489795644e-01 4.696356275303643635e-01
4.653061224489795644e-01 4.736842105263157632e-01
4.653061224489795644e-01 4.777327935222672184e-01
4.658037302542800684e-01 4.803808532812658960e-01
4.663911962525310595e-01 4.851940846490590542e-01
4.670997618341209967e-01 4.888418092376360380e-01
4.687194094403969724e-01 4.912113392855670391e-01
4.653061224489795644e-01 6.356275303643724728e-01
4.653061224489795644e-01 6.396761133603239280e-01
4.653061224489795644e-01 6.437246963562752722e-01
4.653061224489795644e-01 6.477732793522267274e-01
4.653061224489795644e-01 6.518218623481781826e-01
4.653061224489795644e-01 6.558704453441295268e-01
4.653061224489795644e-01 6.599190283400809820e-01
4.653061224489795644e-01 6.639676113360324372e-01
4.653061224489795644e-01 6.680161943319837814e-01
4.650781004275052477e-01 6.713797764775818466e-01
4.647994823281044741e-01 6.757226583384343677e-01
4.645050400977345784e-01 6.796722929092380294e-01
4.639171178096296866e-01 6.837170517200751307e-01
4.624211002483355482e-01 6.863120563020966847e-01
4.653061224489795644e-01 7.246963562753035992e-01
4.653061224489795644e-01 8.744939271255061097e-01
4.724338111249083982e-01 8.736807406363397699e-02
4.709036277621338473e-01 8.990599462542840647e-02
4.702635162524232970e-01 9.363469119261015605e-02
4.699277765015425490e-01 9.756820066973401206e-02
4.697210770231025623e-01 1.015615935190175428e-01
4.696077158281399266e-01 1.055873192978508124e-01
4.695280416620947750e-01 1.096225147646227860e-01
4.694690760064689772e-01 1.136626053501584160e-01
4.694237143725034644e-01 1.177054718299391789e-01
4.693877551020408379e-01 1.217500267975477196e-01
4.693877551020408379e-01 1.255060728995833208e-01
4.693877551020408379e-01 1.295546559268466735e-01
4.693877551020408379e-01 1.336032388413073702e-01
4.693877551020408379e-01 1.373592849724467879e-01
4.693517958315782113e-01 1.416963767058107004e-01
4.693423934680753251e-01 1.457432713862835683e-01
4.693287894427770612e-01 1.497890784734379477e-01
4.693080809505476014e-01 1.538327663615396412e-01
4.692743938925262870e-01 1.578718796559099302e-01
4.692144369604351328e-01 1.616070997284542454e-01
4.691292720802879290e-01 1.655963891122663734e-01
4.688811536892602549e-01 1.694418434369441839e-01
4.680654054521868335e-01 1.723037189101755129e-01
4.682584406822273837e-01 1.833137920647595620e-01
4.693064727820159265e-01 1.861404767578094532e-01
4.698943952229159282e-01 1.898926989988872494e-01
4.706034416579926716e-01 1.935896556852724770e-01
4.721260350910300718e-01 1.961428368405669087e-01
4.693877551020408379e-01 2.712550607287449456e-01
4.693877551020408379e-01 2.753036437246963453e-01
4.693877551020408379e-01 2.914979757085019996e-01
4.693877551020408379e-01 2.955465587044534548e-01
4.693877551020408379e-01 2.995951417004048545e-01
4.693877551020408379e-01 3.036437246963562542e-01
4.693877551020408379e-01 3.076923076923077094e-01
4.693877551020408379e-01 3.117408906882591091e-01
4.693877551020408379e-01 3.157894736842105088e-01
4.690176555726496832e-01 3.192680798139166942e-01
4.693517958315782113e-01 3.241832046525652822e-01
4.693877551020408379e-01 3.282277595910699786e-01
4.693877551020408379e-01 3.319838056429268436e-01
4.693877551020408379e-01 3.360323886890570488e-01
4.693877551020408379e-01 3.400809717664991516e-01
4.693877551020408379e-01 3.441295546809597927e-01
4.693877551020408379e-01 3.481781375859870908e-01
4.693877551020408379e-01 3.522267207136080547e-01
4.693877551020408379e-01 3.562753037503048059e-01
4.693877551020408379e-01 3.600313496333594210e-01
4.693517958315782113e-01 3.640759047755909306e-01
4.693064341976126985e-01 3.681187711971640186e-01
4.692474685419869007e-01 3.721588616953881989e-01
4.691677943759417491e-01 3.761940573076792971e-01
4.690544331809791134e-01 3.802197830574087223e-01
4.688811149811657475e-01 3.842246825426208212e-01
4.685866727507958518e-01 3.881743170261130471e-01
4.679987504626909600e-01 3.919265392671908432e-01
4.665361140636081205e-01 3.945005464250682103e-01
4.679251188193733202e-01 4.994502844565136823e-01
4.708503913847083555e-01 5.005497155434862622e-01
4.693877551020408379e-01 6.072874493927125084e-01
4.693877551020408379e-01 6.113360323886639636e-01
4.693877551020408379e-01 6.153846153846154188e-01
4.693877551020408379e-01 6.194331983805667630e-01
4.693877551020408379e-01 6.234817813765182182e-01
4.693877551020408379e-01 6.275303643724696734e-01
4.693877551020408379e-01 6.315789473684210176e-01
4.693877551020408379e-01 6.356275303643724728e-01
4.693877551020408379e-01 7.287449392712550544e-01
4.693877551020408379e-01 8.744939271255061097e-01
4.734693877551020558e-01 8.275776170194149017e-03
4.735053470255646824e-01 9.394962238788846093e-03
4.735507086595301951e-01 1.197514429816651932e-02
4.736096743151559929e-01 1.504011142259908604e-02
4.736893484812011446e-01 1.834396511572695954e-02
4.738027096761637802e-01 2.178461682371915856e-02
4.739760278759771461e-01 2.559449206490959500e-02
4.742345108686262245e-01 2.913024467166309625e-02
4.747770715191276247e-01 3.252251188725333031e-02
4.761807422771365816e-01 3.477997054922797593e-02
4.758474202978671963e-01 6.638012256101905040e-02
4.742704315728755171e-01 6.891893890961110769e-02
4.734334284773634716e-01 7.257792897977741187e-02
4.725870230620042856e-01 7.623523035838913886e-02
4.709510686959387238e-01 7.905809133198594962e-02
4.705501997529776270e-01 2.047258238628627269e-01
4.720281937777311976e-01 2.072872695746842964e-01
4.726270079415538783e-01 2.110320915265841979e-01
4.729293663556003446e-01 2.149771074650136116e-01
4.731360658340403313e-01 2.189705003434009867e-01
4.732494270290029670e-01 2.229962262677533946e-01
4.733291011950481186e-01 2.270314216763177073e-01
4.733880668506739164e-01 2.307789753292057155e-01
4.733974692141768026e-01 2.348178137843599522e-01
4.733880668506739164e-01 2.388566521602314141e-01
4.732957198582138370e-01 2.425926991308066383e-01
4.729553102085614080e-01 2.471745216643752574e-01
4.725763308967710907e-01 2.514872418578453783e-01
4.734693877551020558e-01 2.550607287449392913e-01
4.734693877551020558e-01 2.591093117408906910e-01
4.734693877551020558e-01 2.631578947368420907e-01
4.734693877551020558e-01 2.672064777327935459e-01
4.700561007636846478e-01 5.087886607144329609e-01
4.716757483699606235e-01 5.111581906459486957e-01
4.723843139515505607e-01 5.148059155255638730e-01
4.727683326497921223e-01 5.184040326205754390e-01
4.730451570801218475e-01 5.223688173140147439e-01
4.732560691342936332e-01 5.263653013320627183e-01
4.734360064109918165e-01 5.303758791328490041e-01
4.736080275767730052e-01 5.346836124741009000e-01
4.737307911425144846e-01 5.387076498524178136e-01
4.738947069133413459e-01 5.427142378109057752e-01
4.741301835317411895e-01 5.463798278149124554e-01
4.746384318138719971e-01 5.501454374250985824e-01
4.759877068142653878e-01 5.527423018583017544e-01
4.759063860553564007e-01 5.765100725486248523e-01
4.744981451810584838e-01 5.790984445277564951e-01
4.739102227765382702e-01 5.828506667397304053e-01
4.735613849995555791e-01 5.867859360527224455e-01
4.732601103466717030e-01 5.907528690381309566e-01
4.729935660295435662e-01 5.967322347510364278e-01
4.734693877551020558e-01 5.991902834008097090e-01
4.734693877551020558e-01 6.032388663967611642e-01
4.734693877551020558e-01 6.356275303643724728e-01
4.734693877551020558e-01 7.327935222672065096e-01
4.734693877551020558e-01 7.368421052631578538e-01
4.734693877551020558e-01 8.704453441295546545e-01
4.744794186727352980e-01 4.242225588009002762e-02
4.758286937895440105e-01 4.497340584995303953e-02
4.762099168320395592e-01 4.867043779156786376e-02
4.761686194279440287e-01 5.250499850157402948e-02
4.757018257688008789e-01 5.619001187815855086e-02
4.742850034554698113e-01 5.870507504821185357e-02
4.741927394234784487e-01 5.605743388086369405e-01
4.753609331847377661e-01 5.630493974831588533e-01
4.753609331847377661e-01 5.665052584745979836e-01
4.741593582612671498e-01 5.689688102221530652e-01
4.775510204081632737e-01 6.315789473684210176e-01
4.775510204081632737e-01 7.408906882591093090e-01
4.775510204081632737e-01 7.449392712550607643e-01
4.775510204081632737e-01 7.489878542510121084e-01
4.775510204081632737e-01 7.530364372469635637e-01
4.775510204081632737e-01 7.570850202429150189e-01
4.775510204081632737e-01 7.611336032388663630e-01
4.775510204081632737e-01 7.651821862348178183e-01
4.775510204081632737e-01 7.692307692307692735e-01
4.775510204081632737e-01 7.732793522267206177e-01
4.775510204081632737e-01 7.773279352226720729e-01
4.775510204081632737e-01 7.813765182186235281e-01
4.775510204081632737e-01 7.854251012145748723e-01
4.775510204081632737e-01 7.894736842105263275e-01
4.775510204081632737e-01 7.935222672064777827e-01
4.775510204081632737e-01 8.340080971659918907e-01
4.775510204081632737e-01 8.380566801619433459e-01
4.775510204081632737e-01 8.421052631578946901e-01
4.775510204081632737e-01 8.461538461538461453e-01
4.775510204081632737e-01 8.502024291497976005e-01
4.775510204081632737e-01 8.542510121457489447e-01
4.775510204081632737e-01 8.582995951417003999e-01
4.775510204081632737e-01 8.623481781376518551e-01
4.775510204081632737e-01 8.663967611336031993e-01
4.775510204081632737e-01 8.704453441295546545e-01
4.816326530612244916e-01 6.315789473684210176e-01
4.816326530612244916e-01 7.975708502024291269e-01
4.816326530612244916e-01 8.016194331983805821e-01
4.816326530612244916e-01 8.056680161943320373e-01
4.816326530612244916e-01 8.097165991902833815e-01
4.816326530612244916e-01 8.137651821862348367e-01
4.816326530612244916e-01 8.178137651821861809e-01
4.816326530612244916e-01 8.218623481781376361e-01
4.816326530612244916e-01 8.259109311740890913e-01
4.816326530612244916e-01 8.299595141700404355e-01
4.816326530612244916e-01 8.704453441295546545e-01
4.857142857142857095e-01 6.315789473684210176e-01
4.857142857142857095e-01 8.299595141700404355e-01
4.857142857142857095e-01 8.663967611336031993e-01
4.897959183673469274e-01 6.315789473684210176e-01
4.897959183673469274e-01 8.340080971659918907e-01
4.897959183673469274e-01 8.663967611336031993e-01
4.938775510204081454e-01 6.315789473684210176e-01
4.938775510204081454e-01 8.340080971659918907e-01
4.938775510204081454e-01 8.663967611336031993e-01
4.979591836734693633e-01 6.315789473684210176e-01
4.979591836734693633e-01 8.340080971659918907e-01
4.979591836734693633e-01 8.663967611336031993e-01
5.020408163265306367e-01 6.315789473684210176e-01
5.020408163265306367e-01 8.380566801619433459e-01
5.020408163265306367e-01 8.663967611336031993e-01
5.026797738715017561e-01 6.341729834185618753e-01
5.061224489795917991e-01 7.611336032388663630e-01
5.061224489795917991e-01 7.651821862348178183e-01
5.061224489795917991e-01 7.692307692307692735e-01
5.061224489795917991e-01 7.732793522267206177e-01
5.061224489795917991e-01 7.773279352226720729e-01
5.061224489795917991e-01 7.813765182186235281e-01
5.061224489795917991e-01 7.854251012145748723e-01
5.061224489795917991e-01 8.421052631578946901e-01
5.061224489795917991e-01 8.623481781376518551e-01
5.121309722070487291e-01 6.328283581771484423e-01
5.102040816326530726e-01 7.894736842105263275e-01
5.102040816326530726e-01 7.935222672064777827e-01
5.102040816326530726e-01 7.975708502024291269e-01
5.102040816326530726e-01 8.461538461538461453e-01
5.102040816326530726e-01 8.582995951417003999e-01
5.147657126728777399e-01 6.342556010587668824e-01
5.142857142857142350e-01 8.016194331983805821e-01
5.142857142857142350e-01 8.502024291497976005e-01
5.142857142857142350e-01 8.542510121457489447e-01
5.185585952809375065e-01 6.348378156782655823e-01
5.183673469387755084e-01 8.056680161943320373e-01
5.183673469387755084e-01 8.502024291497976005e-01
5.225441332631186597e-01 6.351284525828032601e-01
5.224489795918367818e-01 8.097165991902833815e-01
5.224489795918367818e-01 8.137651821862348367e-01
5.224489795918367818e-01 8.178137651821861809e-01
5.224489795918367818e-01 8.218623481781376361e-01
5.224489795918367818e-01 8.259109311740890913e-01
5.224489795918367818e-01 8.299595141700404355e-01
5.224489795918367818e-01 8.340080971659918907e-01
5.224489795918367818e-01 8.380566801619433459e-01
5.224489795918367818e-01 8.421052631578946901e-01
5.224489795918367818e-01 8.461538461538461453e-01
5.224489795918367818e-01 8.502024291497976005e-01
5.265833995829612979e-01 6.352993018755751509e-01
5.265306122448979442e-01 8.056680161943320373e-01
5.265306122448979442e-01 8.502024291497976005e-01
5.306389776957373128e-01 6.354463676199612054e-01
5.306122448979592177e-01 8.056680161943320373e-01
5.306122448979592177e-01 8.542510121457489447e-01
5.352561031358924470e-01 6.358192665449405867e-01
5.346938775510203801e-01 8.056680161943320373e-01
5.346938775510203801e-01 8.542510121457489447e-01
5.393663479975063790e-01 6.359913934085580367e-01
5.405969362967286695e-01 7.574430309869499833e-01
5.388126528362906509e-01 7.597055845509325112e-01
5.387755102040816535e-01 7.611336032388663630e-01
5.387755102040816535e-01 7.651821862348178183e-01
5.387755102040816535e-01 7.692307692307692735e-01
5.387755102040816535e-01 7.732793522267206177e-01
5.387755102040816535e-01 7.773279352226720729e-01
5.387755102040816535e-01 7.813765182186235281e-01
5.387755102040816535e-01 7.854251012145748723e-01
5.387755102040816535e-01 7.975708502024291269e-01
5.387755102040816535e-01 8.016194331983805821e-01
5.387755102040816535e-01 8.542510121457489447e-01
5.437458617895442048e-01 6.363183764280347932e-01
5.435431927259611884e-01 7.493472866589573345e-01
5.405006012812788585e-01 7.501476900906561829e-01
5.428571428571428159e-01 7.894736842105263275e-01
5.428571428571428159e-01 7.935222672064777827e-01
5.428571428571428159e-01 8.542510121457489447e-01
5.469387755102040893e-01 6.356275303643724728e-01
5.458537017066525943e-01 7.407259598510106402e-01
5.451451361250626571e-01 7.414483168211422059e-01
5.435254885187866813e-01 7.423551616919705776e-01
5.469387755102040893e-01 8.542510121457489447e-01
5.510204081632652517e-01 6.356275303643724728e-01
5.510204081632652517e-01 8.542510121457489447e-01
5.551020408163265252e-01 6.356275303643724728e-01
5.551020408163265252e-01 8.542510121457489447e-01
5.591836734693877986e-01 6.356275303643724728e-01
5.591836734693877986e-01 8.542510121457489447e-01
5.632653061224489610e-01 6.356275303643724728e-01
5.632653061224489610e-01 8.542510121457489447e-01
5.673469387755102344e-01 6.396761133603239280e-01
5.673469387755102344e-01 8.542510121457489447e-01
5.714285714285713969e-01 6.437246963562752722e-01
5.714285714285713969e-01 6.477732793522267274e-01
5.714285714285713969e-01 6.518218623481781826e-01
5.714285714285713969e-01 8.542510121457489447e-01
5.755102040816326703e-01 6.396761133603239280e-01
5.755102040816326703e-01 6.558704453441295268e-01
5.755102040816326703e-01 6.599190283400809820e-01
5.755102040816326703e-01 6.639676113360324372e-01
5.773284431884293522e-01 6.650515426542262798e-01
5.790538161631901826e-01 6.674750245681507765e-01
5.755102040816326703e-01 8.502024291497976005e-01
5.755102040816326703e-01 8.542510121457489447e-01
5.755102040816326703e-01 8.582995951417003999e-01
5.755102040816326703e-01 8.623481781376518551e-01
5.795918367346938327e-01 6.356275303643724728e-01
5.791940383331574127e-01 6.756386714067210697e-01
5.826404417874481156e-01 6.762624440115201363e-01
5.795918367346938327e-01 8.502024291497976005e-01
5.795918367346938327e-01 8.663967611336031993e-01
5.795918367346938327e-01 8.704453441295546545e-01
5.836734693877551061e-01 6.356275303643724728e-01
5.859900334764424068e-01 6.811253188888689580e-01
5.836734693877551061e-01 8.461538461538461453e-01
5.836734693877551061e-01 8.744939271255061097e-01
5.877551020408163795e-01 6.315789473684210176e-01
5.906454993696997890e-01 6.852607728606127102e-01
5.877551020408163795e-01 8.461538461538461453e-01
5.877551020408163795e-01 8.785425101214574539e-01
5.918367346938775420e-01 6.315789473684210176e-01
5.897632055174635290e-01 6.887401973754204709e-01
5.918367346938775420e-01 8.421052631578946901e-01
5.918367346938775420e-01 8.825910931174089091e-01
5.903967636594624757e-01 8.871080285154551159e-01
5.922651126355940043e-01 8.905828576446319644e-01
5.943380992584006428e-01 8.922872879468884966e-01
5.959183673469388154e-01 6.315789473684210176e-01
5.957690238640216407e-01 6.910848058133314264e-01
5.959183673469388154e-01 8.421052631578946901e-01
5.943783756440543797e-01 9.003477059144466832e-01
5.975652362315022614e-01 9.008077237508089752e-01
5.999999999999999778e-01 6.315789473684210176e-01
6.023881476372480170e-01 6.943498316205857224e-01
5.999999999999999778e-01 8.421052631578946901e-01
5.977670910302549379e-01 9.088449655232672120e-01
5.999794445648148900e-01 9.100527139658651787e-01
6.024727431591599958e-01 9.116984508424499367e-01
6.029940641855783268e-01 6.319683649436276252e-01
6.021055980490482851e-01 6.977190149001596398e-01
6.052590106518901392e-01 8.417449673847012814e-01
6.027964809581599637e-01 9.192039704200437589e-01
6.060969327481425806e-01 9.192776061379566155e-01
6.074587212918249879e-01 6.305721026820767516e-01
6.094301007963640604e-01 6.991197956624150001e-01
6.078532383237889025e-01 8.394108941987805661e-01
6.084116073018794868e-01 9.244491902344034173e-01
6.102932794898634494e-01 6.287901291599202747e-01
6.090779467200746478e-01 7.024168030722707234e-01
6.119561477686630280e-01 8.374744657170676287e-01
6.124761540856098474e-01 9.303217254190702112e-01
6.182534951103698662e-01 6.302220791640507080e-01
6.145186946114372661e-01 7.055184801386269466e-01
6.148998759772476008e-01 8.351812380109631118e-01
6.164929087417513331e-01 9.355037051418217953e-01
6.208465344146635312e-01 6.286069985308500030e-01
6.194028436196777898e-01 7.096356779760172317e-01
6.237431609527949172e-01 8.355530313977798107e-01
6.202993653326803747e-01 9.402746865662523490e-01
6.245858903636928305e-01 6.278210013352150121e-01
6.240223369747638360e-01 7.146409442751980867e-01
6.244897959183673963e-01 8.340080971659918907e-01
6.241633683745987371e-01 9.455547479729767835e-01
6.284753341261031245e-01 6.272397274097243347e-01
6.268658042918624496e-01 7.197570022212544938e-01
6.302178754504503821e-01 7.192023882339803054e-01
6.285714285714285587e-01 8.340080971659918907e-01
6.272386690634967898e-01 9.509383392716316274e-01
6.322258500844402107e-01 6.264866636429728963e-01
6.317359554053911808e-01 7.262874631520345181e-01
6.354479216210240367e-01 7.257370807452934169e-01
6.326530612244898322e-01 8.340080971659918907e-01
6.288966135292941573e-01 9.559270532911092744e-01
6.307419231565365436e-01 9.579039101511511722e-01
6.317695242291012647e-01 9.611384260636915977e-01
6.322251097120972219e-01 9.642277898232505251e-01
6.327306572897288817e-01 9.676701371858887901e-01
6.330810701587399336e-01 9.708478872922082781e-01
6.336354287745127323e-01 9.741632303044855945e-01
6.344309392556244376e-01 9.771122457893181013e-01
6.359509957659685853e-01 9.785025156449963513e-01
6.348345362191677443e-01 6.249123551479356387e-01
6.397379467805505149e-01 7.306300492161651450e-01
6.367346938775509946e-01 7.935222672064777827e-01
6.367346938775509946e-01 8.299595141700404355e-01
6.373713964556001477e-01 9.824093750938169833e-01
6.427967681530483146e-01 6.264416311550810024e-01
6.384352830219633956e-01 7.342629230949794250e-01
6.408163265306122680e-01 7.935222672064777827e-01
6.408163265306122680e-01 8.299595141700404355e-01
6.413299134447790761e-01 9.870292723352308562e-01
6.454047645560978541e-01 6.249274163655861303e-01
6.434405732320203075e-01 7.378463710008776877e-01
6.448979591836734304e-01 7.975708502024291269e-01
6.448979591836734304e-01 8.259109311740890913e-01
6.399154597779317388e-01 9.895821357785011818e-01
6.491820000426853365e-01 6.243044294915086612e-01
6.477267666976442850e-01 7.426870914604062346e-01
6.489795918367347038e-01 7.975708502024291269e-01
6.489795918367347038e-01 8.016194331983805821e-01
6.489795918367347038e-01 8.056680161943320373e-01
6.489795918367347038e-01 8.097165991902833815e-01
6.489795918367347038e-01 8.137651821862348367e-01
6.489795918367347038e-01 8.178137651821861809e-01
6.489795918367347038e-01 8.218623481781376361e-01
6.489795918367347038e-01 8.259109311740890913e-01
6.417470799549958027e-01 9.892067425971028394e-01
6.531563782411132779e-01 6.239808591580874308e-01
6.510789199893799450e-01 7.481296545701471290e-01
6.530612244897958663e-01 7.894736842105263275e-01
6.530612244897958663e-01 7.935222672064777827e-01
6.530612244897958663e-01 8.259109311740890913e-01
6.571956444809204934e-01 6.238100098653155401e-01
6.529995617988918477e-01 7.532720261042266108e-01
6.546867387901459390e-01 7.549537889827193649e-01
6.554201363419581705e-01 7.584850921376650179e-01
6.556079637325767928e-01 7.626932041713899713e-01
6.556236690908138209e-01 7.663073029509568368e-01
6.556315741568271571e-01 7.702444471472588150e-01
6.554236260076452547e-01 7.741906779086752399e-01
6.571428571428571397e-01 7.773279352226720729e-01
6.571428571428571397e-01 7.813765182186235281e-01
6.571428571428571397e-01 7.854251012145748723e-01
6.571428571428571397e-01 8.259109311740890913e-01
6.612551233491698044e-01 6.236983374492189869e-01
6.612244897959184131e-01 8.259109311740890913e-01
6.653237856127964811e-01 6.236198794012813851e-01
6.653061224489795755e-01 8.259109311740890913e-01
6.693971921845944806e-01 6.235618270384072348e-01
6.693877551020408490e-01 8.259109311740890913e-01
6.734693877663104900e-01 6.234817813761581728e-01
6.734693877551020114e-01 8.259109311740890913e-01
6.775415832028278684e-01 6.234017357146292015e-01
6.775510204081632848e-01 8.259109311740890913e-01
6.816149899374253085e-01 6.233436833517550513e-01
6.816326530612244472e-01 8.259109311740890913e-01
6.856724921371746273e-01 6.232322919040377274e-01
6.845003425941935671e-01 8.254522578910969965e-01
6.896993534804300996e-01 6.230512949204928264e-01
6.897652847304220902e-01 8.256943751013883226e-01
6.936925155165895029e-01 6.227948069372138962e-01
6.938136039022296808e-01 8.255497692855120473e-01
6.976100838965290096e-01 6.223964768377988621e-01
6.978372230242025909e-01 8.253381477090575569e-01
7.012973422137069868e-01 6.216766196684836432e-01
7.017999178100358115e-01 8.249959322976925247e-01
7.020408163265305923e-01 9.112706445289496804e-01
7.020408163265305923e-01 9.109311739604110114e-01
7.020408163265305923e-01 9.105917036491879557e-01
7.037527205745632841e-01 6.200371593385859414e-01
7.055407526993136003e-01 8.243183049609930091e-01
7.116994671751649681e-01 6.210767566462080946e-01
7.080909100123585764e-01 8.227327193137303762e-01
7.138409803405271203e-01 6.188739039006676546e-01
7.160717014589214058e-01 8.240725517363441943e-01
7.157464236059054574e-01 6.166799494766663781e-01
7.185713699416551581e-01 8.222524179992886095e-01
7.227928752255416978e-01 6.159498355790185009e-01
7.220180807345337737e-01 8.209990993465451359e-01
7.295336621195762650e-01 6.150523670892483752e-01
7.244508171302019850e-01 8.191255678513241767e-01
7.316488669938122635e-01 6.133394080623305600e-01
7.324939367579942351e-01 8.201396501800308769e-01
7.351847442689029011e-01 6.124923867116934817e-01
7.347786046004182170e-01 8.180059098350147551e-01
7.390224106871161602e-01 6.119622008934869628e-01
7.370856174761999391e-01 8.158941986449326222e-01
7.429476806900181529e-01 6.115237958963747333e-01
7.450684223257537653e-01 8.170282589535602380e-01
7.468970988322659599e-01 6.111050892011747893e-01
7.475684563817018846e-01 8.153666523549147893e-01
7.508239795139050043e-01 6.106328372204928856e-01
7.512787203455334462e-01 8.146089435004071344e-01
7.545579125171013590e-01 6.098849375210023682e-01
7.552050512849188824e-01 8.141400547147170652e-01
7.571257940046869361e-01 6.082887593600220244e-01
7.591836736122352658e-01 8.137651821875820923e-01
7.651103809399872890e-01 6.097029828030977594e-01
7.631453249120030424e-01 8.133617573739868600e-01
7.676533521389427017e-01 6.080077618623513924e-01
7.670483950296255182e-01 8.128588083464094449e-01
7.711704548822516658e-01 6.069217910205375599e-01
7.707427370445137926e-01 8.120888192470558931e-01
7.737273537192721484e-01 6.052801903367404091e-01
7.732178290013451694e-01 8.104125198706426669e-01
7.815696231564697172e-01 6.068535435130359978e-01
7.811722601773407604e-01 8.114518631600325937e-01
7.840469467659166858e-01 6.055926549830945582e-01
7.833890805808513269e-01 8.092526944064551975e-01
7.875160021701476110e-01 6.055257946369709821e-01
7.854977009171734137e-01 8.070090090740954514e-01
7.900318047687486800e-01 6.066108215251477809e-01
7.934299871049896868e-01 8.073112479149956444e-01
7.977908348061182320e-01 6.047364602361235963e-01
7.944273429552131116e-01 8.041427675606344083e-01
8.004317014827393439e-01 6.059939781932521807e-01
8.023520479444414821e-01 8.045411292521984503e-01
8.042245842799738975e-01 6.064192766586680161e-01
8.045859665864109056e-01 8.024856882228286192e-01
8.081850345747644271e-01 6.065072553844552683e-01
8.078745151156018212e-01 8.010372188117125258e-01
8.121718239234296810e-01 6.064218308108288991e-01
8.101728172222038005e-01 7.989768077212155983e-01
8.161162655216722683e-01 6.061558944436151730e-01
8.181563880845752479e-01 7.997454232215760461e-01
8.198611010089326134e-01 6.055852772930998551e-01
8.203178489789525463e-01 7.974411277507543749e-01
8.224262931279610056e-01 6.040918041050795662e-01
8.224513894773791689e-01 7.951263456750540248e-01
8.304031653362992094e-01 6.055389607442083211e-01
8.304532117010759995e-01 7.957499882438209271e-01
8.329306513765988296e-01 6.037881474709609897e-01
8.325680234625980614e-01 7.934305614950939445e-01
8.364191368181848052e-01 6.025829462684231252e-01
8.346351442468942228e-01 7.911102667682793355e-01
8.389140678085006408e-01 6.007495424361439795e-01
8.425844011110804610e-01 7.914410579802566570e-01
8.469134588146164377e-01 6.020156213285982050e-01
8.436183865766554435e-01 7.883217614695527953e-01
8.494418798445733110e-01 6.003008445928453840e-01
8.514878661162694762e-01 7.889142104364207375e-01
8.531222422164894681e-01 5.994140599301199801e-01
8.538296812142682768e-01 7.871307363207659114e-01
8.569314207540758010e-01 5.986923177348099090e-01
8.574590453187868055e-01 7.862682009986808884e-01
8.605642813927855128e-01 5.977782237547099031e-01
8.613019331097032660e-01 7.856628109262299153e-01
8.629442602272469065e-01 5.959844273252993263e-01
8.651675881286940983e-01 7.851016819009298819e-01
8.708613914684677493e-01 5.966559151943531258e-01
8.689900713695963841e-01 7.844920027824325848e-01
8.723319524352686205e-01 5.936604189278316124e-01
8.725664729637341299e-01 7.835927335950753081e-01
8.805604035091795234e-01 5.945888774380887476e-01
8.748518119623162059e-01 7.817942954539528477e-01
8.827063713650390442e-01 5.929391703479791609e-01
8.826556689999237593e-01 7.822620309566464813e-01
8.860899196862841443e-01 5.922198972343335477e-01
8.835078046524098561e-01 7.790866949621905180e-01
8.896349005085744110e-01 5.917739160153883127e-01
8.912467112536637259e-01 7.787905715053395905e-01
8.930404069859591010e-01 5.913023186671648723e-01
8.917895351213459554e-01 7.755581933419646301e-01
8.953012698377501577e-01 5.902705080602186349e-01
8.988442191668805092e-01 7.743147762924967870e-01
9.014452748884428379e-01 5.923031253272644792e-01
9.052928457454759714e-01 7.730698070775431363e-01
9.011722748490924584e-01 5.923937527926615987e-01
9.073105525548512684e-01 7.713106386184406249e-01
9.046070066508742347e-01 5.940677984994704453e-01
9.072649870761575475e-01 5.921935147430505975e-01
9.107676235255690589e-01 7.703736509250190823e-01
9.087437042168208245e-01 5.974501610704346932e-01
9.105135388805397634e-01 5.960637216573121400e-01
9.145374064233952049e-01 7.697354894883644549e-01
9.184002887422862971e-01 7.691893928243259682e-01
9.222702589498390502e-01 7.686193024094861714e-01
9.259529350289827931e-01 7.677896092466723887e-01
9.284578934530441918e-01 7.661078905041974751e-01
9.364445806371656245e-01 7.672599701584139620e-01
9.387755100502644945e-01 7.651821862377244932e-01
9.411064397709976159e-01 7.631044023112216745e-01
9.491042869935306658e-01 7.642894153943217139e-01
9.516248922771298746e-01 7.626484689064255695e-01
9.553362225034459643e-01 7.618659730762175064e-01
9.592488834900811945e-01 7.613560310530175235e-01
9.631831253671778725e-01 7.608826231846052002e-01
9.667795158868028871e-01 7.604354999022490125e-01
9.701367265511570137e-01 7.597316563589430194e-01
9.722551813919325658e-01 7.581924204243278842e-01
9.797195681933270617e-01 7.592904705635313833e-01
9.814429904714379038e-01 7.572929907874944577e-01
9.829975361289570168e-01 7.553812452207361305e-01
9.898352104894893033e-01 7.556900807358475358e-01
9.897393135448955270e-01 7.532267645547550128e-01
9.918603878468275070e-01 7.539824762170462824e-01
