2.624816261231899261e-03 8.771626332031233764e-01
2.998570213094353676e-03 8.773684160354635608e-01
3.422465408220887184e-03 8.789388867911457348e-01
3.246875246986746788e-03 8.808624944616101349e-01
2.926435787230730057e-03 8.830499242806285620e-01
2.556647174060344696e-03 8.852978939087026156e-01
2.191690960898995399e-03 8.872820721218677154e-01
1.534932409413158894e-03 8.880863088708171871e-01
1.244904626538500050e-02 8.808073963540694606e-01
1.595473754606815606e-02 8.805349422503768730e-01
2.174783957936626821e-02 8.798073081964619124e-01
2.227494490855350812e-02 8.821942284669719303e-01
2.943025210472883721e-02 8.809171284131184221e-01
3.252032520325203596e-02 8.847736625514402986e-01
3.658536585365853439e-02 8.847736625514402986e-01
4.861551022717380821e-02 6.790580049760418513e-01
4.289529041947448551e-02 8.825204430580131376e-01
4.973918552381721009e-02 6.791173552606150077e-01
4.509412724978093673e-02 8.810996336654286498e-01
5.232430594155519643e-02 6.791975443534564727e-01
4.875837456533989311e-02 8.804275782716219911e-01
5.538865422254534571e-02 6.793116272361029440e-01
5.243214914349014072e-02 8.796664016520596707e-01
5.867636345925066749e-02 6.794860187560797238e-01
5.497725461742166558e-02 8.780850801816202367e-01
6.205490807911789863e-02 6.797821818668406957e-01
6.303062773218787163e-02 8.795320948005228567e-01
6.533207334729472515e-02 6.803730437000293785e-01
6.556906799238736150e-02 8.780435809052123952e-01
6.749376295062493869e-02 6.818393241315160447e-01
6.930268522280048915e-02 8.774595921162090528e-01
7.514925759921713133e-02 6.803005935639572233e-01
7.323796617590520863e-02 8.772020815989508558e-01
7.772991570125417637e-02 6.817668739954438895e-01
7.723577223175287498e-02 8.771417729325167167e-01
8.149587828855264782e-02 6.823577358286325723e-01
8.123357864140534623e-02 8.772020815989508558e-01
9.330884405843369034e-02 5.228189435304111399e-01
8.546097904089526576e-02 6.826538989393935442e-01
8.518514953228566167e-02 8.774180556532501507e-01
9.441800469275170304e-02 5.229330264130576111e-01
8.948188355051518716e-02 6.828282904593703240e-01
8.894252865783476569e-02 8.779495671509339738e-01
9.697251859105880667e-02 5.231074179330343910e-01
9.352382601863927503e-02 6.829423733420167952e-01
9.151740906744952608e-02 8.793701883290468979e-01
9.996002530906258898e-02 5.234035810437953629e-01
9.757533672390997226e-02 6.830225624348582603e-01
9.953950150165616351e-02 8.778314577614880765e-01
1.029927925579628423e-01 5.239944428769840457e-01
1.016317942413494380e-01 6.830819127194314166e-01
1.021201597783161774e-01 8.792977381929747427e-01
1.049868945056966346e-01 5.254607233084707119e-01
1.056910568547786422e-01 6.831275720164609044e-01
1.058861220309206125e-01 8.798886000261634255e-01
1.125058286266810287e-01 5.240270021551676205e-01
1.097560974236944237e-01 6.831275720164609044e-01
1.098454450108054120e-01 8.802304224485058004e-01
1.146761015898972030e-01 5.254339324257724098e-01
1.138211383185731007e-01 6.831275720164609044e-01
1.138577664770435288e-01 8.804641642457797790e-01
1.180812439821401216e-01 5.259791350055873504e-01
1.178861787545976425e-01 6.831275720164609044e-01
1.178861787358179147e-01 8.806584362132047206e-01
1.220463449818652846e-01 5.262752981163483224e-01
1.219512194050041409e-01 6.831275720164609044e-01
1.219145914247946605e-01 8.808527081822037363e-01
1.334929983510173834e-01 3.264635786794532479e-01
1.260672494842092484e-01 5.264496896363251022e-01
1.260162602183920733e-01 6.831275720164609044e-01
1.259269126327362820e-01 8.810864499794777149e-01
1.331466522098072314e-01 3.278841998575661720e-01
1.301091917904433071e-01 5.265637725189715734e-01
1.300813007572176883e-01 6.831275720164609044e-01
1.298862355325855755e-01 8.814282724018200899e-01
1.394871500002720088e-01 3.270559552587461449e-01
1.341607027403680652e-01 5.266439616118130385e-01
1.341463415706056206e-01 6.831275720164609044e-01
1.336521979452610642e-01 8.820191342350087726e-01
1.411766242500909485e-01 3.281458833483871795e-01
1.382171600136082035e-01 5.267033118963861948e-01
1.382056041326343021e-01 6.831732313134903922e-01
1.362328562219210781e-01 8.834854146664954389e-01
1.442304292610445127e-01 3.284482708080564417e-01
1.422764226570366608e-01 5.267489711934156826e-01
1.422620614872742162e-01 6.832325815980635486e-01
1.442549486561277017e-01 8.819466840989366174e-01
1.475879358860277824e-01 3.284559594579865016e-01
1.463356855962468506e-01 5.267033118963861948e-01
1.463135724371989743e-01 6.833127706909050136e-01
1.468356069327877156e-01 8.834129645304232836e-01
1.510336334037223616e-01 3.282539988980521239e-01
1.503921428690322692e-01 5.266439616118130385e-01
1.503555147434330330e-01 6.834268535735514849e-01
1.506015691853921645e-01 8.840038263636119664e-01
1.543661119787015923e-01 3.277178696120050527e-01
1.544436536561574758e-01 5.265637725189715734e-01
1.543764194131240219e-01 6.836012450935282647e-01
1.545666702651528612e-01 8.842999894743729383e-01
1.565724207008848123e-01 3.262861188962948300e-01
1.584693057717763975e-01 5.264081531733662001e-01
1.583415202455021598e-01 6.838974082042892366e-01
1.585817966676209279e-01 8.844287216827683151e-01
1.645743737500766635e-01 3.278841998575661720e-01
1.624664485172275796e-01 5.261812842747584096e-01
1.621074826727295637e-01 6.844882700374779194e-01
1.626151557540311821e-01 8.844834542881175876e-01
1.671608101848202355e-01 3.264635786794532479e-01
1.663951093893653310e-01 5.258172287669420353e-01
1.646881407747665949e-01 6.859545504689645856e-01
1.666531368397651536e-01 8.844834542881175876e-01
1.709209945849313461e-01 3.258270575346831621e-01
1.701015386653768890e-01 5.251363911613278201e-01
1.727102332089732462e-01 6.844158199014057642e-01
1.706864958625108064e-01 8.844287216827683151e-01
1.748775123702897005e-01 3.254715441757288219e-01
1.722322646452765227e-01 5.236362671659715584e-01
1.752908913110102773e-01 6.858821003328924304e-01
1.747016226651565418e-01 8.842999894743729383e-01
1.788848869365927963e-01 3.252169635338067466e-01
1.806051972363810487e-01 5.245968734245716192e-01
1.790568537382376813e-01 6.864729621660811132e-01
1.786667234975346796e-01 8.840038263636119664e-01
1.829037308822834551e-01 3.249887977903416769e-01
1.828503370240313619e-01 5.224718385591140546e-01
1.830219547379628442e-01 6.867691252768420851e-01
1.824326859247620836e-01 8.834129645304232836e-01
1.869111056759602263e-01 3.247342171411436440e-01
1.850723842900942884e-01 5.203247207548438169e-01
1.870428592403068080e-01 6.869435167968188649e-01
1.850133440267991147e-01 8.819466840989366174e-01
1.908676231411764734e-01 3.243787037821893038e-01
1.931654488595914432e-01 5.212032083439191998e-01
1.910848015465408667e-01 6.870575996794653362e-01
1.930296583029222079e-01 8.835310739198691810e-01
1.946278078759816066e-01 3.237421826374192180e-01
1.955170023940764890e-01 5.192672486084995986e-01
1.951363124964656248e-01 6.871377887723068012e-01
1.956017336562537179e-01 8.821241436492643917e-01
1.972084659780186378e-01 3.222759022059325518e-01
1.988879134575647079e-01 5.179276566271221460e-01
1.991927698511055389e-01 6.871971390568799576e-01
1.993599438271295987e-01 8.815678117646827960e-01
2.052305584122252613e-01 3.238146327734913177e-01
2.012726591248822361e-01 5.160073452646395387e-01
2.032520325761156543e-01 6.872427983539094454e-01
2.033105297061440497e-01 8.813263812301672662e-01
2.147938113591474629e-01 1.783154305313050803e-01
2.078112166888852752e-01 3.223483523420046515e-01
2.096810280742895938e-01 5.169212834146870161e-01
2.073170732265221528e-01 6.872427983539094454e-01
2.073008280801398595e-01 8.812461921446017588e-01
2.144416875255150401e-01 1.797817109627917465e-01
2.115771789414897242e-01 3.217574905088159687e-01
2.117576842303709739e-01 5.151560603693192686e-01
2.113821137653477678e-01 6.872427983539094454e-01
2.112601509308764391e-01 8.812685302075922156e-01
2.208023244681639463e-01 1.790128165248536241e-01
2.155365020014100574e-01 3.215069866805325693e-01
2.151881281685886771e-01 5.139064441021596874e-01
2.154413765717576590e-01 6.871971390568799576e-01
2.150481362702661992e-01 8.815454611870452428e-01
2.224995501157714106e-01 1.801372745048940849e-01
2.195488231256781664e-01 3.213919454378529883e-01
2.176450848630515911e-01 5.120915234723193432e-01
2.194978340896518720e-01 6.871377887723068012e-01
2.177066216529233433e-01 8.825760389411814177e-01
2.255678702547116443e-01 1.804943946863279414e-01
2.235772356463870125e-01 3.213580516698758549e-01
2.256917866813851759e-01 5.133669265400265802e-01
2.235493446330324985e-01 6.870575996794653362e-01
2.249255933035997912e-01 8.803341041832640768e-01
2.289559832827104680e-01 1.805962857706692737e-01
2.276056483353637583e-01 3.213919454378529883e-01
2.282129121415233663e-01 5.118106701032837380e-01
2.275912871811921201e-01 6.869435167968188649e-01
2.259164658428086392e-01 8.802130643791928888e-01
2.324785223051837602e-01 1.805764053224340748e-01
2.316179694632698738e-01 3.215069866805325693e-01
2.319424343174721070e-01 5.111519158439358224e-01
2.316121916035005779e-01 6.867691252768420851e-01
2.332957126370563128e-01 8.819457420580081308e-01
2.360659432244899825e-01 1.804567463787027370e-01
2.355772924431546733e-01 3.217574905088159687e-01
2.358837733056459718e-01 5.108032753545438398e-01
2.355772926032257408e-01 6.864729621660811132e-01
2.356772325012896352e-01 8.801847631369243974e-01
2.396566942477328099e-01 1.801951130710297000e-01
2.393432550304531448e-01 3.223483523420046515e-01
2.398883877756269045e-01 5.105873474007119883e-01
2.393432550304531448e-01 6.858821003328924304e-01
2.380029483172073357e-01 8.783020122176028455e-01
2.434140734896972358e-01 1.796636015733458769e-01
2.419239131324901759e-01 3.238146327734913177e-01
2.439303300836799249e-01 5.104732645180655171e-01
2.419239131324901759e-01 6.844158199014057642e-01
2.460401228220179259e-01 8.795355439536779452e-01
2.459889537828966743e-01 1.782429803952329528e-01
2.499460055666967995e-01 3.222759022059325518e-01
2.479818408708051314e-01 5.103930754252240520e-01
2.499460055666967995e-01 6.859545504689645856e-01
2.485432349901638693e-01 8.779567665072663951e-01
2.540110462171032979e-01 1.797817109627917465e-01
2.525266638433568134e-01 3.237421826374192180e-01
2.520382982249902981e-01 5.103337251406508956e-01
2.525266638433568134e-01 6.844882700374779194e-01
2.522598965326797171e-01 8.772482171656138528e-01
2.565917044937633396e-01 1.783154305313050803e-01
2.562926260959612623e-01 3.243330444706079008e-01
2.560975610314002449e-01 5.102880658436214079e-01
2.562926260959612623e-01 6.838974082042892366e-01
2.561817492840019472e-01 8.768116152381099093e-01
2.603576667463677885e-01 1.777245686981163975e-01
2.602577270083749617e-01 3.246292075813688727e-01
2.601626015702258043e-01 5.102880658436214079e-01
2.602577270083749617e-01 6.836012450935282647e-01
2.601347556085422119e-01 8.764103548195253390e-01
2.643227678261284574e-01 1.774284055873554256e-01
2.642786315980303891e-01 3.248035991013456525e-01
2.642276424137039448e-01 5.102880658436214079e-01
2.642786315980303891e-01 6.834268535735514849e-01
2.640604681717051982e-01 8.759585724213666547e-01
2.683436720847278689e-01 1.772540140673786457e-01
2.683205739042644478e-01 3.249176819839921238e-01
2.682926828710388012e-01 5.102880658436214079e-01
2.683205738224099246e-01 6.833127706909050136e-01
2.678129005482954295e-01 8.752875213861971426e-01
2.723856146365254416e-01 1.771399311847321745e-01
2.723720847732441497e-01 3.249978710768335888e-01
2.723577236330262386e-01 5.102880658436214079e-01
2.723720847732441497e-01 6.832325815980635486e-01
2.703849758434192507e-01 8.737618906774132777e-01
2.764371254236506759e-01 1.770597420918907094e-01
2.764227641831623061e-01 3.250115620643772574e-01
2.764227641718517980e-01 5.102880658436214079e-01
2.764285421274293442e-01 6.831732313134903922e-01
2.784012901195423439e-01 8.752549619915983570e-01
2.804878048410380798e-01 1.770460511043470408e-01
2.804734436820404131e-01 3.249978710768335888e-01
2.804878048222583242e-01 5.102880658436214079e-01
2.804878048222583242e-01 6.831275720164609044e-01
2.809819482215794029e-01 8.737886815601116908e-01
2.845384844143014069e-01 1.770597420918907094e-01
2.845249546328746382e-01 3.249176819839921238e-01
2.845528456657364647e-01 5.102880658436214079e-01
2.845528456356462566e-01 6.831275720164609044e-01
2.845528455284552782e-01 8.724279835390946758e-01
2.885899950395365843e-01 1.771399311847321745e-01
2.885668967772186400e-01 3.248035991013456525e-01
2.886178861531615292e-01 5.102880658436214079e-01
2.886121081976749658e-01 6.830819127194314166e-01
2.886178861788618044e-01 8.724279835390946758e-01
2.926319375876961781e-01 1.772540140673786457e-01
2.925878014469096011e-01 3.246292075813688727e-01
2.926829268850587584e-01 5.102880658436214079e-01
2.926522755263182840e-01 6.829810259646234005e-01
2.926829268292682751e-01 8.724279835390946758e-01
2.976368057609694584e-01 9.243705167680396073e-01
2.966528421773516611e-01 1.774284055873554256e-01
2.965529021992522329e-01 3.243330444706079008e-01
2.967479676169559877e-01 5.102880658436214079e-01
3.023674617241310925e-01 6.346578737375913049e-01
2.963354946939914525e-01 6.829355552749671876e-01
2.967479674796748013e-01 8.724279835390946758e-01
2.994286905693995804e-01 9.217280192231690483e-01
3.006179428496587591e-01 1.777245686981163975e-01
3.003188646119277494e-01 3.237421826374192180e-01
3.008130080742908441e-01 5.102880658436214079e-01
3.053455148195106106e-01 6.368319148632770599e-01
3.008130081300813274e-01 6.831275720164609044e-01
3.008130081300813274e-01 8.724279835390946758e-01
3.035256939777362661e-01 9.183767536423196320e-01
3.006847652443874197e-01 9.177506593604085605e-01
3.043839054369572028e-01 1.783154305313050803e-01
3.028995228885877355e-01 3.222759022059325518e-01
3.048780488362782815e-01 5.102880658436214079e-01
3.088275927073526606e-01 6.378824585553807269e-01
3.048780487804877981e-01 6.831275720164609044e-01
3.048780487804877981e-01 8.724279835390946758e-01
3.059918409633654579e-01 9.127950862202401927e-01
3.069645635389942617e-01 1.797817109627917465e-01
3.109158371647108288e-01 3.237689735201175756e-01
3.089373114497074857e-01 5.103337251406508956e-01
3.077076051688972802e-01 6.405151495527966476e-01
3.089430894308943243e-01 6.831275720164609044e-01
3.089430894308943243e-01 8.724279835390946758e-01
3.091555543926997052e-01 9.079770441703620687e-01
3.149866559732008575e-01 1.782429803952329528e-01
3.134879124598346500e-01 3.222433428113337106e-01
3.129937689671469236e-01 5.103930754252240520e-01
3.129087576060674003e-01 6.438245008366159094e-01
3.130081300813007950e-01 6.831275720164609044e-01
3.130081300813007950e-01 8.724279835390946758e-01
3.130081300813007950e-01 9.053497942386831143e-01
3.175673140752379164e-01 1.797092608267196190e-01
3.172403448364248812e-01 3.215722917761641986e-01
3.170452795923821010e-01 5.104732645180655171e-01
3.172423308381595031e-01 6.488533772043346692e-01
3.170731707317073211e-01 6.831275720164609044e-01
3.170731707317073211e-01 8.724279835390946758e-01
3.170731707317073211e-01 8.847736625514402986e-01
3.170731707317073211e-01 8.888888888888888395e-01
3.170731707317073211e-01 8.930041152263374915e-01
3.170731707317073211e-01 8.971193415637860324e-01
3.170731707317073211e-01 9.012345679012345734e-01
3.213332765024653481e-01 1.803001226599083018e-01
3.211823474974345727e-01 3.211620458555163315e-01
3.210872220605062166e-01 5.105873474007119883e-01
3.211382113821138473e-01 6.502057613168724659e-01
3.211382113821138473e-01 6.790123456790123635e-01
3.211382113821138473e-01 8.765432098765432167e-01
3.211382113821138473e-01 8.806584362139917577e-01
3.252983775822260171e-01 1.805962857706692737e-01
3.251591159899591688e-01 3.208132627864589415e-01
3.250918365304871216e-01 5.108032753545438398e-01
3.252032520325203180e-01 6.543209876543210068e-01
3.252032520325203180e-01 6.584362139917695478e-01
3.252032520325203180e-01 6.748971193415638226e-01
3.252032520325203180e-01 8.724279835390946758e-01
3.293192818408254285e-01 1.807706772906460535e-01
3.291011184181382165e-01 3.204030168658110744e-01
3.290331752785544128e-01 5.111519158439358224e-01
3.292682926829268442e-01 6.625514403292180887e-01
3.292682926829268442e-01 6.666666666666666297e-01
3.292682926829268442e-01 6.707818930041152816e-01
3.292682926829268442e-01 8.724279835390946758e-01
3.333612243926230012e-01 1.808847601732925248e-01
3.328593289382600351e-01 3.197776252004306263e-01
3.327626977309894873e-01 5.118106701032837380e-01
3.333333333333333148e-01 6.707818930041152816e-01
3.333333333333333148e-01 8.724279835390946758e-01
3.374127351797482355e-01 1.809649492661339898e-01
3.354399874768545509e-01 3.183113445361133165e-01
3.352838230747123838e-01 5.133669265400265802e-01
3.373983739837398410e-01 6.748971193415638226e-01
3.373983739837398410e-01 8.683127572016461349e-01
3.414691924525336542e-01 1.810242995507071462e-01
3.434140495104124891e-01 3.198846050522792250e-01
3.433468150054445611e-01 5.120499869511527802e-01
3.414634146341463672e-01 6.748971193415638226e-01
3.414634146341463672e-01 8.683127572016461349e-01
3.455284554218340243e-01 1.810699588477366340e-01
3.459716095902381494e-01 3.185324076780620128e-01
3.458275336969068303e-01 5.138124302314659442e-01
3.455284552845528379e-01 6.748971193415638226e-01
3.455284552845528379e-01 8.683127572016461349e-01
3.495877180351723013e-01 1.810242995507071462e-01
3.496934356729521909e-01 3.181159372193309576e-01
3.492781273228953154e-01 5.150356905936328555e-01
3.495934959349593640e-01 6.790123456790123635e-01
3.515335579716971637e-01 8.676201781131510637e-01
3.536441754712119634e-01 1.809649492661339898e-01
3.535585968473730079e-01 3.181159372193309576e-01
3.517350841046696930e-01 5.168506111652655388e-01
3.593495605945041804e-01 5.793541814123928102e-01
3.536585365853658347e-01 6.790123456790123635e-01
3.546332348104020982e-01 8.657229151217450402e-01
3.570210879168859153e-01 9.433442614996545572e-01
3.553183600505268602e-01 9.449922003655851777e-01
3.545747872175103454e-01 9.477078669192844362e-01
3.542807728716558247e-01 9.498583800427676804e-01
3.540432630596602737e-01 9.509637706564286752e-01
3.576956861764826745e-01 1.808847601732925248e-01
3.572804228427755580e-01 3.185324076780620128e-01
3.598102371291658774e-01 5.156248566711804093e-01
3.620897669428429499e-01 5.775657620821378346e-01
3.572979677668242648e-01 6.778925741723750287e-01
3.579951346876966700e-01 8.651292732906711302e-01
3.598420729943952456e-01 9.356804531860000163e-01
3.567196570187277094e-01 9.361697039509444540e-01
3.617213383721371578e-01 1.807291408276871514e-01
3.598216930139295222e-01 3.199261415734457881e-01
3.622919740472405614e-01 5.173367322206979813e-01
3.657357357177368762e-01 5.765046034991088142e-01
3.618959043768534833e-01 6.786298574347991996e-01
3.619237953852114664e-01 8.647652177828547559e-01
3.646446193769059541e-01 9.258661004331407707e-01
3.624152432629323961e-01 9.270121202269500094e-01
3.601531123011789681e-01 9.281075821270583504e-01
3.657184811103123545e-01 1.805022719290793609e-01
3.674426421142614752e-01 3.183250356764520950e-01
3.658536585365853577e-01 5.185185185185184897e-01
3.650310331225826710e-01 5.736422249807788809e-01
3.658699487708562126e-01 6.789708092124154826e-01
3.658536585365853577e-01 8.641975308641974829e-01
3.671875400553888946e-01 9.203019194073071008e-01
3.696634319347776310e-01 1.801797528842218887e-01
3.696079683867264376e-01 3.197528046389098710e-01
3.699186991869918839e-01 5.185185185185184897e-01
3.711725987230874435e-01 5.709176960778747922e-01
3.698514647184037440e-01 6.793008200816356146e-01
3.699186991869918839e-01 8.641975308641974829e-01
3.714962072407342331e-01 9.154204618570934704e-01
3.733936235279306515e-01 1.795513925699271929e-01
3.728813434339590116e-01 3.203319010158057756e-01
3.739837398373983546e-01 5.185185185185184897e-01
3.764378337276629849e-01 5.689287253951561540e-01
3.738030358712184920e-01 6.796771722779620939e-01
3.739837398373983546e-01 8.641975308641974829e-01
3.766545476013324900e-01 9.120308647934469715e-01
3.759053187649242789e-01 1.780319655172281634e-01
3.762388499425269872e-01 3.206883727930008865e-01
3.780487804878048808e-01 5.185185185185184897e-01
3.756273625157319218e-01 5.656656771495846003e-01
3.775604148366965562e-01 6.803273844466556364e-01
3.780487804878048808e-01 8.641975308641974829e-01
3.765647092340059787e-01 9.082376278774935141e-01
3.839424931533195751e-01 1.792654972533032354e-01
3.794707556111299174e-01 3.209845358703379281e-01
3.821138211382114069e-01 5.226337448559670307e-01
3.808039476019822733e-01 5.624011686984871083e-01
3.801190052503281014e-01 6.818808606526826077e-01
3.821138211382114069e-01 8.641975308641974829e-01
3.835982036865808742e-01 9.068160745537544587e-01
3.862596260968404471e-01 1.773233960275806542e-01
3.823359654724173828e-01 3.213933175379398710e-01
3.861788617886178776e-01 5.226337448559670307e-01
3.853795178091660723e-01 5.573979431663643735e-01
3.861788617886178776e-01 6.831275720164609044e-01
3.861788617886178776e-01 8.641975308641974829e-01
3.830244882937096640e-01 9.034423843714113334e-01
3.886276158595048935e-01 1.754822279336199220e-01
3.837357811720633061e-01 3.223489249889727182e-01
3.902439024390244038e-01 5.226337448559670307e-01
3.902439024390244038e-01 5.555555555555555802e-01
3.902439024390244038e-01 6.831275720164609044e-01
3.977628323340379746e-01 7.196817272706839130e-01
3.902439024390244038e-01 8.641975308641974829e-01
3.902439024390244038e-01 9.012345679012345734e-01
3.960857429982700406e-01 1.771008229044116478e-01
3.858051810156160055e-01 3.210210698338631929e-01
3.943089430894308745e-01 5.267489711934156826e-01
3.943089430894308745e-01 5.308641975308642236e-01
3.943089430894308745e-01 5.349794238683127645e-01
3.943089430894308745e-01 5.390946502057613055e-01
3.943089430894308745e-01 5.432098765432098464e-01
3.943089430894308745e-01 5.473251028806583873e-01
3.943089430894308745e-01 5.514403292181070393e-01
3.943089430894308745e-01 6.831275720164609044e-01
4.000333778302722632e-01 7.205777257905340294e-01
3.943089430894308745e-01 8.641975308641974829e-01
3.943089430894308745e-01 8.971193415637860324e-01
3.971207513799512312e-01 1.768053915512598495e-01
3.983739837398374006e-01 5.267489711934156826e-01
3.983739837398374006e-01 6.831275720164609044e-01
4.011265611601614878e-01 7.186008187992031226e-01
3.983739837398374006e-01 8.641975308641974829e-01
3.983739837398374006e-01 8.930041152263374915e-01
4.040553109697634371e-01 1.743129526740208324e-01
4.024390243902439268e-01 5.267489711934156826e-01
4.024390243902439268e-01 6.831275720164609044e-01
4.022582004726268368e-01 7.161744967152828822e-01
4.024390243902439268e-01 8.641975308641974829e-01
4.024390243902439268e-01 8.683127572016461349e-01
4.024390243902439268e-01 8.724279835390946758e-01
4.024390243902439268e-01 8.765432098765432167e-01
4.024390243902439268e-01 8.806584362139917577e-01
4.024390243902439268e-01 8.847736625514402986e-01
4.024390243902439268e-01 8.888888888888888395e-01
4.064233008852229379e-01 1.748120188722655233e-01
4.065040650406503975e-01 5.267489711934156826e-01
4.065040650406503975e-01 6.831275720164609044e-01
4.065040650406503975e-01 7.160493827160493430e-01
4.065040650406503975e-01 8.641975308641974829e-01
4.087404336759487555e-01 1.737028588550433572e-01
4.105691056910569237e-01 5.267489711934156826e-01
4.105691056910569237e-01 6.831275720164609044e-01
4.105691056910569237e-01 7.160493827160493430e-01
4.105691056910569237e-01 8.641975308641974829e-01
4.165396598031426145e-01 1.754236695051974992e-01
4.146341463414633943e-01 5.267489711934156826e-01
4.146341463414633943e-01 6.872427983539094454e-01
4.146341463414633943e-01 7.119341563786008020e-01
4.146341463414633943e-01 8.641975308641974829e-01
4.194399692332069218e-01 1.743340747126228552e-01
4.232588007561559618e-01 3.711919577834445483e-01
4.186991869918699205e-01 5.267489711934156826e-01
4.186991869918699205e-01 6.913580246913579863e-01
4.186991869918699205e-01 7.078189300411522611e-01
4.186991869918699205e-01 8.641975308641974829e-01
4.235576643590527879e-01 1.741286453253440003e-01
4.249483001516844438e-01 3.692402360374452686e-01
4.226406332931426646e-01 3.688568670030514807e-01
4.227642276422764467e-01 5.267489711934156826e-01
4.227642276422764467e-01 6.954732510288066383e-01
4.227642276422764467e-01 6.995884773662551792e-01
4.227642276422764467e-01 7.037037037037037202e-01
4.227642276422764467e-01 8.641975308641974829e-01
4.275258774968522801e-01 1.741531875378302674e-01
4.283547453332419708e-01 3.555578779134087042e-01
4.272773638758070036e-01 3.565743058007747046e-01
4.266979909397621840e-01 3.589317263786703793e-01
4.258361798228423312e-01 3.616550956685536944e-01
4.244432454678888633e-01 3.629257522088402688e-01
4.268292682926829174e-01 5.267489711934156826e-01
4.268292682926829174e-01 6.995884773662551792e-01
4.268292682926829174e-01 8.641975308641974829e-01
4.314989431163038791e-01 1.744455115332118611e-01
4.279605068599547923e-01 3.528314709985329589e-01
4.308943089430894435e-01 5.267489711934156826e-01
4.308943089430894435e-01 6.995884773662551792e-01
4.308943089430894435e-01 8.641975308641974829e-01
4.349593495934959142e-01 1.728395061728394966e-01
4.349593495934959142e-01 5.267489711934156826e-01
4.349593495934959142e-01 6.995884773662551792e-01
4.349593495934959142e-01 8.641975308641974829e-01
4.390243902439024404e-01 1.728395061728394966e-01
4.390243902439024404e-01 5.267489711934156826e-01
4.390243902439024404e-01 6.995884773662551792e-01
4.390243902439024404e-01 8.641975308641974829e-01
4.430894308943089666e-01 1.728395061728394966e-01
4.430894308943089666e-01 5.267489711934156826e-01
4.430894308943089666e-01 6.995884773662551792e-01
4.430894308385184832e-01 8.641975308641974829e-01
4.471544715447154372e-01 1.769547325102880653e-01
4.471544715447154372e-01 1.893004115226337436e-01
4.556689820123639434e-01 3.356130647783477916e-01
4.471544715447154372e-01 5.267489711934156826e-01
4.471544715447154372e-01 6.995884773662551792e-01
4.471486938077279261e-01 8.642431901612269707e-01
4.512195121951219634e-01 1.810699588477366340e-01
4.512195121951219634e-01 1.851851851851851749e-01
4.512195121951219634e-01 4.855967078189300512e-01
4.512195121951219634e-01 4.897119341563785921e-01
4.512195121951219634e-01 4.938271604938271331e-01
4.512195121951219634e-01 4.979423868312757295e-01
4.512195121951219634e-01 5.020576131687243260e-01
4.512195121951219634e-01 5.061728395061728669e-01
4.512195121951219634e-01 5.102880658436214079e-01
4.512195121951219634e-01 5.144032921810699488e-01
4.512195121951219634e-01 5.185185185185184897e-01
4.512195121951219634e-01 5.267489711934156826e-01
4.512195121951219634e-01 6.995884773662551792e-01
4.512195121951219634e-01 8.641975308641974829e-01
4.552845528455284341e-01 1.810699588477366340e-01
4.552845528455284341e-01 4.773662551440329138e-01
4.552845528455284341e-01 4.814814814814814548e-01
4.552845528455284341e-01 5.226337448559670307e-01
4.552845528455284341e-01 5.267489711934156826e-01
4.552845528455284341e-01 6.995884773662551792e-01
4.552845528455284341e-01 8.641975308641974829e-01
4.593495934959349603e-01 1.810699588477366340e-01
4.593495934959349603e-01 3.292181069958847739e-01
4.593495934959349603e-01 4.650205761316872355e-01
4.593495934959349603e-01 4.691358024691357764e-01
4.593495934959349603e-01 4.732510288065843729e-01
4.593495934959349603e-01 5.267489711934156826e-01
4.593495934959349603e-01 6.995884773662551792e-01
4.593495934959349603e-01 8.641975308641974829e-01
4.634146341463414864e-01 1.810699588477366340e-01
4.634146341463414864e-01 3.292181069958847739e-01
4.634146341463414864e-01 4.609053497942386945e-01
4.634146341463414864e-01 5.267489711934156826e-01
4.634146341463414864e-01 6.995884773662551792e-01
4.634146341463414864e-01 8.641975308641974829e-01
4.674796747967479571e-01 1.769547325102880653e-01
4.674796747967479571e-01 1.810699588477366340e-01
4.674796747967479571e-01 3.292181069958847739e-01
4.674796747967479571e-01 4.526748971193415572e-01
4.674796747967479571e-01 4.567901234567900981e-01
4.674796747967479571e-01 5.267489711934156826e-01
4.674796747967479571e-01 6.954732510288066383e-01
4.674796747967479571e-01 6.995884773662551792e-01
4.674796747967479571e-01 7.037037037037037202e-01
4.674796747967479571e-01 8.641975308641974829e-01
4.750702608020870299e-01 2.849988434693695449e-02
4.736003464663295359e-01 3.023612155692092379e-02
4.728075027109949202e-01 3.374547005627197283e-02
4.724013269755883426e-01 3.760154057871895050e-02
4.721931513508675904e-01 4.155543835945293279e-02
4.722789758693320961e-01 4.519460570964116408e-02
4.725606435553996176e-01 4.902878398884857880e-02
4.736823941225080103e-01 5.176198074005835398e-02
4.738856531789420456e-01 6.753096509717190776e-02
4.728804343489824147e-01 7.025127021936937444e-02
4.728000119671119661e-01 7.400988959960630442e-02
4.732549133354692072e-01 7.774123503817456649e-02
4.746957401389150233e-01 8.034390599922940079e-02
4.715447154471544833e-01 1.728395061728394966e-01
4.715447154471544833e-01 1.851851851851851749e-01
4.715447154471544833e-01 3.292181069958847739e-01
4.715447154471544833e-01 4.444444444444444198e-01
4.715447154471544833e-01 4.485596707818930162e-01
4.715447154471544833e-01 4.609053497942386945e-01
4.715447154471544833e-01 5.267489711934156826e-01
4.715447154471544833e-01 6.872427983539094454e-01
4.715447154471544833e-01 6.913580246913579863e-01
4.715447154471544833e-01 7.078189300411522611e-01
4.715447154471544833e-01 7.119341563786008020e-01
4.715447154471544833e-01 7.160493827160493430e-01
4.715447154471544833e-01 7.201646090534979949e-01
4.715447154471544833e-01 7.242798353909465359e-01
4.715447154471544833e-01 7.283950617283950768e-01
4.715447154471544833e-01 7.325102880658436177e-01
4.744648859945951314e-01 7.342327662653561626e-01
4.715447154471544833e-01 8.641975308641974829e-01
4.759526340285225032e-01 2.293750217065613703e-02
4.715745928924439667e-01 5.907525308190657298e-02
4.716529422666786431e-01 6.030658074298206328e-02
4.732365056633858202e-01 8.827240083705817364e-02
4.748396790464317618e-01 9.090447807557586191e-02
4.756543421981183073e-01 9.464470056123795716e-02
4.764823877130544005e-01 9.838224804017370317e-02
4.781193239841519116e-01 1.010069315960830105e-01
4.756097560975609539e-01 1.687242798353909556e-01
4.756097560975609539e-01 1.893004115226337436e-01
4.756097560975609539e-01 1.934156378600823123e-01
4.756097560975609539e-01 1.975308641975308532e-01
4.756097560975609539e-01 2.016460905349794219e-01
4.756097560975609539e-01 2.057613168724279906e-01
4.758422129898240982e-01 2.746890934122871997e-01
4.760168979637233733e-01 2.761429202064503707e-01
4.763543000671921490e-01 2.786068350178239617e-01
4.768524148030115484e-01 2.814219352739399382e-01
4.776809339173047064e-01 2.841272703461768523e-01
4.793247750721780776e-01 2.855190952421537975e-01
4.756097560975609539e-01 3.292181069958847739e-01
4.778825075127093314e-01 3.475645437075875477e-01
4.756097560975609539e-01 3.539094650205761305e-01
4.756097560975609539e-01 3.580246913580246715e-01
4.761466643185263692e-01 3.554928132980571531e-01
4.756543421981183073e-01 3.839830940631467349e-01
4.756097560975609539e-01 3.858932295704927129e-01
4.757891042035913287e-01 3.894463552367095627e-01
4.763630875031372724e-01 3.936292482128006531e-01
4.765799898532128154e-01 3.974441947317739476e-01
4.771735957119522809e-01 4.014995346993683323e-01
4.775130502175448655e-01 4.050098386192655942e-01
4.756097560975609539e-01 4.074074074074073848e-01
4.756097560975609539e-01 4.115226337448559812e-01
4.756097560975609539e-01 4.156378600823045222e-01
4.756097560975609539e-01 4.197530864197530631e-01
4.756097560975609539e-01 4.362139917695473379e-01
4.756097560975609539e-01 4.403292181069958788e-01
4.756097560975609539e-01 4.609053497942386945e-01
4.756097560975609539e-01 5.226337448559670307e-01
4.756097560975609539e-01 5.267489711934156826e-01
4.756097560975609539e-01 5.308641975308642236e-01
4.756097560975609539e-01 5.349794238683127645e-01
4.756097560975609539e-01 5.390946502057613055e-01
4.756097560975609539e-01 5.432098765432098464e-01
4.756097560975609539e-01 5.473251028806583873e-01
4.756097560975609539e-01 5.514403292181070393e-01
4.781901100877581356e-01 6.644316342733072034e-01
4.765607485541982768e-01 6.670536979897102592e-01
4.756097560975609539e-01 6.707818930041152816e-01
4.756097560975609539e-01 6.748971193415638226e-01
4.756097560975609539e-01 6.790123456790123635e-01
4.756097560975609539e-01 6.831275720164609044e-01
4.733631392236707924e-01 7.425340272710416745e-01
4.751866790693162201e-01 7.450703213733564922e-01
4.763547400006933330e-01 7.482077218280768216e-01
4.782727721840052126e-01 7.506445247915654040e-01
4.756097560975609539e-01 8.641975308641974829e-01
4.803094470985158071e-01 1.606541071202099991e-02
4.773584466306416974e-01 1.605769800136743614e-02
4.767136487057356820e-01 1.089914380361943075e-01
4.782467826148419365e-01 1.116233537193491165e-01
4.788805618877446935e-01 1.154282869199346473e-01
4.792117094616329953e-01 1.194323253545801350e-01
4.793823655049706534e-01 1.235054081922880576e-01
4.794938931731664300e-01 1.275986009473824290e-01
4.795722422199830137e-01 1.317009282816356541e-01
4.795856245468527734e-01 1.358024692456080151e-01
4.795315002988715380e-01 1.398884433442262043e-01
4.794869259489857316e-01 1.436225148440058996e-01
4.792676548818050608e-01 1.476480303703013863e-01
4.786945132650359258e-01 1.522791547225325337e-01
4.796747967479674801e-01 1.563786008230452773e-01
4.796747967479674801e-01 1.604938271604938183e-01
4.796747967479674801e-01 1.646090534979423869e-01
4.765787389473913893e-01 2.111470874594409408e-01
4.783321106219588503e-01 2.135751744659920293e-01
4.788805618877446935e-01 2.164480256275063130e-01
4.792117094616329953e-01 2.197188688183410177e-01
4.793823655049706534e-01 2.228143577053836311e-01
4.794938931731664300e-01 2.254411596709042231e-01
4.795276561194256604e-01 2.269717972944088058e-01
4.809915235377772436e-01 2.915158426583602802e-01
4.796747967479674801e-01 3.292181069958847739e-01
4.796747967479674801e-01 3.415637860082304522e-01
4.796747967479674801e-01 3.456790123456789932e-01
4.796747967479674801e-01 4.238683127572016596e-01
4.796747967479674801e-01 4.279835390946502005e-01
4.796747967479674801e-01 4.320987654320987414e-01
4.796747967479674801e-01 4.650205761316872355e-01
4.796747967479674801e-01 4.691358024691357764e-01
4.796747967479674801e-01 4.732510288065843729e-01
4.796747967479674801e-01 4.773662551440329138e-01
4.796747967479674801e-01 4.814814814814814548e-01
4.796747967479674801e-01 4.855967078189300512e-01
4.796747967479674801e-01 4.897119341563785921e-01
4.796747967479674801e-01 4.938271604938271331e-01
4.796747967479674801e-01 4.979423868312757295e-01
4.796747967479674801e-01 5.020576131687243260e-01
4.796747967479674801e-01 5.061728395061728669e-01
4.796747967479674801e-01 5.102880658436214079e-01
4.796747967479674801e-01 5.144032921810699488e-01
4.796747967479674801e-01 5.185185185185184897e-01
4.796747967479674801e-01 5.555555555555555802e-01
4.796747967479674801e-01 5.596707818930041212e-01
4.790238583804963812e-01 5.639587057910815382e-01
4.793926130218821302e-01 5.679654117009277359e-01
4.796747967479674801e-01 5.720164609053497440e-01
4.796747967479674801e-01 5.761316872427983959e-01
4.796747967479674801e-01 5.802469135802469369e-01
4.796747967479674801e-01 5.843621399176954778e-01
4.796747967479674801e-01 5.884773662551440188e-01
4.796747967479674801e-01 6.090534979423868345e-01
4.796747967479674801e-01 6.131687242798353754e-01
4.796747967479674801e-01 6.172839506172839164e-01
4.796747967479674801e-01 6.213991769547324573e-01
4.796747967479674801e-01 6.255144032921811093e-01
4.796747967479674801e-01 6.296296296296296502e-01
4.796747967479674801e-01 6.337448559670781911e-01
4.796747967479674801e-01 6.378600823045267321e-01
4.793823655049706534e-01 6.419266905731439987e-01
4.792117094616329953e-01 6.459997733308163737e-01
4.789213038743397877e-01 6.500193782329440895e-01
4.782983359759597763e-01 6.538314751958773652e-01
4.767805025326012358e-01 6.564755725201004699e-01
4.775373536972253308e-01 7.589947822122401488e-01
4.797637335354735799e-01 7.612596979894310500e-01
4.819995504217146620e-01 7.635024132919899786e-01
4.796747967479674801e-01 8.683127572016461349e-01
4.834406165518737586e-01 9.396151764080725929e-03
4.808720537457554789e-01 9.119624230069772047e-03
4.832657818678706141e-01 2.979662143668435625e-01
4.837398373983740063e-01 3.292181069958847739e-01
4.837398373983740063e-01 3.333333333333333148e-01
4.837398373983740063e-01 3.374485596707819113e-01
4.837398373983740063e-01 5.925925925925925597e-01
4.837398373983740063e-01 5.967078189300411006e-01
4.837398373983740063e-01 6.008230452674897526e-01
4.837398373983740063e-01 6.049382716049382935e-01
4.814081165004461260e-01 7.718608330565394082e-01
4.834917516618441047e-01 7.737929342433651492e-01
4.856291949745207281e-01 7.761150243717970243e-01
4.837398373983740063e-01 8.683127572016461349e-01
4.829557757006912588e-01 7.066398393362760544e-03
4.878048780487804770e-01 3.004115226337448763e-01
4.878048780487804770e-01 3.168724279835390956e-01
4.878048780487804770e-01 3.209876543209876365e-01
4.878048780487804770e-01 3.251028806584362330e-01
4.878048780487804770e-01 6.049382716049382935e-01
4.846787746177940726e-01 7.844256608854258683e-01
4.863064013302280664e-01 7.869580851241643193e-01
4.868922361169896185e-01 7.903830482894669274e-01
4.872494954729407191e-01 7.943677414298357942e-01
4.874717048773962169e-01 7.984180939394883714e-01
4.876239744739794268e-01 8.024957202089106900e-01
4.877023235207960106e-01 8.065980477050539443e-01
4.877602919482231236e-01 8.107050936365178817e-01
4.878048780487804770e-01 8.148148148706052529e-01
4.878048780487804770e-01 8.189300410964729382e-01
4.878048780487804770e-01 8.230452674897119625e-01
4.878048780487804770e-01 8.271604938271605034e-01
4.878048780487804770e-01 8.312757201646090444e-01
4.878048780487804770e-01 8.353909465020575853e-01
4.878048780487804770e-01 8.395061728395061262e-01
4.878048780487804770e-01 8.436213991769547782e-01
4.878048780487804770e-01 8.477366255144033191e-01
4.878048780487804770e-01 8.518518518518518601e-01
4.878048780487804770e-01 8.559670781893004010e-01
4.878048780487804770e-01 8.600823045267489420e-01
4.878048780487804770e-01 8.641975308641974829e-01
4.878048780487804770e-01 8.683127572016461349e-01
4.878048780487804770e-01 8.724279835390946758e-01
4.878048780487804770e-01 8.765432098765432167e-01
4.878048780487804770e-01 8.806584362139917577e-01
4.878048780487804770e-01 8.847736625514402986e-01
4.878048780487804770e-01 8.888888888888888395e-01
4.878048780487804770e-01 8.930041152263374915e-01
4.878048780487804770e-01 8.971193415637860324e-01
4.878182603692837738e-01 9.004986975133637550e-01
4.880780768694310545e-01 9.052849130185142146e-01
4.882564582917328089e-01 9.093431942555942893e-01
4.885160511007486939e-01 9.133591024182811102e-01
4.889269136005967020e-01 9.172770695994635348e-01
4.896677781475662350e-01 9.209046425147426884e-01
4.911996447594790816e-01 9.227893076302414732e-01
4.918699186991870032e-01 3.045267489711934172e-01
4.918699186991870032e-01 3.086419753086419582e-01
4.918699186991870032e-01 3.127572016460905546e-01
4.918699186991870032e-01 4.156378600823045222e-01
4.918699186991870032e-01 6.049382716049382935e-01
4.918699186991870032e-01 8.600823045267489420e-01
4.919996504640875012e-01 9.299873217785439294e-01
4.959349593495934738e-01 4.156378600823045222e-01
4.959349593495934738e-01 6.049382716049382935e-01
4.959349593495934738e-01 8.600823045267489420e-01
4.926357682211309208e-01 9.369208864961585670e-01
4.943644906975313558e-01 9.391290440632282799e-01
4.952760110259040727e-01 9.427144730312955190e-01
4.959772791567010342e-01 9.465368191664206288e-01
4.968190980957805647e-01 9.502651644766439976e-01
4.984637599786728157e-01 9.528750464355634220e-01
5.000000000000000000e-01 4.156378600823045222e-01
5.000000000000000000e-01 6.049382716049382935e-01
5.000000000000000000e-01 8.600823045267489420e-01
4.971910335589200258e-01 9.611539038946399494e-01
4.986235392279922962e-01 9.634524754214065512e-01
4.992910932051017880e-01 9.672590669000439290e-01
4.995948811410926282e-01 9.709093993890900443e-01
4.997859177965437993e-01 9.745587944728609786e-01
4.999306240861187689e-01 9.781540557334904573e-01
5.000681015226291493e-01 9.816497165849623618e-01
5.002458194794598967e-01 9.849700900714521978e-01
5.005822260282002389e-01 9.879102750984116721e-01
5.014662803150713444e-01 9.893982758431277835e-01
5.040650406504064707e-01 4.156378600823045222e-01
5.040650406504064707e-01 6.049382716049382935e-01
5.040650406504064707e-01 8.559670781893004010e-01
5.001265035593897013e-01 9.914980763569474220e-01
5.081300813008130524e-01 4.197530864197530631e-01
5.081300813008130524e-01 6.049382716049382935e-01
5.081300813008130524e-01 8.559670781893004010e-01
5.121951219512195230e-01 4.197530864197530631e-01
5.121951219512195230e-01 6.049382716049382935e-01
5.121951219512195230e-01 8.559670781893004010e-01
5.162601626016259937e-01 4.197530864197530631e-01
5.162601626016259937e-01 6.049382716049382935e-01
5.162601626016259937e-01 8.559670781893004010e-01
5.203252032520325754e-01 4.197530864197530631e-01
5.203252032520325754e-01 6.090534979423868345e-01
5.203252032520325754e-01 8.518518518518518601e-01
5.243902439024390461e-01 4.238683127572016596e-01
5.288727767538370372e-01 4.618353274808487674e-01
5.290274224016906501e-01 4.628185577347583290e-01
5.243902439024390461e-01 6.090534979423868345e-01
5.243902439024390461e-01 8.477366255144033191e-01
5.243902439024390461e-01 8.518518518518518601e-01
5.284552845528455167e-01 4.238683127572016596e-01
5.284552845528455167e-01 4.362139917695473379e-01
5.284552845528455167e-01 4.403292181069958788e-01
5.284552845528455167e-01 4.444444444444444198e-01
5.284552845528455167e-01 4.485596707818930162e-01
5.284552845528455167e-01 4.526748971193415572e-01
5.284552845528455167e-01 4.567901234567900981e-01
5.275332480792062073e-01 4.700270256697326454e-01
5.295357294503705292e-01 4.721909903508224038e-01
5.314751820528985649e-01 4.736899882689148966e-01
5.284552845528455167e-01 6.090534979423868345e-01
5.284552845528455167e-01 8.271604938271605034e-01
5.284552845528455167e-01 8.312757201646090444e-01
5.284552845528455167e-01 8.353909465020575853e-01
5.284552845528455167e-01 8.395061728395061262e-01
5.284552845528455167e-01 8.436213991769547782e-01
5.284552845528455167e-01 8.518518518518518601e-01
5.325203252032519874e-01 4.238683127572016596e-01
5.325203252032519874e-01 4.279835390946502005e-01
5.325203252032519874e-01 4.320987654320987414e-01
5.328844677606252578e-01 4.798225723422580580e-01
5.325203252032519874e-01 6.090534979423868345e-01
5.325203252032519874e-01 6.131687242798353754e-01
5.325203252032519874e-01 6.172839506172839164e-01
5.325203252032519874e-01 8.230452674897119625e-01
5.325203252032519874e-01 8.559670781893004010e-01
5.445110345849903943e-01 2.590056370137500674e-01
5.365853658536585691e-01 4.156378600823045222e-01
5.365853658536585691e-01 4.197530864197530631e-01
5.351293527878957512e-01 4.874350101751210307e-01
5.383486356245490434e-01 4.874482175015265595e-01
5.365853658536585691e-01 6.008230452674897526e-01
5.365853658536585691e-01 6.049382716049382935e-01
5.365853658536585691e-01 6.213991769547324573e-01
5.366682192784870686e-01 8.209008873582132049e-01
5.365853658536585691e-01 8.600823045267489420e-01
5.456077420395019084e-01 2.588905957419666559e-01
5.406504065040650397e-01 4.115226337448559812e-01
5.399363688202726275e-01 4.952056070783945607e-01
5.432285346333088905e-01 4.948736505425792020e-01
5.406504065040650397e-01 5.967078189300411006e-01
5.406504065040650397e-01 6.255144032921811093e-01
5.402056388566421896e-01 8.159691638839258188e-01
5.406504065040650397e-01 8.600823045267489420e-01
5.481199820419939694e-01 2.586746218040826828e-01
5.447154471544715104e-01 4.115226337448559812e-01
5.466358291810544667e-01 4.998465621069748677e-01
5.447154471544715104e-01 5.925925925925925597e-01
5.447154471544715104e-01 6.296296296296296502e-01
5.436685595555397210e-01 8.117262212072839933e-01
5.447154471544715104e-01 8.600823045267489420e-01
5.509256706118765834e-01 2.582435020487065525e-01
5.487804878048780921e-01 4.074074074074073848e-01
5.523575422831061843e-01 5.044863867346358610e-01
5.487804878048780921e-01 5.925925925925925597e-01
5.487804878048780921e-01 6.296296296296296502e-01
5.472479445871147874e-01 8.070561054584027838e-01
5.487804878048780921e-01 8.600823045267489420e-01
5.528086865784215265e-01 2.570109636764283390e-01
5.528455284552845628e-01 3.991769547325103029e-01
5.528455284552845628e-01 4.032921810699588439e-01
5.572667658457729489e-01 5.066655651520585169e-01
5.528455284552845628e-01 5.925925925925925597e-01
5.528455284552845628e-01 6.337448559670781911e-01
5.524046581017981739e-01 8.027888312437591045e-01
5.498353676999184758e-01 8.019942638513137823e-01
5.528455284552845628e-01 8.600823045267489420e-01
5.598640099879566012e-01 2.587175551263439233e-01
5.569105691056910334e-01 3.827160493827160281e-01
5.569105691056910334e-01 3.868312757201646246e-01
5.569105691056910334e-01 3.909465020576131655e-01
5.569105691056910334e-01 3.950617283950617065e-01
5.569105691056910334e-01 4.032921810699588439e-01
5.583203407250556527e-01 5.082492426357810844e-01
5.569105691056910334e-01 5.925925925925925597e-01
5.569105691056910334e-01 6.337448559670781911e-01
5.521688175168100177e-01 8.005230634592075400e-01
5.569105691056910334e-01 8.600823045267489420e-01
5.616107899709832374e-01 2.580123017934906060e-01
5.609756097560976151e-01 3.786008230452674872e-01
5.609756097560976151e-01 4.074074074074073848e-01
5.621260242201615576e-01 5.097667575668191065e-01
5.609756097560976151e-01 5.925925925925925597e-01
5.609756097560976151e-01 6.296296296296296502e-01
5.609756097560976151e-01 6.337448559670781911e-01
5.588917103028152589e-01 8.630146190549012886e-01
5.633765815073866756e-01 2.590681098328727061e-01
5.638314573807884367e-01 3.796405058082024664e-01
5.650406504065040858e-01 4.074074074074073848e-01
5.658498150660898895e-01 5.112247752462161232e-01
5.650406504065040858e-01 5.925925925925925597e-01
5.650406504065040858e-01 6.049382716049382935e-01
5.650406504065040858e-01 6.090534979423868345e-01
5.650406504065040858e-01 6.131687242798353754e-01
5.650406504065040858e-01 6.172839506172839164e-01
5.650406504065040858e-01 6.213991769547324573e-01
5.650406504065040858e-01 6.255144032921811093e-01
5.632816494690496834e-01 6.293452719510091997e-01
5.669403410066161664e-01 8.618026891131137512e-01
5.707940264970321476e-01 2.576757903917933912e-01
5.668270876763645827e-01 3.727265878459783410e-01
5.691056910569105565e-01 4.074074074074073848e-01
5.687984808888078003e-01 5.125128965213542331e-01
5.691056910569105565e-01 5.843621399176954778e-01
5.691056910569105565e-01 5.884773662551440188e-01
5.691056910569105565e-01 5.925925925925925597e-01
5.691056910569105565e-01 5.967078189300411006e-01
5.691056910569105565e-01 6.008230452674897526e-01
5.621234306732449948e-01 6.307500845104946352e-01
5.693884792404506623e-01 8.636482053775523804e-01
5.731197425094006759e-01 2.595585407872459949e-01
5.710995538875732747e-01 3.684265318043039583e-01
5.694267760746453133e-01 3.674345732697212874e-01
5.731707317073170271e-01 4.074074074074073848e-01
5.708529478188876238e-01 5.146260220411812414e-01
5.731707317073170271e-01 5.761316872427983959e-01
5.731707317073170271e-01 5.802469135802469369e-01
5.731707317073170271e-01 6.008230452674897526e-01
5.731707317073170271e-01 6.337448559670781911e-01
5.728316013310842392e-01 8.648824066262875698e-01
5.754244206141968521e-01 2.615016001983787031e-01
5.772357723577236088e-01 4.074074074074073848e-01
5.784519641561721714e-01 5.154058226320026304e-01
5.772357723577236088e-01 5.679012345679012030e-01
5.772357723577236088e-01 5.720164609053497440e-01
5.772357723577236088e-01 6.008230452674897526e-01
5.752758799022351655e-01 8.667127423327599667e-01
5.834807148222183049e-01 2.602685995490018334e-01
5.813008130081300795e-01 4.074074074074073848e-01
5.779106137361680329e-01 5.185426335950447108e-01
5.813008130081300795e-01 5.637860082304526621e-01
5.813008130081300795e-01 5.967078189300411006e-01
5.813008130081300795e-01 8.683127572016461349e-01
5.859797320814189581e-01 2.618034420857865419e-01
5.853658536585365502e-01 4.074074074074073848e-01
5.828498219276164738e-01 5.223710530920436801e-01
5.866377693970074025e-01 5.357087438570626858e-01
5.857830955725015221e-01 5.386322010500134150e-01
5.855499034301695493e-01 5.424480561905735687e-01
5.850392592916117129e-01 5.460746641392500988e-01
5.845725570476000277e-01 5.502931774098526185e-01
5.835936809094940392e-01 5.541389174112636429e-01
5.853658536585365502e-01 5.596707818930041212e-01
5.853658536585365502e-01 5.967078189300411006e-01
5.853658536585365502e-01 8.683127572016461349e-01
5.897024515862444582e-01 2.624427431702341940e-01
5.894308943089431319e-01 4.032921810699588439e-01
5.856088591527527365e-01 5.252731840457736112e-01
5.857744352680033240e-01 5.267039917254858761e-01
5.850786586080080065e-01 5.287694304744586793e-01
5.894308943089431319e-01 5.967078189300411006e-01
5.894308943089431319e-01 8.683127572016461349e-01
5.936311123856226057e-01 2.628067986780505683e-01
5.939843004940426052e-01 4.046985383443496009e-01
5.823414341917609871e-01 5.252404365240147532e-01
5.934959349593496025e-01 5.967078189300411006e-01
5.934959349593496025e-01 8.683127572016461349e-01
5.976282551237978025e-01 2.630336675766583587e-01
5.977416797360070033e-01 4.041670268466657778e-01
5.975609756097560732e-01 5.967078189300411006e-01
5.975609756097560732e-01 8.683127572016461349e-01
6.016539072375978181e-01 2.631892869222637321e-01
6.016932506341633458e-01 4.039510527923664829e-01
6.016260162601626549e-01 5.967078189300411006e-01
6.016260162601626549e-01 8.724279835390946758e-01
6.056996402504462029e-01 2.632238167253516670e-01
6.056910570365398039e-01 4.038907441259323439e-01
6.056910569105691255e-01 5.967078189300411006e-01
6.056910569105691255e-01 8.724279835390946758e-01
6.097475143838980705e-01 2.632238167253516670e-01
6.096888632670104391e-01 4.039510527923664829e-01
6.097560975609755962e-01 5.967078189300411006e-01
6.097560975609755962e-01 8.724279835390946758e-01
6.097560975609755962e-01 8.765432098765432167e-01
6.097560975609755962e-01 8.806584362139917577e-01
6.097560975609755962e-01 8.847736625514402986e-01
6.097560975609755962e-01 8.888888888888888395e-01
6.097560975609755962e-01 8.930041152263374915e-01
6.097560975609755962e-01 8.971193415637860324e-01
6.137932472339469037e-01 2.631892869222637321e-01
6.136404342452022043e-01 4.041670268466657778e-01
6.138211382113820669e-01 5.967078189300411006e-01
6.138211382113820669e-01 8.724279835390946758e-01
6.138211382113820669e-01 9.012345679012345734e-01
6.178351895401810179e-01 2.630752040396172609e-01
6.173815229818664374e-01 4.047400748655161640e-01
6.178861788617886486e-01 5.967078189300411006e-01
6.178861788617886486e-01 8.724279835390946758e-01
6.178861788617886486e-01 9.053497942386831143e-01
6.218560941298364453e-01 2.629008125196404810e-01
6.199326416273124307e-01 4.062131732767409464e-01
6.219512195121951192e-01 5.967078189300411006e-01
6.219512195121951192e-01 8.724279835390946758e-01
6.219512195121951192e-01 9.094650205761316553e-01
6.258211950422500891e-01 2.626046494088795091e-01
6.279668950388677118e-01 4.047656275711401519e-01
6.260162601626015899e-01 5.967078189300411006e-01
6.260162601626015899e-01 8.724279835390946758e-01
6.263095253467563239e-01 9.143861887313965431e-01
6.295871572948545936e-01 2.620137875756908263e-01
6.305244549440705004e-01 4.063459909434809503e-01
6.300813008130081716e-01 5.967078189300411006e-01
6.300813008130081716e-01 8.724279835390946758e-01
6.286867422314845744e-01 9.204101134791066174e-01
6.317521448510252657e-01 9.208340881940422218e-01
6.321678155715145797e-01 2.605475071442041601e-01
6.342462813833064095e-01 4.071112442966464129e-01
6.341463414634146423e-01 6.008230452674897526e-01
6.341463414634146423e-01 8.724279835390946758e-01
6.323567146815859408e-01 9.288215726545011597e-01
6.355860186655574173e-01 9.291541288037201696e-01
6.401899080057211755e-01 2.620862377117629261e-01
6.381172202574254548e-01 4.076579112065869537e-01
6.382113821138211129e-01 6.008230452674897526e-01
6.382113821138211129e-01 6.049382716049382935e-01
6.382113821138211129e-01 8.724279835390946758e-01
6.357867145244546769e-01 9.371930562053641944e-01
6.379686174597174464e-01 9.388943111350080972e-01
6.403043265719481347e-01 9.410291609843932648e-01
6.427705661077582899e-01 2.606199572802762598e-01
6.418476296272659365e-01 4.083638143406628784e-01
6.422764227642276946e-01 5.967078189300411006e-01
6.422764227642276946e-01 6.090534979423868345e-01
6.422764227642276946e-01 6.131687242798353754e-01
6.422764227642276946e-01 6.172839506172839164e-01
6.422764227642276946e-01 8.724279835390946758e-01
6.396052757660457555e-01 9.489764296555117662e-01
6.415828445493774179e-01 9.513752244716153772e-01
6.429439768577525083e-01 9.547904733822160095e-01
6.446857971055963699e-01 9.565785414656171604e-01
6.465307506824923278e-01 2.599834361355061740e-01
6.444187195540019841e-01 4.098639883946075257e-01
6.463414634146341653e-01 5.967078189300411006e-01
6.463414634146341653e-01 6.213991769547324573e-01
6.463414634146341653e-01 8.724279835390946758e-01
6.438467610661485763e-01 9.648866322089882930e-01
6.458941471738820495e-01 9.673051946086727026e-01
6.473978680825406284e-01 9.706644444971215258e-01
6.493035201948681445e-01 9.726707115280729399e-01
6.504872682932276717e-01 2.596279227765518338e-01
6.523740925046244143e-01 4.083023596317373327e-01
6.504065040650406360e-01 5.967078189300411006e-01
6.504065040650406360e-01 6.213991769547324573e-01
6.504065040650406360e-01 8.724279835390946758e-01
6.504065040650406360e-01 8.765432098765432167e-01
6.504065040650406360e-01 8.806584362139917577e-01
6.504065040650406360e-01 8.847736625514402986e-01
6.504065040650406360e-01 8.888888888888888395e-01
6.486552104039677857e-01 9.802207453351241551e-01
6.509024936973677455e-01 9.817611332657006917e-01
6.530309522210249185e-01 9.828926698293214415e-01
6.544946430341537225e-01 2.593733421346297585e-01
6.548868531164356854e-01 4.096467258636705688e-01
6.544715447154471066e-01 5.925925925925925597e-01
6.544715447154471066e-01 6.213991769547324573e-01
6.544715447154471066e-01 8.724279835390946758e-01
6.544715447154471066e-01 8.930041152263374915e-01
6.544715447154471066e-01 8.971193415637860324e-01
6.551058707911164847e-01 9.874281149660333323e-01
6.585134870471470725e-01 2.591451763838887312e-01
6.585365852880975535e-01 4.099829614856146387e-01
6.585365853658536883e-01 5.925925925925925597e-01
6.585365853658536883e-01 6.213991769547324573e-01
6.585365853658536883e-01 8.724279835390946758e-01
6.594376101544717761e-01 9.912616665160797202e-01
6.625208617880731232e-01 2.588905957419666559e-01
6.622026077567739755e-01 4.096882623848371319e-01
6.626016260162601590e-01 5.925925925925925597e-01
6.626016260162601590e-01 6.213991769547324573e-01
6.626016260162601590e-01 8.724279835390946758e-01
6.592526270580152392e-01 9.928769351600251758e-01
6.664773793988084671e-01 2.585350823830123157e-01
6.647391302200654772e-01 4.083963733860157541e-01
6.666666666666666297e-01 5.925925925925925597e-01
6.666666666666666297e-01 6.213991769547324573e-01
6.666666666666666297e-01 8.724279835390946758e-01
6.594524012568095950e-01 9.939924211858354175e-01
6.702375637989196333e-01 2.578985612382422299e-01
6.726823421933393332e-01 4.100491872436746177e-01
6.707317073170732113e-01 5.884773662551440188e-01
6.707317073170732113e-01 6.213991769547324573e-01
6.707317073170732113e-01 8.724279835390946758e-01
6.728182220755796195e-01 2.564322808067555637e-01
6.752707523334491313e-01 4.086174365279643950e-01
6.747967479674796820e-01 5.884773662551440188e-01
6.747967479674796820e-01 6.213991769547324573e-01
6.747967479674796820e-01 8.724279835390946758e-01
6.808403145097862152e-01 2.579710113743143851e-01
6.790367148770918293e-01 4.080265746947757122e-01
6.788617886178861527e-01 5.884773662551440188e-01
6.788617886178861527e-01 6.255144032921811093e-01
6.788617886178861527e-01 8.765432098765432167e-01
6.834209726118233297e-01 2.565047309428277189e-01
6.829940636422934253e-01 4.076958818100306359e-01
6.829268292682927344e-01 5.884773662551440188e-01
6.829268292682927344e-01 6.255144032921811093e-01
6.829268292682927344e-01 8.765432098765432167e-01
6.829268292682927344e-01 8.806584362139917577e-01
6.829268292682927344e-01 8.847736625514402986e-01
6.829268292682927344e-01 8.888888888888888395e-01
6.829268292682927344e-01 8.930041152263374915e-01
6.829268292682927344e-01 8.971193415637860324e-01
6.829268292682927344e-01 9.012345679012345734e-01
6.829268292682927344e-01 9.053497942386831143e-01
6.829268292682927344e-01 9.094650205761316553e-01
6.871869351991217734e-01 2.559138691096390361e-01
6.869918698001977742e-01 4.074074074015272551e-01
6.869918699186992050e-01 5.884773662551440188e-01
6.840403473281067015e-01 6.260685692114924539e-01
6.869918699186992050e-01 8.765432098765432167e-01
6.881028520685386063e-01 9.101901819848995379e-01
6.911520358714288159e-01 2.556177059988780642e-01
6.909896760277579597e-01 4.071189330047841337e-01
6.910569105691056757e-01 5.884773662551440188e-01
6.852046797445755510e-01 6.276714623246510971e-01
6.910569105691056757e-01 8.724279835390946758e-01
6.912147504642153217e-01 9.155265345006277089e-01
6.951729405411197771e-01 2.554433144789012844e-01
6.949412472533322838e-01 4.067425808084576544e-01
6.951219512195121464e-01 5.884773662551440188e-01
6.891933202788960156e-01 6.294455400294046710e-01
6.913511478853207048e-01 6.275153538181519330e-01
6.951219512195121464e-01 8.724279835390946758e-01
6.950541260013733957e-01 9.207700944588033121e-01
6.992148828473538913e-01 2.553292315962548131e-01
6.986986262188104035e-01 4.060923686397641119e-01
6.987496154312786700e-01 5.874616090445913263e-01
6.991869918699187281e-01 8.724279835390946758e-01
6.989675667707153650e-01 9.253193946486270027e-01
7.032663936344790701e-01 2.552490425034133481e-01
7.012735066284251362e-01 4.045804289549037036e-01
7.013686321490270048e-01 5.861240610252268501e-01
7.032520325203251987e-01 8.724279835390946758e-01
7.034714576195285618e-01 9.306476835406733983e-01
7.073228510705187322e-01 2.551896922188401917e-01
7.092955990626317320e-01 4.061191595224625250e-01
7.091005338986244855e-01 5.879589542669891866e-01
7.073170731707316694e-01 8.724279835390946758e-01
7.073848983088348863e-01 9.351969837304970889e-01
7.113821136838570647e-01 2.551440329218107039e-01
7.118762571646688464e-01 4.046528790909758588e-01
7.113821137433821162e-01 5.870835364253907951e-01
7.113821138211382511e-01 8.724279835390946758e-01
7.112242739260286051e-01 9.404405436886726921e-01
7.154471544458445020e-01 2.551440329218107039e-01
7.156364418994739518e-01 4.040163579462057730e-01
7.136636937436519057e-01 5.879589542669891866e-01
7.154471544715447218e-01 8.724279835390946758e-01
7.143361723217053205e-01 9.457768962044008632e-01
7.195064173849636813e-01 2.550983736247812161e-01
7.195929595174852533e-01 4.036608445872514328e-01
7.213955954932493864e-01 5.861240610252268501e-01
7.193229078540930299e-01 8.717038066628477466e-01
7.159198082801772056e-01 9.504696040054009254e-01
7.176050442787704764e-01 9.518832940562271805e-01
7.184488844643233119e-01 9.547834515774392683e-01
7.187676511523199974e-01 9.576718552620628877e-01
7.191050532557887731e-01 9.608689656446652849e-01
7.193243243229694439e-01 9.639168869983788523e-01
7.193688986728552504e-01 9.661845677194986770e-01
7.194676090213938391e-01 9.673432663060080872e-01
7.235628745763493797e-01 2.550390233402080598e-01
7.236003339946579516e-01 4.034062639380533999e-01
7.240203899034201029e-01 5.874159497912175842e-01
7.230830922542041961e-01 8.710672855180776608e-01
7.275980950910049261e-01 2.549172977698557774e-01
7.276191781040576290e-01 4.031780981945883302e-01
7.278094506875528724e-01 5.878927287999674567e-01
7.256637505308641822e-01 8.696010050865909946e-01
7.316162757149247131e-01 2.547507375522340412e-01
7.316102626379976659e-01 4.028819810897073528e-01
7.317880813813932850e-01 5.881087027378514298e-01
7.336800648069872199e-01 8.711853949075235581e-01
7.356007401769927290e-01 2.545084535769941980e-01
7.355430183754249063e-01 4.024739903812258324e-01
7.358175691781395633e-01 5.882237440096348413e-01
7.362521401021110412e-01 8.697784646369187689e-01
7.391617784448861750e-01 2.542095105556594903e-01
7.392667626552246185e-01 4.017695768102965137e-01
7.398595114134330908e-01 5.883378268777293973e-01
7.400045724787013279e-01 8.692677920639185762e-01
7.427883114489703953e-01 2.534564582558172519e-01
7.414433586002304732e-01 4.003005161480939766e-01
7.439082169241773013e-01 5.884317069581145310e-01
7.439465753034200102e-01 8.690857118649079061e-01
7.451132544490500775e-01 2.517841661276119525e-01
7.498108280531122771e-01 4.014362462081490501e-01
7.479597277922475085e-01 5.885118960509559960e-01
7.479070534507153978e-01 8.691272483278668082e-01
7.533808778564453634e-01 2.522432051211933035e-01
7.519105767889887604e-01 3.996931061015939757e-01
7.520094220083156644e-01 5.885914491232385748e-01
7.518252939801205459e-01 8.693618058181969976e-01
7.543717503956541837e-01 2.491896049198100704e-01
7.552839014622405589e-01 3.983802555927550837e-01
7.560476468440866515e-01 5.886060984926432260e-01
7.555412866001971484e-01 8.699403709919794059e-01
7.620326631297394959e-01 2.495464422038675689e-01
7.576094944090620009e-01 3.964479004249452099e-01
7.600483007411277248e-01 5.886685197624744736e-01
7.580538288750723330e-01 8.714372771514250493e-01
7.636978649013729248e-01 2.473915112143767470e-01
7.660111030043156299e-01 3.971188707179447164e-01
7.639006728775387112e-01 5.888830294720962533e-01
7.661110426477210078e-01 8.700746783091775072e-01
7.653987749775008620e-01 2.452935185513378524e-01
7.677832176389240981e-01 3.949379090005589177e-01
7.667573109331609071e-01 5.896443651295401045e-01
7.685917611645602943e-01 8.718371216476983321e-01
7.731450366734610169e-01 2.460010812067859876e-01
7.697883382386611073e-01 3.926145840338488568e-01
7.720141787611031203e-01 5.840165263593748435e-01
7.720586452812970846e-01 8.730188454886986804e-01
7.748373739252896186e-01 2.443648892370485770e-01
7.784166122385398623e-01 3.925366018253949596e-01
7.777120816120044466e-01 5.891738104405946919e-01
7.745393638563440319e-01 8.747812887690118444e-01
7.775321828383134903e-01 2.436429005613983678e-01
7.790034223296793403e-01 3.894802217425418212e-01
7.802927395976262392e-01 5.877075300091080257e-01
7.826023557870762648e-01 8.734643491801380444e-01
7.796499229801016062e-01 2.433660408281222987e-01
7.873119456992613285e-01 3.897174692917768635e-01
7.826742593963759154e-01 5.859465507096744963e-01
7.851177031473385304e-01 8.749749463635071445e-01
7.807142851359354374e-01 2.431391719295145082e-01
7.895369486484820065e-01 3.877490142565374054e-01
7.907018149688052056e-01 5.873101577086090597e-01
7.888386423854067964e-01 8.755743502873502004e-01
7.928644030801412779e-01 3.864051000652988233e-01
7.932308252386908176e-01 5.858584729645117672e-01
7.927664513957031200e-01 8.758428016911766756e-01
7.949247689637529701e-01 3.845983399748955645e-01
7.969651114934065417e-01 5.853048781787693056e-01
7.967479674426640734e-01 8.759446468205697167e-01
8.032917536632346867e-01 3.856438556111153049e-01
8.009040045010813458e-01 5.850734890478379580e-01
8.007457738361161148e-01 8.758843381541355777e-01
8.057653229405377093e-01 3.839662592516016049e-01
8.048943389347231747e-01 5.850022394366278800e-01
8.046973446542369235e-01 8.756683640998362828e-01
8.091272173608640150e-01 3.832806178259398622e-01
8.088758549040985235e-01 5.850210116401031168e-01
8.084547237797859998e-01 8.751368526021524596e-01
8.130244203574084061e-01 3.827575858602268455e-01
8.128274259550498648e-01 5.852369856944024118e-01
8.110296041894007324e-01 8.737162314240395355e-01
8.169290949256874379e-01 3.822454947519782764e-01
8.165848051970142629e-01 5.857684971920862349e-01
8.190459184655237701e-01 8.753006212449720991e-01
8.206719588213865491e-01 3.815405499779354614e-01
8.191596854902137848e-01 5.871891183701991590e-01
8.216237715112776341e-01 8.738480317209935677e-01
8.232390873675514698e-01 3.799940805772986097e-01
8.271759997663368225e-01 5.856047285492665955e-01
8.253847872914095163e-01 8.732780088124885154e-01
8.308965109016109851e-01 3.814693380189377314e-01
8.297480750614606437e-01 5.870116588198713847e-01
8.293403199775905010e-01 8.730157394697046769e-01
8.330419102470235648e-01 3.799615210662845022e-01
8.334842172383408743e-01 5.874807948717050143e-01
8.333401864218407118e-01 8.729016566161620361e-01
8.363190758935501457e-01 3.793706592330958194e-01
8.374024579978480709e-01 5.876103977793961652e-01
8.373263252104492516e-01 8.729093452951959264e-01
8.396976205134173421e-01 3.790744961223348475e-01
8.409982568140016435e-01 5.876297011277772375e-01
8.411786975942426858e-01 8.731238550193696213e-01
8.429853295172921035e-01 3.789001046023580677e-01
8.448466999187490556e-01 5.873164942027203628e-01
8.440498505450210187e-01 8.739399231075397623e-01
8.460496777982822181e-01 3.787860217197115964e-01
8.484440067398733021e-01 5.866359096258081385e-01
8.495934959118597307e-01 8.684977991391479302e-01
8.486347977503588824e-01 3.787058326268701314e-01
8.507346372551670699e-01 5.850156409437902161e-01
8.551429191337353020e-01 8.738942638541660202e-01
8.497584735126635369e-01 3.786464823422969750e-01
8.589665317525556620e-01 5.854554991161167177e-01
8.580226555899186369e-01 8.730188454304910195e-01
8.598568147016174557e-01 5.823657992219268831e-01
8.618885576096197987e-01 8.727241466207518172e-01
8.677854617211467891e-01 5.822432542760155316e-01
8.658920166866354018e-01 8.725567157765938830e-01
8.686757446702084717e-01 5.791535543818256970e-01
8.699274363333369120e-01 8.724370568237675982e-01
8.769134168600194457e-01 5.795477533007784565e-01
8.739693785604449872e-01 8.723229739574920316e-01
8.792068531009845644e-01 5.779137935948370774e-01
8.780063746279466175e-01 8.721880522738532093e-01
8.828091064091332374e-01 5.772123702096565445e-01
8.820244736883815495e-01 8.719999697736087185e-01
8.866671179511160794e-01 5.768652694875187059e-01
8.859837965081953648e-01 8.716581473512663436e-01
8.899231347462684960e-01 5.767786048578842362e-01
8.897497590954938085e-01 8.710672855180776608e-01
8.934867934648484944e-01 5.767270858974939962e-01
8.923304171975308119e-01 8.696010050865909946e-01
8.969468073313676681e-01 5.768213342868535598e-01
9.003525096317374077e-01 8.711397356541498160e-01
9.001407284266883524e-01 5.772387630765138944e-01
9.029331677337745221e-01 8.696734552226631498e-01
9.020265492239618599e-01 5.784849924727155646e-01
9.066933523085085600e-01 8.690369340778930640e-01
9.089759227798918095e-01 5.774199351277432557e-01
9.106498699992794377e-01 8.686814207189387238e-01
9.100901899723018440e-01 5.788862155592299219e-01
9.146572445637636273e-01 8.684268400624647333e-01
9.109233708567614496e-01 5.794770773924186047e-01
9.186597986608091571e-01 8.681571378560407615e-01
9.226434112901394924e-01 8.678500798718674636e-01
9.265634887369077477e-01 8.674266740867538905e-01
9.302641402913931490e-01 8.667001771695582724e-01
9.327393957864250629e-01 8.651128573996617055e-01
9.408078509717952009e-01 8.662546731870804928e-01
9.430731406182013554e-01 8.641559943757727291e-01
9.453309588238399952e-01 8.620463750198666952e-01
9.534115749865588185e-01 8.630970057124969230e-01
9.558637320519258740e-01 8.613956030017462240e-01
9.595260253981535703e-01 8.605403738761552290e-01
9.633547465068326154e-01 8.598801552575778828e-01
9.670528106907727572e-01 8.590624244675737486e-01
9.692332608269421668e-01 8.574861839438554512e-01
9.768427673488764285e-01 8.588880703960825036e-01
9.789108670661149647e-01 8.573693127314839790e-01
9.820739828046350928e-01 8.567369143771287332e-01
9.853058883568226456e-01 8.564407512663677613e-01
9.883491989921747711e-01 8.562663597463909815e-01
9.909247507689505907e-01 8.561522768637445102e-01
9.920434793457388878e-01 8.560720877709030452e-01
