0.000000000000000000e+00 6.224899598393573985e-01
0.000000000000000000e+00 6.425702811244979884e-01
0.000000000000000000e+00 6.465863453815261508e-01
3.921568627450980338e-03 6.265060240963855609e-01
3.921568627450980338e-03 6.385542168674698260e-01
7.843137254901960675e-03 6.305220883534136123e-01
7.843137254901960675e-03 6.345381526104417746e-01
1.176470588235294101e-02 6.305220883534136123e-01
1.568627450980392135e-02 6.305220883534136123e-01
1.960784313725490169e-02 6.305220883534136123e-01
2.352941176470588203e-02 6.345381526104417746e-01
2.352941176470588203e-02 9.919678714859437862e-01
2.745098039215686236e-02 6.345381526104417746e-01
2.745098039215686236e-02 9.919678714859437862e-01
3.137254901960784270e-02 6.345381526104417746e-01
3.137254901960784270e-02 9.959839357429718376e-01
3.529411764705882304e-02 6.345381526104417746e-01
3.529411764705882304e-02 9.959839357429718376e-01
3.921568627450980338e-02 6.385542168674698260e-01
3.921568627450980338e-02 9.959839357429718376e-01
4.313725490196078372e-02 6.385542168674698260e-01
4.313725490196078372e-02 9.959839357429718376e-01
4.705882352941176405e-02 6.425702811244979884e-01
4.705882352941176405e-02 9.959839357429718376e-01
5.098039215686274439e-02 6.465863453815261508e-01
5.098039215686274439e-02 9.959839357429718376e-01
5.490196078431372473e-02 6.506024096385542022e-01
5.490196078431372473e-02 1.000000000000000000e+00
5.882352941176470507e-02 6.506024096385542022e-01
5.882352941176470507e-02 1.000000000000000000e+00
6.274509803921568540e-02 6.546184738955823645e-01
6.274509803921568540e-02 1.000000000000000000e+00
6.666666666666666574e-02 6.546184738955823645e-01
7.058823529411764608e-02 6.546184738955823645e-01
7.058823529411764608e-02 1.000000000000000000e+00
7.450980392156862642e-02 6.546184738955823645e-01
7.450980392156862642e-02 1.000000000000000000e+00
7.843137254901960675e-02 6.546184738955823645e-01
7.843137254901960675e-02 1.000000000000000000e+00
8.235294117647058709e-02 6.586345381526104159e-01
8.235294117647058709e-02 1.000000000000000000e+00
8.627450980392156743e-02 6.626506024096385783e-01
8.627450980392156743e-02 1.000000000000000000e+00
9.019607843137254777e-02 6.626506024096385783e-01
9.019607843137254777e-02 1.000000000000000000e+00
9.411764705882352811e-02 6.666666666666666297e-01
9.411764705882352811e-02 1.000000000000000000e+00
9.803921568627450844e-02 6.666666666666666297e-01
9.803921568627450844e-02 1.000000000000000000e+00
1.019607843137254888e-01 6.706827309236947920e-01
1.019607843137254888e-01 1.000000000000000000e+00
1.058823529411764691e-01 6.706827309236947920e-01
1.058823529411764691e-01 9.959839357429718376e-01
1.098039215686274495e-01 6.746987951807228434e-01
1.098039215686274495e-01 9.959839357429718376e-01
1.137254901960784298e-01 6.787148594377510058e-01
1.137254901960784298e-01 9.959839357429718376e-01
1.176470588235294101e-01 6.827309236947791682e-01
1.176470588235294101e-01 9.959839357429718376e-01
1.215686274509803905e-01 6.867469879518072196e-01
1.215686274509803905e-01 9.959839357429718376e-01
1.254901960784313708e-01 6.907630522088353819e-01
1.254901960784313708e-01 1.000000000000000000e+00
1.294117647058823650e-01 6.907630522088353819e-01
1.333333333333333315e-01 6.947791164658634333e-01
1.372549019607843257e-01 6.947791164658634333e-01
1.411764705882352922e-01 6.947791164658634333e-01
1.450980392156862864e-01 6.987951807228915957e-01
1.490196078431372528e-01 7.028112449799196471e-01
1.529411764705882470e-01 3.574297188755020116e-01
1.529411764705882470e-01 7.028112449799196471e-01
1.568627450980392135e-01 3.614457831325301185e-01
1.568627450980392135e-01 7.068273092369478094e-01
1.607843137254902077e-01 3.654618473895582254e-01
1.607843137254902077e-01 3.694779116465863322e-01
1.607843137254902077e-01 3.734939759036144391e-01
1.607843137254902077e-01 7.108433734939758608e-01
1.647058823529411742e-01 3.775100401606425460e-01
1.647058823529411742e-01 3.815261044176707084e-01
1.647058823529411742e-01 7.108433734939758608e-01
1.686274509803921684e-01 3.855421686746988152e-01
1.686274509803921684e-01 7.148594377510040232e-01
1.725490196078431349e-01 3.895582329317269221e-01
1.725490196078431349e-01 7.188755020080320746e-01
1.764705882352941291e-01 3.935742971887550290e-01
1.764705882352941291e-01 7.188755020080320746e-01
1.803921568627450955e-01 3.935742971887550290e-01
1.803921568627450955e-01 7.228915662650602370e-01
1.843137254901960898e-01 3.975903614457831359e-01
1.843137254901960898e-01 7.228915662650602370e-01
1.882352941176470562e-01 3.975903614457831359e-01
1.882352941176470562e-01 7.269076305220883993e-01
1.921568627450980504e-01 4.016064257028112428e-01
1.921568627450980504e-01 7.269076305220883993e-01
1.960784313725490169e-01 4.056224899598393496e-01
1.960784313725490169e-01 7.309236947791164507e-01
2.000000000000000111e-01 4.056224899598393496e-01
2.000000000000000111e-01 7.349397590361446131e-01
2.039215686274509776e-01 4.056224899598393496e-01
2.039215686274509776e-01 7.349397590361446131e-01
2.078431372549019718e-01 4.096385542168674565e-01
2.078431372549019718e-01 7.349397590361446131e-01
2.117647058823529382e-01 4.136546184738955634e-01
2.117647058823529382e-01 7.349397590361446131e-01
2.156862745098039325e-01 4.176706827309236703e-01
2.156862745098039325e-01 7.349397590361446131e-01
2.196078431372548989e-01 4.216867469879518326e-01
2.196078431372548989e-01 7.389558232931726645e-01
2.235294117647058931e-01 4.257028112449799395e-01
2.235294117647058931e-01 7.389558232931726645e-01
2.274509803921568596e-01 4.297188755020080464e-01
2.274509803921568596e-01 7.429718875502008268e-01
2.313725490196078538e-01 4.337349397590361533e-01
2.313725490196078538e-01 7.429718875502008268e-01
2.352941176470588203e-01 4.377510040160642601e-01
2.352941176470588203e-01 7.429718875502008268e-01
2.392156862745098145e-01 4.417670682730923670e-01
2.392156862745098145e-01 7.429718875502008268e-01
2.431372549019607809e-01 4.417670682730923670e-01
2.431372549019607809e-01 7.469879518072288782e-01
2.431372549019607809e-01 8.152610441767068616e-01
2.470588235294117752e-01 4.457831325301204739e-01
2.470588235294117752e-01 7.469879518072288782e-01
2.470588235294117752e-01 8.152610441767068616e-01
2.509803921568627416e-01 4.457831325301204739e-01
2.509803921568627416e-01 7.469879518072288782e-01
2.509803921568627416e-01 8.152610441767068616e-01
2.549019607843137081e-01 4.497991967871485808e-01
2.549019607843137081e-01 7.469879518072288782e-01
2.549019607843137081e-01 8.192771084337349130e-01
2.588235294117647300e-01 4.538152610441766877e-01
2.588235294117647300e-01 7.068273092369478094e-01
2.588235294117647300e-01 7.108433734939758608e-01
2.588235294117647300e-01 7.148594377510040232e-01
2.588235294117647300e-01 7.188755020080320746e-01
2.588235294117647300e-01 7.469879518072288782e-01
2.588235294117647300e-01 8.192771084337349130e-01
2.627450980392156965e-01 4.578313253012047945e-01
2.627450980392156965e-01 7.228915662650602370e-01
2.627450980392156965e-01 7.269076305220883993e-01
2.627450980392156965e-01 7.309236947791164507e-01
2.627450980392156965e-01 7.349397590361446131e-01
2.627450980392156965e-01 7.389558232931726645e-01
2.627450980392156965e-01 7.429718875502008268e-01
2.627450980392156965e-01 7.469879518072288782e-01
2.627450980392156965e-01 8.192771084337349130e-01
2.666666666666666630e-01 4.618473895582329569e-01
2.666666666666666630e-01 7.469879518072288782e-01
2.666666666666666630e-01 8.192771084337349130e-01
2.705882352941176294e-01 4.658634538152610638e-01
2.705882352941176294e-01 5.943775100401605949e-01
2.705882352941176294e-01 7.510040160642570406e-01
2.705882352941176294e-01 8.192771084337349130e-01
2.745098039215686514e-01 4.698795180722891707e-01
2.745098039215686514e-01 5.943775100401605949e-01
2.745098039215686514e-01 7.510040160642570406e-01
2.745098039215686514e-01 8.192771084337349130e-01
2.784313725490196179e-01 4.738955823293172775e-01
2.784313725490196179e-01 5.983935742971887572e-01
2.784313725490196179e-01 7.550200803212850920e-01
2.784313725490196179e-01 8.192771084337349130e-01
2.823529411764705843e-01 4.738955823293172775e-01
2.823529411764705843e-01 5.943775100401605949e-01
2.823529411764705843e-01 7.590361445783132543e-01
2.823529411764705843e-01 8.192771084337349130e-01
2.862745098039215508e-01 4.779116465863453844e-01
2.862745098039215508e-01 5.943775100401605949e-01
2.862745098039215508e-01 7.630522088353414167e-01
2.862745098039215508e-01 8.192771084337349130e-01
2.901960784313725727e-01 4.819277108433734913e-01
2.901960784313725727e-01 5.943775100401605949e-01
2.901960784313725727e-01 7.630522088353414167e-01
2.901960784313725727e-01 7.831325301204818956e-01
2.901960784313725727e-01 8.192771084337349130e-01
2.941176470588235392e-01 4.859437751004015982e-01
2.941176470588235392e-01 5.943775100401605949e-01
2.941176470588235392e-01 7.630522088353414167e-01
2.941176470588235392e-01 7.831325301204818956e-01
2.941176470588235392e-01 8.192771084337349130e-01
2.980392156862745057e-01 4.899598393574297051e-01
2.980392156862745057e-01 5.943775100401605949e-01
2.980392156862745057e-01 7.670682730923694681e-01
2.980392156862745057e-01 7.831325301204818956e-01
2.980392156862745057e-01 8.192771084337349130e-01
3.019607843137254721e-01 4.939759036144578119e-01
3.019607843137254721e-01 4.979919678714859188e-01
3.019607843137254721e-01 5.943775100401605949e-01
3.019607843137254721e-01 7.670682730923694681e-01
3.019607843137254721e-01 7.791164658634538442e-01
3.019607843137254721e-01 8.192771084337349130e-01
3.058823529411764941e-01 5.020080321285140812e-01
3.058823529411764941e-01 5.943775100401605949e-01
3.058823529411764941e-01 7.710843373493976305e-01
3.058823529411764941e-01 7.751004016064256819e-01
3.058823529411764941e-01 8.192771084337349130e-01
3.098039215686274606e-01 5.060240963855421326e-01
3.098039215686274606e-01 5.100401606425702949e-01
3.098039215686274606e-01 5.140562248995983463e-01
3.098039215686274606e-01 5.943775100401605949e-01
3.098039215686274606e-01 7.751004016064256819e-01
3.098039215686274606e-01 8.192771084337349130e-01
3.137254901960784270e-01 5.180722891566265087e-01
3.137254901960784270e-01 5.943775100401605949e-01
3.137254901960784270e-01 7.751004016064256819e-01
3.137254901960784270e-01 8.152610441767068616e-01
3.176470588235293935e-01 5.220883534136546711e-01
3.176470588235293935e-01 5.943775100401605949e-01
3.176470588235293935e-01 7.751004016064256819e-01
3.176470588235293935e-01 8.152610441767068616e-01
3.215686274509804154e-01 5.261044176706827225e-01
3.215686274509804154e-01 5.943775100401605949e-01
3.215686274509804154e-01 7.791164658634538442e-01
3.215686274509804154e-01 8.112449799196786993e-01
3.254901960784313819e-01 5.301204819277108848e-01
3.254901960784313819e-01 5.943775100401605949e-01
3.254901960784313819e-01 7.791164658634538442e-01
3.254901960784313819e-01 8.072289156626506479e-01
3.294117647058823484e-01 5.341365461847389362e-01
3.294117647058823484e-01 5.943775100401605949e-01
3.294117647058823484e-01 7.791164658634538442e-01
3.294117647058823484e-01 8.072289156626506479e-01
3.333333333333333148e-01 5.381526104417670986e-01
3.333333333333333148e-01 5.943775100401605949e-01
3.333333333333333148e-01 6.787148594377510058e-01
3.333333333333333148e-01 6.827309236947791682e-01
3.333333333333333148e-01 7.831325301204818956e-01
3.333333333333333148e-01 8.032128514056224855e-01
3.372549019607843368e-01 5.421686746987951500e-01
3.372549019607843368e-01 5.983935742971887572e-01
3.372549019607843368e-01 6.706827309236947920e-01
3.372549019607843368e-01 6.746987951807228434e-01
3.372549019607843368e-01 7.871485943775100580e-01
3.372549019607843368e-01 7.911646586345381094e-01
3.372549019607843368e-01 7.991967871485943231e-01
3.411764705882353033e-01 5.461847389558233123e-01
3.411764705882353033e-01 5.943775100401605949e-01
3.411764705882353033e-01 5.983935742971887572e-01
3.411764705882353033e-01 6.024096385542169196e-01
3.411764705882353033e-01 6.064257028112449710e-01
3.411764705882353033e-01 6.104417670682731334e-01
3.411764705882353033e-01 6.144578313253011848e-01
3.411764705882353033e-01 6.666666666666666297e-01
3.411764705882353033e-01 7.951807228915662717e-01
3.450980392156862697e-01 5.502008032128513637e-01
3.450980392156862697e-01 5.943775100401605949e-01
3.450980392156862697e-01 6.184738955823293471e-01
3.450980392156862697e-01 6.666666666666666297e-01
3.450980392156862697e-01 7.951807228915662717e-01
3.490196078431372362e-01 5.542168674698795261e-01
3.490196078431372362e-01 5.943775100401605949e-01
3.490196078431372362e-01 6.224899598393573985e-01
3.490196078431372362e-01 6.626506024096385783e-01
3.490196078431372362e-01 7.991967871485943231e-01
3.529411764705882582e-01 5.582329317269075775e-01
3.529411764705882582e-01 5.943775100401605949e-01
3.529411764705882582e-01 6.224899598393573985e-01
3.529411764705882582e-01 6.586345381526104159e-01
3.529411764705882582e-01 7.991967871485943231e-01
3.568627450980392246e-01 5.622489959839357399e-01
3.568627450980392246e-01 5.662650602409639022e-01
3.568627450980392246e-01 5.903614457831325435e-01
3.568627450980392246e-01 6.265060240963855609e-01
3.568627450980392246e-01 6.586345381526104159e-01
3.568627450980392246e-01 7.991967871485943231e-01
3.607843137254901911e-01 5.702811244979919536e-01
3.607843137254901911e-01 5.863453815261043811e-01
3.607843137254901911e-01 6.265060240963855609e-01
3.607843137254901911e-01 6.586345381526104159e-01
3.607843137254901911e-01 7.991967871485943231e-01
3.647058823529411575e-01 5.742971887550201160e-01
3.647058823529411575e-01 5.783132530120481674e-01
3.647058823529411575e-01 5.823293172690763297e-01
3.647058823529411575e-01 5.863453815261043811e-01
3.647058823529411575e-01 6.305220883534136123e-01
3.647058823529411575e-01 6.506024096385542022e-01
3.647058823529411575e-01 6.546184738955823645e-01
3.647058823529411575e-01 7.991967871485943231e-01
3.686274509803921795e-01 5.863453815261043811e-01
3.686274509803921795e-01 6.345381526104417746e-01
3.686274509803921795e-01 6.385542168674698260e-01
3.686274509803921795e-01 6.425702811244979884e-01
3.686274509803921795e-01 6.465863453815261508e-01
3.686274509803921795e-01 7.991967871485943231e-01
3.725490196078431460e-01 5.863453815261043811e-01
3.725490196078431460e-01 6.345381526104417746e-01
3.725490196078431460e-01 8.032128514056224855e-01
3.764705882352941124e-01 5.903614457831325435e-01
3.764705882352941124e-01 6.305220883534136123e-01
3.764705882352941124e-01 8.032128514056224855e-01
3.803921568627450789e-01 5.903614457831325435e-01
3.803921568627450789e-01 6.305220883534136123e-01
3.803921568627450789e-01 8.072289156626506479e-01
3.843137254901961009e-01 5.943775100401605949e-01
3.843137254901961009e-01 6.305220883534136123e-01
3.843137254901961009e-01 8.072289156626506479e-01
3.882352941176470673e-01 5.983935742971887572e-01
3.882352941176470673e-01 6.024096385542169196e-01
3.882352941176470673e-01 6.064257028112449710e-01
3.882352941176470673e-01 6.104417670682731334e-01
3.882352941176470673e-01 6.305220883534136123e-01
3.882352941176470673e-01 8.112449799196786993e-01
3.921568627450980338e-01 2.168674698795180766e-01
3.921568627450980338e-01 2.208835341365461835e-01
3.921568627450980338e-01 2.248995983935742904e-01
3.921568627450980338e-01 6.144578313253011848e-01
3.921568627450980338e-01 6.184738955823293471e-01
3.921568627450980338e-01 6.305220883534136123e-01
3.921568627450980338e-01 8.112449799196786993e-01
3.960784313725490002e-01 2.289156626506023973e-01
3.960784313725490002e-01 2.329317269076305319e-01
3.960784313725490002e-01 2.369477911646586388e-01
3.960784313725490002e-01 6.224899598393573985e-01
3.960784313725490002e-01 6.265060240963855609e-01
3.960784313725490002e-01 8.152610441767068616e-01
4.000000000000000222e-01 2.409638554216867457e-01
4.000000000000000222e-01 6.265060240963855609e-01
4.000000000000000222e-01 8.192771084337349130e-01
4.039215686274509887e-01 2.409638554216867457e-01
4.039215686274509887e-01 6.265060240963855609e-01
4.039215686274509887e-01 8.192771084337349130e-01
4.078431372549019551e-01 2.449799196787148525e-01
4.078431372549019551e-01 6.265060240963855609e-01
4.078431372549019551e-01 8.192771084337349130e-01
4.117647058823529216e-01 2.449799196787148525e-01
4.117647058823529216e-01 2.489959839357429594e-01
4.117647058823529216e-01 6.224899598393573985e-01
4.117647058823529216e-01 6.265060240963855609e-01
4.117647058823529216e-01 8.232931726907630754e-01
4.117647058823529216e-01 9.879518072289156239e-01
4.117647058823529216e-01 9.919678714859437862e-01
4.156862745098039436e-01 2.409638554216867457e-01
4.156862745098039436e-01 2.530120481927710663e-01
4.156862745098039436e-01 2.570281124497991732e-01
4.156862745098039436e-01 6.184738955823293471e-01
4.156862745098039436e-01 6.305220883534136123e-01
4.156862745098039436e-01 6.345381526104417746e-01
4.156862745098039436e-01 6.385542168674698260e-01
4.156862745098039436e-01 6.425702811244979884e-01
4.156862745098039436e-01 6.465863453815261508e-01
4.156862745098039436e-01 6.506024096385542022e-01
4.156862745098039436e-01 6.546184738955823645e-01
4.156862745098039436e-01 6.586345381526104159e-01
4.156862745098039436e-01 6.626506024096385783e-01
4.156862745098039436e-01 6.666666666666666297e-01
4.156862745098039436e-01 6.706827309236947920e-01
4.156862745098039436e-01 8.232931726907630754e-01
4.156862745098039436e-01 9.036144578313253239e-01
4.156862745098039436e-01 9.076305220883533753e-01
4.156862745098039436e-01 9.116465863453815377e-01
4.156862745098039436e-01 9.156626506024095891e-01
4.156862745098039436e-01 9.196787148594377514e-01
4.156862745098039436e-01 9.236947791164659138e-01
4.156862745098039436e-01 9.277108433734939652e-01
4.156862745098039436e-01 9.317269076305221276e-01
4.156862745098039436e-01 9.357429718875501790e-01
4.156862745098039436e-01 9.397590361445783413e-01
4.156862745098039436e-01 9.437751004016063927e-01
4.156862745098039436e-01 9.477911646586345551e-01
4.156862745098039436e-01 9.518072289156626065e-01
4.156862745098039436e-01 9.558232931726907688e-01
4.156862745098039436e-01 9.598393574297188202e-01
4.156862745098039436e-01 9.638554216867469826e-01
4.156862745098039436e-01 9.678714859437751450e-01
4.156862745098039436e-01 9.718875502008031964e-01
4.156862745098039436e-01 9.759036144578313587e-01
4.156862745098039436e-01 9.799196787148594101e-01
4.156862745098039436e-01 9.839357429718875725e-01
4.196078431372549100e-01 9.638554216867470381e-02
4.196078431372549100e-01 1.004016064257028107e-01
4.196078431372549100e-01 1.044176706827309176e-01
4.196078431372549100e-01 1.084337349397590383e-01
4.196078431372549100e-01 1.124497991967871452e-01
4.196078431372549100e-01 1.164658634538152659e-01
4.196078431372549100e-01 1.204819277108433728e-01
4.196078431372549100e-01 1.244979919678714797e-01
4.196078431372549100e-01 1.285140562248995866e-01
4.196078431372549100e-01 1.325301204819277212e-01
4.196078431372549100e-01 1.365461847389558281e-01
4.196078431372549100e-01 1.405622489959839350e-01
4.196078431372549100e-01 1.445783132530120418e-01
4.196078431372549100e-01 1.485943775100401487e-01
4.196078431372549100e-01 1.526104417670682833e-01
4.196078431372549100e-01 1.566265060240963902e-01
4.196078431372549100e-01 1.606425702811244971e-01
4.196078431372549100e-01 1.646586345381526040e-01
4.196078431372549100e-01 1.686746987951807109e-01
4.196078431372549100e-01 1.726907630522088455e-01
4.196078431372549100e-01 2.409638554216867457e-01
4.196078431372549100e-01 2.610441767068273355e-01
4.196078431372549100e-01 2.650602409638554424e-01
4.196078431372549100e-01 5.983935742971887572e-01
4.196078431372549100e-01 6.024096385542169196e-01
4.196078431372549100e-01 6.064257028112449710e-01
4.196078431372549100e-01 6.104417670682731334e-01
4.196078431372549100e-01 6.144578313253011848e-01
4.196078431372549100e-01 6.746987951807228434e-01
4.196078431372549100e-01 6.787148594377510058e-01
4.196078431372549100e-01 6.827309236947791682e-01
4.196078431372549100e-01 8.273092369477911268e-01
4.196078431372549100e-01 8.313253012048192891e-01
4.196078431372549100e-01 8.353413654618473405e-01
4.196078431372549100e-01 8.393574297188755029e-01
4.196078431372549100e-01 8.433734939759036653e-01
4.196078431372549100e-01 8.473895582329317167e-01
4.196078431372549100e-01 8.514056224899598790e-01
4.196078431372549100e-01 8.554216867469879304e-01
4.196078431372549100e-01 8.594377510040160928e-01
4.196078431372549100e-01 8.634538152610441442e-01
4.196078431372549100e-01 8.674698795180723065e-01
4.196078431372549100e-01 8.714859437751003579e-01
4.196078431372549100e-01 8.755020080321285203e-01
4.196078431372549100e-01 8.795180722891565717e-01
4.196078431372549100e-01 8.835341365461847341e-01
4.196078431372549100e-01 8.875502008032128964e-01
4.196078431372549100e-01 8.915662650602409478e-01
4.196078431372549100e-01 8.955823293172691102e-01
4.196078431372549100e-01 8.995983935742971616e-01
4.235294117647058765e-01 8.433734939759035543e-02
4.235294117647058765e-01 8.835341365461847618e-02
4.235294117647058765e-01 9.236947791164658306e-02
4.235294117647058765e-01 1.767068273092369524e-01
4.235294117647058765e-01 1.807228915662650592e-01
4.235294117647058765e-01 1.847389558232931661e-01
4.235294117647058765e-01 1.887550200803212730e-01
4.235294117647058765e-01 1.927710843373494076e-01
4.235294117647058765e-01 1.967871485943775145e-01
4.235294117647058765e-01 2.008032128514056214e-01
4.235294117647058765e-01 2.048192771084337283e-01
4.235294117647058765e-01 2.088353413654618351e-01
4.235294117647058765e-01 2.128514056224899698e-01
4.235294117647058765e-01 2.168674698795180766e-01
4.235294117647058765e-01 2.208835341365461835e-01
4.235294117647058765e-01 2.248995983935742904e-01
4.235294117647058765e-01 2.289156626506023973e-01
4.235294117647058765e-01 2.329317269076305319e-01
4.235294117647058765e-01 2.369477911646586388e-01
4.235294117647058765e-01 2.690763052208835493e-01
4.235294117647058765e-01 5.783132530120481674e-01
4.235294117647058765e-01 5.823293172690763297e-01
4.235294117647058765e-01 5.863453815261043811e-01
4.235294117647058765e-01 5.903614457831325435e-01
4.235294117647058765e-01 5.943775100401605949e-01
4.235294117647058765e-01 6.867469879518072196e-01
4.235294117647058765e-01 6.907630522088353819e-01
4.235294117647058765e-01 6.947791164658634333e-01
4.235294117647058765e-01 6.987951807228915957e-01
4.235294117647058765e-01 7.028112449799196471e-01
4.235294117647058765e-01 7.068273092369478094e-01
4.235294117647058765e-01 7.108433734939758608e-01
4.235294117647058765e-01 8.273092369477911268e-01
4.274509803921568429e-01 6.425702811244979329e-02
4.274509803921568429e-01 6.827309236947791404e-02
4.274509803921568429e-01 7.228915662650602092e-02
4.274509803921568429e-01 7.630522088353414167e-02
4.274509803921568429e-01 8.032128514056224855e-02
4.274509803921568429e-01 2.730923694779116562e-01
4.274509803921568429e-01 2.771084337349397630e-01
4.274509803921568429e-01 2.811244979919678699e-01
4.274509803921568429e-01 4.016064257028112428e-01
4.274509803921568429e-01 4.056224899598393496e-01
4.274509803921568429e-01 4.096385542168674565e-01
4.274509803921568429e-01 4.136546184738955634e-01
4.274509803921568429e-01 4.176706827309236703e-01
4.274509803921568429e-01 4.216867469879518326e-01
4.274509803921568429e-01 4.257028112449799395e-01
4.274509803921568429e-01 4.297188755020080464e-01
4.274509803921568429e-01 4.337349397590361533e-01
4.274509803921568429e-01 4.377510040160642601e-01
4.274509803921568429e-01 4.417670682730923670e-01
4.274509803921568429e-01 4.457831325301204739e-01
4.274509803921568429e-01 4.497991967871485808e-01
4.274509803921568429e-01 4.538152610441766877e-01
4.274509803921568429e-01 4.578313253012047945e-01
4.274509803921568429e-01 4.738955823293172775e-01
4.274509803921568429e-01 4.779116465863453844e-01
4.274509803921568429e-01 4.819277108433734913e-01
4.274509803921568429e-01 4.859437751004015982e-01
4.274509803921568429e-01 4.899598393574297051e-01
4.274509803921568429e-01 4.939759036144578119e-01
4.274509803921568429e-01 4.979919678714859188e-01
4.274509803921568429e-01 5.622489959839357399e-01
4.274509803921568429e-01 5.662650602409639022e-01
4.274509803921568429e-01 5.702811244979919536e-01
4.274509803921568429e-01 5.742971887550201160e-01
4.274509803921568429e-01 7.148594377510040232e-01
4.274509803921568429e-01 7.188755020080320746e-01
4.274509803921568429e-01 7.228915662650602370e-01
4.274509803921568429e-01 8.232931726907630754e-01
4.313725490196078649e-01 0.000000000000000000e+00
4.313725490196078649e-01 4.016064257028112081e-03
4.313725490196078649e-01 8.032128514056224161e-03
4.313725490196078649e-01 1.204819277108433798e-02
4.313725490196078649e-01 1.606425702811244832e-02
4.313725490196078649e-01 2.008032128514056214e-02
4.313725490196078649e-01 2.409638554216867595e-02
4.313725490196078649e-01 2.811244979919678630e-02
4.313725490196078649e-01 3.212851405622489664e-02
4.313725490196078649e-01 3.614457831325301046e-02
4.313725490196078649e-01 4.016064257028112428e-02
4.313725490196078649e-01 4.417670682730923809e-02
4.313725490196078649e-01 4.819277108433735191e-02
4.313725490196078649e-01 5.220883534136545878e-02
4.313725490196078649e-01 5.622489959839357260e-02
4.313725490196078649e-01 6.024096385542168641e-02
4.313725490196078649e-01 2.851405622489959768e-01
4.313725490196078649e-01 2.891566265060240837e-01
4.313725490196078649e-01 2.931726907630521906e-01
4.313725490196078649e-01 2.971887550200802974e-01
4.313725490196078649e-01 3.012048192771084598e-01
4.313725490196078649e-01 3.052208835341365667e-01
4.313725490196078649e-01 3.092369477911646736e-01
4.313725490196078649e-01 3.132530120481927804e-01
4.313725490196078649e-01 3.172690763052208873e-01
4.313725490196078649e-01 3.212851405622489942e-01
4.313725490196078649e-01 3.253012048192771011e-01
4.313725490196078649e-01 3.293172690763052080e-01
4.313725490196078649e-01 3.333333333333333148e-01
4.313725490196078649e-01 3.373493975903614217e-01
4.313725490196078649e-01 3.413654618473895841e-01
4.313725490196078649e-01 3.453815261044176910e-01
4.313725490196078649e-01 3.493975903614457978e-01
4.313725490196078649e-01 3.534136546184739047e-01
4.313725490196078649e-01 3.574297188755020116e-01
4.313725490196078649e-01 3.614457831325301185e-01
4.313725490196078649e-01 3.654618473895582254e-01
4.313725490196078649e-01 3.694779116465863322e-01
4.313725490196078649e-01 3.734939759036144391e-01
4.313725490196078649e-01 3.775100401606425460e-01
4.313725490196078649e-01 3.815261044176707084e-01
4.313725490196078649e-01 3.855421686746988152e-01
4.313725490196078649e-01 3.895582329317269221e-01
4.313725490196078649e-01 3.935742971887550290e-01
4.313725490196078649e-01 3.975903614457831359e-01
4.313725490196078649e-01 4.618473895582329569e-01
4.313725490196078649e-01 4.658634538152610638e-01
4.313725490196078649e-01 4.698795180722891707e-01
4.313725490196078649e-01 5.020080321285140812e-01
4.313725490196078649e-01 5.060240963855421326e-01
4.313725490196078649e-01 5.100401606425702949e-01
4.313725490196078649e-01 5.140562248995983463e-01
4.313725490196078649e-01 5.180722891566265087e-01
4.313725490196078649e-01 5.220883534136546711e-01
4.313725490196078649e-01 5.381526104417670986e-01
4.313725490196078649e-01 5.421686746987951500e-01
4.313725490196078649e-01 5.461847389558233123e-01
4.313725490196078649e-01 5.502008032128513637e-01
4.313725490196078649e-01 5.542168674698795261e-01
4.313725490196078649e-01 5.582329317269075775e-01
4.313725490196078649e-01 7.269076305220883993e-01
4.313725490196078649e-01 8.192771084337349130e-01
4.352941176470588314e-01 3.293172690763052080e-01
4.352941176470588314e-01 5.261044176706827225e-01
4.352941176470588314e-01 5.301204819277108848e-01
4.352941176470588314e-01 5.341365461847389362e-01
4.352941176470588314e-01 7.309236947791164507e-01
4.352941176470588314e-01 8.192771084337349130e-01
4.392156862745097978e-01 3.293172690763052080e-01
4.392156862745097978e-01 5.301204819277108848e-01
4.392156862745097978e-01 7.349397590361446131e-01
4.392156862745097978e-01 8.152610441767068616e-01
4.431372549019607643e-01 3.293172690763052080e-01
4.431372549019607643e-01 5.301204819277108848e-01
4.431372549019607643e-01 7.349397590361446131e-01
4.431372549019607643e-01 7.389558232931726645e-01
4.431372549019607643e-01 7.429718875502008268e-01
4.431372549019607643e-01 7.469879518072288782e-01
4.431372549019607643e-01 7.510040160642570406e-01
4.431372549019607643e-01 7.550200803212850920e-01
4.431372549019607643e-01 7.590361445783132543e-01
4.431372549019607643e-01 7.630522088353414167e-01
4.431372549019607643e-01 7.670682730923694681e-01
4.431372549019607643e-01 7.710843373493976305e-01
4.431372549019607643e-01 7.751004016064256819e-01
4.431372549019607643e-01 7.791164658634538442e-01
4.431372549019607643e-01 7.831325301204818956e-01
4.431372549019607643e-01 7.871485943775100580e-01
4.431372549019607643e-01 7.911646586345381094e-01
4.431372549019607643e-01 7.951807228915662717e-01
4.431372549019607643e-01 7.991967871485943231e-01
4.431372549019607643e-01 8.032128514056224855e-01
4.431372549019607643e-01 8.112449799196786993e-01
4.470588235294117863e-01 3.293172690763052080e-01
4.470588235294117863e-01 5.301204819277108848e-01
4.470588235294117863e-01 7.309236947791164507e-01
4.470588235294117863e-01 8.072289156626506479e-01
4.470588235294117863e-01 8.112449799196786993e-01
4.509803921568627527e-01 3.293172690763052080e-01
4.509803921568627527e-01 5.301204819277108848e-01
4.509803921568627527e-01 7.108433734939758608e-01
4.509803921568627527e-01 7.269076305220883993e-01
4.509803921568627527e-01 8.112449799196786993e-01
4.549019607843137192e-01 3.293172690763052080e-01
4.549019607843137192e-01 5.301204819277108848e-01
4.549019607843137192e-01 7.148594377510040232e-01
4.549019607843137192e-01 7.188755020080320746e-01
4.549019607843137192e-01 7.228915662650602370e-01
4.549019607843137192e-01 8.112449799196786993e-01
4.588235294117646856e-01 3.293172690763052080e-01
4.588235294117646856e-01 5.301204819277108848e-01
4.588235294117646856e-01 5.582329317269075775e-01
4.588235294117646856e-01 5.622489959839357399e-01
4.588235294117646856e-01 5.662650602409639022e-01
4.588235294117646856e-01 5.702811244979919536e-01
4.588235294117646856e-01 5.742971887550201160e-01
4.588235294117646856e-01 8.112449799196786993e-01
4.627450980392157076e-01 3.293172690763052080e-01
4.627450980392157076e-01 5.301204819277108848e-01
4.627450980392157076e-01 5.542168674698795261e-01
4.627450980392157076e-01 8.112449799196786993e-01
4.666666666666666741e-01 3.293172690763052080e-01
4.666666666666666741e-01 5.301204819277108848e-01
4.666666666666666741e-01 5.502008032128513637e-01
4.666666666666666741e-01 8.152610441767068616e-01
4.705882352941176405e-01 3.253012048192771011e-01
4.705882352941176405e-01 5.261044176706827225e-01
4.705882352941176405e-01 5.301204819277108848e-01
4.705882352941176405e-01 5.341365461847389362e-01
4.705882352941176405e-01 5.381526104417670986e-01
4.705882352941176405e-01 5.421686746987951500e-01
4.705882352941176405e-01 5.461847389558233123e-01
4.705882352941176405e-01 8.152610441767068616e-01
4.745098039215686070e-01 3.212851405622489942e-01
4.745098039215686070e-01 5.180722891566265087e-01
4.745098039215686070e-01 5.220883534136546711e-01
4.745098039215686070e-01 5.421686746987951500e-01
4.745098039215686070e-01 8.112449799196786993e-01
4.745098039215686070e-01 8.152610441767068616e-01
4.745098039215686070e-01 8.192771084337349130e-01
4.745098039215686070e-01 8.232931726907630754e-01
4.745098039215686070e-01 8.273092369477911268e-01
4.745098039215686070e-01 8.313253012048192891e-01
4.784313725490196290e-01 3.172690763052208873e-01
4.784313725490196290e-01 5.100401606425702949e-01
4.784313725490196290e-01 5.140562248995983463e-01
4.784313725490196290e-01 5.421686746987951500e-01
4.784313725490196290e-01 8.072289156626506479e-01
4.784313725490196290e-01 8.353413654618473405e-01
4.784313725490196290e-01 8.393574297188755029e-01
4.784313725490196290e-01 8.433734939759036653e-01
4.823529411764705954e-01 3.172690763052208873e-01
4.823529411764705954e-01 5.060240963855421326e-01
4.823529411764705954e-01 5.461847389558233123e-01
4.823529411764705954e-01 8.032128514056224855e-01
4.823529411764705954e-01 8.473895582329317167e-01
4.862745098039215619e-01 3.132530120481927804e-01
4.862745098039215619e-01 5.020080321285140812e-01
4.862745098039215619e-01 5.502008032128513637e-01
4.862745098039215619e-01 7.991967871485943231e-01
4.862745098039215619e-01 8.514056224899598790e-01
4.901960784313725283e-01 3.092369477911646736e-01
4.901960784313725283e-01 5.020080321285140812e-01
4.901960784313725283e-01 5.542168674698795261e-01
4.901960784313725283e-01 5.582329317269075775e-01
4.901960784313725283e-01 7.991967871485943231e-01
4.901960784313725283e-01 8.514056224899598790e-01
4.941176470588235503e-01 3.052208835341365667e-01
4.941176470588235503e-01 4.979919678714859188e-01
4.941176470588235503e-01 5.622489959839357399e-01
4.941176470588235503e-01 7.991967871485943231e-01
4.941176470588235503e-01 8.554216867469879304e-01
4.980392156862745168e-01 3.052208835341365667e-01
4.980392156862745168e-01 4.939759036144578119e-01
4.980392156862745168e-01 5.662650602409639022e-01
4.980392156862745168e-01 7.951807228915662717e-01
4.980392156862745168e-01 8.554216867469879304e-01
5.019607843137254832e-01 3.012048192771084598e-01
5.019607843137254832e-01 4.939759036144578119e-01
5.019607843137254832e-01 5.702811244979919536e-01
5.019607843137254832e-01 7.951807228915662717e-01
5.019607843137254832e-01 8.554216867469879304e-01
5.058823529411764497e-01 2.971887550200802974e-01
5.058823529411764497e-01 4.939759036144578119e-01
5.058823529411764497e-01 5.702811244979919536e-01
5.058823529411764497e-01 7.951807228915662717e-01
5.058823529411764497e-01 8.554216867469879304e-01
5.098039215686274161e-01 2.971887550200802974e-01
5.098039215686274161e-01 4.939759036144578119e-01
5.098039215686274161e-01 5.742971887550201160e-01
5.098039215686274161e-01 7.951807228915662717e-01
5.098039215686274161e-01 8.594377510040160928e-01
5.137254901960783826e-01 2.931726907630521906e-01
5.137254901960783826e-01 4.939759036144578119e-01
5.137254901960783826e-01 5.783132530120481674e-01
5.137254901960783826e-01 7.951807228915662717e-01
5.137254901960783826e-01 8.634538152610441442e-01
5.176470588235294601e-01 2.891566265060240837e-01
5.176470588235294601e-01 4.939759036144578119e-01
5.176470588235294601e-01 5.783132530120481674e-01
5.176470588235294601e-01 7.911646586345381094e-01
5.176470588235294601e-01 8.674698795180723065e-01
5.176470588235294601e-01 8.714859437751003579e-01
5.176470588235294601e-01 8.755020080321285203e-01
5.215686274509804266e-01 2.851405622489959768e-01
5.215686274509804266e-01 4.939759036144578119e-01
5.215686274509804266e-01 5.421686746987951500e-01
5.215686274509804266e-01 5.783132530120481674e-01
5.215686274509804266e-01 7.911646586345381094e-01
5.254901960784313930e-01 2.811244979919678699e-01
5.254901960784313930e-01 4.939759036144578119e-01
5.254901960784313930e-01 5.823293172690763297e-01
5.254901960784313930e-01 7.871485943775100580e-01
5.294117647058823595e-01 2.771084337349397630e-01
5.294117647058823595e-01 4.859437751004015982e-01
5.294117647058823595e-01 4.899598393574297051e-01
5.294117647058823595e-01 4.939759036144578119e-01
5.294117647058823595e-01 5.823293172690763297e-01
5.294117647058823595e-01 7.831325301204818956e-01
5.333333333333333259e-01 2.771084337349397630e-01
5.333333333333333259e-01 4.779116465863453844e-01
5.333333333333333259e-01 4.819277108433734913e-01
5.333333333333333259e-01 4.939759036144578119e-01
5.333333333333333259e-01 5.863453815261043811e-01
5.333333333333333259e-01 7.791164658634538442e-01
5.372549019607842924e-01 2.771084337349397630e-01
5.372549019607842924e-01 4.738955823293172775e-01
5.372549019607842924e-01 4.939759036144578119e-01
5.372549019607842924e-01 5.863453815261043811e-01
5.372549019607842924e-01 7.630522088353414167e-01
5.372549019607842924e-01 7.670682730923694681e-01
5.372549019607842924e-01 7.710843373493976305e-01
5.372549019607842924e-01 7.751004016064256819e-01
5.372549019607842924e-01 7.791164658634538442e-01
5.411764705882352589e-01 2.771084337349397630e-01
5.411764705882352589e-01 4.698795180722891707e-01
5.411764705882352589e-01 4.979919678714859188e-01
5.411764705882352589e-01 5.903614457831325435e-01
5.411764705882352589e-01 7.550200803212850920e-01
5.411764705882352589e-01 7.590361445783132543e-01
5.411764705882352589e-01 7.831325301204818956e-01
5.450980392156862253e-01 4.658634538152610638e-01
5.450980392156862253e-01 4.979919678714859188e-01
5.450980392156862253e-01 5.943775100401605949e-01
5.450980392156862253e-01 7.469879518072288782e-01
5.450980392156862253e-01 7.510040160642570406e-01
5.450980392156862253e-01 7.871485943775100580e-01
5.490196078431373028e-01 4.618473895582329569e-01
5.490196078431373028e-01 4.979919678714859188e-01
5.490196078431373028e-01 5.943775100401605949e-01
5.490196078431373028e-01 7.429718875502008268e-01
5.490196078431373028e-01 7.911646586345381094e-01
5.529411764705882693e-01 4.618473895582329569e-01
5.529411764705882693e-01 4.979919678714859188e-01
5.529411764705882693e-01 5.943775100401605949e-01
5.529411764705882693e-01 7.429718875502008268e-01
5.529411764705882693e-01 7.911646586345381094e-01
5.568627450980392357e-01 4.578313253012047945e-01
5.568627450980392357e-01 4.979919678714859188e-01
5.568627450980392357e-01 5.943775100401605949e-01
5.568627450980392357e-01 7.389558232931726645e-01
5.568627450980392357e-01 7.911646586345381094e-01
5.607843137254902022e-01 4.538152610441766877e-01
5.607843137254902022e-01 4.979919678714859188e-01
5.607843137254902022e-01 5.983935742971887572e-01
5.607843137254902022e-01 7.389558232931726645e-01
5.607843137254902022e-01 7.911646586345381094e-01
5.647058823529411686e-01 4.497991967871485808e-01
5.647058823529411686e-01 4.979919678714859188e-01
5.647058823529411686e-01 5.983935742971887572e-01
5.647058823529411686e-01 7.389558232931726645e-01
5.647058823529411686e-01 7.911646586345381094e-01
5.686274509803921351e-01 4.457831325301204739e-01
5.686274509803921351e-01 4.939759036144578119e-01
5.686274509803921351e-01 6.024096385542169196e-01
5.686274509803921351e-01 7.349397590361446131e-01
5.686274509803921351e-01 7.911646586345381094e-01
5.725490196078431016e-01 4.457831325301204739e-01
5.725490196078431016e-01 4.939759036144578119e-01
5.725490196078431016e-01 6.064257028112449710e-01
5.725490196078431016e-01 6.104417670682731334e-01
5.725490196078431016e-01 7.349397590361446131e-01
5.725490196078431016e-01 7.911646586345381094e-01
5.764705882352940680e-01 4.417670682730923670e-01
5.764705882352940680e-01 4.939759036144578119e-01
5.764705882352940680e-01 6.144578313253011848e-01
5.764705882352940680e-01 6.184738955823293471e-01
5.764705882352940680e-01 7.309236947791164507e-01
5.764705882352940680e-01 7.911646586345381094e-01
5.764705882352940680e-01 8.152610441767068616e-01
5.803921568627451455e-01 4.377510040160642601e-01
5.803921568627451455e-01 4.939759036144578119e-01
5.803921568627451455e-01 6.224899598393573985e-01
5.803921568627451455e-01 7.269076305220883993e-01
5.803921568627451455e-01 7.911646586345381094e-01
5.803921568627451455e-01 8.152610441767068616e-01
5.843137254901961120e-01 4.377510040160642601e-01
5.843137254901961120e-01 4.939759036144578119e-01
5.843137254901961120e-01 7.188755020080320746e-01
5.843137254901961120e-01 7.228915662650602370e-01
5.843137254901961120e-01 7.951807228915662717e-01
5.843137254901961120e-01 8.152610441767068616e-01
5.882352941176470784e-01 4.337349397590361533e-01
5.882352941176470784e-01 4.899598393574297051e-01
5.882352941176470784e-01 7.148594377510040232e-01
5.882352941176470784e-01 7.951807228915662717e-01
5.882352941176470784e-01 8.152610441767068616e-01
5.921568627450980449e-01 4.337349397590361533e-01
5.921568627450980449e-01 4.939759036144578119e-01
5.921568627450980449e-01 7.068273092369478094e-01
5.921568627450980449e-01 7.108433734939758608e-01
5.921568627450980449e-01 7.911646586345381094e-01
5.921568627450980449e-01 8.112449799196786993e-01
5.960784313725490113e-01 4.297188755020080464e-01
5.960784313725490113e-01 4.939759036144578119e-01
5.960784313725490113e-01 6.987951807228915957e-01
5.960784313725490113e-01 7.028112449799196471e-01
5.960784313725490113e-01 7.911646586345381094e-01
5.960784313725490113e-01 8.072289156626506479e-01
5.999999999999999778e-01 4.297188755020080464e-01
5.999999999999999778e-01 4.939759036144578119e-01
5.999999999999999778e-01 6.907630522088353819e-01
5.999999999999999778e-01 6.947791164658634333e-01
5.999999999999999778e-01 7.951807228915662717e-01
5.999999999999999778e-01 8.032128514056224855e-01
6.039215686274509443e-01 4.257028112449799395e-01
6.039215686274509443e-01 4.939759036144578119e-01
6.039215686274509443e-01 6.827309236947791682e-01
6.039215686274509443e-01 6.867469879518072196e-01
6.039215686274509443e-01 7.991967871485943231e-01
6.078431372549019107e-01 4.257028112449799395e-01
6.078431372549019107e-01 4.939759036144578119e-01
6.078431372549019107e-01 6.787148594377510058e-01
6.078431372549019107e-01 7.991967871485943231e-01
6.117647058823529882e-01 4.216867469879518326e-01
6.117647058823529882e-01 4.979919678714859188e-01
6.117647058823529882e-01 7.991967871485943231e-01
6.156862745098039547e-01 4.176706827309236703e-01
6.156862745098039547e-01 4.979919678714859188e-01
6.156862745098039547e-01 7.991967871485943231e-01
6.156862745098039547e-01 8.032128514056224855e-01
6.156862745098039547e-01 8.072289156626506479e-01
6.156862745098039547e-01 8.112449799196786993e-01
6.156862745098039547e-01 8.152610441767068616e-01
6.196078431372549211e-01 4.136546184738955634e-01
6.196078431372549211e-01 4.939759036144578119e-01
6.196078431372549211e-01 7.911646586345381094e-01
6.196078431372549211e-01 7.951807228915662717e-01
6.196078431372549211e-01 8.032128514056224855e-01
6.196078431372549211e-01 8.192771084337349130e-01
6.235294117647058876e-01 4.136546184738955634e-01
6.235294117647058876e-01 4.939759036144578119e-01
6.235294117647058876e-01 7.871485943775100580e-01
6.235294117647058876e-01 7.951807228915662717e-01
6.235294117647058876e-01 7.991967871485943231e-01
6.235294117647058876e-01 8.032128514056224855e-01
6.235294117647058876e-01 8.232931726907630754e-01
6.274509803921568540e-01 4.056224899598393496e-01
6.274509803921568540e-01 4.096385542168674565e-01
6.274509803921568540e-01 4.939759036144578119e-01
6.274509803921568540e-01 7.831325301204818956e-01
6.274509803921568540e-01 7.991967871485943231e-01
6.274509803921568540e-01 8.072289156626506479e-01
6.274509803921568540e-01 8.273092369477911268e-01
6.313725490196078205e-01 4.016064257028112428e-01
6.313725490196078205e-01 4.939759036144578119e-01
6.313725490196078205e-01 7.831325301204818956e-01
6.313725490196078205e-01 8.032128514056224855e-01
6.313725490196078205e-01 8.313253012048192891e-01
6.352941176470587870e-01 3.975903614457831359e-01
6.352941176470587870e-01 7.791164658634538442e-01
6.352941176470587870e-01 8.353413654618473405e-01
6.392156862745097534e-01 3.975903614457831359e-01
6.392156862745097534e-01 7.791164658634538442e-01
6.392156862745097534e-01 8.353413654618473405e-01
6.431372549019608309e-01 3.935742971887550290e-01
6.431372549019608309e-01 7.791164658634538442e-01
6.431372549019608309e-01 8.393574297188755029e-01
6.470588235294117974e-01 3.895582329317269221e-01
6.470588235294117974e-01 7.791164658634538442e-01
6.470588235294117974e-01 8.433734939759036653e-01
6.509803921568627638e-01 3.855421686746988152e-01
6.509803921568627638e-01 7.791164658634538442e-01
6.509803921568627638e-01 8.473895582329317167e-01
6.549019607843137303e-01 3.815261044176707084e-01
6.549019607843137303e-01 7.791164658634538442e-01
6.549019607843137303e-01 8.514056224899598790e-01
6.588235294117646967e-01 3.815261044176707084e-01
6.588235294117646967e-01 7.791164658634538442e-01
6.588235294117646967e-01 8.554216867469879304e-01
6.627450980392156632e-01 3.775100401606425460e-01
6.627450980392156632e-01 7.791164658634538442e-01
6.627450980392156632e-01 8.594377510040160928e-01
6.627450980392156632e-01 8.634538152610441442e-01
6.627450980392156632e-01 8.674698795180723065e-01
6.627450980392156632e-01 8.714859437751003579e-01
6.627450980392156632e-01 8.755020080321285203e-01
6.627450980392156632e-01 8.795180722891565717e-01
6.627450980392156632e-01 8.835341365461847341e-01
6.627450980392156632e-01 8.875502008032128964e-01
6.627450980392156632e-01 8.915662650602409478e-01
6.666666666666666297e-01 3.734939759036144391e-01
6.666666666666666297e-01 7.791164658634538442e-01
6.666666666666666297e-01 8.072289156626506479e-01
6.705882352941175961e-01 3.694779116465863322e-01
6.705882352941175961e-01 7.791164658634538442e-01
6.705882352941175961e-01 8.112449799196786993e-01
6.745098039215686736e-01 3.694779116465863322e-01
6.745098039215686736e-01 7.791164658634538442e-01
6.745098039215686736e-01 8.152610441767068616e-01
6.745098039215686736e-01 8.192771084337349130e-01
6.784313725490196401e-01 3.654618473895582254e-01
6.784313725490196401e-01 7.791164658634538442e-01
6.823529411764706065e-01 3.614457831325301185e-01
6.823529411764706065e-01 7.791164658634538442e-01
6.862745098039215730e-01 3.574297188755020116e-01
6.862745098039215730e-01 7.791164658634538442e-01
6.901960784313725394e-01 3.534136546184739047e-01
6.901960784313725394e-01 7.831325301204818956e-01
6.941176470588235059e-01 3.493975903614457978e-01
6.941176470588235059e-01 7.831325301204818956e-01
6.980392156862744724e-01 3.453815261044176910e-01
6.980392156862744724e-01 7.871485943775100580e-01
7.019607843137254388e-01 3.453815261044176910e-01
7.019607843137254388e-01 7.871485943775100580e-01
7.019607843137254388e-01 7.911646586345381094e-01
7.058823529411765163e-01 3.413654618473895841e-01
7.058823529411765163e-01 7.831325301204818956e-01
7.058823529411765163e-01 7.951807228915662717e-01
7.058823529411765163e-01 7.991967871485943231e-01
7.098039215686274828e-01 3.373493975903614217e-01
7.098039215686274828e-01 7.791164658634538442e-01
7.098039215686274828e-01 8.032128514056224855e-01
7.137254901960784492e-01 3.333333333333333148e-01
7.137254901960784492e-01 7.751004016064256819e-01
7.137254901960784492e-01 8.072289156626506479e-01
7.137254901960784492e-01 8.112449799196786993e-01
7.137254901960784492e-01 8.152610441767068616e-01
7.137254901960784492e-01 8.192771084337349130e-01
7.137254901960784492e-01 8.232931726907630754e-01
7.176470588235294157e-01 3.293172690763052080e-01
7.176470588235294157e-01 7.751004016064256819e-01
7.176470588235294157e-01 8.072289156626506479e-01
7.215686274509803821e-01 3.293172690763052080e-01
7.215686274509803821e-01 7.751004016064256819e-01
7.215686274509803821e-01 8.072289156626506479e-01
7.254901960784313486e-01 3.293172690763052080e-01
7.254901960784313486e-01 7.751004016064256819e-01
7.254901960784313486e-01 8.072289156626506479e-01
7.294117647058823151e-01 3.253012048192771011e-01
7.294117647058823151e-01 7.751004016064256819e-01
7.294117647058823151e-01 8.072289156626506479e-01
7.333333333333332815e-01 3.253012048192771011e-01
7.333333333333332815e-01 7.751004016064256819e-01
7.333333333333332815e-01 8.072289156626506479e-01
7.372549019607843590e-01 3.212851405622489942e-01
7.372549019607843590e-01 7.751004016064256819e-01
7.372549019607843590e-01 8.072289156626506479e-01
7.411764705882353255e-01 3.212851405622489942e-01
7.411764705882353255e-01 7.751004016064256819e-01
7.411764705882353255e-01 8.072289156626506479e-01
7.450980392156862919e-01 3.172690763052208873e-01
7.450980392156862919e-01 7.751004016064256819e-01
7.450980392156862919e-01 8.072289156626506479e-01
7.490196078431372584e-01 3.132530120481927804e-01
7.490196078431372584e-01 7.710843373493976305e-01
7.490196078431372584e-01 7.991967871485943231e-01
7.490196078431372584e-01 8.032128514056224855e-01
7.490196078431372584e-01 8.112449799196786993e-01
7.529411764705882248e-01 3.092369477911646736e-01
7.529411764705882248e-01 7.710843373493976305e-01
7.529411764705882248e-01 7.751004016064256819e-01
7.529411764705882248e-01 7.791164658634538442e-01
7.529411764705882248e-01 7.831325301204818956e-01
7.529411764705882248e-01 7.871485943775100580e-01
7.529411764705882248e-01 7.911646586345381094e-01
7.529411764705882248e-01 7.951807228915662717e-01
7.529411764705882248e-01 8.152610441767068616e-01
7.568627450980391913e-01 3.052208835341365667e-01
7.568627450980391913e-01 7.710843373493976305e-01
7.568627450980391913e-01 8.192771084337349130e-01
7.568627450980391913e-01 8.232931726907630754e-01
7.607843137254901578e-01 3.012048192771084598e-01
7.607843137254901578e-01 7.710843373493976305e-01
7.647058823529411242e-01 2.971887550200802974e-01
7.647058823529411242e-01 7.670682730923694681e-01
7.686274509803922017e-01 2.931726907630521906e-01
7.686274509803922017e-01 7.670682730923694681e-01
7.725490196078431682e-01 2.891566265060240837e-01
7.725490196078431682e-01 7.670682730923694681e-01
7.764705882352941346e-01 7.670682730923694681e-01
7.803921568627451011e-01 7.670682730923694681e-01
7.843137254901960675e-01 7.630522088353414167e-01
7.882352941176470340e-01 7.630522088353414167e-01
7.921568627450980005e-01 7.590361445783132543e-01
7.960784313725489669e-01 7.590361445783132543e-01
8.000000000000000444e-01 7.590361445783132543e-01
8.039215686274510109e-01 7.550200803212850920e-01
8.078431372549019773e-01 7.550200803212850920e-01
8.117647058823529438e-01 7.510040160642570406e-01
8.156862745098039102e-01 7.510040160642570406e-01
8.196078431372548767e-01 7.510040160642570406e-01
8.235294117647058432e-01 7.510040160642570406e-01
8.274509803921568096e-01 7.510040160642570406e-01
8.313725490196078871e-01 7.510040160642570406e-01
8.352941176470588536e-01 7.510040160642570406e-01
8.392156862745098200e-01 7.469879518072288782e-01
8.431372549019607865e-01 7.469879518072288782e-01
8.470588235294117530e-01 7.429718875502008268e-01
8.509803921568627194e-01 7.429718875502008268e-01
8.549019607843136859e-01 7.429718875502008268e-01
8.588235294117646523e-01 7.389558232931726645e-01
8.627450980392157298e-01 7.389558232931726645e-01
8.666666666666666963e-01 7.349397590361446131e-01
8.705882352941176627e-01 7.349397590361446131e-01
8.745098039215686292e-01 7.349397590361446131e-01
8.784313725490195957e-01 7.349397590361446131e-01
8.823529411764705621e-01 7.309236947791164507e-01
8.862745098039215286e-01 7.309236947791164507e-01
8.901960784313724950e-01 7.309236947791164507e-01
8.941176470588235725e-01 7.269076305220883993e-01
8.980392156862745390e-01 7.269076305220883993e-01
9.019607843137255054e-01 7.269076305220883993e-01
9.058823529411764719e-01 7.269076305220883993e-01
9.098039215686274384e-01 7.269076305220883993e-01
9.137254901960784048e-01 7.269076305220883993e-01
9.176470588235293713e-01 7.228915662650602370e-01
9.215686274509803377e-01 7.188755020080320746e-01
9.254901960784314152e-01 7.188755020080320746e-01
9.294117647058823817e-01 7.188755020080320746e-01
9.333333333333333481e-01 7.188755020080320746e-01
9.372549019607843146e-01 7.148594377510040232e-01
9.411764705882352811e-01 7.148594377510040232e-01
9.450980392156862475e-01 7.148594377510040232e-01
9.490196078431372140e-01 7.148594377510040232e-01
9.529411764705881804e-01 7.148594377510040232e-01
9.568627450980392579e-01 7.148594377510040232e-01
9.607843137254902244e-01 7.108433734939758608e-01
9.647058823529411908e-01 7.108433734939758608e-01
9.686274509803921573e-01 7.068273092369478094e-01
9.725490196078431238e-01 7.068273092369478094e-01
9.764705882352940902e-01 7.068273092369478094e-01
9.803921568627450567e-01 7.028112449799196471e-01
9.843137254901960231e-01 7.028112449799196471e-01
9.882352941176471006e-01 7.028112449799196471e-01
9.921568627450980671e-01 6.987951807228915957e-01
9.960784313725490335e-01 6.907630522088353819e-01
9.960784313725490335e-01 6.947791164658634333e-01
9.960784313725490335e-01 6.987951807228915957e-01
9.960784313725490335e-01 7.028112449799196471e-01
1.000000000000000000e+00 6.867469879518072196e-01
1.000000000000000000e+00 7.068273092369478094e-01
1.000000000000000000e+00 7.108433734939758608e-01
1.000000000000000000e+00 7.148594377510040232e-01
