1.843631034716963768e-04 8.498810691840142928e-01
5.776308826170861721e-04 8.513335643096583416e-01
1.249579596333205700e-03 8.545413882842604059e-01
2.076754346489906311e-03 8.577612994288971171e-01
3.305700141936540604e-03 8.608347869906148864e-01
5.144837778061628342e-03 8.623603738253140527e-01
3.830327652394771576e-03 8.986021027681939666e-01
1.945584896020591259e-03 8.999687781484017046e-01
9.412647341378033161e-04 9.014307015181298732e-01
4.016064257028112081e-03 8.672199170124481604e-01
7.506498052405724195e-03 8.904211827045639405e-01
4.190265961822653082e-03 8.911314912708437896e-01
8.032128514056224161e-03 8.713692946058091415e-01
8.032128514056224161e-03 8.838174273858920849e-01
8.032128514056224161e-03 8.879668049792530660e-01
1.204819277108433798e-02 8.755186721991701226e-01
1.204819277108433798e-02 8.796680497925311037e-01
1.606425702811244832e-02 8.755186721991701226e-01
2.008032128514056214e-02 8.755186721991701226e-01
2.409638554216867595e-02 8.755186721991701226e-01
2.811244979919678630e-02 8.755186721991701226e-01
3.212851405622489664e-02 8.755186721991701226e-01
3.614457831325301046e-02 8.755186721991701226e-01
3.939578686275119201e-02 8.710994316662055148e-01
4.701636849629532017e-02 8.702961087711851285e-01
4.897650045129549323e-02 8.684563351581569002e-01
5.217843430225356516e-02 8.671872521246082322e-01
5.449306708667053106e-02 8.654165659119139598e-01
6.273699985783412481e-02 8.666544821919077712e-01
6.502353662651136346e-02 8.653510343157821971e-01
6.834937641948805875e-02 8.652410167143815833e-01
7.038043929875480165e-02 8.664404214234227020e-01
7.827667151783485044e-02 8.646794136167268441e-01
8.080342300851028892e-02 8.660279412307541058e-01
8.452484506274943188e-02 8.665438291519644842e-01
8.844624353783349380e-02 8.667841406441989527e-01
9.242248889445710269e-02 8.669150283986932770e-01
9.640853738888091606e-02 8.670777381067860112e-01
1.004076171866015998e-01 8.671733768843519208e-01
1.044096133736709675e-01 8.672550724387515508e-01
1.084097299021284794e-01 8.673360865815307186e-01
1.124039697805926802e-01 8.673973449059526608e-01
1.163622702319496716e-01 8.675207118232033388e-01
1.276346806616309171e-01 6.257674464631315381e-01
1.201732176768380289e-01 8.678175004916961477e-01
1.299423724225905463e-01 6.263525332233030873e-01
1.229846741584312841e-01 8.686846139627273367e-01
1.298726338572448458e-01 6.237350812643627229e-01
1.285140560871066429e-01 8.631866460364636673e-01
1.367101471882358477e-01 6.234759291019522642e-01
1.340434382913679168e-01 8.686846139627273367e-01
1.368866335769159670e-01 6.206676681377225613e-01
1.368548947729611720e-01 8.678175004916961477e-01
1.442434777249488598e-01 6.211598208811737187e-01
1.406658421960216565e-01 8.675207118232033388e-01
1.460148741334048317e-01 6.195597496754161604e-01
1.446241425855329943e-01 8.673973449059526608e-01
1.490074091183720972e-01 6.186502268011353500e-01
1.486183826295252308e-01 8.673360865815307186e-01
1.516186871839851902e-01 6.173502537477433272e-01
1.526245096837771653e-01 8.673016125704857693e-01
1.573732077517176475e-01 6.225888024111321251e-01
1.566294227347240775e-01 8.672338602319764611e-01
1.622017979861263282e-01 6.170234572547159679e-01
1.606336429776271668e-01 8.671594336611856413e-01
1.649822825205934929e-01 6.177667014472789653e-01
1.646296286839221135e-01 8.670311979823277504e-01
1.687782919952184324e-01 6.179564666000332274e-01
1.686216877687144455e-01 8.669150283986932770e-01
1.727216545490715960e-01 6.179728100306491889e-01
1.725919226968596065e-01 8.667376005051887766e-01
1.766849223858222573e-01 6.179101989892914482e-01
1.765043935501231787e-01 8.664368056362259374e-01
1.806424092814355731e-01 6.177752923450570144e-01
1.802117479186650939e-01 8.658392223316009328e-01
1.845697749512579533e-01 6.175503747709698565e-01
1.827144940752147007e-01 8.643745253813217566e-01
1.884178194626707492e-01 6.171727741076282747e-01
1.907794818283997385e-01 8.659159310502135831e-01
1.920106374526800441e-01 6.165003670085824616e-01
1.932822281595723557e-01 8.644512340999344069e-01
1.939591508093159167e-01 6.149687723428614028e-01
1.969835716412504656e-01 8.639001909634234089e-01
2.022749913457115301e-01 6.154771961065983454e-01
2.008871154183903829e-01 8.636598794129812795e-01
2.140502093292503405e-01 3.311653495573002037e-01
2.032266915242849636e-01 6.124791001695251147e-01
2.048432822333757786e-01 8.635641470193067271e-01
2.132462597018234818e-01 3.332376330897706684e-01
2.112668732678644745e-01 6.130308208869252873e-01
2.088113361895880815e-01 8.635641470193067271e-01
2.184789087754266668e-01 3.348864226088051343e-01
2.180678732824104238e-01 3.327384982354691934e-01
2.176259802785294462e-01 3.335263410359002867e-01
2.135130122900532890e-01 6.112330841481168342e-01
2.127675032083003182e-01 8.636598794129812795e-01
2.173873294258479028e-01 3.339398726772640491e-01
2.162172395500343292e-01 3.386337710930907852e-01
2.168739060283692843e-01 3.386123444019387696e-01
2.170082473629841580e-01 6.102133419537865144e-01
2.166710469054047017e-01 8.639001909634234089e-01
2.185642459293281326e-01 3.314829479738262141e-01
2.205504986553838143e-01 6.092242147189979029e-01
2.203723903143232354e-01 8.644512340999344069e-01
2.264945276509820749e-01 3.321765726238983807e-01
2.229696868415772248e-01 6.075133877222840262e-01
2.228751366454958249e-01 8.659159310502135831e-01
2.285391217741430669e-01 3.304189310681569514e-01
2.313628472915165990e-01 6.087298933619486041e-01
2.309401243986808627e-01 8.643745253813217566e-01
2.329317269076305319e-01 3.278008298755186734e-01
2.334844099285724450e-01 6.072852082054914780e-01
2.334428707298534800e-01 8.658392223316009328e-01
2.369477911646586388e-01 3.278008298755186734e-01
2.371671289232668012e-01 6.066344137855658181e-01
2.371502248364609211e-01 8.664368056362259374e-01
2.409638554216867457e-01 3.278008298755186734e-01
2.410626956970004509e-01 6.062914451379647351e-01
2.410626956970004509e-01 8.667376005051887766e-01
2.449799196787148525e-01 3.278008298755186734e-01
2.450269200402340197e-01 6.061605573834704108e-01
2.450329308252344185e-01 8.669150283986932770e-01
2.489120814487937317e-01 3.283901698694127735e-01
2.490100519188449546e-01 6.061048711329085625e-01
2.490249897499556830e-01 8.670311979823277504e-01
2.528156253205210979e-01 3.286304814198549029e-01
2.529979802806096578e-01 6.061048711329085625e-01
2.530269862621694066e-01 8.671128935330894016e-01
2.565169686275762251e-01 3.291815245563659009e-01
2.569811120591761755e-01 6.061605573834704108e-01
2.570341230478984107e-01 8.671733768843519208e-01
2.590197149587488701e-01 3.306462215066450772e-01
2.609453363514780966e-01 6.062914451379647351e-01
2.610441767171307048e-01 8.672199170124481604e-01
2.670847027119339079e-01 3.291048158377532507e-01
2.648578072047416687e-01 6.065922400069275744e-01
2.650542302029566533e-01 8.672664571405444001e-01
2.695874490431064974e-01 3.305695127880324269e-01
2.685651613986606012e-01 6.071898233115525789e-01
2.690673778409886641e-01 8.672804003600727007e-01
2.732948030769543624e-01 3.311670960926574314e-01
2.710679077298331907e-01 6.086545202618317552e-01
2.730783015002666292e-01 8.673016125704857693e-01
2.772072740902890020e-01 3.314678909616202707e-01
2.791328954830182285e-01 6.071131145929400397e-01
2.770844285336001578e-01 8.673360865815307186e-01
2.811775090984696690e-01 3.316453188551247711e-01
2.816356418141908180e-01 6.085778115432192159e-01
2.810786684957378712e-01 8.673973449059526608e-01
2.851695679813541773e-01 3.317614884387592444e-01
2.853429958480386830e-01 6.091753948478442204e-01
2.850369691289937890e-01 8.675207118232033388e-01
2.891715644126228724e-01 3.318431839895208957e-01
2.892554668613733226e-01 6.094761897168070597e-01
2.888479163264995875e-01 8.678175004916961477e-01
2.931787015239509797e-01 3.319036673407834148e-01
2.932257017458627102e-01 6.096536176103115601e-01
2.916533621977154267e-01 8.686380737946133301e-01
2.971887550097769282e-01 3.319502074688796545e-01
2.972117502093636898e-01 6.097232470694877726e-01
2.966351806070191555e-01 8.631770534139451279e-01
3.012048192874118291e-01 3.319502074688796545e-01
3.012048192824131054e-01 6.097444592653489259e-01
3.012048192771084598e-01 8.672199170124481604e-01
3.052208835444399360e-01 3.319502074688796545e-01
3.051978883448531743e-01 6.097232470694877726e-01
3.052208835341365667e-01 8.672199170124481604e-01
3.092369477401159528e-01 3.319502074688796545e-01
3.091670326487886977e-01 6.096114438025694859e-01
3.138417521207387817e-01 8.039826881024537686e-01
3.092369477911646736e-01 8.672199170124481604e-01
3.132530121601254658e-01 3.319502074688796545e-01
3.131126324140890427e-01 6.093808048519719911e-01
3.132635811851681717e-01 8.063531911495254167e-01
3.157787928638239316e-01 8.063496591231527066e-01
3.132530120481927804e-01 8.672199170124481604e-01
3.172690762949175181e-01 3.319502074688796545e-01
3.169873747131908837e-01 6.090113079755981040e-01
3.156379439782007190e-01 8.130763506369966809e-01
3.176863445581524226e-01 8.146393436936592014e-01
3.198251453607930395e-01 8.163147698532349228e-01
3.172690763052208873e-01 8.672199170124481604e-01
3.212851406132977150e-01 3.319502074688796545e-01
3.206501232123986078e-01 6.083651495048258973e-01
3.193045822916604770e-01 8.237080882125653591e-01
3.216483099748432828e-01 8.257786460151586017e-01
3.242675979634799255e-01 8.283925385792118012e-01
3.212851405622489942e-01 8.672199170124481604e-01
3.253012048089737318e-01 3.319502074688796545e-01
3.230689789746405416e-01 6.068322996491049004e-01
3.253012048192771011e-01 8.340248962655602005e-01
3.253012048192771011e-01 8.630705394190871793e-01
3.293172691273539288e-01 3.319502074688796545e-01
3.311683029613371465e-01 6.080601283086316533e-01
3.293172690763052080e-01 8.381742738589211816e-01
3.293172690763052080e-01 8.423236514522821627e-01
3.293172690763052080e-01 8.464730290456431439e-01
3.293172690763052080e-01 8.506224066390041250e-01
3.293172690763052080e-01 8.589211618257260872e-01
3.333273226947615631e-01 3.319967475969758941e-01
3.333863443161438345e-01 6.061140172444602348e-01
3.333333333333333148e-01 8.547717842323651061e-01
3.333333333333333148e-01 8.589211618257260872e-01
3.373344596428353714e-01 3.320572309482384132e-01
3.356262100804372484e-01 6.042291647957490630e-01
3.373493975903614217e-01 8.589211618257260872e-01
3.413364560331768605e-01 3.321389264990000645e-01
3.434367928696968608e-01 6.056644534750134090e-01
3.413654618473895841e-01 8.630705394190871793e-01
3.453285149578981250e-01 3.322550960826345379e-01
3.455223035878837723e-01 6.046759765653163532e-01
3.453815261044176910e-01 8.630705394190871793e-01
3.500509241737994048e-01 9.356004761365779299e-01
3.492987499260610251e-01 3.324325239761390383e-01
3.476548301762935056e-01 6.054523408005237917e-01
3.493975903614457978e-01 8.672199170124481604e-01
3.521673581338521375e-01 9.342729031350811564e-01
3.498234184583682849e-01 9.333221959104738286e-01
3.532112210194311985e-01 3.327333188451018775e-01
3.553482032255699807e-01 6.035996170451717324e-01
3.534136546184739047e-01 8.672199170124481604e-01
3.550138457320129448e-01 9.290229608460582877e-01
3.569185750532790635e-01 3.333309021497268820e-01
3.578789243623043959e-01 6.048868861019464083e-01
3.574297188755020116e-01 8.672199170124481604e-01
3.584187037052481983e-01 9.249492740502274213e-01
3.594213213844516530e-01 3.347955991000060583e-01
3.615902049830940768e-01 6.054034553438277788e-01
3.612738216077734932e-01 8.664185035760278986e-01
3.626479705170088663e-01 9.208239534793950520e-01
3.674863091376366908e-01 3.332541934311142873e-01
3.654927388864209759e-01 6.057387242020076945e-01
3.655563975856396253e-01 8.668196435047543780e-01
3.668234028094204957e-01 9.171097481460744882e-01
3.699890554688092803e-01 3.347188903813934635e-01
3.694091675695883592e-01 6.060752705000659324e-01
3.695238216149075439e-01 8.669890241454818458e-01
3.744298734507676696e-01 9.133553329023872402e-01
3.736964095026571453e-01 3.353164736860184680e-01
3.732790090164719299e-01 6.064989058852979786e-01
3.735089138102132278e-01 8.671128935330894016e-01
3.792586116490503922e-01 9.109644039139862537e-01
3.776088805159917849e-01 3.356172685549813073e-01
3.769345663375235911e-01 6.072468866098524876e-01
3.775160507587417835e-01 8.671733768843519208e-01
3.775100401606425460e-01 9.087136929460580825e-01
3.815791154441369737e-01 3.357946964484858077e-01
3.793668758692631537e-01 6.088628166092412419e-01
3.815261044279740776e-01 8.672199170124481604e-01
3.815261044176707084e-01 9.045643153526971014e-01
3.855651638949050275e-01 3.358643259076620202e-01
3.874508860024500345e-01 6.076376045004878712e-01
3.855421686746988152e-01 8.672199170124481604e-01
3.855421686746988152e-01 9.045643153526971014e-01
3.895582328449315179e-01 3.358855381035231735e-01
3.894819489981320992e-01 6.093675936920051051e-01
3.895582329317269221e-01 8.672199170124481604e-01
3.895582329317269221e-01 9.045643153526971014e-01
3.935513020085665836e-01 3.358643259076620202e-01
3.928077885000704761e-01 6.106727781354863716e-01
3.973822665801010068e-01 6.876517236860724136e-01
3.956014658258966143e-01 6.889338239024975774e-01
3.949241285379714306e-01 6.913436687072251896e-01
3.943532369383349057e-01 6.941757603679856725e-01
3.941519280713721152e-01 6.963842780139930522e-01
3.937586602922267254e-01 6.978367731396372120e-01
3.935742971887550290e-01 8.672199170124481604e-01
3.935742971887550290e-01 9.045643153526971014e-01
3.975373502992635699e-01 3.357946964484858077e-01
3.950547388788447356e-01 6.126061142770056200e-01
3.994398648185790157e-01 6.827396087365851240e-01
3.975903614457831359e-01 8.672199170124481604e-01
3.975903614457831359e-01 9.045643153526971014e-01
4.015075853474620038e-01 3.356172685549813073e-01
4.016064257028112428e-01 6.141078838174274246e-01
4.034687899418706314e-01 6.776690604503332604e-01
4.016064257028112428e-01 8.672199170124481604e-01
4.016064257028112428e-01 9.045643153526971014e-01
4.016064257028112428e-01 9.087136929460580825e-01
4.016064257028112428e-01 9.128630705394190636e-01
4.016064257028112428e-01 9.170124481327800448e-01
4.016874504830404424e-01 9.143774141132429145e-01
4.054200562880370673e-01 3.353164736860184680e-01
4.056224899598393496e-01 6.141078838174274246e-01
4.083501037442121562e-01 6.735947833124054096e-01
4.056224899598393496e-01 8.672199170124481604e-01
4.056224899598393496e-01 9.004149377593361203e-01
4.015221122884187754e-01 9.215631303097280291e-01
4.036568640497509297e-01 9.233960797874976034e-01
4.044934535398144182e-01 9.247512489101266109e-01
4.091274105692674912e-01 3.347188903813934635e-01
4.096385542168674565e-01 6.141078838174274246e-01
4.068838992487100459e-01 6.704906954157603405e-01
4.096385542168674565e-01 8.672199170124481604e-01
4.096385542168674565e-01 8.962655601659751392e-01
4.116301567258170979e-01 3.332541934311142873e-01
4.136546184738955634e-01 6.141078838174274246e-01
4.116381260530880826e-01 6.660613673787439959e-01
4.136546184738955634e-01 8.672199170124481604e-01
4.136546184738955634e-01 8.879668049792530660e-01
4.136546184738955634e-01 8.921161825726141581e-01
4.196951444790021357e-01 3.347955991000060583e-01
4.176706827309236703e-01 6.182572614107884057e-01
4.185273346554742036e-01 6.597795163410810071e-01
4.151373600650832829e-01 6.601174864821383048e-01
4.176706827309236703e-01 8.713692946058091415e-01
4.176706827309236703e-01 8.755186721991701226e-01
4.176706827309236703e-01 8.796680497925311037e-01
4.176706827309236703e-01 8.838174273858920849e-01
4.221918801706935342e-01 3.333774423178408886e-01
4.216867469879518326e-01 6.224066390041493868e-01
4.216867469879518326e-01 6.431535269709544034e-01
4.222301900665926810e-01 6.457705145491156040e-01
4.208260151720325526e-01 6.492352545661349561e-01
4.187129182903747138e-01 6.518800961398577565e-01
4.216867469879518326e-01 8.755186721991701226e-01
4.258903068082756094e-01 3.328403423026327634e-01
4.257028112449799395e-01 6.265560165975103679e-01
4.257028112449799395e-01 6.307053941908713490e-01
4.257028112449799395e-01 6.348547717842323301e-01
4.257028112449799395e-01 6.390041493775933112e-01
4.257028112449799395e-01 8.755186721991701226e-01
4.297887100049457842e-01 3.326212430208113635e-01
4.297188755020080464e-01 6.265560165975103679e-01
4.297188755020080464e-01 8.713692946058091415e-01
4.337349396828500958e-01 3.325599846963894213e-01
4.337349397590361533e-01 6.224066390041493868e-01
4.337349397590361533e-01 8.713692946058091415e-01
4.376811696295418441e-01 3.326212430208113635e-01
4.377510040160642601e-01 6.224066390041493868e-01
4.377510040160642601e-01 8.713692946058091415e-01
4.412385430280493237e-01 9.505174660014714672e-01
4.394646582752840258e-01 9.519301341649500925e-01
4.386922687502020635e-01 9.541541885998084949e-01
4.382781739207358696e-01 9.551935467030466809e-01
4.415795726079332906e-01 3.328403423026327634e-01
4.417670682730923670e-01 6.182572614107884057e-01
4.417670682730923670e-01 8.713692946058091415e-01
4.444118031958888548e-01 9.433682484386094469e-01
4.411992257653574723e-01 9.436381704152727590e-01
4.452779993473787723e-01 3.333774423178408886e-01
4.457831325301204739e-01 6.182572614107884057e-01
4.457831325301204739e-01 8.713692946058091415e-01
4.457831325301204739e-01 9.336099585062240802e-01
4.457831325301204739e-01 9.377593360995850613e-01
4.477747350390701153e-01 3.347955991000060583e-01
4.497991967871485808e-01 6.182572614107884057e-01
4.497991967871485808e-01 8.713692946058091415e-01
4.497991967871485808e-01 9.294605809128630991e-01
4.558397227922551531e-01 3.332541934311142873e-01
4.558647253109239239e-01 6.176028966930737774e-01
4.538152610441766877e-01 8.713692946058091415e-01
4.538152610441766877e-01 9.253112033195021180e-01
4.583424689488047599e-01 3.347188903813934635e-01
4.588617772685857354e-01 6.156960161662703435e-01
4.578313253012047945e-01 8.713692946058091415e-01
4.578313253012047945e-01 9.253112033195021180e-01
4.618473895582329569e-01 3.360995850622406911e-01
4.669264545421075163e-01 3.884562577383739446e-01
4.624725459482479928e-01 6.149663680609358529e-01
4.618473895582329569e-01 8.713692946058091415e-01
4.618473895582329569e-01 9.211618257261410259e-01
4.658634538152610638e-01 3.360995850622406911e-01
4.692115128361975529e-01 3.853674195359047538e-01
4.660038332892937341e-01 6.146855851895218770e-01
4.658634538152610638e-01 8.713692946058091415e-01
4.658634538152610638e-01 9.211618257261410259e-01
4.698795180722891707e-01 3.360995850622406911e-01
4.735751296814351696e-01 3.826050913720719926e-01
4.703663217790245432e-01 3.817418764318297186e-01
4.699494330109383333e-01 6.144549462389243821e-01
4.698795180722891707e-01 8.713692946058091415e-01
4.698795180722891707e-01 9.170124481327800448e-01
4.698795180722891707e-01 9.211618257261410259e-01
4.738955823293172775e-01 3.360995850622406911e-01
4.772211750557863175e-01 3.787424813871971274e-01
4.739245881016932449e-01 6.142966028475478346e-01
4.738955823293172775e-01 8.713692946058091415e-01
4.738955823293172775e-01 9.128630705394190636e-01
4.738955823293172775e-01 9.253112033195021180e-01
4.779116465863453844e-01 3.360995850622406911e-01
4.757859521698820093e-01 3.753308767135954405e-01
4.779265845338714347e-01 6.142149072967861834e-01
4.779116465863453844e-01 8.755186721991701226e-01
4.779116465863453844e-01 8.796680497925311037e-01
4.779116465863453844e-01 8.838174273858920849e-01
4.779116465863453844e-01 8.879668049792530660e-01
4.779116465863453844e-01 8.921161825726141581e-01
4.779116465863453844e-01 8.962655601659751392e-01
4.779116465863453844e-01 9.004149377593361203e-01
4.779116465863453844e-01 9.045643153526971014e-01
4.779116465863453844e-01 9.087136929460580825e-01
4.779116465863453844e-01 9.294605809128630991e-01
4.779116465863453844e-01 9.336099585062240802e-01
4.743654840779172877e-01 9.339859888577810576e-01
4.750179221075641611e-01 9.368721444924899000e-01
4.758357707098739842e-01 9.395514149663204417e-01
4.770793122509176531e-01 9.413301142056267334e-01
4.819277108433734913e-01 3.360995850622406911e-01
4.802813361418512006e-01 3.714130999524285492e-01
4.819337214819452431e-01 6.141544239455236642e-01
4.819277108433734913e-01 8.755186721991701226e-01
4.859437751004015982e-01 3.360995850622406911e-01
4.859437751004015982e-01 3.651452282157676144e-01
4.859437751004015982e-01 3.692946058091286510e-01
4.859437751715889320e-01 6.141078838174274246e-01
4.859437751004015982e-01 8.755186721991701226e-01
4.899598393574297051e-01 3.360995850622406911e-01
4.899598393574297051e-01 3.526970954356846710e-01
4.899598393574297051e-01 3.568464730290456521e-01
4.899598393574297051e-01 3.609958506224066332e-01
4.899538287188579533e-01 6.140613436893311849e-01
4.899598393574297051e-01 8.755186721991701226e-01
4.939759036144578119e-01 3.360995850622406911e-01
4.939759036144578119e-01 3.402489626556016722e-01
4.939759036144578119e-01 3.443983402489626533e-01
4.939759036144578119e-01 3.485477178423236344e-01
4.943044206677341124e-01 6.139121463840404580e-01
4.939759036144578119e-01 8.755186721991701226e-01
4.979919678714859188e-01 3.360995850622406911e-01
4.998552058075356186e-01 5.460952362258187920e-01
5.014014201422023476e-01 5.451770316934042571e-01
4.979919678714859188e-01 6.141078838174274246e-01
4.979919678714859188e-01 8.755186721991701226e-01
5.020080321285140812e-01 3.360995850622406911e-01
5.026065129370627105e-01 5.514250896442141059e-01
5.060147448259604275e-01 5.510395071534459621e-01
5.020080321285140812e-01 6.141078838174274246e-01
5.020080321285140812e-01 8.755186721991701226e-01
5.060240963855421326e-01 3.360995850622406911e-01
5.111043208660220882e-01 5.560447088529179016e-01
5.060240963855421326e-01 6.141078838174274246e-01
5.060240963855421326e-01 8.755186721991701226e-01
5.100401606425702949e-01 3.360995850622406911e-01
5.100401606425702949e-01 5.601659751037344481e-01
5.100401606425702949e-01 6.141078838174274246e-01
5.100401606425702949e-01 8.755186721991701226e-01
5.140562248995983463e-01 3.360995850622406911e-01
5.140562248995983463e-01 5.643153526970954292e-01
5.140562248995983463e-01 6.141078838174274246e-01
5.140562248995983463e-01 8.755186721991701226e-01
5.180722891566265087e-01 3.360995850622406911e-01
5.180722891566265087e-01 5.643153526970954292e-01
5.180722891566265087e-01 6.141078838174274246e-01
5.180722891566265087e-01 8.755186721991701226e-01
5.220883534136546711e-01 3.360995850622406911e-01
5.220883534136546711e-01 5.684647302904564103e-01
5.220883534136546711e-01 6.099585062240664435e-01
5.355801497432721714e-01 6.595298251971849490e-01
5.220883534136546711e-01 8.755186721991701226e-01
5.261044176706827225e-01 3.360995850622406911e-01
5.261044176706827225e-01 5.684647302904564103e-01
5.261044176706827225e-01 5.726141078838173915e-01
5.261044176706827225e-01 5.892116182572614269e-01
5.261044176706827225e-01 5.933609958506224080e-01
5.261044176706827225e-01 5.975103734439833891e-01
5.261044176706827225e-01 6.016597510373443702e-01
5.261044176706827225e-01 6.058091286307053513e-01
5.261044176706827225e-01 6.099585062240664435e-01
5.261044176706827225e-01 6.597510373443983278e-01
5.261044176706827225e-01 8.755186721991701226e-01
5.261044176706827225e-01 8.796680497925311037e-01
5.261044176706827225e-01 8.838174273858920849e-01
5.261044176706827225e-01 8.879668049792530660e-01
5.261044176706827225e-01 8.921161825726141581e-01
5.261044176706827225e-01 8.962655601659751392e-01
5.261044176706827225e-01 9.004149377593361203e-01
5.261044176706827225e-01 9.045643153526971014e-01
5.259769858359840677e-01 9.080065031025338351e-01
5.261481030695330796e-01 9.128577852974505413e-01
5.262049106870444470e-01 9.169993082453654631e-01
5.262817118902939351e-01 9.211362968847073285e-01
5.263910851328882368e-01 9.252645026546770790e-01
5.265585779973088743e-01 9.293733522218905474e-01
5.268440618940412046e-01 9.334306261017102369e-01
5.274186857688955010e-01 9.373019227505172690e-01
5.288833829520053209e-01 9.400336614643760580e-01
5.288833829520053209e-01 9.926907103363795670e-01
5.274186857688955010e-01 9.924914930015802383e-01
5.343045300848962009e-01 7.192018873945141277e-02
5.343704709828079880e-01 7.320062644321749523e-02
5.301204819277108848e-01 3.360995850622406911e-01
5.301204819277108848e-01 5.643153526970954292e-01
5.301204819277108848e-01 5.767634854771783726e-01
5.301204819277108848e-01 5.809128630705394647e-01
5.301204819277108848e-01 5.850622406639004458e-01
5.301204819277108848e-01 6.099585062240664435e-01
5.301204819277108848e-01 6.597510373443983278e-01
5.301204819277108848e-01 8.713692946058091415e-01
5.273415166463882864e-01 9.479331435148770080e-01
5.288062138294981063e-01 9.506648822287357969e-01
5.293808377043524027e-01 9.545361789503025163e-01
5.296663216010847330e-01 9.585934525099800707e-01
5.297901290630170346e-01 9.626970170616891975e-01
5.298426946844619900e-01 9.668173681225481486e-01
5.298863800869503260e-01 9.705808836301591525e-01
5.298906220866547168e-01 9.742903811569688655e-01
5.298436158206959457e-01 9.779178421452633385e-01
5.296675051956617475e-01 9.814100961086892339e-01
5.292603741561242581e-01 9.845891820297758557e-01
5.280811611607850731e-01 9.864360391803828065e-01
5.364613508483970783e-01 1.682845670420722584e-02
5.351641467916423700e-01 1.886798470489742599e-02
5.346988961593823753e-01 2.217426193207579568e-02
5.344902134877274058e-01 2.575543182283732482e-02
5.343795282444561145e-01 2.945342815613482407e-02
5.343138404043501488e-01 3.322054958832166421e-02
5.341933537949743460e-01 3.735225294385826483e-02
5.340797385672275688e-01 4.148592128543541341e-02
5.340029373676160596e-01 4.562291007939139192e-02
5.339503717461711041e-01 4.975897029653725961e-02
5.338596800777239970e-01 5.388020905878596056e-02
5.336835694526897989e-01 5.795865456372716051e-02
5.332764384131523094e-01 6.187047892217756306e-02
5.321409107329899690e-01 6.468903657417991726e-02
5.323838929091224692e-01 8.048719323300118633e-02
5.337305987106746308e-01 8.327050830000388981e-02
5.344632746621145181e-01 8.707525008376779119e-02
5.352647635065594933e-01 9.085372465646233964e-02
5.368023464600200079e-01 9.317755616072920244e-02
5.385943426428938530e-01 1.759157781754871475e-01
5.384745238027179859e-01 1.771313661421529406e-01
5.341365461847389362e-01 3.360995850622406911e-01
5.341365461847389362e-01 5.601659751037344481e-01
5.341365461847389362e-01 6.141078838174274246e-01
5.341365461847389362e-01 6.182572614107884057e-01
5.341365461847389362e-01 6.224066390041493868e-01
5.341365461847389362e-01 6.265560165975103679e-01
5.341365461847389362e-01 6.307053941908713490e-01
5.341365461847389362e-01 6.348547717842323301e-01
5.341365461847389362e-01 6.390041493775933112e-01
5.341365461847389362e-01 6.431535269709544034e-01
5.341365461847389362e-01 6.473029045643153845e-01
5.341365461847389362e-01 6.514522821576763656e-01
5.341365461847389362e-01 6.556016597510373467e-01
5.341365461847389362e-01 6.597510373443983278e-01
5.341365461847389362e-01 6.639004149377593089e-01
5.370429434026235960e-01 8.366071382794467715e-01
5.341365461847389362e-01 8.381742738589211816e-01
5.341365461847389362e-01 8.423236514522821627e-01
5.341365461847389362e-01 8.464730290456431439e-01
5.341365461847389362e-01 8.506224066390041250e-01
5.341365461847389362e-01 8.547717842323651061e-01
5.341365461847389362e-01 8.589211618257260872e-01
5.341365461847389362e-01 8.630705394190871793e-01
5.341365461847389362e-01 8.672199170124481604e-01
5.374129662184086165e-01 7.786587812006473541e-03
5.368383423435543200e-01 8.726928164772843055e-03
5.353736451604445001e-01 9.993189159892808607e-03
5.356344331764657518e-01 1.014320979578830079e-01
5.373183823200915477e-01 1.040859405023550205e-01
5.382664786545601210e-01 1.078098967248241613e-01
5.392205257910345217e-01 1.115092611127761063e-01
5.409243309647817632e-01 1.140606207174106046e-01
5.405694141761441252e-01 1.636050153587446376e-01
5.386468317835633179e-01 1.660773109664154534e-01
5.368529338399921080e-01 1.686080942284006734e-01
5.363342692387331745e-01 1.842885773485966883e-01
5.374934886010405144e-01 1.870921766794821917e-01
5.379206133318175098e-01 1.909837574321009424e-01
5.381624117942291896e-01 1.950357460326628545e-01
5.384205963298254183e-01 1.991164566869094987e-01
5.387987068631727716e-01 2.031454344803449996e-01
5.394572009342764041e-01 2.069877374421416893e-01
5.410446461998899004e-01 2.096779586687390340e-01
5.381526104417670986e-01 3.360995850622406911e-01
5.381526104417670986e-01 5.435684647302904127e-01
5.381526104417670986e-01 5.477178423236515048e-01
5.381526104417670986e-01 5.518672199170124859e-01
5.381526104417670986e-01 5.560165975103734670e-01
5.381526104417670986e-01 6.348547717842323301e-01
5.381526104417670986e-01 6.680497925311202900e-01
5.381526104417670986e-01 6.721991701244813822e-01
5.381526104417670986e-01 6.763485477178423633e-01
5.381526104417670986e-01 6.804979253112033444e-01
5.381526104417670986e-01 6.846473029045643255e-01
5.381526104417670986e-01 6.887966804979253066e-01
5.377910395570606461e-01 6.922924610306953053e-01
5.381089250429167414e-01 6.971007210489428285e-01
5.381526104417670986e-01 7.012448132677048251e-01
5.381526104417670986e-01 7.053941909018113243e-01
5.381526104417670986e-01 7.095435684951723054e-01
5.381526104417670986e-01 7.136929460885332865e-01
5.381526104417670986e-01 7.178423237025010062e-01
5.381526104417670986e-01 7.219917012143712842e-01
5.381526104417670986e-01 7.261410788278708228e-01
5.381526104417670986e-01 7.302904564010932464e-01
5.381526104417670986e-01 7.344398340351997456e-01
5.381526104417670986e-01 7.385892114857178781e-01
5.381526104417670986e-01 7.427385892420602653e-01
5.381526104417670986e-01 7.468879666724398403e-01
5.381526104417670986e-01 7.510373445308796692e-01
5.381526104417670986e-01 7.551867221242406503e-01
5.381526104417670986e-01 7.593360997377402999e-01
5.381526104417670986e-01 7.634854771681198748e-01
5.381526104417670986e-01 7.676348547820877055e-01
5.381526104417670986e-01 7.717842322124671695e-01
5.381526104417670986e-01 7.759336100503003708e-01
5.381526104417670986e-01 7.800829874193278002e-01
5.381526104417670986e-01 7.842323651962769260e-01
5.381526104417670986e-01 7.883817428711286102e-01
5.381526104417670986e-01 7.925311204644895913e-01
5.381526104417670986e-01 7.966804979150077237e-01
5.381089250429167414e-01 8.008245903176309799e-01
5.380521174254053740e-01 8.049661131018368554e-01
5.379753162221558860e-01 8.091031019858327955e-01
5.378659429795615843e-01 8.132313075939123781e-01
5.376984501151409468e-01 8.173401573684906385e-01
5.374129662184086165e-01 8.213974310082037267e-01
5.368383423435543200e-01 8.252687275842511827e-01
5.353736451604445001e-01 8.280004664436292350e-01
5.381526104417670986e-01 8.672199170124481604e-01
5.400930612224591476e-01 1.219073490484103711e-01
5.428029122406122786e-01 1.232798902474390168e-01
5.437440336092812521e-01 1.386463521174020053e-01
5.425247597151873213e-01 1.414128724697936712e-01
5.419761827645096508e-01 1.452498902178161744e-01
5.415455162285333079e-01 1.492096928683258328e-01
5.408866518984986049e-01 1.530142189708781908e-01
5.393155107151222927e-01 1.556677909952460803e-01
5.396763770251972181e-01 2.175959861456683297e-01
5.413085669272085232e-01 2.202871972517471688e-01
5.421686746986773553e-01 2.240663901617415688e-01
5.430287824703817767e-01 2.278455826857212208e-01
5.446609723723930818e-01 2.305367939373192399e-01
5.421686746987951500e-01 3.360995850622406911e-01
5.449476399801177484e-01 5.039497410252504750e-01
5.434829427970079285e-01 5.066814797391092640e-01
5.428646334905614657e-01 5.105474913214802513e-01
5.425223420017836196e-01 5.145969102157028630e-01
5.422780479341134940e-01 5.186933710280766663e-01
5.420593014634768059e-01 5.228004049619220384e-01
5.417749463515327824e-01 5.268818868494858920e-01
5.414656469940645200e-01 5.305633104794670318e-01
5.407407746526849968e-01 5.343639364068036857e-01
5.391101426787180406e-01 5.369571875993363053e-01
5.421686746987951500e-01 6.348547717842323301e-01
5.421686746987951500e-01 8.672199170124481604e-01
5.416110240364350181e-01 1.307988397147181736e-01
5.416361273707724910e-01 1.315498565071498149e-01
5.432490176496930223e-01 2.384601066698594507e-01
5.447796554978839856e-01 2.411581825837396387e-01
5.454050336590871018e-01 2.450075890338511975e-01
5.457305786291971605e-01 2.490498842125967727e-01
5.458980714936177980e-01 2.531587338598457748e-01
5.460074447362120997e-01 2.572869395879786580e-01
5.460842459394615878e-01 2.614239282691573352e-01
5.461410535569729552e-01 2.655654512170722570e-01
5.461847389558233123e-01 2.697095435174159950e-01
5.461847389558233123e-01 2.738589211721291217e-01
5.461847389558233123e-01 2.780082988062354543e-01
5.461847389558233123e-01 2.821576764604804000e-01
5.461847389558233123e-01 2.863070539114667135e-01
5.461847389558233123e-01 2.904564315455731016e-01
5.461847389558233123e-01 2.946058090166979726e-01
5.461847389558233123e-01 2.987551867116883253e-01
5.460573071211246576e-01 3.032453846346047643e-01
5.461847389558233123e-01 3.070539419087137123e-01
5.461847389558233123e-01 3.112033195020746934e-01
5.461847389558233123e-01 3.153526970954356745e-01
5.461847389558233123e-01 3.195020746887966556e-01
5.461847389558233123e-01 3.236514522821576922e-01
5.461847389558233123e-01 3.278008298755186734e-01
5.461847389558233123e-01 3.319502074688796545e-01
5.461847389558233123e-01 3.402489626556016722e-01
5.461847389558233123e-01 3.443983402489626533e-01
5.461847389558233123e-01 3.485477178423236344e-01
5.461847389558233123e-01 3.526970954356846710e-01
5.461847389558233123e-01 3.568464730290456521e-01
5.461847389558233123e-01 3.609958506224066332e-01
5.464285811064900633e-01 3.634121710148589535e-01
5.471072121033347946e-01 3.676461356318134754e-01
5.480752640612326365e-01 3.714285210244496760e-01
5.495291304284609657e-01 3.730828493516660238e-01
5.505098754981435638e-01 4.439555054059043382e-01
5.483517966674543720e-01 4.459557434683085742e-01
5.476283483182914358e-01 4.490813751989025104e-01
5.470267027592189413e-01 4.528894078764674203e-01
5.468057268624096912e-01 4.565674061529508276e-01
5.465172863366450917e-01 4.606321750221747391e-01
5.463252929946310621e-01 4.647584091003994500e-01
5.461847389557055177e-01 4.688796680925262361e-01
5.460842459394615878e-01 4.730159057557389302e-01
5.460074447362120997e-01 4.771528944369176073e-01
5.458980714936177980e-01 4.812811002087062362e-01
5.457305786291971605e-01 4.853899498122994927e-01
5.454450947324648302e-01 4.894472235393240722e-01
5.448704708576105338e-01 4.933185202608907360e-01
5.434057736745007139e-01 4.960502589747495250e-01
5.461847389558233123e-01 6.348547717842323301e-01
5.461847389558233123e-01 8.672199170124481604e-01
5.527934858184606615e-01 3.791654751929782741e-01
5.545131289474964920e-01 4.382657009491859323e-01
5.502008032128513637e-01 6.348547717842323301e-01
5.502008032128513637e-01 8.672199170124481604e-01
5.542168674698795261e-01 3.858921161825726309e-01
5.542168674698795261e-01 4.315352697095435897e-01
5.542168674698795261e-01 6.348547717842323301e-01
5.542168674698795261e-01 8.672199170124481604e-01
5.582329317269075775e-01 3.900414937759336120e-01
5.582329317269075775e-01 4.315352697095435897e-01
5.582329317269075775e-01 6.348547717842323301e-01
5.582329317269075775e-01 8.672199170124481604e-01
5.622489959839357399e-01 3.941908713692945931e-01
5.622489959839357399e-01 4.273858921161825530e-01
5.622489959839357399e-01 6.348547717842323301e-01
5.622489959839357399e-01 8.672199170124481604e-01
5.662650602409639022e-01 3.983402489626555742e-01
5.662650602409639022e-01 4.232365145228215719e-01
5.662650602409639022e-01 6.390041493775933112e-01
5.662650602409639022e-01 8.672199170124481604e-01
5.702811244979919536e-01 4.024896265560166109e-01
5.702811244979919536e-01 4.066390041493775920e-01
5.702811244979919536e-01 4.107883817427385731e-01
5.702811244979919536e-01 4.149377593360996097e-01
5.702811244979919536e-01 4.190871369294605908e-01
5.702811244979919536e-01 6.431535269709544034e-01
5.702811244979919536e-01 6.473029045643153845e-01
5.691464982798741801e-01 8.692781259325097487e-01
5.742971887550201160e-01 3.983402489626555742e-01
5.742971887550201160e-01 4.232365145228215719e-01
5.742971887550201160e-01 6.390041493775933112e-01
5.742971887550201160e-01 6.514522821576763656e-01
5.742971887550201160e-01 6.556016597510373467e-01
5.742971887550201160e-01 6.597510373443983278e-01
5.742971887550201160e-01 8.672199170124481604e-01
5.783132530120481674e-01 3.941908713692945931e-01
5.783132530120481674e-01 4.273858921161825530e-01
5.783132530120481674e-01 6.307053941908713490e-01
5.783132530120481674e-01 6.348547717842323301e-01
5.818989331671317045e-01 6.592345079310485412e-01
5.783132530120481674e-01 8.713692946058091415e-01
5.823293172690763297e-01 3.900414937759336120e-01
5.823293172690763297e-01 4.315352697095435897e-01
5.823293172690763297e-01 6.265560165975103679e-01
5.809183346975340667e-01 6.630546668214970518e-01
5.823293172690763297e-01 8.755186721991701226e-01
5.863453815261043811e-01 3.817427385892115943e-01
5.863453815261043811e-01 3.858921161825726309e-01
5.863453815261043811e-01 4.356846473029045708e-01
5.863453815261043811e-01 6.265560165975103679e-01
5.881758962793417478e-01 6.651982215747113125e-01
5.863453815261043811e-01 8.755186721991701226e-01
5.886488774460347795e-01 3.765384427187732364e-01
5.911252763373384678e-01 4.330492107046930439e-01
5.903614457831325435e-01 6.265560165975103679e-01
5.876562922396304511e-01 6.687745284337426321e-01
5.903614457831325435e-01 8.796680497925311037e-01
5.942369560013528451e-01 3.564855189128349755e-01
5.941094005190304950e-01 3.576696618205068012e-01
5.940178329708057925e-01 3.599526207783951270e-01
5.937217292027551219e-01 3.629975263995439128e-01
5.932384797140027866e-01 3.661402971430631204e-01
5.925933773630301937e-01 3.687873575346123367e-01
5.908645631513561591e-01 3.703652218919386563e-01
5.947663991480137691e-01 4.341090887401415355e-01
5.943775100401605949e-01 6.265560165975103679e-01
5.953676809092055544e-01 6.707397221082327388e-01
5.943775100401605949e-01 8.796680497925311037e-01
5.991024162487527116e-01 4.349177979247806913e-01
5.983935742971887572e-01 6.265560165975103679e-01
5.947560506740053876e-01 6.740964348621172331e-01
5.983935742971887572e-01 8.796680497925311037e-01
6.029204480316355808e-01 4.352630701696662552e-01
6.024096385542169196e-01 6.224066390041493868e-01
5.999832042459264381e-01 6.776781475975244273e-01
6.024096385542169196e-01 8.755186721991701226e-01
6.024096385542169196e-01 8.796680497925311037e-01
6.024096385542169196e-01 8.838174273858920849e-01
6.024096385542169196e-01 8.879668049792530660e-01
6.068397025876008932e-01 4.354892573255975119e-01
6.064257028112449710e-01 6.182572614107884057e-01
6.038447718667128150e-01 6.826928458659604626e-01
6.072371328547858660e-01 6.819286416912706539e-01
6.064257028112449710e-01 8.713692946058091415e-01
6.064257028112449710e-01 8.921161825726141581e-01
6.064257028112449710e-01 8.962655601659751392e-01
6.104675985404308669e-01 4.354889098695176042e-01
6.104417670682731334e-01 6.182572614107884057e-01
6.094006678719732228e-01 6.866442520012963069e-01
6.104417670682731334e-01 8.713692946058091415e-01
6.104417670682731334e-01 9.004149377593361203e-01
6.117062935770216647e-01 8.997788120919057997e-01
6.144489040117994127e-01 4.355310836918115935e-01
6.144578313253011848e-01 6.141078838174274246e-01
6.131704656438093926e-01 6.913469964391996125e-01
6.144578313253011848e-01 8.672199170124481604e-01
6.143930328545982311e-01 9.068415768283198952e-01
6.184509004185118064e-01 4.355424683972424216e-01
6.184738955823293471e-01 5.850622406639004458e-01
6.184738955823293471e-01 5.892116182572614269e-01
6.184738955823293471e-01 5.933609958506224080e-01
6.184738955823293471e-01 5.975103734439833891e-01
6.184738955823293471e-01 6.016597510373443702e-01
6.184738955823293471e-01 6.058091286307053513e-01
6.184738955823293471e-01 6.099585062240664435e-01
6.184738955823293471e-01 6.141078838174274246e-01
6.163630352718344474e-01 6.954031353714948960e-01
6.184738955823293471e-01 8.672199170124481604e-01
6.182543932270080367e-01 9.134625205637295631e-01
6.224518866303594411e-01 4.354867821757844037e-01
6.239546567896365747e-01 5.500210670646109579e-01
6.230645837142116950e-01 5.515654096882249835e-01
6.227317583044975624e-01 5.545465390379560322e-01
6.225569596946922690e-01 5.579037470371110974e-01
6.224220388550645300e-01 5.614351884933397319e-01
6.222800936022292451e-01 5.650661186582246476e-01
6.220926071629844234e-01 5.687517258692464939e-01
6.217940010475910828e-01 5.724400607931221518e-01
6.211756917411446199e-01 5.763060719825914280e-01
6.196272481694802270e-01 5.793839165041440031e-01
6.224899598393573985e-01 6.182572614107884057e-01
6.189160373989477382e-01 7.003605889083519553e-01
6.206156000491216407e-01 6.993947961788887779e-01
6.224899598393573985e-01 8.672199170124481604e-01
6.208804954305275903e-01 9.196034194331584866e-01
6.241123815063371882e-01 9.193134489044144653e-01
6.264361895716199502e-01 4.353910498403175122e-01
6.226385916212955340e-01 5.478956313085011631e-01
6.265060240963855609e-01 6.182572614107884057e-01
6.265060240963855609e-01 8.672199170124481604e-01
6.265435361689803972e-01 9.261376525693731931e-01
6.303726656935256800e-01 4.352064245695410616e-01
6.305220883534136123e-01 6.182572614107884057e-01
6.305220883534136123e-01 8.672199170124481604e-01
6.286448491466077870e-01 9.322648979588199492e-01
6.320467635252359218e-01 9.326718866951180242e-01
6.341198387150895899e-01 4.347397288738912291e-01
6.345381526104417746e-01 6.182572614107884057e-01
6.345381526104417746e-01 8.672199170124481604e-01
6.327441801610645955e-01 9.401106068553379824e-01
6.359456460983735626e-01 9.405624987857021946e-01
6.367172508427580979e-01 4.335153432412235386e-01
6.385542168674698260e-01 6.182572614107884057e-01
6.385542168674698260e-01 8.672199170124481604e-01
6.361181198546370652e-01 9.482063467593098149e-01
6.384340889737183389e-01 9.498154137407224251e-01
6.407002692969223645e-01 9.513825977489708263e-01
6.441126048591092612e-01 4.355726373551946917e-01
6.425702811244979884e-01 6.182572614107884057e-01
6.425702811244979884e-01 8.672199170124481604e-01
6.407281006246909882e-01 9.584659518119805766e-01
6.436965256722748663e-01 9.586104611958922161e-01
6.451260385694483901e-01 4.354564679025274554e-01
6.465863453815261508e-01 6.224066390041493868e-01
6.465863453815261508e-01 8.672199170124481604e-01
6.448196248276660825e-01 9.632613217695790153e-01
6.523255971484783755e-01 4.331400500459758884e-01
6.506024096385542022e-01 6.224066390041493868e-01
6.506024096385542022e-01 8.672199170124481604e-01
6.469884952754679786e-01 9.692908777073759863e-01
6.487010952775332795e-01 9.685104893582304753e-01
6.548283436251701728e-01 4.340031575493676907e-01
6.546184738955823645e-01 6.224066390041493868e-01
6.546184738955823645e-01 8.672199170124481604e-01
6.582728170339311458e-01 4.338257296558631904e-01
6.586345381526104159e-01 6.224066390041493868e-01
6.586345381526104159e-01 8.713692946058091415e-01
6.586345381526104159e-01 8.755186721991701226e-01
6.586345381526104159e-01 8.796680497925311037e-01
6.586345381526104159e-01 8.838174273858920849e-01
6.586345381526104159e-01 8.879668049792530660e-01
6.606959751863257235e-01 4.325456580927757866e-01
6.626506024096385783e-01 6.224066390041493868e-01
6.626506024096385783e-01 8.672199170124481604e-01
6.626506024096385783e-01 8.713692946058091415e-01
6.626506024096385783e-01 8.755186721991701226e-01
6.626506024096385783e-01 8.921161825726141581e-01
6.626506024096385783e-01 8.962655601659751392e-01
6.686530554822335271e-01 4.341827965045881310e-01
6.666666666666666297e-01 6.224066390041493868e-01
6.666666666666666297e-01 8.672199170124481604e-01
6.666666666666666297e-01 8.755186721991701226e-01
6.666666666666666297e-01 9.004149377593361203e-01
6.711708795184355703e-01 4.327737856593516508e-01
6.706827309236947920e-01 6.265560165975103679e-01
6.706827309236947920e-01 8.630705394190871793e-01
6.706827309236947920e-01 8.672199170124481604e-01
6.706827309236947920e-01 8.713692946058091415e-01
6.729889235713605311e-01 9.005788531080970438e-01
6.748862908458819199e-01 4.322113575700272659e-01
6.746987951807228434e-01 6.265560165975103679e-01
6.746987951807228434e-01 6.307053941908713490e-01
6.746987951807228434e-01 6.348547717842323301e-01
6.746987951807228434e-01 8.589211618257260872e-01
6.786360829025057662e-01 9.053132325947995662e-01
6.788076891608949559e-01 4.319710460777927974e-01
6.787148594377510058e-01 6.224066390041493868e-01
6.787148594377510058e-01 6.390041493775933112e-01
6.787148594377510058e-01 6.431535269709544034e-01
6.787148594377510058e-01 6.473029045643153845e-01
6.787148594377510058e-01 8.589211618257260872e-01
6.795033135787531542e-01 9.080694908929768383e-01
6.827839347212454335e-01 4.318401583232984731e-01
6.827309236947791682e-01 6.224066390041493868e-01
6.835581921010622786e-01 6.461786499181260135e-01
6.827309236947791682e-01 8.589211618257260872e-01
6.812209912428976999e-01 9.107274386637623786e-01
6.898624238644139872e-01 9.485295295606162025e-01
6.867759936841654200e-01 4.317239887396639997e-01
6.867469879518072196e-01 6.224066390041493868e-01
6.867469879518072196e-01 6.556016597510373467e-01
6.867469879518072196e-01 8.589211618257260872e-01
6.867469879518072196e-01 8.630705394190871793e-01
6.867469879518072196e-01 8.672199170124481604e-01
6.867469879518072196e-01 8.713692946058091415e-01
6.890543272903929539e-01 9.120804354764860955e-01
6.900491644347827025e-01 9.474954491604845597e-01
6.907779901563614322e-01 4.316422931889023484e-01
6.907630522088353819e-01 6.224066390041493868e-01
6.931336257891004271e-01 6.585780584477506361e-01
6.907630522088353819e-01 8.589211618257260872e-01
6.907630522088353819e-01 8.755186721991701226e-01
6.900737333395724482e-01 9.146395475121554819e-01
6.899872839618680365e-01 9.456392003346960617e-01
6.947851269416356335e-01 4.315818098376398293e-01
6.947791164658634333e-01 6.182572614107884057e-01
6.980001184075741438e-01 6.621541575199240137e-01
6.947791164658634333e-01 8.589211618257260872e-01
6.907519840553073553e-01 9.169662878133696404e-01
6.943584218189722268e-01 9.412779957500452266e-01
6.987951807331950205e-01 4.315352697095435897e-01
6.987951807228915957e-01 6.182572614107884057e-01
6.968955368053235677e-01 6.653110341770821501e-01
6.987951807228915957e-01 8.589211618257260872e-01
6.948020448459379939e-01 9.206497868884323532e-01
6.973610291739993361e-01 9.373954295014568228e-01
7.028112449696162223e-01 4.315352697095435897e-01
7.028112449799196471e-01 6.182572614107884057e-01
7.021232984144704092e-01 6.688696469112175302e-01
7.028112449799196471e-01 8.589211618257260872e-01
6.981314058531539191e-01 9.249878080602332853e-01
7.002544061862395752e-01 9.251039168313537342e-01
7.010400011087299932e-01 9.333151528563232713e-01
6.991238492656962622e-01 9.335952866977057507e-01
7.068273092879965303e-01 4.315352697095435897e-01
7.095879521435987103e-01 6.175865247407039682e-01
7.056691246322285282e-01 6.733430541546521209e-01
7.068273092369478094e-01 8.589211618257260872e-01
6.963230616162460196e-01 9.294513919904863197e-01
7.108373627740043332e-01 4.314887295814473500e-01
7.116804567014192173e-01 6.164548665312161724e-01
7.075035785639052222e-01 6.785562001506864060e-01
7.093529280356456468e-01 6.801563313830338853e-01
7.103536499163460860e-01 6.826747286295773431e-01
7.121037544531141350e-01 6.841812856336939586e-01
7.108433734939758608e-01 8.589211618257260872e-01
7.148444998853324961e-01 4.314282462301848309e-01
7.152384036750323304e-01 6.158022186047440449e-01
7.118009057309269139e-01 6.903729935628806214e-01
7.134315377048938700e-01 6.900352887940666147e-01
7.148594377510040232e-01 8.589211618257260872e-01
7.188464961538015841e-01 4.313465506794231796e-01
7.190098709298949897e-01 6.154919796883171479e-01
7.188755020080320746e-01 6.431535269709544034e-01
7.166128873406164557e-01 6.445529173849019466e-01
7.188755020080320746e-01 8.589211618257260872e-01
7.228216511226842611e-01 4.311882072880466321e-01
7.228492790433288517e-01 6.153091063517188708e-01
7.226951432909468620e-01 8.596577330338343037e-01
7.267672509607442377e-01 4.309575683374491373e-01
7.267224686785417331e-01 6.151967742973050157e-01
7.264114247647163181e-01 8.601948331072500897e-01
7.306419931870864470e-01 4.305880714610752502e-01
7.307421983592889969e-01 6.148655592025300543e-01
7.289282388397937407e-01 8.615778346741146398e-01
7.339443828888148058e-01 4.299884531584170499e-01
7.346752953518558282e-01 6.149470704751132111e-01
7.369172204263418902e-01 8.599667993714237291e-01
7.363035276608848045e-01 4.283610765060943404e-01
7.387533895340588908e-01 6.148909951936496476e-01
7.393830644101676564e-01 8.613145515429923016e-01
7.447146477353531191e-01 4.292840860809172265e-01
7.424438398157949814e-01 6.155307523933282177e-01
7.430008935263036074e-01 8.616930359150418717e-01
7.468471741636917294e-01 4.271310563864624821e-01
7.449219509768467695e-01 6.170486608081540147e-01
7.466286594032012225e-01 8.615124167283201295e-01
7.489326850419497639e-01 4.249474123145426385e-01
7.529994720035797506e-01 6.156005885623998530e-01
7.491314059963083416e-01 8.604025752158039886e-01
7.570914113435923687e-01 4.256749943244614864e-01
7.554782129715226224e-01 6.171814553145922311e-01
7.568131023559748760e-01 8.623609456428832365e-01
7.591769220617793357e-01 4.234913502816454733e-01
7.591397378365586368e-01 6.179564665709293969e-01
7.590212065898599425e-01 8.615755282537586046e-01
7.613094486501891245e-01 4.213383205580868984e-01
7.629486156353036952e-01 6.185580562506474145e-01
7.612241701195839871e-01 8.625031243739224029e-01
7.697205687246573280e-01 4.222613301329098401e-01
7.666101402966127853e-01 6.193330675069845803e-01
7.689938943905112456e-01 8.607074641497010070e-01
7.720797136131427596e-01 4.206339534805871305e-01
7.690888814100749205e-01 6.209139342591769584e-01
7.715424701742581437e-01 8.619947333228910047e-01
7.753760924134552868e-01 4.200808753460429368e-01
7.771664024368077905e-01 6.194658620134227967e-01
7.752738292657453956e-01 8.624761471166411120e-01
7.792419076364335284e-01 4.197718618172935900e-01
7.796445137142750115e-01 6.209837704282485937e-01
7.792003684377145634e-01 8.626952463984625119e-01
7.831734392103575360e-01 4.196229183665260432e-01
7.833349636322131104e-01 6.216235276279271638e-01
7.831795303546718046e-01 8.628121909443424720e-01
7.871245892525680077e-01 4.195807445296801386e-01
7.872474348128948307e-01 6.219243224968900030e-01
7.871776003536128385e-01 8.628818203889667693e-01
7.910807560675533479e-01 4.196764769233546910e-01
7.912176696173486290e-01 6.221017503903945034e-01
7.911735858971081781e-01 8.630100560678246602e-01
7.949842999174528968e-01 4.199167884737968204e-01
7.952097288276512854e-01 6.222179199740289768e-01
7.951717957508684931e-01 8.631310227703496984e-01
7.986916539658526215e-01 4.204212915586091337e-01
7.992117250551931118e-01 6.222996155247906280e-01
7.991677812943638326e-01 8.632592584492075893e-01
8.012033276059795650e-01 4.218255051612637696e-01
8.032188620037217230e-01 6.223600988760531472e-01
8.031658511314148097e-01 8.633288878938318867e-01
8.092243716019733579e-01 4.202024038761266733e-01
8.072289156729540727e-01 6.224066390041493868e-01
8.071450132484609963e-01 8.634458324397118467e-01
8.116862084831103497e-01 4.215087571294390822e-01
8.112449798686299784e-01 6.224066390041493868e-01
8.110715519984245114e-01 8.636649317215332466e-01
8.153230982726130671e-01 4.218757015998819138e-01
8.152610442685009895e-01 6.224066390041493868e-01
8.148029115264693312e-01 8.641463455152833539e-01
8.190942472625377668e-01 4.218069997961976791e-01
8.192771084234314882e-01 6.224066390041493868e-01
8.173514871355931355e-01 8.654336146884733516e-01
8.227111665128981066e-01 4.213382691025146509e-01
8.232931727010665002e-01 6.224066390041493868e-01
8.251152006506239367e-01 8.635914144125531600e-01
8.247456581726385627e-01 4.199681292168208624e-01
8.273092369374877020e-01 6.224066390041493868e-01
8.273092369017410741e-01 8.644585271850924180e-01
8.323763195686154637e-01 4.212311129752330241e-01
8.313192906476473132e-01 6.224531791322456264e-01
8.295032732449584278e-01 8.635914144125531600e-01
8.341147954702885503e-01 4.193454854042052982e-01
8.353324381428886003e-01 6.224671223517739271e-01
8.372609760040925497e-01 8.654801549730026800e-01
8.357744806672420257e-01 4.175071730945043025e-01
8.393433618021666209e-01 6.224883345621869957e-01
8.398006245661966407e-01 8.642533690310219008e-01
8.429511650034131609e-01 4.184601456448590606e-01
8.433494888564185832e-01 6.225228085732319450e-01
8.435179159865386911e-01 8.638536507953094024e-01
8.441632833756341769e-01 4.171708731968110651e-01
8.473437287367017179e-01 6.225840668976538872e-01
8.474204495697233996e-01 8.637507210825705606e-01
8.451390425266930295e-01 4.173496545348471254e-01
8.513020293554057760e-01 6.227074338149045651e-01
8.513537825288716165e-01 8.638112044301951009e-01
8.467579551198216592e-01 4.158432102497450766e-01
8.551129765674634342e-01 6.230042224833973741e-01
8.552482588402856578e-01 8.640423698690855581e-01
8.579244331945758972e-01 6.238713359544285630e-01
8.589415452466440115e-01 8.645582577320882756e-01
8.634538151232511449e-01 6.183733680281648937e-01
8.614353642688622470e-01 8.659624711019122678e-01
8.689831973275125021e-01 6.238713359544285630e-01
8.694943412661507720e-01 8.643745253813217566e-01
8.717946538091057018e-01 6.230042224833973741e-01
8.719970874227003232e-01 8.658392223316009328e-01
8.756056013704094365e-01 6.227074338149045651e-01
8.757044417912422940e-01 8.664368056362259374e-01
8.795639016216775241e-01 6.225840668976538872e-01
8.796169126445058106e-01 8.667376005051887766e-01
8.835581418093699790e-01 6.225228085732319450e-01
8.835871474489597199e-01 8.669150283986932770e-01
8.875642687199217784e-01 6.224883345621869957e-01
8.875792066574433870e-01 8.670311979823277504e-01
8.915751923182635430e-01 6.224671223517739271e-01
8.915812029259124749e-01 8.671128935330894016e-01
8.955883399558408620e-01 6.224531791322456264e-01
8.955883399558408620e-01 8.671733768843519208e-01
8.995983935639937368e-01 6.224066390041493868e-01
8.995983934417577377e-01 8.672199170124481604e-01
9.036144579638647478e-01 6.224066390041493868e-01
9.036144579638647478e-01 8.672199170124481604e-01
9.076305219965592475e-01 6.224066390041493868e-01
9.076245114497816235e-01 8.671733768843519208e-01
9.116405758291368233e-01 6.224531791322456264e-01
9.116316485197277775e-01 8.671128935330894016e-01
9.152873537400793014e-01 6.224671223517739271e-01
9.156336447481790985e-01 8.670311979823277504e-01
9.188795693681096610e-01 6.224883345621869957e-01
9.196257038329714861e-01 8.669150283986932770e-01
9.223972036948345776e-01 6.225228085732319450e-01
9.235959387611166749e-01 8.667376005051887766e-01
9.258052523792104083e-01 6.225840668976538872e-01
9.275084096143801915e-01 8.664368056362259374e-01
9.290308139930258946e-01 6.227074338149045651e-01
9.312157639829221623e-01 8.658392223316009328e-01
9.318647754189733901e-01 6.230042224833973741e-01
9.337185101394717135e-01 8.643745253813217566e-01
9.332107543855546750e-01 6.238713359544285630e-01
9.417834978926568068e-01 8.659159310502135831e-01
9.352320095067880867e-01 6.224646913815150562e-01
9.442862440492063580e-01 8.644512340999344069e-01
9.479935983304368374e-01 8.638536507953094024e-01
9.519060691909763117e-01 8.635528559263465631e-01
9.558763042791925679e-01 8.633754280328420627e-01
9.598683632439315438e-01 8.632592584492075893e-01
9.638703596752002944e-01 8.631775628984459381e-01
9.678774965823468968e-01 8.631170795471834190e-01
9.715211805310118853e-01 8.630705394190871793e-01
9.751185368850311397e-01 8.630705394190871793e-01
9.786461083654194315e-01 8.630705394190871793e-01
9.820759814301782686e-01 8.630705394190871793e-01
9.853593066968696634e-01 8.630705394190871793e-01
9.883983854006183067e-01 8.630705394190871793e-01
9.909489716769730450e-01 8.630705394190871793e-01
9.920340804383158684e-01 8.630705394190871793e-01
