2.486734651029109955e-03 5.610823666790918374e-01
2.606950001791119576e-03 5.607646409208335569e-01
2.540884539484977722e-03 5.614198545849292676e-01
2.325730631127953529e-03 5.611800857648557850e-01
2.129703261927376121e-02 5.604107402051248243e-01
2.253653138224792629e-02 5.610009465618439606e-01
2.388149142554938514e-02 5.625421588793777516e-01
3.236119539999380429e-02 7.588848112402863944e-01
3.111294506882445951e-02 5.615592438884421389e-01
3.343110963535624036e-02 7.587105752802834058e-01
3.290016552276258527e-02 5.634770503715488266e-01
3.592707431019564329e-02 7.584600595776371801e-01
3.606714118590078483e-02 5.654720421338795822e-01
3.871975090672693381e-02 7.579275992950804675e-01
4.358468868398690521e-02 5.642305360004610248e-01
4.057863859001431539e-02 7.565319918115072095e-01
4.566598169144046176e-02 5.656815939644656011e-01
4.789188740646269787e-02 7.580525845868930634e-01
4.901340912151570806e-02 5.662217139095372387e-01
4.995298753606110254e-02 7.568312133543610987e-01
5.291285869730277119e-02 5.664916301673582621e-01
5.320873078431109099e-02 7.565948543951332983e-01
5.683437928660797084e-02 5.665362068746543356e-01
5.651439856870357076e-02 7.569360580409363326e-01
6.060706114072761386e-02 5.662741984768143721e-01
5.905399640465563982e-02 7.582375042720184144e-01
6.327609878650496122e-02 5.651746924329853483e-01
6.698514518945107576e-02 7.565319918115072095e-01
7.058167552037876435e-02 5.674172408802776735e-01
6.958188001460176297e-02 7.579275992950804675e-01
7.168902578002704640e-02 5.674628263263373773e-01
7.335835372675607313e-02 7.584600595776371801e-01
7.900882404244588542e-02 5.653251226820356079e-01
7.733001268532210815e-02 7.587105752802834058e-01
8.168276175463806688e-02 5.665639627903072961e-01
8.135131636125270127e-02 7.588848112402863944e-01
8.546492496733242017e-02 5.671030535948301532e-01
8.539347567837955733e-02 7.589987536823989966e-01
8.940730103594381195e-02 5.674516547503952735e-01
8.944511574926712616e-02 7.590788288555720964e-01
9.336211692934147377e-02 5.677880270002714225e-01
9.350165630584660048e-02 7.591380878850848557e-01
9.725456343958063798e-02 5.682290139437026211e-01
9.756097571944404023e-02 7.591836734693877542e-01
1.009100611578120366e-01 5.689768462969294616e-01
1.016260161661237255e-01 7.591836734693877542e-01
1.032795822039640349e-01 5.706704551182991692e-01
1.056910570453533510e-01 7.591836734693877542e-01
1.112378034882656325e-01 5.699528888300327001e-01
1.097560974512876708e-01 7.591836734693877542e-01
1.123394322840920861e-01 5.729042540271100936e-01
1.138211380609488038e-01 7.591836734693877542e-01
1.203033749158002041e-01 5.721411020599533881e-01
1.178861790122219255e-01 7.591836734693877542e-01
1.226756747374765366e-01 5.738210374361132349e-01
1.219512195403923277e-01 7.591836734693877542e-01
1.263303512038201071e-01 5.745936393609498705e-01
1.260162600278173783e-01 7.591836734693877542e-01
1.302237787459763207e-01 5.750600179994707073e-01
1.300813009477923832e-01 7.591836734693877542e-01
1.341699028731765386e-01 5.754577043257940172e-01
1.341406199945905930e-01 7.591380878850848557e-01
1.380972613961950757e-01 5.758854266127799715e-01
1.381971604288430300e-01 7.590788288555720964e-01
1.419636849638138965e-01 5.764124391239364709e-01
1.422488008662569636e-01 7.589987536823989966e-01
1.452914639177345923e-01 5.770811460783933367e-01
1.462909598577847026e-01 7.588848112402863944e-01
1.476505363977143326e-01 5.788097202416737641e-01
1.503122639047891618e-01 7.587105752802834058e-01
1.555802110152894602e-01 5.779016672875921801e-01
1.542782012467382446e-01 7.584144739569544935e-01
1.575474210236812167e-01 5.802134186504598334e-01
1.580461748214097850e-01 7.578227547249205553e-01
1.592182391361007809e-01 5.825157956695373729e-01
1.606295092534879565e-01 7.563470718935512149e-01
1.656593177855635590e-01 5.839835831577110392e-01
1.686387834294388599e-01 7.579386423921630200e-01
1.729871794388334327e-01 5.858686710294450650e-01
1.712221180361400419e-01 7.564629595607936796e-01
1.820880267693381072e-01 3.445918950651373214e-01
1.729919279384146691e-01 5.891091223625580797e-01
1.749843701324378387e-01 7.559168258912347671e-01
1.815146584105412908e-01 3.462262448788221425e-01
1.812584115233938642e-01 5.900088439419941544e-01
1.789475286479308702e-01 7.556343980131157156e-01
1.877934153350751534e-01 3.462738248707289412e-01
1.818434341736819282e-01 5.933773095211090087e-01
1.829639324466215133e-01 7.554809782186009404e-01
1.879867899507980666e-01 3.489815885039540544e-01
1.896540827394228301e-01 5.934859935289287236e-01
1.869908887652509122e-01 7.554464886661105272e-01
1.951175920127671548e-01 3.484288301062294924e-01
1.914680429196697065e-01 5.959619287161777024e-01
1.910131738492883147e-01 7.554859659748569545e-01
1.969408836959656850e-01 3.500254777702027642e-01
1.933067115534823910e-01 5.984369110876732734e-01
1.950009473441197128e-01 7.556286475618787524e-01
2.000818256917220317e-01 3.508329814305286565e-01
2.012038353993368112e-01 5.983992947963997500e-01
1.988451428757791184e-01 7.559470366567790922e-01
2.034169337468513250e-01 3.515283739636176907e-01
2.017232860718679577e-01 6.015214338200166599e-01
2.016903080559161454e-01 7.569459770920172748e-01
2.062962378074255920e-01 3.523164761228942954e-01
2.099551193347972966e-01 6.015198639033324524e-01
2.075519176975897662e-01 7.519721480105452383e-01
2.085397981156451308e-01 3.541953694750079595e-01
2.116399279495557451e-01 6.037259589028972639e-01
2.124239127899376356e-01 7.576397800466463384e-01
2.167263724774924905e-01 3.539095972778693588e-01
2.137514321300072462e-01 6.060242879575080677e-01
2.138663452285213262e-01 7.580572630858466443e-01
2.173013326530231215e-01 3.569701934580177816e-01
2.217808012203199841e-01 6.051266314737422380e-01
2.211918649547619797e-01 7.558739737626545274e-01
2.255035660398094222e-01 3.570334768873087983e-01
2.241661315253837272e-01 6.069473624505026255e-01
2.235334988815553259e-01 7.566360717658333623e-01
2.273297361209439538e-01 3.594674022014167081e-01
2.277420771826906554e-01 6.079667132710728783e-01
2.258406218427150003e-01 7.556918147504709804e-01
2.286691107026233294e-01 3.617376572937153201e-01
2.313508549584473439e-01 6.089570537135859940e-01
2.335985941051437476e-01 7.575456191434011277e-01
2.353845770642108426e-01 3.630231921426828601e-01
2.338668912936880395e-01 6.106594719733966503e-01
2.362207651251408413e-01 7.562233563393772062e-01
2.429155053975954048e-01 3.647497134112125949e-01
2.418853746200873844e-01 6.092462893290331305e-01
2.400088413703450330e-01 7.557319061479017552e-01
2.445356632872461855e-01 3.671883102102509455e-01
2.444325577873713851e-01 6.107899470668172182e-01
2.439824575906130999e-01 7.554702943770632562e-01
2.457409248861476547e-01 3.693986372851139621e-01
2.481769702396813548e-01 6.114341660583277882e-01
2.480122615677355091e-01 7.553553174829528150e-01
2.584440820676282002e-01 1.643591182325415401e-01
2.542590751138523175e-01 3.693768729189677025e-01
2.521267604854547373e-01 6.117717997700793386e-01
2.520601421413193877e-01 7.552869606033152383e-01
2.614012348874494851e-01 1.658925831707536436e-01
2.554643370037921191e-01 3.715871999938307191e-01
2.561480643687501502e-01 6.119460357300823272e-01
2.560975609756097615e-01 7.172371039300092788e-01
2.560975609756097615e-01 7.154159572944804868e-01
2.561117826605878722e-01 7.552068854301421386e-01
2.653639986240343140e-01 1.664582795059612597e-01
2.570844946024046229e-01 3.740257967928690697e-01
2.601902236858770201e-01 6.120599781721949295e-01
2.601683232171673743e-01 7.551476264006293793e-01
2.658801946734131172e-01 1.683127482832713628e-01
2.641575372461049676e-01 3.755799100547791425e-01
2.642418637167467943e-01 6.121400533453680293e-01
2.642219207261989333e-01 7.551476264006293793e-01
2.667000166668624939e-01 1.704551172737336362e-01
2.709500188768909634e-01 3.769920630390014571e-01
2.682984045179803712e-01 6.121993123748807886e-01
2.682784614865052486e-01 7.552068854301421386e-01
2.725507001921617656e-01 1.723174602109273645e-01
2.722013751952293559e-01 3.793404190461341363e-01
2.723577234424515159e-01 6.122448979591836871e-01
2.723577235772357552e-01 7.551020408163264808e-01
2.781225527235405282e-01 1.750406770198368323e-01
2.738991631724970177e-01 3.818612591372992915e-01
2.764227641179543560e-01 6.122448979591836871e-01
2.764227642276422814e-01 7.551020408163264808e-01
2.836332574668454232e-01 1.765725785875882914e-01
2.819309633639754953e-01 3.822266987672227612e-01
2.804878050128330469e-01 6.122448979591836871e-01
2.804878048780488076e-01 7.551020408163264808e-01
2.851737037483731418e-01 1.787827417496781757e-01
2.821525075771974533e-01 3.854823158735561361e-01
2.845528453780219458e-01 6.122448979591836871e-01
2.845528455284552782e-01 7.551020408163264808e-01
2.878665074074784891e-01 1.804776698476824870e-01
2.900629428166108803e-01 3.863072777452061235e-01
2.886178863136460437e-01 6.122448979591836871e-01
2.886178861788618044e-01 7.551020408163264808e-01
2.888112747644233091e-01 1.823317418815758040e-01
2.902704295304762705e-01 3.897291536262372791e-01
2.926772052790444500e-01 6.121993123748807886e-01
2.926829268292682751e-01 7.551020408163264808e-01
2.947036145440476984e-01 1.842856962264667608e-01
2.967999032905906942e-01 3.917972567994165156e-01
2.967175989040667927e-01 6.120985209714973063e-01
2.967479674796748013e-01 7.591836734693877542e-01
3.014043475221085400e-01 7.879456941228435429e-01
2.991943067125218958e-01 7.884025052284859836e-01
3.004658927978205996e-01 1.875559879373640271e-01
3.033340173145014362e-01 3.938417364006899790e-01
3.007456780917899253e-01 6.119659460388475747e-01
3.008130081300813274e-01 7.591836734693877542e-01
3.008130081300813274e-01 7.877551020408163351e-01
3.064979674016329869e-01 1.900679398518131669e-01
3.036016559415701255e-01 3.972353827303313212e-01
3.048780487804877981e-01 6.122448979591836871e-01
3.048780487804877981e-01 7.591836734693877542e-01
3.048780487804877981e-01 7.795918367346938993e-01
3.048780487804877981e-01 7.836734693877550617e-01
3.060818650831688137e-01 1.934398598227725918e-01
3.111740363368052931e-01 3.976283074356615765e-01
3.089430894308943243e-01 6.122448979591836871e-01
3.167712011912126036e-01 6.522920249773626056e-01
3.089430894308943243e-01 7.632653061224490276e-01
3.089430894308943243e-01 7.673469387755101900e-01
3.089430894308943243e-01 7.714285714285714635e-01
3.089430894308943243e-01 7.755102040816326259e-01
3.112885108174059390e-01 1.959766170883530945e-01
3.127108436790995150e-01 4.002064933360088839e-01
3.130081300813007950e-01 6.122448979591836871e-01
3.175877849760699867e-01 6.517003057453286674e-01
3.130081300813007950e-01 7.591836734693877542e-01
3.130081300813007950e-01 7.632653061224490276e-01
3.130081300813007950e-01 7.673469387755101900e-01
3.161716668940399155e-01 1.997998178587295226e-01
3.140916374353010521e-01 4.027280212379992230e-01
3.170731707317073211e-01 6.122448979591836871e-01
3.186954248770390019e-01 6.502246229139593270e-01
3.170731707317073211e-01 7.346938775510204467e-01
3.170731707317073211e-01 7.387755102040816091e-01
3.170731707317073211e-01 7.428571428571428825e-01
3.170731707317073211e-01 7.469387755102040449e-01
3.170731707317073211e-01 7.510204081632653184e-01
3.170731707317073211e-01 7.551020408163264808e-01
3.170731707317073211e-01 7.673469387755101900e-01
3.209916619396800952e-01 2.041019715430147929e-01
3.203371646539573403e-01 4.045765601119920007e-01
3.211382113821138473e-01 6.122448979591836871e-01
3.211382113821138473e-01 6.489795918367347038e-01
3.211382113821138473e-01 7.306122448979591733e-01
3.211382113821138473e-01 7.673469387755101900e-01
3.257443456753437161e-01 2.084258939647971043e-01
3.269570797059033751e-01 4.066303139362408281e-01
3.252032520325203180e-01 6.081632653061224136e-01
3.252032520325203180e-01 6.489795918367347038e-01
3.296958850772400140e-01 7.316725224104463354e-01
3.252032520325203180e-01 7.673469387755101900e-01
3.302961262368892537e-01 2.123991799110199752e-01
3.267935979373117195e-01 4.100240120707003832e-01
3.292682926829268442e-01 6.040816326530612512e-01
3.292682926829268442e-01 6.489795918367347038e-01
3.310321835295592652e-01 7.297216260653673903e-01
3.292682926829268442e-01 7.673469387755101900e-01
3.352336270812277808e-01 2.161869029629125138e-01
3.332169548496797806e-01 4.125834047567450980e-01
3.333333333333333148e-01 6.040816326530612512e-01
3.333333333333333148e-01 6.489795918367347038e-01
3.339226665751387491e-01 7.288628558476208941e-01
3.404532731472840190e-01 2.186895593758482470e-01
3.391468585430970073e-01 4.158286492309380966e-01
3.373983739837398410e-01 5.918367346938775420e-01
3.373983739837398410e-01 5.959183673469388154e-01
3.373983739837398410e-01 5.999999999999999778e-01
3.373983739837398410e-01 6.040816326530612512e-01
3.373983739837398410e-01 6.081632653061224136e-01
3.373983739837398410e-01 6.489795918367347038e-01
3.372816450099320740e-01 7.283221397396861807e-01
3.401514594755476462e-01 2.220811238502893581e-01
3.449026764450004445e-01 4.179791268417421546e-01
3.430325670945799099e-01 5.846459716102297977e-01
3.407517786566509055e-01 5.866647017102840644e-01
3.383575905193915712e-01 5.888241317175443301e-01
3.414634146341463672e-01 6.122448979591836871e-01
3.414634146341463672e-01 6.489795918367347038e-01
3.410595548651522146e-01 7.277052695012404815e-01
3.467954106825759664e-01 2.242569922539643101e-01
3.448831624781137362e-01 4.211101436978015866e-01
3.458685390440637275e-01 5.764928628424448309e-01
3.428773636195233121e-01 5.769968179624755944e-01
3.455284552845528379e-01 6.163265306122448495e-01
3.455284552845528379e-01 6.489795918367347038e-01
3.449857491731068149e-01 7.273027978103361324e-01
3.528534453210792066e-01 2.260430875500397951e-01
3.520489870419165612e-01 4.208977969724456702e-01
3.477928873465767623e-01 5.705094567424028318e-01
3.461088475154152633e-01 5.699177648701078125e-01
3.495934959349593640e-01 6.204081632653061229e-01
3.495934959349593640e-01 6.489795918367347038e-01
3.492865289002562434e-01 7.269034961959566221e-01
3.539558227547364710e-01 2.283649351917639569e-01
3.537035351126666116e-01 4.226358178898463880e-01
3.536585365853658347e-01 6.244897959183673963e-01
3.536585365853658347e-01 6.285714285714285587e-01
3.536585365853658347e-01 6.326530612244898322e-01
3.536585365853658347e-01 6.367346938775509946e-01
3.536585365853658347e-01 6.408163265306122680e-01
3.536585365853658347e-01 6.448979591836734304e-01
3.536585365853658347e-01 6.489795918367347038e-01
3.536366360293446975e-01 7.267611176234656245e-01
3.554926303298613921e-01 2.309431211357670100e-01
3.566480513512558237e-01 4.234360754385362302e-01
3.577235772357723609e-01 6.489795918367347038e-01
3.576730738826497391e-01 7.268294744739993707e-01
3.634266720354042413e-01 2.314287961398878435e-01
3.597290136120698811e-01 4.239004799642371868e-01
3.617886178861788871e-01 6.489795918367347038e-01
3.616943777259273851e-01 7.270037104340023593e-01
3.637474967484793931e-01 2.347922980025106410e-01
3.623734404185287028e-01 4.240623571863635366e-01
3.658536585365853577e-01 6.489795918367347038e-01
3.659672820589238151e-01 7.274630064807585672e-01
3.705492350708208815e-01 2.367378585755515741e-01
3.656141099489740864e-01 4.235389015416386460e-01
3.699186991869918839e-01 6.489795918367347038e-01
3.697144789911089302e-01 7.282335307995542184e-01
3.767044402628652588e-01 8.145316092615795256e-01
3.769771656574211760e-01 2.386082636173434413e-01
3.674478465312622233e-01 4.229094809748004113e-01
3.739837398373983546e-01 6.489795918367347038e-01
3.722101247025184079e-01 7.299546487943022743e-01
3.759740467270366593e-01 8.128096386410144092e-01
3.774178908178128511e-01 2.418958913283042467e-01
3.780487804878048808e-01 6.489795918367347038e-01
3.802859644609980494e-01 7.288241224349191194e-01
3.823792074080102354e-01 8.122938188824746497e-01
3.851565544349633829e-01 2.417438171224250421e-01
3.821138211382114069e-01 6.489795918367347038e-01
3.826455819393069224e-01 7.309052691897092169e-01
3.820771609783897849e-01 8.094356630643715356e-01
3.872590822374024078e-01 2.437437758899806961e-01
3.881042204537936136e-01 3.936977046826968252e-01
3.896733661621384903e-01 3.928392879622132905e-01
3.861788617886178776e-01 6.489795918367347038e-01
3.857264894267120048e-01 7.321044163298507934e-01
3.888608244686894699e-01 8.076071873815654500e-01
3.906164872900174112e-01 2.449704325090908408e-01
3.918899437270649821e-01 3.981888607705049710e-01
3.972467934803628475e-01 4.970570200541037931e-01
3.897534918945805282e-01 6.476186730922675050e-01
3.886683269960397036e-01 7.336724246605014210e-01
3.942680355252289326e-01 8.065546759309208946e-01
3.933762813311607598e-01 2.459251321970998272e-01
3.952239953422524987e-01 4.023316002916544898e-01
3.994563364166372477e-01 4.975091357762944089e-01
3.923368263266586720e-01 6.461429902608981646e-01
3.897567710581772982e-01 7.359340144074236756e-01
3.955756022104599534e-01 8.044271835962272243e-01
3.955268556577706263e-01 2.479287037977530583e-01
3.985764311195438281e-01 4.060942000148780040e-01
3.987683821736922041e-01 4.948987715459447490e-01
4.003403789223724529e-01 6.476889750806196222e-01
3.936683362675452158e-01 7.392159646034849318e-01
3.963996706856036112e-01 7.394136960879538201e-01
3.993935675220185444e-01 7.400686061408903171e-01
3.971894580730789825e-01 8.022294555695689278e-01
4.033504241705508919e-01 2.476845897757923298e-01
4.024502440251148672e-01 4.098689879566355110e-01
4.050547455880427750e-01 4.927081979953740754e-01
4.029152135225581022e-01 6.461540333579807172e-01
4.009156619175905378e-01 7.476489457605900446e-01
4.045097023225957544e-01 7.471689811651119895e-01
4.051444887626552971e-01 8.030006533488631693e-01
4.040729033389711677e-01 2.509828238538941436e-01
4.058182595858002006e-01 4.144091516913732121e-01
4.101016111766571104e-01 4.915388387399820536e-01
4.066697865877417772e-01 6.454822389527736792e-01
4.081887478336343467e-01 7.518867923526511010e-01
4.065040650406503975e-01 8.000000000000000444e-01
4.118497248718182013e-01 2.513957292701554658e-01
4.087115813025871680e-01 4.195296558171358603e-01
4.121417691211814449e-01 4.194600852662507262e-01
4.109105958931746350e-01 4.892218886180875748e-01
4.105691056910569237e-01 6.448979591836734304e-01
4.139551717534328268e-01 7.562676631398879135e-01
4.105691056910569237e-01 8.000000000000000444e-01
4.124030422748679592e-01 2.547846553077426912e-01
4.130783706999996974e-01 4.267229521542559301e-01
4.163561048548350407e-01 4.267068782854558928e-01
4.121501323165053798e-01 4.864052608846781700e-01
4.146341463414633943e-01 6.448979591836734304e-01
4.136931007591689302e-01 7.599444244890853906e-01
4.146341463414633943e-01 8.000000000000000444e-01
4.204614027384365738e-01 2.554517371646527479e-01
4.174640953987533987e-01 4.343235914067992698e-01
4.213829070776398122e-01 4.349305733881548841e-01
4.186991869918699205e-01 4.857142857142857095e-01
4.186991869918699205e-01 6.448979591836734304e-01
4.186991869918699205e-01 7.632653061224490276e-01
4.186991869918699205e-01 8.000000000000000444e-01
4.210020118957097934e-01 2.588339771210614870e-01
4.234593111654456066e-01 3.203446728215381678e-01
4.232577980478006707e-01 3.186263996119401698e-01
4.227642276422764467e-01 4.408163265306122569e-01
4.227642276422764467e-01 4.816326530612244916e-01
4.227642276422764467e-01 6.448979591836734304e-01
4.227642276422764467e-01 7.632653061224490276e-01
4.227642276422764467e-01 7.959183673469387710e-01
4.290603723592783525e-01 2.595010589779715993e-01
4.268292682926829174e-01 4.448979591836734748e-01
4.268292682926829174e-01 4.775510204081632737e-01
4.268292682926829174e-01 6.448979591836734304e-01
4.268292682926829174e-01 7.673469387755101900e-01
4.268292682926829174e-01 7.959183673469387710e-01
4.340862795460696533e-01 8.793592464002989439e-01
4.297580573342483223e-01 2.631778883719246842e-01
4.299729133940044523e-01 3.089317341658229799e-01
4.308943089430894435e-01 4.489795918367346927e-01
4.308943089430894435e-01 4.530612244897959107e-01
4.308943089430894435e-01 4.734693877551020558e-01
4.308943089430894435e-01 6.408163265306122680e-01
4.308943089430894435e-01 7.673469387755101900e-01
4.308943089430894435e-01 7.959183673469387710e-01
4.353145959188904346e-01 8.790685080419465836e-01
4.375246098715569465e-01 2.636388501494514869e-01
4.349593495934959142e-01 4.571428571428571286e-01
4.349593495934959142e-01 4.612244897959183465e-01
4.349593495934959142e-01 4.653061224489795644e-01
4.349593495934959142e-01 4.693877551020408379e-01
4.358165471566598503e-01 6.077918902970850246e-01
4.349593495934959142e-01 6.040816326530612512e-01
4.349593495934959142e-01 6.081632653061224136e-01
4.349593495934959142e-01 6.408163265306122680e-01
4.349593495934959142e-01 7.673469387755101900e-01
4.349593495934959142e-01 7.959183673469387710e-01
4.382077001486677781e-01 2.669447307351368592e-01
4.390243902439024404e-01 4.612244897959183465e-01
4.390243902439024404e-01 4.653061224489795644e-01
4.390243902439024404e-01 6.122448979591836871e-01
4.390243902439024404e-01 6.163265306122448495e-01
4.390243902439024404e-01 6.204081632653061229e-01
4.390243902439024404e-01 6.244897959183673963e-01
4.390243902439024404e-01 6.408163265306122680e-01
4.390243902439024404e-01 7.714285714285714635e-01
4.390243902439024404e-01 7.755102040816326259e-01
4.390243902439024404e-01 7.959183673469387710e-01
4.459833819173064651e-01 2.666984224007750148e-01
4.442612339962062062e-01 2.814791842040663128e-01
4.430894308943089666e-01 4.612244897959183465e-01
4.430894308943089666e-01 4.693877551020408379e-01
4.430894308943089666e-01 6.285714285714285587e-01
4.430894308943089666e-01 6.326530612244898322e-01
4.430894308943089666e-01 6.367346938775509946e-01
4.430894308943089666e-01 7.795918367346938993e-01
4.430894308943089666e-01 7.959183673469387710e-01
4.471544715447154372e-01 2.693877551020408267e-01
4.471544715447154372e-01 4.612244897959183465e-01
4.471544715447154372e-01 4.734693877551020558e-01
4.471544715447154372e-01 6.367346938775509946e-01
4.471544715447154372e-01 7.836734693877550617e-01
4.471544715447154372e-01 7.959183673469387710e-01
4.512195121951219634e-01 2.693877551020408267e-01
4.512195121951219634e-01 4.612244897959183465e-01
4.512195121951219634e-01 4.775510204081632737e-01
4.512195121951219634e-01 4.816326530612244916e-01
4.512195121951219634e-01 6.367346938775509946e-01
4.512195121951219634e-01 7.877551020408163351e-01
4.512195121951219634e-01 7.918367346938774975e-01
4.512195121951219634e-01 7.959183673469387710e-01
4.512195121951219634e-01 8.000000000000000444e-01
4.552845528455284341e-01 2.693877551020408267e-01
4.552845528455284341e-01 4.612244897959183465e-01
4.552845528455284341e-01 6.367346938775509946e-01
4.552845528455284341e-01 7.918367346938774975e-01
4.552845528455284341e-01 8.000000000000000444e-01
4.552845528455284341e-01 8.040816326530612068e-01
4.552845528455284341e-01 8.081632653061224802e-01
4.552845528455284341e-01 8.122448979591836427e-01
4.552845528455284341e-01 8.163265306122449161e-01
4.552845528455284341e-01 8.204081632653060785e-01
4.552845528455284341e-01 8.244897959183673519e-01
4.552845528455284341e-01 8.285714285714286254e-01
4.552845528455284341e-01 8.326530612244897878e-01
4.552845528455284341e-01 8.367346940123352450e-01
4.552845528455284341e-01 8.408163264365733358e-01
4.552845528455284341e-01 8.448979592369669778e-01
4.552845528455284341e-01 8.489795917019504756e-01
4.552845528455284341e-01 8.530612245838348207e-01
4.547590532678943975e-01 8.575903033031083700e-01
4.546755432606507941e-01 8.616503126832552040e-01
4.546315007250589235e-01 8.656825163219913355e-01
4.546029421257619663e-01 8.696840189411589872e-01
4.546090724401940508e-01 8.736503583269208395e-01
4.546773275582884355e-01 8.775817110813198818e-01
4.548453953688797458e-01 8.814803697421852435e-01
4.551766857334362260e-01 8.853312255215963766e-01
4.558357715363447471e-01 8.890098885754218472e-01
4.573998313503173097e-01 8.915434175313506904e-01
4.592761897587981923e-01 9.914358239620923996e-01
4.593495934959349603e-01 2.693877551020408267e-01
4.593495934959349603e-01 4.612244897959183465e-01
4.593495934959349603e-01 6.367346938775509946e-01
4.593495934959349603e-01 7.836734693877550617e-01
4.593495934959349603e-01 7.877551020408163351e-01
4.593495934959349603e-01 7.918367346938774975e-01
4.593495934959349603e-01 7.959183673469387710e-01
4.562028393838403195e-01 8.997297892394494623e-01
4.577174675641429991e-01 9.023239842859543947e-01
4.593495934959349603e-01 9.061224489795918213e-01
4.593495934959349603e-01 9.102040816326530948e-01
4.593495934959349603e-01 9.142857142857142572e-01
4.593495934959349603e-01 9.183673469387755306e-01
4.593495934959349603e-01 9.224489795918366930e-01
4.593495934959349603e-01 9.265306122448979664e-01
4.593495934959349603e-01 9.306122448979591288e-01
4.593495934959349603e-01 9.346938775510204023e-01
4.593495934959349603e-01 9.387755102040816757e-01
4.593495934959349603e-01 9.428571428571428381e-01
4.593495934959349603e-01 9.469387755102041115e-01
4.593495934959349603e-01 9.510204081632652739e-01
4.593495934959349603e-01 9.551020408163265474e-01
4.593495934959349603e-01 9.591836734693877098e-01
4.593495934959349603e-01 9.632653061224489832e-01
4.593495934959349603e-01 9.673469387755102566e-01
4.593495934959349603e-01 9.714285714285714191e-01
4.595227719828102186e-01 9.736720186064248272e-01
4.592365046618936963e-01 9.782868618387918769e-01
4.591766055227338716e-01 9.817576713308844294e-01
4.590554156156571031e-01 9.850468667509147958e-01
4.587607595594448417e-01 9.879491437416599853e-01
4.578739108973962635e-01 9.893786178996823999e-01
4.634146341463414864e-01 2.693877551020408267e-01
4.634146341463414864e-01 4.612244897959183465e-01
4.634146341463414864e-01 6.326530612244898322e-01
4.634146341463414864e-01 6.367346938775509946e-01
4.634146341463414864e-01 6.408163265306122680e-01
4.634146341463414864e-01 6.448979591836734304e-01
4.634146341463414864e-01 6.489795918367347038e-01
4.634146341463414864e-01 7.795918367346938993e-01
4.634146341463414864e-01 9.428571428571428381e-01
4.674796747967479571e-01 2.734693877551020447e-01
4.674796747967479571e-01 4.612244897959183465e-01
4.674796747967479571e-01 6.285714285714285587e-01
4.674796747967479571e-01 6.530612244897958663e-01
4.674796747967479571e-01 6.571428571428571397e-01
4.674796747967479571e-01 7.795918367346938993e-01
4.674796747967479571e-01 9.428571428571428381e-01
4.749045098310230584e-01 1.330055567188834775e-01
4.732696593150390596e-01 1.354141639436272082e-01
4.726046235177560062e-01 1.390934071823127782e-01
4.722793880377790243e-01 1.430106919308725133e-01
4.721182319794675619e-01 1.470004232147737178e-01
4.721073079149132878e-01 1.509978822877999505e-01
4.722117595833620340e-01 1.549841323224780132e-01
4.725147685844345302e-01 1.589240979771509854e-01
4.731482302181316824e-01 1.626485585857524729e-01
4.747797659242419810e-01 1.651333440389788354e-01
4.715447154471544833e-01 2.775510204081632626e-01
4.715447154471544833e-01 4.612244897959183465e-01
4.743729716742305369e-01 5.897084491612504253e-01
4.728972888428611965e-01 5.923203978644759893e-01
4.715447154471544833e-01 5.959183673469388154e-01
4.715447154471544833e-01 5.999999999999999778e-01
4.715447154471544833e-01 6.040816326530612512e-01
4.715447154471544833e-01 6.081632653061224136e-01
4.715447154471544833e-01 6.122448979591836871e-01
4.715447154471544833e-01 6.163265306122448495e-01
4.715447154471544833e-01 6.204081632653061229e-01
4.715447154471544833e-01 6.244897959183673963e-01
4.715447154471544833e-01 6.612244897959184131e-01
4.715447154471544833e-01 6.653061224489795755e-01
4.705926013870990188e-01 6.693603334293287688e-01
4.712106410465563000e-01 6.735872213938985942e-01
4.716242454619273827e-01 6.775470710565690835e-01
4.720837032532213540e-01 6.814853004258296654e-01
4.727932645350588770e-01 6.852446184011309338e-01
4.743277445545314164e-01 6.878482015575377861e-01
4.715447154471544833e-01 7.755102040816326259e-01
4.715447154471544833e-01 9.428571428571428381e-01
4.771267055993808626e-01 1.239345686686016135e-01
4.741340734990222572e-01 1.250609282950623513e-01
4.736386975500641583e-01 1.731523537043748173e-01
4.757708425540618791e-01 1.754354417035700608e-01
4.779252142406908987e-01 1.776958484910618474e-01
4.756097560975609539e-01 2.775510204081632626e-01
4.756097560975609539e-01 4.612244897959183465e-01
4.793720534298477887e-01 5.561152134903193378e-01
4.775960704073218821e-01 5.587355144108094862e-01
4.764356980094595073e-01 5.631110343860571410e-01
4.759449289058244048e-01 5.670821514566267707e-01
4.754367681243598653e-01 5.713855001423715496e-01
4.750295013882128714e-01 5.753469464211720119e-01
4.743612070096565603e-01 5.791221692760198936e-01
4.728267269901840208e-01 5.817257525779458982e-01
4.727814998704849003e-01 6.958308981408422023e-01
4.742571827018542407e-01 6.984428470186908600e-01
4.748460165801366983e-01 7.022312594384634288e-01
4.756097560975609539e-01 7.061224489795918657e-01
4.756097560975609539e-01 7.102040816326530281e-01
4.756097560975609539e-01 7.142857142857143016e-01
4.756097560975609539e-01 7.183673469387754640e-01
4.756097560975609539e-01 7.224489795918367374e-01
4.756097560975609539e-01 7.265306122448980108e-01
4.756097560975609539e-01 7.306122448979591733e-01
4.756097560975609539e-01 7.346938775510204467e-01
4.756097560975609539e-01 7.387755102040816091e-01
4.756097560975609539e-01 7.428571428571428825e-01
4.756097560975609539e-01 7.469387755102040449e-01
4.756097560975609539e-01 7.510204081632653184e-01
4.756097560975609539e-01 7.551020408163264808e-01
4.756097560975609539e-01 7.591836734693877542e-01
4.756097560975609539e-01 7.632653061224490276e-01
4.756097560975609539e-01 7.673469387755101900e-01
4.756097560975609539e-01 7.714285714285714635e-01
4.756097560975609539e-01 9.428571428571428381e-01
4.824924864219425902e-01 9.585602405975211793e-02
4.808438852773903593e-01 9.841566150901097376e-02
4.800485046866739824e-01 1.021424265516320817e-01
4.795137102914665550e-01 1.060476863978024320e-01
4.789566894755623028e-01 1.099302654906546689e-01
4.781333377463667378e-01 1.135926131990605131e-01
4.764190269047318682e-01 1.159880310335025533e-01
4.769437317149637923e-01 1.857706571843627252e-01
4.788350213197915539e-01 1.881814065965472238e-01
4.801438111457898006e-01 1.916023718499654527e-01
4.820334910759626612e-01 1.940578025395088557e-01
4.796747967479674801e-01 2.775510204081632626e-01
4.796747967479674801e-01 4.081632653061224580e-01
4.796747967479674801e-01 4.122448979591836760e-01
4.804385362653917357e-01 4.165169737241777304e-01
4.801443584724253699e-01 4.205009458547966372e-01
4.796747967479674801e-01 4.244897959183673297e-01
4.796747967479674801e-01 4.285714285714285476e-01
4.796747967479674801e-01 4.326530612244898211e-01
4.796747967479674801e-01 4.367346938775510390e-01
4.796747967479674801e-01 4.408163265306122569e-01
4.796747967479674801e-01 4.448979591836734748e-01
4.796747967479674801e-01 4.489795918367346927e-01
4.796747967479674801e-01 4.530612244897959107e-01
4.796747967479674801e-01 4.571428571428571286e-01
4.796747967479674801e-01 4.612244897959183465e-01
4.796747967479674801e-01 4.653061224489795644e-01
4.796747967479674801e-01 4.693877551020408379e-01
4.796747967479674801e-01 4.734693877551020558e-01
4.796747967479674801e-01 4.775510204081632737e-01
4.796747967479674801e-01 4.816326530612244916e-01
4.796747967479674801e-01 4.857142857142857095e-01
4.796747967479674801e-01 5.387755102040816535e-01
4.796747967479674801e-01 5.428571428571428159e-01
4.796747967479674801e-01 5.469387755102040893e-01
4.796747967479674801e-01 5.510204081632652517e-01
4.796747967479674801e-01 7.387755102040816091e-01
4.796747967479674801e-01 9.428571428571428381e-01
4.863846086427509041e-01 7.131391680010651379e-02
4.847958371737911554e-01 7.390333980794673574e-02
4.840340153077556939e-01 7.764868103246898301e-02
4.834456595180961491e-01 8.153499227684769812e-02
4.826838376229568572e-01 8.528033374875251815e-02
4.810537992507158966e-01 8.785385142593662988e-02
4.808097007680623980e-01 2.020828703418374173e-01
4.825227510645925255e-01 2.045903473531789363e-01
4.833522015887717904e-01 2.083000477067817324e-01
4.839927483753706516e-01 2.121631423672197814e-01
4.847958371737911554e-01 2.158925787049193745e-01
4.863846086427509041e-01 2.184820015672404303e-01
4.837398373983740063e-01 2.734693877551020447e-01
4.837398373983740063e-01 2.775510204081632626e-01
4.837398373983740063e-01 2.816326530612244805e-01
4.837398373983740063e-01 3.755102040816326592e-01
4.837398373983740063e-01 3.795918367346938771e-01
4.837398373983740063e-01 3.836734693877550950e-01
4.837398373983740063e-01 3.877551020408163129e-01
4.837398373983740063e-01 3.918367346938775309e-01
4.837398373983740063e-01 3.959183673469387488e-01
4.837398373983740063e-01 4.000000000000000222e-01
4.837398373983740063e-01 4.040816326530612401e-01
4.837398373983740063e-01 4.897959183673469274e-01
4.837398373983740063e-01 4.938775510204081454e-01
4.837398373983740063e-01 4.979591836734693633e-01
4.837398373983740063e-01 5.020408163265306367e-01
4.837398373983740063e-01 5.061224489795917991e-01
4.837398373983740063e-01 5.102040816326530726e-01
4.837398373983740063e-01 5.142857142857142350e-01
4.837398373983740063e-01 5.183673469387755084e-01
4.837398373983740063e-01 5.224489795918367818e-01
4.837398373983740063e-01 5.265306122448979442e-01
4.837398373983740063e-01 5.306122448979592177e-01
4.837398373983740063e-01 5.346938775510203801e-01
4.837398373983740063e-01 7.387755102040816091e-01
4.837398373983740063e-01 9.428571428571428381e-01
4.907186171153514742e-01 8.832956664264202118e-03
4.898693945838092922e-01 1.661837619672320437e-02
4.886878898364446222e-01 1.859013853518634574e-02
4.882720439168113380e-01 2.183134418351537556e-02
4.880909548487468719e-01 2.534594364815904652e-02
4.879974273321638911e-01 2.897606759548320213e-02
4.879431358826766818e-01 3.267461640535490597e-02
4.878636754296965528e-01 3.674305948712498077e-02
4.877460806678644012e-01 4.080796092103828460e-02
4.876213931533928125e-01 4.487077361760495597e-02
4.875083043120755910e-01 4.892988064622135619e-02
4.873353163243225872e-01 5.296844206765241592e-02
4.870411385313562214e-01 5.695241403092430460e-02
4.864110377497925519e-01 6.072492126555999181e-02
4.848831640670030474e-01 6.331365349398432318e-02
4.848831640670030474e-01 2.264822648733626209e-01
4.864110377497925519e-01 2.290709969271639557e-01
4.870411385313562214e-01 2.328435043364226187e-01
4.873353163243225872e-01 2.368274764670415533e-01
4.878048780487804770e-01 2.408163265306122458e-01
4.878048780487804770e-01 2.448979591836734637e-01
4.878048780487804770e-01 2.489795918367346816e-01
4.878048780487804770e-01 2.530612244897958996e-01
4.878048780487804770e-01 2.571428571428571175e-01
4.878048780487804770e-01 2.612244897959183909e-01
4.878048780487804770e-01 2.653061224489796088e-01
4.878048780487804770e-01 2.693877551020408267e-01
4.878048780487804770e-01 2.857142857142856984e-01
4.878048780487804770e-01 2.897959183673469163e-01
4.878048780487804770e-01 2.938775510204081898e-01
4.878048780487804770e-01 2.979591836734694077e-01
4.878048780487804770e-01 3.020408163265306256e-01
4.871769279238722383e-01 3.050844602842758269e-01
4.874934417425609290e-01 3.095469256974661687e-01
4.878048780484713909e-01 3.142857141881036376e-01
4.879089024875500336e-01 3.183533510940647626e-01
4.879431358826766818e-01 3.224274245746806544e-01
4.878048780487804770e-01 3.265306122448979331e-01
4.878048780487804770e-01 3.306122448979592066e-01
4.878048780487804770e-01 3.346938775510204245e-01
4.878048780487804770e-01 3.387755102040816424e-01
4.878048780487804770e-01 3.428571428571428603e-01
4.878048780487804770e-01 3.551020408163265141e-01
4.878048780487804770e-01 3.591836734693877320e-01
4.878048780487804770e-01 3.632653061224490054e-01
4.878048780487804770e-01 3.673469387755102233e-01
4.878048780487804770e-01 3.714285714285714413e-01
4.878048780487804770e-01 5.346938775510203801e-01
4.878048780487804770e-01 7.387755102040816091e-01
4.878048780487804770e-01 9.428571428571428381e-01
4.890416624721109495e-01 1.013771881330378238e-02
4.884528288848667965e-01 1.009750913790598281e-02
4.918699186991870032e-01 3.469387755102040782e-01
4.918699186991870032e-01 3.510204081632652962e-01
4.918699186991870032e-01 3.632653061224490054e-01
4.918699186991870032e-01 5.306122448979592177e-01
4.918699186991870032e-01 7.387755102040816091e-01
4.918699186991870032e-01 9.428571428571428381e-01
4.959349593495934738e-01 3.632653061224490054e-01
4.959349593495934738e-01 5.306122448979592177e-01
4.959349593495934738e-01 7.387755102040816091e-01
4.959349593495934738e-01 9.469387755102041115e-01
5.000000000000000000e-01 3.632653061224490054e-01
5.000000000000000000e-01 5.265306122448979442e-01
5.000000000000000000e-01 7.387755102040816091e-01
5.000000000000000000e-01 9.428571428571428381e-01
5.000000000000000000e-01 9.469387755102041115e-01
5.000000000000000000e-01 9.510204081632652739e-01
5.000000000000000000e-01 9.551020408163265474e-01
5.000000000000000000e-01 9.591836734693877098e-01
5.000000000000000000e-01 9.632653061224489832e-01
5.040650406504064707e-01 3.632653061224490054e-01
5.040650406504064707e-01 5.265306122448979442e-01
5.040650406504064707e-01 7.387755102040816091e-01
5.040650406504064707e-01 9.428571428571428381e-01
5.040650406504064707e-01 9.673469387755102566e-01
5.081300813008130524e-01 3.632653061224490054e-01
5.081300813008130524e-01 5.224489795918367818e-01
5.081300813008130524e-01 7.387755102040816091e-01
5.081300813008130524e-01 9.387755102040816757e-01
5.081300813008130524e-01 9.673469387755102566e-01
5.121951219512195230e-01 3.632653061224490054e-01
5.121951219512195230e-01 5.183673469387755084e-01
5.121951219512195230e-01 7.387755102040816091e-01
5.121951219512195230e-01 9.387755102040816757e-01
5.121951219512195230e-01 9.714285714285714191e-01
5.162601626016259937e-01 3.673469387755102233e-01
5.162601626016259937e-01 3.714285714285714413e-01
5.162601626016259937e-01 3.755102040816326592e-01
5.162601626016259937e-01 3.795918367346938771e-01
5.162601626016259937e-01 3.836734693877550950e-01
5.162601626016259937e-01 4.122448979591836760e-01
5.162601626016259937e-01 4.163265306122448939e-01
5.162601626016259937e-01 4.204081632653061118e-01
5.162601626016259937e-01 4.244897959183673297e-01
5.162601626016259937e-01 5.061224489795917991e-01
5.162601626016259937e-01 5.102040816326530726e-01
5.162601626016259937e-01 5.142857142857142350e-01
5.162601626016259937e-01 7.387755102040816091e-01
5.162601626016259937e-01 9.387755102040816757e-01
5.162601626016259937e-01 9.755102040816326925e-01
5.203252032520325754e-01 3.632653061224490054e-01
5.203252032520325754e-01 3.877551020408163129e-01
5.203252032520325754e-01 3.918367346938775309e-01
5.203252032520325754e-01 3.959183673469387488e-01
5.203252032520325754e-01 4.000000000000000222e-01
5.203252032520325754e-01 4.040816326530612401e-01
5.203252032520325754e-01 4.081632653061224580e-01
5.178387477649452064e-01 4.304694340597571833e-01
5.192601390304120157e-01 4.330955432607954125e-01
5.203252032520325754e-01 4.367346938775510390e-01
5.203252032520325754e-01 4.408163265306122569e-01
5.203252032520325754e-01 4.448979591836734748e-01
5.203252032520325754e-01 4.489795918367346927e-01
5.203252032520325754e-01 4.530612244897959107e-01
5.203252032520325754e-01 4.571428571428571286e-01
5.203252032520325754e-01 4.897959183673469274e-01
5.203252032520325754e-01 4.938775510204081454e-01
5.203252032520325754e-01 4.979591836734693633e-01
5.203252032520325754e-01 5.020408163265306367e-01
5.203252032520325754e-01 5.183673469387755084e-01
5.203252032520325754e-01 7.387755102040816091e-01
5.203252032520325754e-01 9.387755102040816757e-01
5.203252032520325754e-01 9.755102040816326925e-01
5.243902439024390461e-01 3.591836734693877320e-01
5.243902439024390461e-01 4.612244897959183465e-01
5.243902439024390461e-01 4.653061224489795644e-01
5.243902439024390461e-01 4.816326530612244916e-01
5.243902439024390461e-01 4.857142857142857095e-01
5.243902439024390461e-01 5.224489795918367818e-01
5.243902439024390461e-01 7.346938775510204467e-01
5.243902439024390461e-01 9.387755102040816757e-01
5.243902439024390461e-01 9.755102040816326925e-01
5.284552845528455167e-01 3.551020408163265141e-01
5.284552845528455167e-01 4.693877551020408379e-01
5.284552845528455167e-01 4.734693877551020558e-01
5.284552845528455167e-01 4.775510204081632737e-01
5.284552845528455167e-01 5.224489795918367818e-01
5.284552845528455167e-01 7.346938775510204467e-01
5.284552845528455167e-01 9.387755102040816757e-01
5.284552845528455167e-01 9.795918367346938549e-01
5.325203252032519874e-01 3.510204081632652962e-01
5.325203252032519874e-01 4.734693877551020558e-01
5.325203252032519874e-01 5.224489795918367818e-01
5.325203252032519874e-01 7.346938775510204467e-01
5.325203252032519874e-01 9.387755102040816757e-01
5.325203252032519874e-01 9.795918367346938549e-01
5.366564739329411360e-01 3.526432341406577908e-01
5.365853658536585691e-01 4.734693877551020558e-01
5.365853658536585691e-01 5.224489795918367818e-01
5.365853658536585691e-01 7.346938775510204467e-01
5.365853658536585691e-01 7.387755102040816091e-01
5.365853658536585691e-01 9.387755102040816757e-01
5.416248184288057210e-01 9.805310869038257326e-01
5.387730225930141836e-01 3.499328238632986032e-01
5.406504065040650397e-01 4.734693877551020558e-01
5.406504065040650397e-01 4.775510204081632737e-01
5.406504065040650397e-01 5.224489795918367818e-01
5.406504065040650397e-01 7.265306122448980108e-01
5.406504065040650397e-01 7.306122448979591733e-01
5.406504065040650397e-01 7.428571428571428825e-01
5.406504065040650397e-01 7.469387755102040449e-01
5.406504065040650397e-01 9.387755102040816757e-01
5.431520628053846389e-01 9.821741345718655314e-01
5.475357661849054036e-01 3.501011977276327625e-01
5.447154471544715104e-01 4.734693877551020558e-01
5.447154471544715104e-01 4.816326530612244916e-01
5.447154471544715104e-01 5.224489795918367818e-01
5.447154471544715104e-01 7.224489795918367374e-01
5.447154471544715104e-01 7.510204081632653184e-01
5.447154471544715104e-01 9.387755102040816757e-01
5.447154471544715104e-01 9.795918367346938549e-01
5.395499796500595746e-01 9.825795259008336391e-01
5.419124318646433291e-01 9.821677230583617524e-01
5.443712823394386557e-01 9.832578987073229415e-01
5.498081058740797999e-01 3.482438206045451179e-01
5.487804878048780921e-01 4.693877551020408379e-01
5.487804878048780921e-01 4.857142857142857095e-01
5.487804878048780921e-01 5.224489795918367818e-01
5.487804878048780921e-01 7.224489795918367374e-01
5.487804878048780921e-01 7.510204081632653184e-01
5.487804878048780921e-01 9.387755102040816757e-01
5.487804878048780921e-01 9.755102040816326925e-01
5.445618419453683856e-01 9.862841882837973806e-01
5.533616535145055026e-01 3.472570625379710063e-01
5.528455284552845628e-01 4.693877551020408379e-01
5.528455284552845628e-01 4.897959183673469274e-01
5.528455284552845628e-01 5.224489795918367818e-01
5.528455284552845628e-01 7.224489795918367374e-01
5.528455284552845628e-01 7.510204081632653184e-01
5.528455284552845628e-01 9.387755102040816757e-01
5.528455284552845628e-01 9.714285714285714191e-01
5.464849021414491803e-01 9.906101943925023079e-01
5.567992555980316727e-01 3.466092429660754815e-01
5.569105691056910334e-01 4.693877551020408379e-01
5.569105691056910334e-01 4.938775510204081454e-01
5.569105691056910334e-01 4.979591836734693633e-01
5.569105691056910334e-01 5.224489795918367818e-01
5.569105691056910334e-01 5.265306122448979442e-01
5.569105691056910334e-01 5.306122448979592177e-01
5.569105691056910334e-01 5.346938775510203801e-01
5.569105691056910334e-01 7.183673469387754640e-01
5.569105691056910334e-01 7.510204081632653184e-01
5.569105691056910334e-01 9.387755102040816757e-01
5.569105691056910334e-01 9.673469387755102566e-01
5.604168803561706547e-01 3.456660416048514262e-01
5.609756097560976151e-01 4.693877551020408379e-01
5.609756097560976151e-01 5.183673469387755084e-01
5.609756097560976151e-01 5.387755102040816535e-01
5.609756097560976151e-01 7.142857142857143016e-01
5.609756097560976151e-01 7.510204081632653184e-01
5.609756097560976151e-01 9.428571428571428381e-01
5.609756097560976151e-01 9.632653061224489832e-01
5.628563897699360163e-01 3.439132605052115932e-01
5.650406504065040858e-01 4.653061224489795644e-01
5.650406504065040858e-01 5.142857142857142350e-01
5.650406504065040858e-01 5.428571428571428159e-01
5.650406504065040858e-01 7.102040816326530281e-01
5.650406504065040858e-01 7.510204081632653184e-01
5.650406504065040858e-01 9.428571428571428381e-01
5.650406504065040858e-01 9.591836734693877098e-01
5.709080256188545643e-01 3.449770444471921271e-01
5.668794650251303135e-01 4.684083728461849172e-01
5.691056910569105565e-01 5.142857142857142350e-01
5.691056910569105565e-01 5.469387755102040893e-01
5.722193124370906769e-01 6.633345456765394887e-01
5.706193508945662796e-01 6.658645481213318895e-01
5.699628886200744926e-01 6.696173201940540665e-01
5.691056910569105565e-01 6.734693877551020114e-01
5.691056910569105565e-01 6.775510204081632848e-01
5.691056910569105565e-01 6.816326530612244472e-01
5.691056910569105565e-01 6.857142857142857206e-01
5.691056910569105565e-01 6.897959183673469941e-01
5.691056910569105565e-01 6.938775510204081565e-01
5.691056910569105565e-01 6.979591836734694299e-01
5.691056910569105565e-01 7.020408163265305923e-01
5.691056910569105565e-01 7.061224489795918657e-01
5.691056910569105565e-01 7.102040816326530281e-01
5.691056910569105565e-01 7.510204081632653184e-01
5.691056910569105565e-01 9.428571428571428381e-01
5.691056910569105565e-01 9.551020408163265474e-01
5.731471703375728977e-01 3.428046431194941013e-01
5.701364056922767487e-01 4.671481408986585815e-01
5.731707317073170271e-01 5.142857142857142350e-01
5.731707317073170271e-01 5.510204081632652517e-01
5.759347511239621964e-01 6.474630120096309671e-01
5.739652538805540827e-01 6.497866781917875922e-01
5.727774080779209909e-01 6.528663911669020381e-01
5.709054953668538657e-01 6.553214141699884587e-01
5.731707317073170271e-01 7.102040816326530281e-01
5.731707317073170271e-01 7.142857142857143016e-01
5.731707317073170271e-01 7.183673469387754640e-01
5.731707317073170271e-01 7.224489795918367374e-01
5.731707317073170271e-01 7.265306122448980108e-01
5.731707317073170271e-01 7.306122448979591733e-01
5.731707317073170271e-01 7.346938775510204467e-01
5.731707317073170271e-01 7.387755102040816091e-01
5.731707317073170271e-01 7.428571428571428825e-01
5.731707317073170271e-01 7.469387755102040449e-01
5.731707317073170271e-01 7.510204081632653184e-01
5.731707317073170271e-01 9.469387755102041115e-01
5.731707317073170271e-01 9.510204081632652739e-01
5.731707317073170271e-01 9.551020408163265474e-01
5.753571984492530378e-01 3.405931891806955880e-01
5.739147747768377217e-01 4.662490938317353506e-01
5.772357723577236088e-01 5.142857142857142350e-01
5.752706717135672720e-01 5.578536650279954934e-01
5.786963902315412911e-01 5.577641176078849128e-01
5.800255633326535376e-01 6.357250825207376721e-01
5.775852839247611614e-01 6.375301736250177376e-01
5.752042099735056313e-01 6.395212873331822534e-01
5.772357723577236088e-01 7.102040816326530281e-01
5.772357723577236088e-01 7.510204081632653184e-01
5.772357723577236088e-01 9.428571428571428381e-01
5.772357723577236088e-01 9.551020408163265474e-01
5.834224838782404721e-01 3.415930504007835267e-01
5.774598785229330122e-01 4.650132654751508166e-01
5.813008130081300795e-01 5.142857142857142350e-01
5.799635490421508610e-01 5.651774893671616118e-01
5.831924214745243251e-01 5.648903994649953075e-01
5.813008130081300795e-01 6.244897959183673963e-01
5.814188535024016335e-01 6.273124109521241998e-01
5.813008130081300795e-01 7.102040816326530281e-01
5.813008130081300795e-01 7.510204081632653184e-01
5.813008130081300795e-01 9.387755102040816757e-01
5.813008130081300795e-01 9.591836734693877098e-01
5.813008130081300795e-01 9.632653061224489832e-01
5.858211336677280334e-01 3.397535329014633176e-01
5.788417043300663201e-01 4.640153596519815404e-01
5.853658536585365502e-01 5.142857142857142350e-01
5.855917387894672421e-01 5.707681094728676019e-01
5.853658536585365502e-01 6.204081632653061229e-01
5.853658536585365502e-01 7.102040816326530281e-01
5.853658536585365502e-01 7.551020408163264808e-01
5.853658536585365502e-01 9.346938775510204023e-01
5.853658536585365502e-01 9.673469387755102566e-01
5.893478435601441356e-01 3.386507636925077391e-01
5.809146301608866247e-01 4.653774979030143033e-01
5.894308943089431319e-01 5.142857142857142350e-01
5.892400375588199291e-01 5.775345384713490571e-01
5.894308943089431319e-01 6.163265306122448495e-01
5.894308943089431319e-01 7.102040816326530281e-01
5.894308943089431319e-01 7.551020408163264808e-01
5.894308943089431319e-01 9.346938775510204023e-01
5.894308943089431319e-01 9.673469387755102566e-01
5.928419505267752410e-01 3.375320159858662961e-01
5.934959349593496025e-01 5.102040816326530726e-01
5.914512968061840237e-01 5.836155078849013522e-01
5.948470609633600414e-01 5.843586847915466231e-01
5.934959349593496025e-01 6.122448979591836871e-01
5.934959349593496025e-01 7.061224489795918657e-01
5.934959349593496025e-01 7.551020408163264808e-01
5.934959349593496025e-01 9.306122448979591288e-01
5.934959349593496025e-01 9.673469387755102566e-01
5.951032032281523554e-01 3.356217409046937106e-01
5.975609756097560732e-01 5.102040816326530726e-01
5.948252029739683477e-01 5.925327132741103897e-01
5.973394624707885070e-01 5.945983040336595415e-01
5.997010494139408676e-01 5.971949488950931695e-01
5.975609756097560732e-01 6.081632653061224136e-01
5.975609756097560732e-01 7.061224489795918657e-01
5.975609756097560732e-01 7.551020408163264808e-01
5.975609756097560732e-01 9.306122448979591288e-01
5.975609756097560732e-01 9.673469387755102566e-01
6.030246713804460201e-01 3.360448137980562855e-01
6.016260162601626549e-01 5.102040816326530726e-01
6.016260162601626549e-01 5.999999999999999778e-01
6.016260162601626549e-01 6.040816326530612512e-01
6.016260162601626549e-01 6.081632653061224136e-01
6.016260162601626549e-01 7.061224489795918657e-01
6.019947372866242263e-01 7.545329418983690584e-01
6.016260162601626549e-01 9.306122448979591288e-01
6.016260162601626549e-01 9.673469387755102566e-01
6.039515373787305297e-01 3.328625213478368927e-01
6.056910569105691255e-01 5.061224489795917991e-01
5.991911657411999048e-01 6.078985729821415607e-01
6.056910569105691255e-01 7.061224489795918657e-01
6.033286072571224512e-01 7.552776653804265106e-01
6.056910569105691255e-01 9.306122448979591288e-01
6.056910569105691255e-01 9.714285714285714191e-01
6.119280314447766989e-01 3.330846839802986126e-01
6.097560975609755962e-01 5.061224489795917991e-01
6.035016513338721245e-01 6.101364732900520504e-01
6.097560975609755962e-01 7.061224489795918657e-01
6.098704727333913445e-01 7.579524185156867322e-01
6.097560975609755962e-01 9.306122448979591288e-01
6.073162405660784691e-01 9.733658346081418555e-01
6.139259349130168353e-01 3.307338685612491447e-01
6.138211382113820669e-01 5.061224489795917991e-01
6.090706219457513448e-01 6.136146424423750689e-01
6.156990149084902164e-01 7.044043195386398004e-01
6.105715302311307546e-01 7.580116776397869405e-01
6.137706667415057105e-01 9.303655988697142609e-01
6.150632099507800099e-01 9.738736208399986216e-01
6.160026089897818746e-01 3.284232196150994043e-01
6.178861788617886486e-01 5.061224489795917991e-01
6.167798015200041117e-01 6.166290185404751378e-01
6.180879850986620294e-01 7.024743578698466884e-01
6.167087106410853448e-01 7.559295888543509090e-01
6.177070569943843292e-01 9.299478899556857803e-01
6.155631018015064182e-01 9.772814612241690346e-01
6.240769854076660961e-01 3.290969086193232251e-01
6.219512195121951192e-01 4.775510204081632737e-01
6.219512195121951192e-01 4.816326530612244916e-01
6.219512195121951192e-01 4.857142857142857095e-01
6.219512195121951192e-01 4.897959183673469274e-01
6.219512195121951192e-01 4.938775510204081454e-01
6.219512195121951192e-01 4.979591836734693633e-01
6.219512195121951192e-01 5.020408163265306367e-01
6.163991139065928548e-01 6.197758530955571610e-01
6.214305334752879828e-01 7.011167960775996910e-01
6.170018682051904291e-01 7.560435315147422397e-01
6.214665304024692416e-01 9.292969117159669556e-01
6.231846039910323709e-01 9.779125627139773069e-01
6.261928385007431430e-01 3.268171621276284022e-01
6.260162601626015899e-01 4.693877551020408379e-01
6.260162601626015899e-01 4.734693877551020558e-01
6.260162601626015899e-01 5.020408163265306367e-01
6.200617240189112422e-01 6.206518041796754703e-01
6.236933044070847032e-01 6.991448129014092849e-01
6.227612493472642896e-01 7.573634601312175807e-01
6.240279965946919916e-01 9.277341112247382560e-01
6.232788465364373920e-01 9.811390503784831463e-01
6.283626200894378844e-01 3.245657304615466310e-01
6.288930465963222805e-01 4.685256319462644536e-01
6.300813008130081716e-01 5.020408163265306367e-01
6.240143042088039937e-01 6.232532837694244598e-01
6.316979758704566184e-01 6.996870759922099170e-01
6.224779171899446073e-01 7.561291955525473174e-01
6.320391960472353521e-01 9.292623690177439499e-01
6.306601397374198559e-01 9.819045379905182447e-01
6.363883583022781343e-01 3.255503673515073304e-01
6.335560859212220342e-01 4.625785828168902936e-01
6.309852037726469964e-01 4.619791195815790008e-01
6.341463414634146423e-01 5.020408163265306367e-01
6.327243480979033441e-01 6.966039762646910605e-01
6.345929833102074147e-01 9.276650788576095152e-01
6.303472447822370262e-01 9.850096568612534131e-01
6.388101996536881266e-01 3.237977902115113382e-01
6.332159941349693177e-01 4.599985606664297455e-01
6.382113821138211129e-01 5.020408163265306367e-01
6.406721126087524532e-01 6.972176809937750130e-01
6.386376280253336368e-01 9.267852550744297702e-01
6.348588655502118705e-01 9.866883565491179064e-01
6.424352387727070290e-01 3.228655562504451071e-01
6.422764227642276946e-01 5.020408163265306367e-01
6.430029187501007382e-01 6.954619276945536166e-01
6.422764227642276946e-01 9.265306122448979664e-01
6.391018302562245790e-01 9.897399406138883693e-01
6.462423602007641987e-01 3.221528782103001420e-01
6.463414634146341653e-01 5.020408163265306367e-01
6.466192727476903768e-01 6.946000981403571695e-01
6.463414634146341653e-01 9.265306122448979664e-01
6.425543149035969348e-01 9.926596491692625257e-01
6.499068841373176753e-01 3.212664477702952270e-01
6.504065040650406360e-01 5.020408163265306367e-01
6.504823635338201626e-01 6.940395586859026134e-01
6.504065040650406360e-01 9.265306122448979664e-01
6.447545765119233607e-01 9.946089056320488453e-01
6.523920806859263566e-01 3.195450885630003457e-01
6.544715447154471066e-01 5.020408163265306367e-01
6.547373364366234627e-01 6.935012458558716952e-01
6.544715447154471066e-01 9.265306122448979664e-01
6.604541702814991089e-01 3.208248822987839755e-01
6.585365853658536883e-01 5.020408163265306367e-01
6.591817401619287642e-01 6.926254752467443376e-01
6.585365853658536883e-01 9.224489795918366930e-01
6.629148399262363434e-01 3.190005985592320736e-01
6.606295092534879565e-01 4.992042147506940974e-01
6.618809453831659972e-01 6.910906375994031459e-01
6.626016260162601590e-01 9.224489795918366930e-01
6.663695994454125193e-01 3.177756277649492200e-01
6.686387834294388322e-01 5.007957852493059026e-01
6.666666666666666297e-01 6.897959183673469941e-01
6.666666666666666297e-01 9.183673469387755306e-01
6.688376838148276660e-01 3.159623113964513119e-01
6.712221180361400696e-01 4.993201024179365621e-01
6.707317073170732113e-01 6.897959183673469941e-01
6.707317073170732113e-01 9.102040816326530948e-01
6.707317073170732113e-01 9.142857142857142572e-01
6.707317073170732113e-01 9.183673469387755306e-01
6.768734652938972474e-01 3.172281483321317541e-01
6.749900914361885995e-01 4.987283831859026240e-01
6.747967479674796820e-01 6.897959183673469941e-01
6.747967479674796820e-01 8.979591836734693855e-01
6.747967479674796820e-01 9.020408163265306589e-01
6.747967479674796820e-01 9.061224489795918213e-01
6.747967479674796820e-01 9.224489795918366930e-01
6.793607285637143223e-01 3.155296888335474836e-01
6.789560287781376546e-01 4.984322818625737117e-01
6.788617886178861527e-01 6.897959183673469941e-01
6.788617886178861527e-01 8.938775510204081121e-01
6.788617886178861527e-01 9.265306122448979664e-01
6.830095768934215661e-01 3.146535316673439997e-01
6.829773328251421693e-01 4.982580459025707231e-01
6.829268292682927344e-01 6.897959183673469941e-01
6.829268292682927344e-01 8.897959183673469497e-01
6.829268292682927344e-01 9.265306122448979664e-01
6.868152914932461606e-01 3.139991644320876407e-01
6.870194919385421706e-01 4.981441034604581208e-01
6.869918699186992050e-01 6.897959183673469941e-01
6.869918699186992050e-01 6.938775510204081565e-01
6.888271934396352769e-01 8.868184317235967562e-01
6.869918699186992050e-01 9.265306122448979664e-01
6.905670774446580618e-01 3.133164820510760951e-01
6.910711320503569732e-01 4.980640282872850211e-01
6.910569105691056757e-01 6.816326530612244472e-01
6.910569105691056757e-01 6.857142857142857206e-01
6.910569105691056757e-01 6.979591836734694299e-01
6.937144528071176319e-01 8.840435824784621532e-01
6.910569105691056757e-01 9.265306122448979664e-01
6.940316595648210463e-01 3.123953832446464407e-01
6.951276725255366440e-01 4.980047692577722618e-01
6.951219512195121464e-01 6.775510204081632848e-01
6.951219512195121464e-01 6.979591836734694299e-01
6.931798636725898799e-01 8.807694730892948742e-01
6.951219512195121464e-01 9.265306122448979664e-01
6.960393304168057682e-01 3.106347945186176407e-01
6.991869920047029119e-01 4.979591836734693633e-01
6.991869918699187281e-01 6.734693877551020114e-01
6.991869918699187281e-01 6.979591836734694299e-01
6.998941176850159707e-01 8.798616475482680110e-01
6.991869918699187281e-01 9.265306122448979664e-01
7.026441915124480575e-01 3.095083291288370231e-01
7.032520325328733835e-01 4.979591836734693633e-01
7.032520325203251987e-01 6.734693877551020114e-01
7.032520325203251987e-01 7.020408163265305923e-01
6.994807176572096497e-01 8.767543874505184798e-01
7.032520325203251987e-01 9.265306122448979664e-01
7.096876439570289907e-01 3.082767543240393371e-01
7.073170730359474856e-01 4.979591836734693633e-01
7.073170731707316694e-01 6.734693877551020114e-01
7.073170731707316694e-01 7.020408163265305923e-01
7.040295508156371174e-01 8.755080423935563960e-01
7.073170730433704367e-01 9.264394410762921694e-01
7.103454871850876096e-01 3.051792669433112115e-01
7.113763925151137535e-01 4.979135980891664648e-01
7.113821138211382511e-01 6.734693877551020114e-01
7.113821138211382511e-01 7.061224489795918657e-01
7.099275658422006252e-01 8.730985949994349848e-01
7.113678923808142152e-01 9.264257676310823086e-01
7.181595306544436008e-01 3.056048730340767405e-01
7.154329327865666110e-01 4.978543390596537055e-01
7.154471544715447218e-01 6.734693877551020114e-01
7.154471544715447218e-01 7.061224489795918657e-01
7.089052741582376749e-01 8.713702556458586823e-01
7.154195326154108026e-01 9.263456924579092089e-01
7.204105736156811712e-01 3.038525553838331006e-01
7.194845731021082269e-01 4.977742638864806057e-01
7.195121951219511924e-01 6.734693877551020114e-01
7.195121951219511924e-01 7.061224489795918657e-01
7.194616916087575031e-01 9.262317500157966066e-01
7.239690067123989436e-01 3.029608349733967088e-01
7.235267324192351523e-01 4.976603214443680034e-01
7.235772357723577741e-01 6.734693877551020114e-01
7.202121065399511579e-01 7.090515154641957585e-01
7.234829956121062722e-01 9.260575140557936180e-01
7.277799209079854892e-01 3.023589002677686266e-01
7.275480362625127428e-01 4.974860854843650149e-01
7.276422764227642448e-01 6.734693877551020114e-01
7.271559049370149852e-01 7.112731281335332723e-01
7.274489327939842598e-01 9.257614127324647058e-01
7.316274290157995797e-01 3.017986048634843654e-01
7.315139734443907304e-01 4.971899841610361026e-01
7.328420301371185719e-01 6.703645428656885841e-01
7.265213763046010076e-01 7.138645783665457101e-01
7.312169065287268399e-01 9.251696935004307676e-01
7.354300575327540335e-01 3.011699867038037381e-01
7.352819470045103278e-01 4.965982649290021644e-01
7.333400351283086982e-01 6.673194029149884798e-01
7.287694666822387424e-01 7.133835506663486203e-01
7.338002409608049836e-01 9.236940106690614272e-01
7.390142164947427483e-01 3.002858474337476991e-01
7.378652816112115653e-01 4.951225820976328240e-01
7.414666611873507174e-01 6.668645997408169102e-01
7.418095151367559703e-01 9.252855811676732323e-01
7.413085408099904239e-01 2.985354680986124776e-01
7.458745557871624410e-01 4.967141525962446846e-01
7.421081932318374097e-01 6.635467112639310550e-01
7.443928495688341140e-01 9.238098983363038919e-01
7.491854784718706695e-01 2.990264885407891704e-01
7.484578902192405847e-01 4.952384697648753442e-01
7.499417189217164603e-01 6.631622947723966321e-01
7.481608231435056267e-01 9.232181791042699537e-01
7.500479792536244306e-01 2.958751282236558033e-01
7.522258639539832759e-01 4.946467505328414060e-01
7.506580414076343688e-01 6.598738684523280940e-01
7.521267606528018179e-01 9.229220777809410414e-01
7.579484863615617574e-01 2.957237264283990030e-01
7.561918013032082886e-01 4.943506492095124938e-01
7.588654984663263381e-01 6.598318403653268271e-01
7.561480643287323833e-01 9.227478418209380528e-01
7.587617512620091764e-01 2.924889476646726494e-01
7.602131049791388540e-01 4.941764132495095052e-01
7.608327085329257278e-01 6.575200897300549352e-01
7.601845019874055032e-01 9.225883138017985097e-01
7.666933134376124892e-01 2.927797217625288106e-01
7.642552643362835463e-01 4.940624708073969029e-01
7.626254474223644886e-01 6.553620051659111434e-01
7.642276424037840465e-01 9.224489795936464676e-01
7.688608834698864580e-01 2.907245247396735288e-01
7.683069044890256105e-01 4.939823956342238032e-01
7.709206850097582997e-01 6.561702139371511366e-01
7.682707825654400136e-01 9.223096453818748763e-01
7.721184126019328131e-01 2.892800717153681256e-01
7.723577236536013357e-01 4.938775510185983708e-01
7.730132377653465836e-01 6.545653057911869910e-01
7.723072201840953666e-01 9.221501173627353332e-01
7.744049223204241272e-01 2.872551339450387098e-01
7.764085425017368536e-01 4.937727064065924876e-01
7.766654050158434686e-01 6.537281139100407090e-01
7.763285239000436988e-01 9.219758814027323446e-01
7.824593032426314654e-01 2.881097696122846274e-01
7.804601830219148884e-01 4.936926312334193878e-01
7.805113662477929370e-01 6.531137242456345193e-01
7.802944614093398901e-01 9.216797800794034323e-01
7.846526461283106491e-01 2.859108377784390642e-01
7.845023421353148896e-01 4.935786887913067855e-01
7.843864440722286835e-01 6.525383874469873335e-01
7.840624348093884199e-01 9.210880608473694942e-01
7.868788211324395654e-01 2.837409160898199945e-01
7.885236458512632218e-01 4.934044528313037969e-01
7.880552966796936509e-01 6.516886734099563983e-01
7.866457694160895464e-01 9.196123780160001537e-01
7.949187506058412733e-01 2.848776323682799538e-01
7.924895833605594131e-01 4.931083515079748847e-01
7.905323064954179468e-01 6.500013853584852841e-01
7.946550435920405331e-01 9.212039485146120699e-01
7.973733471542771012e-01 2.832457816423087915e-01
7.962575569352309257e-01 4.925166322759409465e-01
7.985661314985889048e-01 6.512226198590835846e-01
7.972383781987416596e-01 9.197282656832427294e-01
8.010822111403292922e-01 2.825638602682560285e-01
7.988247445621716736e-01 4.909994173471872725e-01
8.009751059883463142e-01 6.493191012321515299e-01
8.010006301495202763e-01 9.190909608305261047e-01
8.050062758628018234e-01 2.821541978357530733e-01
8.068359440147150341e-01 4.925276751401929110e-01
8.043412158220279995e-01 6.480140391993811644e-01
8.049580674995058249e-01 9.187356004995123060e-01
8.089955182752500695e-01 2.818682030649328207e-01
8.094058782283436448e-01 4.909719173102734535e-01
8.066201336753774376e-01 6.460835884116133965e-01
8.089659709715387725e-01 9.184812893954400481e-01
8.130081301576663755e-01 2.816326530594147060e-01
8.131509702987504973e-01 4.902662556797826587e-01
8.146086582171965240e-01 6.465843190557836184e-01
8.129852484988195904e-01 9.182534044821110131e-01
8.170426102290703207e-01 2.814842210229657193e-01
8.170731706450914400e-01 4.897959183604440048e-01
8.156276160692114141e-01 6.434902520736260900e-01
8.169931520126892943e-01 9.179990933780387552e-01
8.206949905741759421e-01 2.813099850920665612e-01
8.209953713392871277e-01 4.893255810549111962e-01
8.235693947370429369e-01 6.440348492916293521e-01
8.209505893626748430e-01 9.176437330470249565e-01
8.242469795589615345e-01 2.810483732921242317e-01
8.247243164590374320e-01 4.885783869777901023e-01
8.258671581355203628e-01 6.421927286292977710e-01
8.247128414880764424e-01 9.170064281943083317e-01
8.275459363784004596e-01 2.805705965458586415e-01
8.272706891137470153e-01 4.869701296794323175e-01
8.294265055145199073e-01 6.412026299959600051e-01
8.272961759201545862e-01 9.155307453629389913e-01
8.295827296872934076e-01 2.792691498491152724e-01
8.352939750378330919e-01 4.884074997023812315e-01
8.331751204726364213e-01 6.404300230652645309e-01
8.353054500961055728e-01 9.171223158615507964e-01
8.366608130125654519e-01 2.806837234237440359e-01
8.378382813205802471e-01 4.867763422296515485e-01
8.367584090991271317e-01 6.394744688160337587e-01
8.378887847028066993e-01 9.156466330301814560e-01
8.380623871074398545e-01 2.795036584428720605e-01
8.415625178771201087e-01 4.860103870958222827e-01
8.390899872486820010e-01 6.376736765242733140e-01
8.416567581028552292e-01 9.150549137981475178e-01
8.391700273576548907e-01 2.797959026937582028e-01
8.454350735054009247e-01 4.854637699534318229e-01
8.470337226252427909e-01 6.382628761773586623e-01
8.456226956121514204e-01 9.147588124748186056e-01
8.408874133450350286e-01 2.782833265102639397e-01
8.491678102430793018e-01 4.847570737690797826e-01
8.480882285942694665e-01 6.352065115777433268e-01
8.496439994918087990e-01 9.145845765148156170e-01
8.517416636658287077e-01 4.832475239743611595e-01
8.560319639708301453e-01 6.357957112308287861e-01
8.536861586052088002e-01 9.144706340727030147e-01
8.596848988057514962e-01 4.848621484319850516e-01
8.583635421203850147e-01 6.339949189390683415e-01
8.577377986760963413e-01 9.143905588995299150e-01
8.622009353738229187e-01 4.835082026160493207e-01
8.619228896885595681e-01 6.330048203348344060e-01
8.617943394773299737e-01 9.143312998700171557e-01
8.658536583684787180e-01 4.831710522025063348e-01
8.656376892553142577e-01 6.321908853246061000e-01
8.658536585898788385e-01 9.142857142857142572e-01
8.695225286500043449e-01 4.834666702858343434e-01
8.691715071762426970e-01 6.311861417893016579e-01
8.699186990522076446e-01 9.142857142857142572e-01
8.720621264859564903e-01 4.847681165169164252e-01
8.714278889441393616e-01 6.293285793330216649e-01
8.739837399721825939e-01 9.142857142857142572e-01
8.796243516234226734e-01 4.830626040564051649e-01
8.793064875034161121e-01 6.297327655866475915e-01
8.780430591413078689e-01 9.142401287014113587e-01
8.817994593440581230e-01 4.844582115399784228e-01
8.801454271046005307e-01 6.265289054518299316e-01
8.820995994532332407e-01 9.141808696718985994e-01
8.850840349422344211e-01 4.849906718225351354e-01
8.880297871745699290e-01 6.263359713263582096e-01
8.861512399725017808e-01 9.141007944987254996e-01
8.884654156721719653e-01 4.852411875251813611e-01
8.888669932351970226e-01 6.231357369467388496e-01
8.901933988821749688e-01 9.139868520566128973e-01
8.917488721407555996e-01 4.854154234851843497e-01
8.968143223527424990e-01 6.234859985755566436e-01
8.942147027618323474e-01 9.138126160966099087e-01
8.948072348115586605e-01 4.855293659272969520e-01
8.990180437080182996e-01 6.214987773904386836e-01
8.981806401110573601e-01 9.135165147732809965e-01
8.973831805377835424e-01 4.856094411004700517e-01
9.023346827779300527e-01 6.201445263044252920e-01
9.019486138458000513e-01 9.129247955412470583e-01
8.984883318284178078e-01 4.856687001299828110e-01
9.047259891034686863e-01 6.182412121901098567e-01
9.045319482778781950e-01 9.114491127098777179e-01
9.127282262060457674e-01 6.194456288676556399e-01
9.125412224538290706e-01 9.130406832084896340e-01
9.152101361754964026e-01 6.177791569234650781e-01
9.151245570605303081e-01 9.115650003771202936e-01
9.189046169175696388e-01 6.170048425292443683e-01
9.188925306206499055e-01 9.109732811450863554e-01
9.228241112981984129e-01 6.165422989170147305e-01
9.228584678025278931e-01 9.106771798217574432e-01
9.267855315728655841e-01 6.161522946813456914e-01
9.268740503857105795e-01 9.104573582992794289e-01
9.303653850087638677e-01 6.157878364056196263e-01
9.309077093643562950e-01 9.102841567985502369e-01
9.337068313251938312e-01 6.151753010080974748e-01
9.349459491313018011e-01 9.101240064667559526e-01
9.358031678115721341e-01 6.137204346332546523e-01
9.389796081508747783e-01 9.099508049660267606e-01
9.431888207372531863e-01 6.150814995350202263e-01
9.429951907340574646e-01 9.097309834435487463e-01
9.450343077873614162e-01 6.136058167036508859e-01
9.469611280760065197e-01 9.094348821202198341e-01
9.478184846684154508e-01 6.130140974716169477e-01
9.507291014760550496e-01 9.088431628881858959e-01
9.503087277630177798e-01 6.127179961482880355e-01
9.533124360827562871e-01 9.073674800568165555e-01
9.513786419983801812e-01 6.125437601882850469e-01
9.613217102587071627e-01 9.089590505554283606e-01
9.639050446907853065e-01 9.074833677240590202e-01
9.676730184255279976e-01 9.068916484920250820e-01
9.712700320692161382e-01 9.065955471686961697e-01
9.748697088443583070e-01 9.064213112086931812e-01
9.784199696145875480e-01 9.063073687665805789e-01
9.818813322108178587e-01 9.062272935934074791e-01
9.852000251525967478e-01 9.061680345638947198e-01
9.882755476746677425e-01 9.061224489795918213e-01
9.908648937357574793e-01 9.061224489795918213e-01
9.919785456731915474e-01 9.061224489795918213e-01
