0.000000000000000000e+00 7.211155378486056033e-01
0.000000000000000000e+00 7.250996015936255201e-01
0.000000000000000000e+00 7.290836653386454369e-01
0.000000000000000000e+00 7.330677290836653537e-01
0.000000000000000000e+00 7.370517928286852705e-01
0.000000000000000000e+00 7.410358565737051872e-01
0.000000000000000000e+00 7.768924302788844383e-01
0.000000000000000000e+00 7.808764940239043550e-01
0.000000000000000000e+00 7.848605577689242718e-01
3.921568627450980338e-03 7.450199203187251040e-01
3.921568627450980338e-03 7.729083665338645215e-01
7.843137254901960675e-03 7.490039840637450208e-01
7.843137254901960675e-03 7.689243027888446047e-01
1.176470588235294101e-02 7.529880478087649376e-01
1.176470588235294101e-02 7.609561752988047711e-01
1.176470588235294101e-02 7.649402390438246879e-01
1.568627450980392135e-02 7.569721115537848544e-01
1.960784313725490169e-02 7.569721115537848544e-01
2.352941176470588203e-02 7.529880478087649376e-01
2.745098039215686236e-02 7.529880478087649376e-01
3.137254901960784270e-02 7.529880478087649376e-01
3.529411764705882304e-02 7.490039840637450208e-01
3.921568627450980338e-02 7.490039840637450208e-01
4.313725490196078372e-02 7.490039840637450208e-01
4.705882352941176405e-02 7.450199203187251040e-01
5.098039215686274439e-02 7.450199203187251040e-01
5.490196078431372473e-02 7.450199203187251040e-01
5.882352941176470507e-02 7.450199203187251040e-01
6.274509803921568540e-02 7.450199203187251040e-01
6.666666666666666574e-02 7.450199203187251040e-01
7.058823529411764608e-02 7.450199203187251040e-01
7.450980392156862642e-02 7.450199203187251040e-01
7.843137254901960675e-02 7.450199203187251040e-01
8.235294117647058709e-02 7.410358565737051872e-01
8.627450980392156743e-02 7.410358565737051872e-01
9.019607843137254777e-02 7.410358565737051872e-01
9.411764705882352811e-02 7.410358565737051872e-01
9.803921568627450844e-02 5.179282868525896255e-01
9.803921568627450844e-02 7.410358565737051872e-01
1.019607843137254888e-01 5.179282868525896255e-01
1.019607843137254888e-01 7.410358565737051872e-01
1.058823529411764691e-01 5.179282868525896255e-01
1.058823529411764691e-01 7.370517928286852705e-01
1.098039215686274495e-01 5.179282868525896255e-01
1.098039215686274495e-01 7.370517928286852705e-01
1.137254901960784298e-01 5.179282868525896255e-01
1.137254901960784298e-01 7.370517928286852705e-01
1.176470588235294101e-01 5.139442231075697087e-01
1.176470588235294101e-01 7.370517928286852705e-01
1.215686274509803905e-01 5.139442231075697087e-01
1.215686274509803905e-01 7.370517928286852705e-01
1.254901960784313708e-01 5.099601593625497920e-01
1.254901960784313708e-01 7.370517928286852705e-01
1.294117647058823650e-01 5.099601593625497920e-01
1.294117647058823650e-01 7.370517928286852705e-01
1.333333333333333315e-01 5.099601593625497920e-01
1.333333333333333315e-01 7.330677290836653537e-01
1.372549019607843257e-01 5.099601593625497920e-01
1.372549019607843257e-01 7.330677290836653537e-01
1.411764705882352922e-01 5.099601593625497920e-01
1.411764705882352922e-01 7.330677290836653537e-01
1.450980392156862864e-01 5.099601593625497920e-01
1.450980392156862864e-01 7.330677290836653537e-01
1.490196078431372528e-01 5.099601593625497920e-01
1.490196078431372528e-01 7.330677290836653537e-01
1.529411764705882470e-01 5.099601593625497920e-01
1.529411764705882470e-01 7.330677290836653537e-01
1.568627450980392135e-01 5.099601593625497920e-01
1.568627450980392135e-01 7.330677290836653537e-01
1.607843137254902077e-01 5.099601593625497920e-01
1.607843137254902077e-01 7.330677290836653537e-01
1.647058823529411742e-01 5.099601593625497920e-01
1.647058823529411742e-01 7.330677290836653537e-01
1.686274509803921684e-01 5.099601593625497920e-01
1.686274509803921684e-01 7.330677290836653537e-01
1.725490196078431349e-01 5.059760956175298752e-01
1.725490196078431349e-01 7.330677290836653537e-01
1.764705882352941291e-01 5.059760956175298752e-01
1.764705882352941291e-01 7.330677290836653537e-01
1.803921568627450955e-01 5.059760956175298752e-01
1.803921568627450955e-01 7.330677290836653537e-01
1.843137254901960898e-01 5.059760956175298752e-01
1.843137254901960898e-01 7.330677290836653537e-01
1.882352941176470562e-01 5.059760956175298752e-01
1.882352941176470562e-01 7.330677290836653537e-01
1.921568627450980504e-01 5.059760956175298752e-01
1.921568627450980504e-01 7.330677290836653537e-01
1.960784313725490169e-01 5.059760956175298752e-01
1.960784313725490169e-01 7.330677290836653537e-01
2.000000000000000111e-01 5.059760956175298752e-01
2.000000000000000111e-01 7.330677290836653537e-01
2.039215686274509776e-01 5.059760956175298752e-01
2.039215686274509776e-01 7.330677290836653537e-01
2.078431372549019718e-01 5.059760956175298752e-01
2.078431372549019718e-01 7.330677290836653537e-01
2.117647058823529382e-01 5.059760956175298752e-01
2.117647058823529382e-01 7.330677290836653537e-01
2.156862745098039325e-01 5.019920318725099584e-01
2.156862745098039325e-01 7.330677290836653537e-01
2.196078431372548989e-01 5.019920318725099584e-01
2.196078431372548989e-01 7.330677290836653537e-01
2.235294117647058931e-01 2.470119521912350624e-01
2.235294117647058931e-01 5.019920318725099584e-01
2.235294117647058931e-01 7.370517928286852705e-01
2.274509803921568596e-01 2.470119521912350624e-01
2.274509803921568596e-01 5.019920318725099584e-01
2.274509803921568596e-01 7.370517928286852705e-01
2.313725490196078538e-01 2.470119521912350624e-01
2.313725490196078538e-01 5.019920318725099584e-01
2.313725490196078538e-01 7.410358565737051872e-01
2.352941176470588203e-01 2.470119521912350624e-01
2.352941176470588203e-01 5.019920318725099584e-01
2.352941176470588203e-01 7.410358565737051872e-01
2.392156862745098145e-01 2.509960159362549792e-01
2.392156862745098145e-01 5.019920318725099584e-01
2.392156862745098145e-01 7.410358565737051872e-01
2.431372549019607809e-01 2.509960159362549792e-01
2.431372549019607809e-01 5.019920318725099584e-01
2.431372549019607809e-01 7.410358565737051872e-01
2.470588235294117752e-01 2.509960159362549792e-01
2.470588235294117752e-01 5.019920318725099584e-01
2.470588235294117752e-01 7.410358565737051872e-01
2.509803921568627416e-01 2.509960159362549792e-01
2.509803921568627416e-01 5.019920318725099584e-01
2.509803921568627416e-01 7.410358565737051872e-01
2.549019607843137081e-01 2.509960159362549792e-01
2.549019607843137081e-01 5.019920318725099584e-01
2.549019607843137081e-01 7.410358565737051872e-01
2.588235294117647300e-01 2.509960159362549792e-01
2.588235294117647300e-01 5.019920318725099584e-01
2.588235294117647300e-01 7.410358565737051872e-01
2.627450980392156965e-01 2.509960159362549792e-01
2.627450980392156965e-01 4.980079681274900416e-01
2.627450980392156965e-01 7.410358565737051872e-01
2.666666666666666630e-01 2.509960159362549792e-01
2.666666666666666630e-01 4.980079681274900416e-01
2.666666666666666630e-01 7.410358565737051872e-01
2.705882352941176294e-01 2.509960159362549792e-01
2.705882352941176294e-01 4.980079681274900416e-01
2.705882352941176294e-01 7.370517928286852705e-01
2.745098039215686514e-01 2.509960159362549792e-01
2.745098039215686514e-01 4.980079681274900416e-01
2.745098039215686514e-01 6.772908366533864077e-01
2.745098039215686514e-01 6.812749003984063245e-01
2.745098039215686514e-01 7.370517928286852705e-01
2.784313725490196179e-01 2.509960159362549792e-01
2.784313725490196179e-01 4.980079681274900416e-01
2.784313725490196179e-01 6.852589641434262413e-01
2.784313725490196179e-01 7.370517928286852705e-01
2.823529411764705843e-01 2.509960159362549792e-01
2.823529411764705843e-01 4.980079681274900416e-01
2.823529411764705843e-01 6.892430278884462691e-01
2.823529411764705843e-01 7.370517928286852705e-01
2.862745098039215508e-01 2.509960159362549792e-01
2.862745098039215508e-01 4.980079681274900416e-01
2.862745098039215508e-01 6.932270916334661859e-01
2.862745098039215508e-01 7.370517928286852705e-01
2.901960784313725727e-01 2.509960159362549792e-01
2.901960784313725727e-01 4.940239043824701248e-01
2.901960784313725727e-01 6.972111553784861027e-01
2.901960784313725727e-01 7.370517928286852705e-01
2.941176470588235392e-01 2.549800796812748960e-01
2.941176470588235392e-01 4.940239043824701248e-01
2.941176470588235392e-01 7.011952191235060194e-01
2.941176470588235392e-01 7.330677290836653537e-01
2.980392156862745057e-01 2.549800796812748960e-01
2.980392156862745057e-01 4.940239043824701248e-01
2.980392156862745057e-01 7.051792828685259362e-01
2.980392156862745057e-01 7.330677290836653537e-01
3.019607843137254721e-01 2.549800796812748960e-01
3.019607843137254721e-01 4.940239043824701248e-01
3.019607843137254721e-01 7.091633466135458530e-01
3.019607843137254721e-01 7.330677290836653537e-01
3.058823529411764941e-01 2.549800796812748960e-01
3.058823529411764941e-01 4.940239043824701248e-01
3.058823529411764941e-01 7.131474103585657698e-01
3.058823529411764941e-01 7.250996015936255201e-01
3.058823529411764941e-01 7.290836653386454369e-01
3.098039215686274606e-01 2.589641434262948128e-01
3.098039215686274606e-01 4.940239043824701248e-01
3.098039215686274606e-01 7.171314741035856866e-01
3.098039215686274606e-01 7.211155378486056033e-01
3.137254901960784270e-01 2.589641434262948128e-01
3.137254901960784270e-01 4.940239043824701248e-01
3.137254901960784270e-01 7.211155378486056033e-01
3.176470588235293935e-01 2.589641434262948128e-01
3.176470588235293935e-01 4.940239043824701248e-01
3.176470588235293935e-01 7.211155378486056033e-01
3.215686274509804154e-01 2.589641434262948128e-01
3.215686274509804154e-01 4.940239043824701248e-01
3.215686274509804154e-01 7.211155378486056033e-01
3.254901960784313819e-01 2.629482071713147295e-01
3.254901960784313819e-01 4.940239043824701248e-01
3.254901960784313819e-01 7.250996015936255201e-01
3.294117647058823484e-01 2.629482071713147295e-01
3.294117647058823484e-01 4.900398406374502080e-01
3.294117647058823484e-01 7.250996015936255201e-01
3.333333333333333148e-01 2.669322709163346463e-01
3.333333333333333148e-01 4.900398406374502080e-01
3.333333333333333148e-01 7.250996015936255201e-01
3.372549019607843368e-01 2.669322709163346463e-01
3.372549019607843368e-01 4.900398406374502080e-01
3.372549019607843368e-01 7.250996015936255201e-01
3.411764705882353033e-01 2.709163346613545631e-01
3.411764705882353033e-01 4.900398406374502080e-01
3.411764705882353033e-01 5.498007968127489598e-01
3.411764705882353033e-01 7.250996015936255201e-01
3.450980392156862697e-01 2.749003984063744799e-01
3.450980392156862697e-01 4.900398406374502080e-01
3.450980392156862697e-01 5.458167330677290430e-01
3.450980392156862697e-01 7.250996015936255201e-01
3.490196078431372362e-01 2.749003984063744799e-01
3.490196078431372362e-01 4.900398406374502080e-01
3.490196078431372362e-01 5.458167330677290430e-01
3.490196078431372362e-01 7.250996015936255201e-01
3.529411764705882582e-01 2.788844621513943967e-01
3.529411764705882582e-01 4.900398406374502080e-01
3.529411764705882582e-01 5.458167330677290430e-01
3.529411764705882582e-01 7.250996015936255201e-01
3.568627450980392246e-01 2.788844621513943967e-01
3.568627450980392246e-01 4.900398406374502080e-01
3.568627450980392246e-01 5.418326693227091262e-01
3.568627450980392246e-01 7.250996015936255201e-01
3.607843137254901911e-01 2.828685258964143689e-01
3.607843137254901911e-01 4.900398406374502080e-01
3.607843137254901911e-01 5.378486055776892094e-01
3.607843137254901911e-01 7.250996015936255201e-01
3.647058823529411575e-01 2.868525896414342857e-01
3.647058823529411575e-01 4.900398406374502080e-01
3.647058823529411575e-01 5.378486055776892094e-01
3.647058823529411575e-01 7.250996015936255201e-01
3.686274509803921795e-01 2.908366533864542025e-01
3.686274509803921795e-01 4.900398406374502080e-01
3.686274509803921795e-01 5.338645418326692926e-01
3.686274509803921795e-01 7.250996015936255201e-01
3.725490196078431460e-01 2.908366533864542025e-01
3.725490196078431460e-01 4.940239043824701248e-01
3.725490196078431460e-01 5.338645418326692926e-01
3.725490196078431460e-01 6.533864541832669071e-01
3.725490196078431460e-01 7.250996015936255201e-01
3.764705882352941124e-01 2.908366533864542025e-01
3.764705882352941124e-01 4.940239043824701248e-01
3.764705882352941124e-01 5.298804780876493759e-01
3.764705882352941124e-01 6.573705179282868238e-01
3.764705882352941124e-01 7.250996015936255201e-01
3.803921568627450789e-01 2.908366533864542025e-01
3.803921568627450789e-01 4.940239043824701248e-01
3.803921568627450789e-01 5.258964143426294591e-01
3.803921568627450789e-01 6.613545816733067406e-01
3.803921568627450789e-01 6.653386454183266574e-01
3.803921568627450789e-01 7.290836653386454369e-01
3.803921568627450789e-01 8.007968127490039389e-01
3.843137254901961009e-01 2.948207171314741193e-01
3.843137254901961009e-01 4.980079681274900416e-01
3.843137254901961009e-01 5.258964143426294591e-01
3.843137254901961009e-01 6.693227091633465742e-01
3.843137254901961009e-01 7.290836653386454369e-01
3.843137254901961009e-01 7.928286852589641054e-01
3.843137254901961009e-01 7.968127490039840222e-01
3.843137254901961009e-01 8.047808764940238557e-01
3.843137254901961009e-01 8.087649402390437725e-01
3.843137254901961009e-01 8.127490039840638003e-01
3.843137254901961009e-01 8.167330677290837171e-01
3.843137254901961009e-01 8.207171314741036339e-01
3.882352941176470673e-01 2.948207171314741193e-01
3.882352941176470673e-01 4.980079681274900416e-01
3.882352941176470673e-01 5.219123505976095423e-01
3.882352941176470673e-01 6.733067729083664910e-01
3.882352941176470673e-01 7.290836653386454369e-01
3.882352941176470673e-01 7.689243027888446047e-01
3.882352941176470673e-01 7.729083665338645215e-01
3.882352941176470673e-01 7.768924302788844383e-01
3.882352941176470673e-01 7.808764940239043550e-01
3.882352941176470673e-01 7.848605577689242718e-01
3.882352941176470673e-01 7.888446215139441886e-01
3.921568627450980338e-01 2.948207171314741193e-01
3.921568627450980338e-01 3.585657370517928433e-01
3.921568627450980338e-01 5.019920318725099584e-01
3.921568627450980338e-01 5.059760956175298752e-01
3.921568627450980338e-01 5.099601593625497920e-01
3.921568627450980338e-01 5.139442231075697087e-01
3.921568627450980338e-01 5.179282868525896255e-01
3.921568627450980338e-01 6.733067729083664910e-01
3.921568627450980338e-01 7.330677290836653537e-01
3.921568627450980338e-01 7.410358565737051872e-01
3.921568627450980338e-01 7.450199203187251040e-01
3.921568627450980338e-01 7.490039840637450208e-01
3.921568627450980338e-01 7.529880478087649376e-01
3.921568627450980338e-01 7.569721115537848544e-01
3.921568627450980338e-01 7.609561752988047711e-01
3.921568627450980338e-01 7.649402390438246879e-01
3.921568627450980338e-01 7.848605577689242718e-01
3.960784313725490002e-01 2.948207171314741193e-01
3.960784313725490002e-01 3.545816733067729265e-01
3.960784313725490002e-01 5.019920318725099584e-01
3.960784313725490002e-01 6.772908366533864077e-01
3.960784313725490002e-01 7.370517928286852705e-01
3.960784313725490002e-01 7.848605577689242718e-01
4.000000000000000222e-01 2.948207171314741193e-01
4.000000000000000222e-01 3.505976095617530097e-01
4.000000000000000222e-01 5.019920318725099584e-01
4.000000000000000222e-01 6.812749003984063245e-01
4.000000000000000222e-01 7.370517928286852705e-01
4.000000000000000222e-01 7.848605577689242718e-01
4.039215686274509887e-01 2.988047808764940361e-01
4.039215686274509887e-01 3.426294820717131207e-01
4.039215686274509887e-01 3.466135458167330929e-01
4.039215686274509887e-01 4.422310756972111512e-01
4.039215686274509887e-01 4.980079681274900416e-01
4.039215686274509887e-01 6.852589641434262413e-01
4.039215686274509887e-01 7.370517928286852705e-01
4.039215686274509887e-01 7.848605577689242718e-01
4.078431372549019551e-01 2.988047808764940361e-01
4.078431372549019551e-01 3.386454183266932039e-01
4.078431372549019551e-01 4.462151394422310680e-01
4.078431372549019551e-01 4.980079681274900416e-01
4.078431372549019551e-01 6.892430278884462691e-01
4.078431372549019551e-01 7.370517928286852705e-01
4.078431372549019551e-01 7.848605577689242718e-01
4.117647058823529216e-01 2.988047808764940361e-01
4.117647058823529216e-01 3.346613545816732871e-01
4.117647058823529216e-01 4.501992031872509847e-01
4.117647058823529216e-01 4.980079681274900416e-01
4.117647058823529216e-01 6.932270916334661859e-01
4.117647058823529216e-01 7.330677290836653537e-01
4.117647058823529216e-01 7.370517928286852705e-01
4.117647058823529216e-01 7.848605577689242718e-01
4.156862745098039436e-01 3.027888446215139528e-01
4.156862745098039436e-01 3.067729083665338696e-01
4.156862745098039436e-01 3.306772908366533703e-01
4.156862745098039436e-01 4.541832669322709015e-01
4.156862745098039436e-01 4.581673306772908183e-01
4.156862745098039436e-01 4.980079681274900416e-01
4.156862745098039436e-01 6.972111553784861027e-01
4.156862745098039436e-01 7.011952191235060194e-01
4.156862745098039436e-01 7.290836653386454369e-01
4.156862745098039436e-01 7.410358565737051872e-01
4.156862745098039436e-01 7.649402390438246879e-01
4.156862745098039436e-01 7.689243027888446047e-01
4.156862745098039436e-01 7.729083665338645215e-01
4.156862745098039436e-01 7.768924302788844383e-01
4.156862745098039436e-01 7.808764940239043550e-01
4.196078431372549100e-01 3.107569721115537864e-01
4.196078431372549100e-01 3.147410358565737032e-01
4.196078431372549100e-01 3.227091633466135367e-01
4.196078431372549100e-01 3.266932270916334535e-01
4.196078431372549100e-01 4.621513944223107351e-01
4.196078431372549100e-01 4.940239043824701248e-01
4.196078431372549100e-01 7.051792828685259362e-01
4.196078431372549100e-01 7.091633466135458530e-01
4.196078431372549100e-01 7.131474103585657698e-01
4.196078431372549100e-01 7.250996015936255201e-01
4.196078431372549100e-01 7.450199203187251040e-01
4.196078431372549100e-01 7.808764940239043550e-01
4.235294117647058765e-01 3.187250996015936200e-01
4.235294117647058765e-01 4.661354581673306519e-01
4.235294117647058765e-01 4.701195219123506241e-01
4.235294117647058765e-01 4.741035856573705409e-01
4.235294117647058765e-01 4.900398406374502080e-01
4.235294117647058765e-01 7.171314741035856866e-01
4.235294117647058765e-01 7.211155378486056033e-01
4.235294117647058765e-01 7.490039840637450208e-01
4.235294117647058765e-01 7.529880478087649376e-01
4.235294117647058765e-01 7.808764940239043550e-01
4.274509803921568429e-01 3.187250996015936200e-01
4.274509803921568429e-01 4.780876494023904577e-01
4.274509803921568429e-01 4.820717131474103745e-01
4.274509803921568429e-01 4.860557768924302913e-01
4.274509803921568429e-01 4.900398406374502080e-01
4.274509803921568429e-01 7.211155378486056033e-01
4.274509803921568429e-01 7.848605577689242718e-01
4.313725490196078649e-01 3.147410358565737032e-01
4.313725490196078649e-01 4.900398406374502080e-01
4.313725490196078649e-01 7.211155378486056033e-01
4.352941176470588314e-01 3.147410358565737032e-01
4.352941176470588314e-01 4.940239043824701248e-01
4.352941176470588314e-01 7.250996015936255201e-01
4.392156862745097978e-01 0.000000000000000000e+00
4.392156862745097978e-01 3.147410358565737032e-01
4.392156862745097978e-01 4.980079681274900416e-01
4.392156862745097978e-01 7.250996015936255201e-01
4.431372549019607643e-01 3.984063745019920250e-03
4.431372549019607643e-01 7.968127490039840499e-03
4.431372549019607643e-01 1.195219123505976075e-02
4.431372549019607643e-01 1.593625498007968100e-02
4.431372549019607643e-01 1.992031872509960125e-02
4.431372549019607643e-01 2.390438247011952150e-02
4.431372549019607643e-01 2.788844621513944175e-02
4.431372549019607643e-01 3.187250996015936200e-02
4.431372549019607643e-01 3.585657370517928572e-02
4.431372549019607643e-01 3.984063745019920250e-02
4.431372549019607643e-01 3.147410358565737032e-01
4.431372549019607643e-01 5.019920318725099584e-01
4.431372549019607643e-01 7.250996015936255201e-01
4.470588235294117863e-01 4.382470119521912622e-02
4.470588235294117863e-01 4.780876494023904300e-02
4.470588235294117863e-01 5.179282868525896671e-02
4.470588235294117863e-01 5.577689243027888349e-02
4.470588235294117863e-01 5.976095617529880721e-02
4.470588235294117863e-01 6.374501992031872399e-02
4.470588235294117863e-01 6.772908366533864077e-02
4.470588235294117863e-01 7.171314741035857143e-02
4.470588235294117863e-01 7.569721115537848821e-02
4.470588235294117863e-01 1.075697211155378502e-01
4.470588235294117863e-01 3.147410358565737032e-01
4.470588235294117863e-01 5.019920318725099584e-01
4.470588235294117863e-01 7.250996015936255201e-01
4.509803921568627527e-01 7.968127490039840499e-02
4.509803921568627527e-01 8.366533864541832177e-02
4.509803921568627527e-01 8.764940239043825243e-02
4.509803921568627527e-01 9.163346613545816921e-02
4.509803921568627527e-01 9.561752988047808599e-02
4.509803921568627527e-01 9.960159362549800277e-02
4.509803921568627527e-01 1.035856573705179334e-01
4.509803921568627527e-01 1.115537848605577670e-01
4.509803921568627527e-01 1.155378486055776838e-01
4.509803921568627527e-01 1.195219123505976144e-01
4.509803921568627527e-01 1.235059760956175312e-01
4.509803921568627527e-01 1.274900398406374480e-01
4.509803921568627527e-01 1.314741035856573648e-01
4.509803921568627527e-01 1.354581673306772815e-01
4.509803921568627527e-01 1.394422310756971983e-01
4.509803921568627527e-01 1.434262948207171429e-01
4.509803921568627527e-01 1.474103585657370596e-01
4.509803921568627527e-01 1.513944223107569764e-01
4.509803921568627527e-01 1.553784860557768932e-01
4.509803921568627527e-01 1.593625498007968100e-01
4.509803921568627527e-01 3.147410358565737032e-01
4.509803921568627527e-01 5.019920318725099584e-01
4.509803921568627527e-01 7.250996015936255201e-01
4.509803921568627527e-01 8.366533864541833010e-01
4.509803921568627527e-01 8.406374501992032178e-01
4.509803921568627527e-01 8.446215139442231346e-01
4.509803921568627527e-01 8.486055776892430513e-01
4.549019607843137192e-01 1.633466135458167268e-01
4.549019607843137192e-01 1.673306772908366435e-01
4.549019607843137192e-01 1.713147410358565603e-01
4.549019607843137192e-01 1.752988047808765049e-01
4.549019607843137192e-01 3.147410358565737032e-01
4.549019607843137192e-01 5.019920318725099584e-01
4.549019607843137192e-01 6.812749003984063245e-01
4.549019607843137192e-01 7.250996015936255201e-01
4.549019607843137192e-01 8.326693227091633842e-01
4.588235294117646856e-01 1.792828685258964216e-01
4.588235294117646856e-01 1.832669322709163384e-01
4.588235294117646856e-01 1.872509960159362552e-01
4.588235294117646856e-01 3.147410358565737032e-01
4.588235294117646856e-01 5.019920318725099584e-01
4.588235294117646856e-01 6.812749003984063245e-01
4.588235294117646856e-01 7.290836653386454369e-01
4.588235294117646856e-01 8.286852589641434674e-01
4.627450980392157076e-01 1.912350597609561720e-01
4.627450980392157076e-01 1.952191235059760888e-01
4.627450980392157076e-01 3.147410358565737032e-01
4.627450980392157076e-01 5.019920318725099584e-01
4.627450980392157076e-01 6.852589641434262413e-01
4.627450980392157076e-01 7.290836653386454369e-01
4.627450980392157076e-01 7.330677290836653537e-01
4.627450980392157076e-01 7.370517928286852705e-01
4.627450980392157076e-01 8.247011952191235507e-01
4.666666666666666741e-01 1.992031872509960055e-01
4.666666666666666741e-01 2.031872509960159501e-01
4.666666666666666741e-01 3.147410358565737032e-01
4.666666666666666741e-01 5.019920318725099584e-01
4.666666666666666741e-01 6.852589641434262413e-01
4.666666666666666741e-01 7.250996015936255201e-01
4.666666666666666741e-01 7.410358565737051872e-01
4.666666666666666741e-01 7.450199203187251040e-01
4.666666666666666741e-01 7.490039840637450208e-01
4.666666666666666741e-01 7.529880478087649376e-01
4.666666666666666741e-01 7.569721115537848544e-01
4.666666666666666741e-01 7.609561752988047711e-01
4.666666666666666741e-01 7.649402390438246879e-01
4.666666666666666741e-01 7.689243027888446047e-01
4.666666666666666741e-01 7.729083665338645215e-01
4.666666666666666741e-01 7.768924302788844383e-01
4.666666666666666741e-01 7.808764940239043550e-01
4.666666666666666741e-01 7.848605577689242718e-01
4.666666666666666741e-01 7.888446215139441886e-01
4.666666666666666741e-01 7.928286852589641054e-01
4.666666666666666741e-01 7.968127490039840222e-01
4.666666666666666741e-01 8.007968127490039389e-01
4.666666666666666741e-01 8.087649402390437725e-01
4.666666666666666741e-01 8.127490039840638003e-01
4.666666666666666741e-01 8.167330677290837171e-01
4.666666666666666741e-01 8.207171314741036339e-01
4.705882352941176405e-01 2.071713147410358669e-01
4.705882352941176405e-01 2.111553784860557836e-01
4.705882352941176405e-01 2.151394422310757004e-01
4.705882352941176405e-01 2.191235059760956172e-01
4.705882352941176405e-01 3.147410358565737032e-01
4.705882352941176405e-01 5.019920318725099584e-01
4.705882352941176405e-01 6.772908366533864077e-01
4.705882352941176405e-01 6.812749003984063245e-01
4.705882352941176405e-01 6.892430278884462691e-01
4.705882352941176405e-01 6.932270916334661859e-01
4.705882352941176405e-01 6.972111553784861027e-01
4.705882352941176405e-01 7.011952191235060194e-01
4.705882352941176405e-01 7.051792828685259362e-01
4.705882352941176405e-01 7.091633466135458530e-01
4.705882352941176405e-01 7.131474103585657698e-01
4.705882352941176405e-01 7.171314741035856866e-01
4.705882352941176405e-01 7.211155378486056033e-01
4.705882352941176405e-01 8.047808764940238557e-01
4.705882352941176405e-01 8.247011952191235507e-01
4.705882352941176405e-01 9.561752988047809154e-01
4.705882352941176405e-01 9.601593625498008322e-01
4.705882352941176405e-01 9.641434262948207490e-01
4.705882352941176405e-01 9.681274900398406658e-01
4.705882352941176405e-01 9.721115537848605825e-01
4.705882352941176405e-01 9.760956175298804993e-01
4.705882352941176405e-01 9.800796812749004161e-01
4.705882352941176405e-01 9.840637450199203329e-01
4.705882352941176405e-01 9.880478087649402497e-01
4.705882352941176405e-01 9.920318725099601664e-01
4.705882352941176405e-01 9.960159362549800832e-01
4.705882352941176405e-01 1.000000000000000000e+00
4.745098039215686070e-01 2.231075697211155340e-01
4.745098039215686070e-01 2.270916334661354508e-01
4.745098039215686070e-01 2.310756972111553675e-01
4.745098039215686070e-01 2.350597609561753121e-01
4.745098039215686070e-01 2.390438247011952289e-01
4.745098039215686070e-01 2.430278884462151456e-01
4.745098039215686070e-01 2.470119521912350624e-01
4.745098039215686070e-01 2.509960159362549792e-01
4.745098039215686070e-01 2.549800796812748960e-01
4.745098039215686070e-01 2.589641434262948128e-01
4.745098039215686070e-01 2.868525896414342857e-01
4.745098039215686070e-01 2.908366533864542025e-01
4.745098039215686070e-01 2.948207171314741193e-01
4.745098039215686070e-01 3.107569721115537864e-01
4.745098039215686070e-01 3.147410358565737032e-01
4.745098039215686070e-01 4.103585657370518169e-01
4.745098039215686070e-01 4.143426294820717337e-01
4.745098039215686070e-01 4.183266932270916505e-01
4.745098039215686070e-01 4.223107569721115673e-01
4.745098039215686070e-01 4.262948207171314841e-01
4.745098039215686070e-01 4.302788844621514008e-01
4.745098039215686070e-01 4.342629482071713176e-01
4.745098039215686070e-01 4.382470119521912344e-01
4.745098039215686070e-01 4.422310756972111512e-01
4.745098039215686070e-01 4.462151394422310680e-01
4.745098039215686070e-01 4.501992031872509847e-01
4.745098039215686070e-01 4.541832669322709015e-01
4.745098039215686070e-01 4.581673306772908183e-01
4.745098039215686070e-01 4.621513944223107351e-01
4.745098039215686070e-01 4.661354581673306519e-01
4.745098039215686070e-01 4.701195219123506241e-01
4.745098039215686070e-01 5.019920318725099584e-01
4.745098039215686070e-01 5.059760956175298752e-01
4.745098039215686070e-01 5.099601593625497920e-01
4.745098039215686070e-01 5.139442231075697087e-01
4.745098039215686070e-01 5.179282868525896255e-01
4.745098039215686070e-01 6.533864541832669071e-01
4.745098039215686070e-01 6.573705179282868238e-01
4.745098039215686070e-01 6.613545816733067406e-01
4.745098039215686070e-01 6.653386454183266574e-01
4.745098039215686070e-01 6.693227091633465742e-01
4.745098039215686070e-01 6.733067729083664910e-01
4.745098039215686070e-01 8.286852589641434674e-01
4.745098039215686070e-01 8.326693227091633842e-01
4.745098039215686070e-01 8.366533864541833010e-01
4.745098039215686070e-01 8.406374501992032178e-01
4.745098039215686070e-01 8.446215139442231346e-01
4.745098039215686070e-01 8.486055776892430513e-01
4.745098039215686070e-01 8.525896414342629681e-01
4.745098039215686070e-01 8.565737051792828849e-01
4.745098039215686070e-01 8.605577689243028017e-01
4.745098039215686070e-01 8.645418326693227185e-01
4.745098039215686070e-01 9.163346613545816366e-01
4.745098039215686070e-01 9.203187250996015534e-01
4.745098039215686070e-01 9.243027888446214702e-01
4.745098039215686070e-01 9.282868525896413869e-01
4.745098039215686070e-01 9.322709163346613037e-01
4.745098039215686070e-01 9.362549800796812205e-01
4.745098039215686070e-01 9.402390438247012483e-01
4.745098039215686070e-01 9.442231075697211651e-01
4.745098039215686070e-01 9.482071713147410819e-01
4.745098039215686070e-01 9.521912350597609986e-01
4.784313725490196290e-01 2.629482071713147295e-01
4.784313725490196290e-01 2.669322709163346463e-01
4.784313725490196290e-01 2.709163346613545631e-01
4.784313725490196290e-01 2.749003984063744799e-01
4.784313725490196290e-01 2.788844621513943967e-01
4.784313725490196290e-01 2.828685258964143689e-01
4.784313725490196290e-01 2.988047808764940361e-01
4.784313725490196290e-01 3.027888446215139528e-01
4.784313725490196290e-01 3.067729083665338696e-01
4.784313725490196290e-01 3.187250996015936200e-01
4.784313725490196290e-01 3.227091633466135367e-01
4.784313725490196290e-01 3.266932270916334535e-01
4.784313725490196290e-01 3.306772908366533703e-01
4.784313725490196290e-01 3.346613545816732871e-01
4.784313725490196290e-01 3.386454183266932039e-01
4.784313725490196290e-01 3.426294820717131207e-01
4.784313725490196290e-01 3.466135458167330929e-01
4.784313725490196290e-01 3.705179282868525936e-01
4.784313725490196290e-01 3.745019920318725104e-01
4.784313725490196290e-01 3.784860557768924272e-01
4.784313725490196290e-01 3.824701195219123440e-01
4.784313725490196290e-01 3.864541832669322607e-01
4.784313725490196290e-01 3.904382470119521775e-01
4.784313725490196290e-01 3.944223107569720943e-01
4.784313725490196290e-01 3.984063745019920111e-01
4.784313725490196290e-01 4.023904382470119279e-01
4.784313725490196290e-01 4.063745019920319002e-01
4.784313725490196290e-01 4.741035856573705409e-01
4.784313725490196290e-01 4.780876494023904577e-01
4.784313725490196290e-01 4.820717131474103745e-01
4.784313725490196290e-01 4.860557768924302913e-01
4.784313725490196290e-01 4.900398406374502080e-01
4.784313725490196290e-01 4.940239043824701248e-01
4.784313725490196290e-01 4.980079681274900416e-01
4.784313725490196290e-01 5.219123505976095423e-01
4.784313725490196290e-01 5.258964143426294591e-01
4.784313725490196290e-01 5.298804780876493759e-01
4.784313725490196290e-01 5.338645418326692926e-01
4.784313725490196290e-01 5.378486055776892094e-01
4.784313725490196290e-01 5.418326693227091262e-01
4.784313725490196290e-01 5.458167330677290430e-01
4.784313725490196290e-01 5.498007968127489598e-01
4.784313725490196290e-01 5.537848605577688765e-01
4.784313725490196290e-01 5.577689243027887933e-01
4.784313725490196290e-01 5.617529880478087101e-01
4.784313725490196290e-01 5.657370517928287379e-01
4.784313725490196290e-01 5.697211155378486547e-01
4.784313725490196290e-01 5.737051792828685715e-01
4.784313725490196290e-01 5.776892430278884882e-01
4.784313725490196290e-01 5.816733067729084050e-01
4.784313725490196290e-01 5.856573705179283218e-01
4.784313725490196290e-01 5.896414342629482386e-01
4.784313725490196290e-01 5.936254980079681554e-01
4.784313725490196290e-01 5.976095617529880721e-01
4.784313725490196290e-01 6.015936254980079889e-01
4.784313725490196290e-01 6.055776892430279057e-01
4.784313725490196290e-01 6.095617529880478225e-01
4.784313725490196290e-01 6.135458167330677393e-01
4.784313725490196290e-01 6.334661354581673232e-01
4.784313725490196290e-01 6.374501992031872399e-01
4.784313725490196290e-01 6.414342629482071567e-01
4.784313725490196290e-01 6.454183266932270735e-01
4.784313725490196290e-01 6.494023904382469903e-01
4.784313725490196290e-01 8.605577689243028017e-01
4.784313725490196290e-01 8.685258964143426352e-01
4.784313725490196290e-01 8.725099601593625520e-01
4.784313725490196290e-01 8.764940239043824688e-01
4.784313725490196290e-01 8.804780876494023856e-01
4.784313725490196290e-01 8.844621513944223024e-01
4.784313725490196290e-01 8.884462151394422191e-01
4.784313725490196290e-01 8.924302788844621359e-01
4.784313725490196290e-01 8.964143426294820527e-01
4.784313725490196290e-01 9.003984063745019695e-01
4.784313725490196290e-01 9.043824701195218863e-01
4.784313725490196290e-01 9.083665338645418030e-01
4.784313725490196290e-01 9.123505976095617198e-01
4.823529411764705954e-01 3.505976095617530097e-01
4.823529411764705954e-01 3.545816733067729265e-01
4.823529411764705954e-01 3.585657370517928433e-01
4.823529411764705954e-01 3.625498007968127601e-01
4.823529411764705954e-01 3.665338645418326768e-01
4.823529411764705954e-01 6.175298804780876560e-01
4.823529411764705954e-01 6.215139442231075728e-01
4.823529411764705954e-01 6.254980079681274896e-01
4.823529411764705954e-01 6.294820717131474064e-01
4.823529411764705954e-01 8.605577689243028017e-01
4.862745098039215619e-01 3.585657370517928433e-01
4.862745098039215619e-01 6.215139442231075728e-01
4.862745098039215619e-01 8.605577689243028017e-01
4.901960784313725283e-01 3.585657370517928433e-01
4.901960784313725283e-01 6.175298804780876560e-01
4.901960784313725283e-01 8.605577689243028017e-01
4.941176470588235503e-01 3.585657370517928433e-01
4.941176470588235503e-01 6.175298804780876560e-01
4.941176470588235503e-01 8.605577689243028017e-01
4.980392156862745168e-01 3.585657370517928433e-01
4.980392156862745168e-01 6.175298804780876560e-01
4.980392156862745168e-01 8.605577689243028017e-01
5.019607843137254832e-01 3.585657370517928433e-01
5.019607843137254832e-01 6.175298804780876560e-01
5.019607843137254832e-01 8.605577689243028017e-01
5.058823529411764497e-01 3.585657370517928433e-01
5.058823529411764497e-01 6.175298804780876560e-01
5.058823529411764497e-01 8.446215139442231346e-01
5.058823529411764497e-01 8.486055776892430513e-01
5.058823529411764497e-01 8.525896414342629681e-01
5.058823529411764497e-01 8.565737051792828849e-01
5.058823529411764497e-01 8.605577689243028017e-01
5.058823529411764497e-01 8.884462151394422191e-01
5.058823529411764497e-01 8.924302788844621359e-01
5.058823529411764497e-01 8.964143426294820527e-01
5.058823529411764497e-01 9.003984063745019695e-01
5.058823529411764497e-01 9.043824701195218863e-01
5.058823529411764497e-01 9.083665338645418030e-01
5.058823529411764497e-01 9.123505976095617198e-01
5.098039215686274161e-01 3.585657370517928433e-01
5.098039215686274161e-01 6.175298804780876560e-01
5.098039215686274161e-01 8.605577689243028017e-01
5.098039215686274161e-01 8.844621513944223024e-01
5.137254901960783826e-01 3.545816733067729265e-01
5.137254901960783826e-01 3.585657370517928433e-01
5.137254901960783826e-01 6.135458167330677393e-01
5.137254901960783826e-01 8.605577689243028017e-01
5.137254901960783826e-01 8.645418326693227185e-01
5.137254901960783826e-01 8.804780876494023856e-01
5.176470588235294601e-01 3.466135458167330929e-01
5.176470588235294601e-01 3.505976095617530097e-01
5.176470588235294601e-01 3.625498007968127601e-01
5.176470588235294601e-01 5.936254980079681554e-01
5.176470588235294601e-01 5.976095617529880721e-01
5.176470588235294601e-01 6.015936254980079889e-01
5.176470588235294601e-01 6.055776892430279057e-01
5.176470588235294601e-01 6.095617529880478225e-01
5.176470588235294601e-01 6.135458167330677393e-01
5.176470588235294601e-01 8.565737051792828849e-01
5.176470588235294601e-01 8.685258964143426352e-01
5.176470588235294601e-01 8.725099601593625520e-01
5.176470588235294601e-01 8.764940239043824688e-01
5.215686274509804266e-01 3.386454183266932039e-01
5.215686274509804266e-01 3.426294820717131207e-01
5.215686274509804266e-01 3.665338645418326768e-01
5.215686274509804266e-01 5.816733067729084050e-01
5.215686274509804266e-01 5.856573705179283218e-01
5.215686274509804266e-01 5.896414342629482386e-01
5.215686274509804266e-01 6.175298804780876560e-01
5.215686274509804266e-01 8.565737051792828849e-01
5.215686274509804266e-01 8.804780876494023856e-01
5.254901960784313930e-01 3.346613545816732871e-01
5.254901960784313930e-01 3.705179282868525936e-01
5.254901960784313930e-01 3.745019920318725104e-01
5.254901960784313930e-01 5.418326693227091262e-01
5.254901960784313930e-01 5.458167330677290430e-01
5.254901960784313930e-01 5.498007968127489598e-01
5.254901960784313930e-01 5.537848605577688765e-01
5.254901960784313930e-01 5.577689243027887933e-01
5.254901960784313930e-01 5.617529880478087101e-01
5.254901960784313930e-01 5.657370517928287379e-01
5.254901960784313930e-01 5.697211155378486547e-01
5.254901960784313930e-01 5.737051792828685715e-01
5.254901960784313930e-01 5.776892430278884882e-01
5.254901960784313930e-01 6.215139442231075728e-01
5.254901960784313930e-01 8.565737051792828849e-01
5.254901960784313930e-01 8.844621513944223024e-01
5.294117647058823595e-01 3.306772908366533703e-01
5.294117647058823595e-01 3.784860557768924272e-01
5.294117647058823595e-01 5.378486055776892094e-01
5.294117647058823595e-01 6.215139442231075728e-01
5.294117647058823595e-01 8.565737051792828849e-01
5.294117647058823595e-01 8.884462151394422191e-01
5.333333333333333259e-01 3.306772908366533703e-01
5.333333333333333259e-01 3.824701195219123440e-01
5.333333333333333259e-01 3.864541832669322607e-01
5.333333333333333259e-01 6.215139442231075728e-01
5.333333333333333259e-01 8.565737051792828849e-01
5.333333333333333259e-01 8.884462151394422191e-01
5.372549019607842924e-01 3.266932270916334535e-01
5.372549019607842924e-01 3.904382470119521775e-01
5.372549019607842924e-01 3.944223107569720943e-01
5.372549019607842924e-01 6.215139442231075728e-01
5.372549019607842924e-01 8.565737051792828849e-01
5.372549019607842924e-01 8.884462151394422191e-01
5.411764705882352589e-01 3.227091633466135367e-01
5.411764705882352589e-01 3.984063745019920111e-01
5.411764705882352589e-01 6.215139442231075728e-01
5.411764705882352589e-01 8.565737051792828849e-01
5.411764705882352589e-01 8.924302788844621359e-01
5.450980392156862253e-01 3.227091633466135367e-01
5.450980392156862253e-01 4.023904382470119279e-01
5.450980392156862253e-01 6.254980079681274896e-01
5.450980392156862253e-01 6.294820717131474064e-01
5.450980392156862253e-01 6.334661354581673232e-01
5.450980392156862253e-01 6.374501992031872399e-01
5.450980392156862253e-01 8.565737051792828849e-01
5.450980392156862253e-01 8.725099601593625520e-01
5.450980392156862253e-01 8.924302788844621359e-01
5.490196078431373028e-01 3.027888446215139528e-01
5.490196078431373028e-01 3.067729083665338696e-01
5.490196078431373028e-01 3.107569721115537864e-01
5.490196078431373028e-01 3.147410358565737032e-01
5.490196078431373028e-01 3.187250996015936200e-01
5.490196078431373028e-01 3.227091633466135367e-01
5.490196078431373028e-01 4.063745019920319002e-01
5.490196078431373028e-01 6.215139442231075728e-01
5.490196078431373028e-01 6.414342629482071567e-01
5.490196078431373028e-01 6.454183266932270735e-01
5.490196078431373028e-01 6.494023904382469903e-01
5.490196078431373028e-01 6.533864541832669071e-01
5.490196078431373028e-01 8.565737051792828849e-01
5.490196078431373028e-01 8.685258964143426352e-01
5.490196078431373028e-01 8.764940239043824688e-01
5.490196078431373028e-01 8.924302788844621359e-01
5.529411764705882693e-01 2.948207171314741193e-01
5.529411764705882693e-01 2.988047808764940361e-01
5.529411764705882693e-01 3.266932270916334535e-01
5.529411764705882693e-01 4.103585657370518169e-01
5.529411764705882693e-01 4.143426294820717337e-01
5.529411764705882693e-01 6.215139442231075728e-01
5.529411764705882693e-01 6.573705179282868238e-01
5.529411764705882693e-01 6.613545816733067406e-01
5.529411764705882693e-01 8.605577689243028017e-01
5.529411764705882693e-01 8.685258964143426352e-01
5.529411764705882693e-01 8.725099601593625520e-01
5.529411764705882693e-01 8.804780876494023856e-01
5.529411764705882693e-01 8.844621513944223024e-01
5.529411764705882693e-01 8.884462151394422191e-01
5.529411764705882693e-01 8.924302788844621359e-01
5.529411764705882693e-01 8.964143426294820527e-01
5.568627450980392357e-01 2.828685258964143689e-01
5.568627450980392357e-01 2.868525896414342857e-01
5.568627450980392357e-01 2.908366533864542025e-01
5.568627450980392357e-01 3.266932270916334535e-01
5.568627450980392357e-01 4.183266932270916505e-01
5.568627450980392357e-01 4.223107569721115673e-01
5.568627450980392357e-01 4.262948207171314841e-01
5.568627450980392357e-01 6.215139442231075728e-01
5.568627450980392357e-01 6.653386454183266574e-01
5.568627450980392357e-01 6.693227091633465742e-01
5.568627450980392357e-01 8.645418326693227185e-01
5.568627450980392357e-01 8.685258964143426352e-01
5.568627450980392357e-01 8.725099601593625520e-01
5.568627450980392357e-01 8.764940239043824688e-01
5.568627450980392357e-01 9.003984063745019695e-01
5.568627450980392357e-01 9.043824701195218863e-01
5.607843137254902022e-01 2.709163346613545631e-01
5.607843137254902022e-01 2.749003984063744799e-01
5.607843137254902022e-01 2.788844621513943967e-01
5.607843137254902022e-01 3.266932270916334535e-01
5.607843137254902022e-01 4.302788844621514008e-01
5.607843137254902022e-01 4.342629482071713176e-01
5.607843137254902022e-01 6.215139442231075728e-01
5.607843137254902022e-01 6.733067729083664910e-01
5.607843137254902022e-01 8.645418326693227185e-01
5.607843137254902022e-01 9.083665338645418030e-01
5.607843137254902022e-01 9.123505976095617198e-01
5.647058823529411686e-01 3.227091633466135367e-01
5.647058823529411686e-01 6.215139442231075728e-01
5.647058823529411686e-01 6.772908366533864077e-01
5.647058823529411686e-01 6.812749003984063245e-01
5.647058823529411686e-01 6.852589641434262413e-01
5.647058823529411686e-01 7.250996015936255201e-01
5.647058823529411686e-01 8.605577689243028017e-01
5.647058823529411686e-01 9.163346613545816366e-01
5.686274509803921351e-01 3.227091633466135367e-01
5.686274509803921351e-01 6.215139442231075728e-01
5.686274509803921351e-01 6.892430278884462691e-01
5.686274509803921351e-01 6.932270916334661859e-01
5.686274509803921351e-01 6.972111553784861027e-01
5.686274509803921351e-01 7.011952191235060194e-01
5.686274509803921351e-01 7.051792828685259362e-01
5.686274509803921351e-01 7.091633466135458530e-01
5.686274509803921351e-01 7.131474103585657698e-01
5.686274509803921351e-01 7.171314741035856866e-01
5.686274509803921351e-01 7.211155378486056033e-01
5.686274509803921351e-01 8.605577689243028017e-01
5.686274509803921351e-01 9.203187250996015534e-01
5.686274509803921351e-01 9.243027888446214702e-01
5.725490196078431016e-01 3.227091633466135367e-01
5.725490196078431016e-01 6.215139442231075728e-01
5.725490196078431016e-01 8.605577689243028017e-01
5.725490196078431016e-01 9.282868525896413869e-01
5.725490196078431016e-01 9.322709163346613037e-01
5.764705882352940680e-01 3.187250996015936200e-01
5.764705882352940680e-01 6.215139442231075728e-01
5.764705882352940680e-01 8.605577689243028017e-01
5.764705882352940680e-01 9.362549800796812205e-01
5.764705882352940680e-01 9.402390438247012483e-01
5.803921568627451455e-01 3.187250996015936200e-01
5.803921568627451455e-01 6.215139442231075728e-01
5.803921568627451455e-01 8.605577689243028017e-01
5.803921568627451455e-01 9.442231075697211651e-01
5.843137254901961120e-01 3.187250996015936200e-01
5.843137254901961120e-01 6.175298804780876560e-01
5.843137254901961120e-01 8.605577689243028017e-01
5.843137254901961120e-01 9.482071713147410819e-01
5.882352941176470784e-01 3.187250996015936200e-01
5.882352941176470784e-01 6.175298804780876560e-01
5.882352941176470784e-01 8.565737051792828849e-01
5.882352941176470784e-01 9.482071713147410819e-01
5.921568627450980449e-01 3.187250996015936200e-01
5.921568627450980449e-01 6.175298804780876560e-01
5.921568627450980449e-01 8.565737051792828849e-01
5.921568627450980449e-01 9.521912350597609986e-01
5.960784313725490113e-01 3.187250996015936200e-01
5.960784313725490113e-01 6.135458167330677393e-01
5.960784313725490113e-01 8.565737051792828849e-01
5.960784313725490113e-01 9.561752988047809154e-01
5.999999999999999778e-01 3.147410358565737032e-01
5.999999999999999778e-01 6.135458167330677393e-01
5.999999999999999778e-01 8.565737051792828849e-01
5.999999999999999778e-01 9.561752988047809154e-01
6.039215686274509443e-01 3.147410358565737032e-01
6.039215686274509443e-01 6.135458167330677393e-01
6.039215686274509443e-01 8.565737051792828849e-01
6.039215686274509443e-01 9.601593625498008322e-01
6.078431372549019107e-01 3.147410358565737032e-01
6.078431372549019107e-01 6.135458167330677393e-01
6.078431372549019107e-01 8.565737051792828849e-01
6.078431372549019107e-01 9.641434262948207490e-01
6.078431372549019107e-01 9.681274900398406658e-01
6.078431372549019107e-01 9.721115537848605825e-01
6.078431372549019107e-01 9.760956175298804993e-01
6.078431372549019107e-01 9.800796812749004161e-01
6.117647058823529882e-01 3.147410358565737032e-01
6.117647058823529882e-01 6.135458167330677393e-01
6.117647058823529882e-01 8.605577689243028017e-01
6.117647058823529882e-01 9.840637450199203329e-01
6.117647058823529882e-01 9.880478087649402497e-01
6.156862745098039547e-01 3.147410358565737032e-01
6.156862745098039547e-01 6.135458167330677393e-01
6.156862745098039547e-01 8.605577689243028017e-01
6.156862745098039547e-01 9.920318725099601664e-01
6.196078431372549211e-01 3.147410358565737032e-01
6.196078431372549211e-01 6.095617529880478225e-01
6.196078431372549211e-01 8.565737051792828849e-01
6.196078431372549211e-01 8.605577689243028017e-01
6.196078431372549211e-01 9.920318725099601664e-01
6.235294117647058876e-01 3.107569721115537864e-01
6.235294117647058876e-01 6.095617529880478225e-01
6.235294117647058876e-01 8.565737051792828849e-01
6.235294117647058876e-01 8.645418326693227185e-01
6.235294117647058876e-01 9.960159362549800832e-01
6.274509803921568540e-01 3.067729083665338696e-01
6.274509803921568540e-01 6.095617529880478225e-01
6.274509803921568540e-01 8.565737051792828849e-01
6.274509803921568540e-01 8.605577689243028017e-01
6.274509803921568540e-01 8.645418326693227185e-01
6.274509803921568540e-01 8.685258964143426352e-01
6.274509803921568540e-01 9.960159362549800832e-01
6.313725490196078205e-01 3.027888446215139528e-01
6.313725490196078205e-01 6.095617529880478225e-01
6.313725490196078205e-01 8.565737051792828849e-01
6.313725490196078205e-01 8.725099601593625520e-01
6.313725490196078205e-01 8.764940239043824688e-01
6.313725490196078205e-01 8.804780876494023856e-01
6.313725490196078205e-01 9.960159362549800832e-01
6.352941176470587870e-01 2.988047808764940361e-01
6.352941176470587870e-01 6.055776892430279057e-01
6.352941176470587870e-01 8.525896414342629681e-01
6.352941176470587870e-01 8.844621513944223024e-01
6.352941176470587870e-01 9.960159362549800832e-01
6.392156862745097534e-01 2.948207171314741193e-01
6.392156862745097534e-01 6.055776892430279057e-01
6.392156862745097534e-01 8.486055776892430513e-01
6.392156862745097534e-01 8.884462151394422191e-01
6.431372549019608309e-01 2.908366533864542025e-01
6.431372549019608309e-01 5.976095617529880721e-01
6.431372549019608309e-01 6.015936254980079889e-01
6.431372549019608309e-01 6.055776892430279057e-01
6.431372549019608309e-01 8.486055776892430513e-01
6.431372549019608309e-01 8.884462151394422191e-01
6.470588235294117974e-01 2.908366533864542025e-01
6.470588235294117974e-01 5.856573705179283218e-01
6.470588235294117974e-01 5.896414342629482386e-01
6.470588235294117974e-01 5.936254980079681554e-01
6.470588235294117974e-01 6.095617529880478225e-01
6.470588235294117974e-01 8.486055776892430513e-01
6.470588235294117974e-01 8.924302788844621359e-01
6.509803921568627638e-01 2.868525896414342857e-01
6.509803921568627638e-01 5.776892430278884882e-01
6.509803921568627638e-01 5.816733067729084050e-01
6.509803921568627638e-01 6.135458167330677393e-01
6.509803921568627638e-01 8.486055776892430513e-01
6.509803921568627638e-01 8.924302788844621359e-01
6.549019607843137303e-01 2.828685258964143689e-01
6.549019607843137303e-01 5.737051792828685715e-01
6.549019607843137303e-01 6.135458167330677393e-01
6.549019607843137303e-01 8.446215139442231346e-01
6.549019607843137303e-01 8.964143426294820527e-01
6.549019607843137303e-01 9.003984063745019695e-01
6.549019607843137303e-01 9.402390438247012483e-01
6.588235294117646967e-01 2.788844621513943967e-01
6.588235294117646967e-01 5.697211155378486547e-01
6.588235294117646967e-01 6.135458167330677393e-01
6.588235294117646967e-01 8.446215139442231346e-01
6.588235294117646967e-01 9.043824701195218863e-01
6.588235294117646967e-01 9.402390438247012483e-01
6.627450980392156632e-01 2.749003984063744799e-01
6.627450980392156632e-01 5.657370517928287379e-01
6.627450980392156632e-01 6.135458167330677393e-01
6.627450980392156632e-01 8.446215139442231346e-01
6.627450980392156632e-01 9.083665338645418030e-01
6.627450980392156632e-01 9.442231075697211651e-01
6.666666666666666297e-01 2.749003984063744799e-01
6.666666666666666297e-01 5.617529880478087101e-01
6.666666666666666297e-01 6.135458167330677393e-01
6.666666666666666297e-01 8.406374501992032178e-01
6.666666666666666297e-01 9.123505976095617198e-01
6.666666666666666297e-01 9.442231075697211651e-01
6.705882352941175961e-01 2.749003984063744799e-01
6.705882352941175961e-01 5.577689243027887933e-01
6.705882352941175961e-01 6.135458167330677393e-01
6.705882352941175961e-01 8.207171314741036339e-01
6.705882352941175961e-01 8.247011952191235507e-01
6.705882352941175961e-01 8.286852589641434674e-01
6.705882352941175961e-01 8.326693227091633842e-01
6.705882352941175961e-01 8.366533864541833010e-01
6.705882352941175961e-01 8.406374501992032178e-01
6.705882352941175961e-01 9.163346613545816366e-01
6.705882352941175961e-01 9.442231075697211651e-01
6.745098039215686736e-01 2.709163346613545631e-01
6.745098039215686736e-01 5.537848605577688765e-01
6.745098039215686736e-01 6.135458167330677393e-01
6.745098039215686736e-01 8.127490039840638003e-01
6.745098039215686736e-01 8.167330677290837171e-01
6.745098039215686736e-01 8.446215139442231346e-01
6.745098039215686736e-01 9.203187250996015534e-01
6.745098039215686736e-01 9.243027888446214702e-01
6.745098039215686736e-01 9.282868525896413869e-01
6.745098039215686736e-01 9.322709163346613037e-01
6.745098039215686736e-01 9.362549800796812205e-01
6.745098039215686736e-01 9.402390438247012483e-01
6.784313725490196401e-01 2.709163346613545631e-01
6.784313725490196401e-01 5.458167330677290430e-01
6.784313725490196401e-01 5.498007968127489598e-01
6.784313725490196401e-01 6.135458167330677393e-01
6.784313725490196401e-01 7.968127490039840222e-01
6.784313725490196401e-01 8.007968127490039389e-01
6.784313725490196401e-01 8.047808764940238557e-01
6.784313725490196401e-01 8.087649402390437725e-01
6.784313725490196401e-01 8.446215139442231346e-01
6.823529411764706065e-01 2.669322709163346463e-01
6.823529411764706065e-01 6.135458167330677393e-01
6.823529411764706065e-01 7.808764940239043550e-01
6.823529411764706065e-01 7.848605577689242718e-01
6.823529411764706065e-01 7.888446215139441886e-01
6.823529411764706065e-01 7.928286852589641054e-01
6.823529411764706065e-01 8.446215139442231346e-01
6.862745098039215730e-01 2.629482071713147295e-01
6.862745098039215730e-01 6.135458167330677393e-01
6.862745098039215730e-01 7.689243027888446047e-01
6.862745098039215730e-01 7.729083665338645215e-01
6.862745098039215730e-01 7.768924302788844383e-01
6.862745098039215730e-01 8.446215139442231346e-01
6.901960784313725394e-01 2.589641434262948128e-01
6.901960784313725394e-01 6.135458167330677393e-01
6.901960784313725394e-01 8.446215139442231346e-01
6.941176470588235059e-01 2.549800796812748960e-01
6.941176470588235059e-01 6.135458167330677393e-01
6.941176470588235059e-01 8.446215139442231346e-01
6.980392156862744724e-01 2.509960159362549792e-01
6.980392156862744724e-01 6.135458167330677393e-01
6.980392156862744724e-01 8.486055776892430513e-01
7.019607843137254388e-01 2.470119521912350624e-01
7.019607843137254388e-01 6.135458167330677393e-01
7.019607843137254388e-01 8.486055776892430513e-01
7.058823529411765163e-01 2.470119521912350624e-01
7.058823529411765163e-01 6.135458167330677393e-01
7.058823529411765163e-01 8.486055776892430513e-01
7.098039215686274828e-01 2.430278884462151456e-01
7.098039215686274828e-01 6.135458167330677393e-01
7.098039215686274828e-01 8.486055776892430513e-01
7.137254901960784492e-01 2.430278884462151456e-01
7.137254901960784492e-01 6.135458167330677393e-01
7.137254901960784492e-01 8.486055776892430513e-01
7.176470588235294157e-01 2.390438247011952289e-01
7.176470588235294157e-01 6.135458167330677393e-01
7.176470588235294157e-01 8.486055776892430513e-01
7.215686274509803821e-01 2.390438247011952289e-01
7.215686274509803821e-01 6.135458167330677393e-01
7.215686274509803821e-01 8.486055776892430513e-01
7.254901960784313486e-01 2.350597609561753121e-01
7.254901960784313486e-01 6.095617529880478225e-01
7.254901960784313486e-01 8.486055776892430513e-01
7.294117647058823151e-01 2.350597609561753121e-01
7.294117647058823151e-01 6.095617529880478225e-01
7.294117647058823151e-01 8.486055776892430513e-01
7.333333333333332815e-01 2.310756972111553675e-01
7.333333333333332815e-01 6.055776892430279057e-01
7.333333333333332815e-01 8.486055776892430513e-01
7.372549019607843590e-01 2.310756972111553675e-01
7.372549019607843590e-01 6.055776892430279057e-01
7.372549019607843590e-01 8.486055776892430513e-01
7.411764705882353255e-01 2.270916334661354508e-01
7.411764705882353255e-01 6.055776892430279057e-01
7.411764705882353255e-01 8.486055776892430513e-01
7.450980392156862919e-01 6.055776892430279057e-01
7.450980392156862919e-01 8.486055776892430513e-01
7.490196078431372584e-01 6.055776892430279057e-01
7.490196078431372584e-01 8.486055776892430513e-01
7.529411764705882248e-01 6.015936254980079889e-01
7.529411764705882248e-01 8.486055776892430513e-01
7.568627450980391913e-01 6.015936254980079889e-01
7.568627450980391913e-01 8.525896414342629681e-01
7.607843137254901578e-01 5.976095617529880721e-01
7.607843137254901578e-01 8.525896414342629681e-01
7.647058823529411242e-01 5.976095617529880721e-01
7.647058823529411242e-01 8.525896414342629681e-01
7.686274509803922017e-01 5.976095617529880721e-01
7.686274509803922017e-01 8.525896414342629681e-01
7.725490196078431682e-01 5.976095617529880721e-01
7.725490196078431682e-01 8.525896414342629681e-01
7.764705882352941346e-01 5.936254980079681554e-01
7.764705882352941346e-01 8.525896414342629681e-01
7.803921568627451011e-01 5.936254980079681554e-01
7.803921568627451011e-01 8.525896414342629681e-01
7.843137254901960675e-01 5.936254980079681554e-01
7.843137254901960675e-01 8.565737051792828849e-01
7.882352941176470340e-01 5.936254980079681554e-01
7.882352941176470340e-01 8.565737051792828849e-01
7.921568627450980005e-01 5.936254980079681554e-01
7.921568627450980005e-01 8.525896414342629681e-01
7.960784313725489669e-01 5.896414342629482386e-01
7.960784313725489669e-01 8.525896414342629681e-01
8.000000000000000444e-01 5.896414342629482386e-01
8.000000000000000444e-01 8.486055776892430513e-01
8.039215686274510109e-01 5.896414342629482386e-01
8.039215686274510109e-01 8.486055776892430513e-01
8.078431372549019773e-01 5.896414342629482386e-01
8.078431372549019773e-01 8.486055776892430513e-01
8.117647058823529438e-01 5.896414342629482386e-01
8.117647058823529438e-01 8.486055776892430513e-01
8.156862745098039102e-01 5.856573705179283218e-01
8.156862745098039102e-01 8.486055776892430513e-01
8.196078431372548767e-01 5.856573705179283218e-01
8.196078431372548767e-01 8.486055776892430513e-01
8.235294117647058432e-01 5.856573705179283218e-01
8.235294117647058432e-01 8.446215139442231346e-01
8.274509803921568096e-01 5.856573705179283218e-01
8.274509803921568096e-01 8.446215139442231346e-01
8.313725490196078871e-01 5.816733067729084050e-01
8.313725490196078871e-01 8.446215139442231346e-01
8.352941176470588536e-01 5.816733067729084050e-01
8.352941176470588536e-01 8.446215139442231346e-01
8.392156862745098200e-01 5.816733067729084050e-01
8.392156862745098200e-01 8.446215139442231346e-01
8.431372549019607865e-01 5.816733067729084050e-01
8.431372549019607865e-01 8.446215139442231346e-01
8.470588235294117530e-01 5.816733067729084050e-01
8.470588235294117530e-01 8.446215139442231346e-01
8.509803921568627194e-01 5.816733067729084050e-01
8.509803921568627194e-01 8.446215139442231346e-01
8.549019607843136859e-01 5.776892430278884882e-01
8.549019607843136859e-01 8.446215139442231346e-01
8.588235294117646523e-01 5.776892430278884882e-01
8.588235294117646523e-01 8.446215139442231346e-01
8.627450980392157298e-01 5.776892430278884882e-01
8.627450980392157298e-01 8.446215139442231346e-01
8.666666666666666963e-01 5.776892430278884882e-01
8.666666666666666963e-01 8.446215139442231346e-01
8.705882352941176627e-01 5.776892430278884882e-01
8.705882352941176627e-01 8.486055776892430513e-01
8.745098039215686292e-01 8.486055776892430513e-01
8.784313725490195957e-01 8.486055776892430513e-01
8.823529411764705621e-01 8.486055776892430513e-01
8.862745098039215286e-01 8.486055776892430513e-01
8.901960784313724950e-01 8.486055776892430513e-01
8.941176470588235725e-01 8.486055776892430513e-01
8.980392156862745390e-01 8.486055776892430513e-01
9.019607843137255054e-01 8.486055776892430513e-01
9.058823529411764719e-01 8.486055776892430513e-01
9.098039215686274384e-01 8.486055776892430513e-01
9.137254901960784048e-01 8.486055776892430513e-01
9.176470588235293713e-01 8.486055776892430513e-01
9.215686274509803377e-01 8.486055776892430513e-01
9.254901960784314152e-01 8.486055776892430513e-01
9.294117647058823817e-01 8.525896414342629681e-01
9.333333333333333481e-01 8.525896414342629681e-01
9.372549019607843146e-01 8.525896414342629681e-01
9.411764705882352811e-01 8.525896414342629681e-01
9.450980392156862475e-01 8.525896414342629681e-01
9.490196078431372140e-01 8.525896414342629681e-01
9.529411764705881804e-01 8.525896414342629681e-01
9.568627450980392579e-01 8.525896414342629681e-01
9.607843137254902244e-01 8.486055776892430513e-01
9.647058823529411908e-01 8.486055776892430513e-01
9.686274509803921573e-01 8.525896414342629681e-01
9.725490196078431238e-01 8.525896414342629681e-01
9.764705882352940902e-01 8.486055776892430513e-01
9.764705882352940902e-01 8.525896414342629681e-01
9.764705882352940902e-01 8.565737051792828849e-01
9.803921568627450567e-01 8.486055776892430513e-01
9.843137254901960231e-01 8.446215139442231346e-01
1.000000000000000000e+00 8.247011952191235507e-01
1.000000000000000000e+00 8.286852589641434674e-01
1.000000000000000000e+00 8.326693227091633842e-01
1.000000000000000000e+00 8.366533864541833010e-01
1.000000000000000000e+00 8.406374501992032178e-01
1.000000000000000000e+00 8.446215139442231346e-01
1.000000000000000000e+00 8.486055776892430513e-01
1.000000000000000000e+00 8.525896414342629681e-01
1.000000000000000000e+00 8.565737051792828849e-01
1.000000000000000000e+00 8.685258964143426352e-01
1.000000000000000000e+00 8.725099601593625520e-01
