0.000000000000000000e+00 8.423236514522821627e-01
0.000000000000000000e+00 8.464730290456431439e-01
0.000000000000000000e+00 8.506224066390041250e-01
0.000000000000000000e+00 8.547717842323651061e-01
0.000000000000000000e+00 8.589211618257260872e-01
0.000000000000000000e+00 8.630705394190871793e-01
0.000000000000000000e+00 9.004149377593361203e-01
0.000000000000000000e+00 9.045643153526971014e-01
0.000000000000000000e+00 9.087136929460580825e-01
4.016064257028112081e-03 8.672199170124481604e-01
4.016064257028112081e-03 8.921161825726141581e-01
4.016064257028112081e-03 8.962655601659751392e-01
8.032128514056224161e-03 8.713692946058091415e-01
8.032128514056224161e-03 8.838174273858920849e-01
8.032128514056224161e-03 8.879668049792530660e-01
1.204819277108433798e-02 8.755186721991701226e-01
1.204819277108433798e-02 8.796680497925311037e-01
1.606425702811244832e-02 8.755186721991701226e-01
2.008032128514056214e-02 8.755186721991701226e-01
2.409638554216867595e-02 8.755186721991701226e-01
2.811244979919678630e-02 8.755186721991701226e-01
3.212851405622489664e-02 8.755186721991701226e-01
3.614457831325301046e-02 8.755186721991701226e-01
4.016064257028112428e-02 8.713692946058091415e-01
4.417670682730923809e-02 8.672199170124481604e-01
4.819277108433735191e-02 8.672199170124481604e-01
5.220883534136545878e-02 8.672199170124481604e-01
5.622489959839357260e-02 8.672199170124481604e-01
6.024096385542168641e-02 8.630705394190871793e-01
6.425702811244979329e-02 8.630705394190871793e-01
6.827309236947791404e-02 8.630705394190871793e-01
7.228915662650602092e-02 8.630705394190871793e-01
7.630522088353414167e-02 8.672199170124481604e-01
8.032128514056224855e-02 8.672199170124481604e-01
8.433734939759035543e-02 8.672199170124481604e-01
8.835341365461847618e-02 8.672199170124481604e-01
9.236947791164658306e-02 8.672199170124481604e-01
9.638554216867470381e-02 8.672199170124481604e-01
1.004016064257028107e-01 8.672199170124481604e-01
1.044176706827309176e-01 8.672199170124481604e-01
1.084337349397590383e-01 8.672199170124481604e-01
1.124497991967871452e-01 8.672199170124481604e-01
1.164658634538152659e-01 8.672199170124481604e-01
1.204819277108433728e-01 6.307053941908713490e-01
1.204819277108433728e-01 8.672199170124481604e-01
1.244979919678714797e-01 6.265560165975103679e-01
1.244979919678714797e-01 8.672199170124481604e-01
1.285140562248995866e-01 6.265560165975103679e-01
1.285140562248995866e-01 8.713692946058091415e-01
1.325301204819277212e-01 6.224066390041493868e-01
1.325301204819277212e-01 8.672199170124481604e-01
1.365461847389558281e-01 6.224066390041493868e-01
1.365461847389558281e-01 8.672199170124481604e-01
1.405622489959839350e-01 6.182572614107884057e-01
1.405622489959839350e-01 8.672199170124481604e-01
1.445783132530120418e-01 6.182572614107884057e-01
1.445783132530120418e-01 8.672199170124481604e-01
1.485943775100401487e-01 6.182572614107884057e-01
1.485943775100401487e-01 8.672199170124481604e-01
1.526104417670682833e-01 6.182572614107884057e-01
1.526104417670682833e-01 8.672199170124481604e-01
1.566265060240963902e-01 6.141078838174274246e-01
1.566265060240963902e-01 8.672199170124481604e-01
1.606425702811244971e-01 6.182572614107884057e-01
1.606425702811244971e-01 8.672199170124481604e-01
1.646586345381526040e-01 6.182572614107884057e-01
1.646586345381526040e-01 8.672199170124481604e-01
1.686746987951807109e-01 6.182572614107884057e-01
1.686746987951807109e-01 8.672199170124481604e-01
1.726907630522088455e-01 6.182572614107884057e-01
1.726907630522088455e-01 8.672199170124481604e-01
1.767068273092369524e-01 6.182572614107884057e-01
1.767068273092369524e-01 8.672199170124481604e-01
1.807228915662650592e-01 6.182572614107884057e-01
1.807228915662650592e-01 8.672199170124481604e-01
1.847389558232931661e-01 6.182572614107884057e-01
1.847389558232931661e-01 8.672199170124481604e-01
1.887550200803212730e-01 6.182572614107884057e-01
1.887550200803212730e-01 8.630705394190871793e-01
1.927710843373494076e-01 6.182572614107884057e-01
1.927710843373494076e-01 8.630705394190871793e-01
1.967871485943775145e-01 6.182572614107884057e-01
1.967871485943775145e-01 8.630705394190871793e-01
2.008032128514056214e-01 6.141078838174274246e-01
2.008032128514056214e-01 8.630705394190871793e-01
2.048192771084337283e-01 3.278008298755186734e-01
2.048192771084337283e-01 6.141078838174274246e-01
2.048192771084337283e-01 8.630705394190871793e-01
2.088353413654618351e-01 3.278008298755186734e-01
2.088353413654618351e-01 6.099585062240664435e-01
2.088353413654618351e-01 8.630705394190871793e-01
2.128514056224899698e-01 3.319502074688796545e-01
2.128514056224899698e-01 3.360995850622406911e-01
2.128514056224899698e-01 3.402489626556016722e-01
2.128514056224899698e-01 6.099585062240664435e-01
2.128514056224899698e-01 8.630705394190871793e-01
2.168674698795180766e-01 3.319502074688796545e-01
2.168674698795180766e-01 3.443983402489626533e-01
2.168674698795180766e-01 3.485477178423236344e-01
2.168674698795180766e-01 6.099585062240664435e-01
2.168674698795180766e-01 8.630705394190871793e-01
2.208835341365461835e-01 3.319502074688796545e-01
2.208835341365461835e-01 6.099585062240664435e-01
2.208835341365461835e-01 8.630705394190871793e-01
2.248995983935742904e-01 3.278008298755186734e-01
2.248995983935742904e-01 6.099585062240664435e-01
2.248995983935742904e-01 8.630705394190871793e-01
2.289156626506023973e-01 3.278008298755186734e-01
2.289156626506023973e-01 6.058091286307053513e-01
2.289156626506023973e-01 8.672199170124481604e-01
2.329317269076305319e-01 3.278008298755186734e-01
2.329317269076305319e-01 6.058091286307053513e-01
2.329317269076305319e-01 8.672199170124481604e-01
2.369477911646586388e-01 3.278008298755186734e-01
2.369477911646586388e-01 6.058091286307053513e-01
2.369477911646586388e-01 8.672199170124481604e-01
2.409638554216867457e-01 3.278008298755186734e-01
2.409638554216867457e-01 6.058091286307053513e-01
2.409638554216867457e-01 8.672199170124481604e-01
2.449799196787148525e-01 3.278008298755186734e-01
2.449799196787148525e-01 6.058091286307053513e-01
2.449799196787148525e-01 8.672199170124481604e-01
2.489959839357429594e-01 3.278008298755186734e-01
2.489959839357429594e-01 6.058091286307053513e-01
2.489959839357429594e-01 8.672199170124481604e-01
2.530120481927710663e-01 3.278008298755186734e-01
2.530120481927710663e-01 6.058091286307053513e-01
2.530120481927710663e-01 8.672199170124481604e-01
2.570281124497991732e-01 3.278008298755186734e-01
2.570281124497991732e-01 6.058091286307053513e-01
2.570281124497991732e-01 8.672199170124481604e-01
2.610441767068273355e-01 3.278008298755186734e-01
2.610441767068273355e-01 6.058091286307053513e-01
2.610441767068273355e-01 8.672199170124481604e-01
2.650602409638554424e-01 3.319502074688796545e-01
2.650602409638554424e-01 6.058091286307053513e-01
2.650602409638554424e-01 8.672199170124481604e-01
2.690763052208835493e-01 3.319502074688796545e-01
2.690763052208835493e-01 6.058091286307053513e-01
2.690763052208835493e-01 8.672199170124481604e-01
2.730923694779116562e-01 3.319502074688796545e-01
2.730923694779116562e-01 6.058091286307053513e-01
2.730923694779116562e-01 8.672199170124481604e-01
2.771084337349397630e-01 3.319502074688796545e-01
2.771084337349397630e-01 6.099585062240664435e-01
2.771084337349397630e-01 8.672199170124481604e-01
2.811244979919678699e-01 3.319502074688796545e-01
2.811244979919678699e-01 6.099585062240664435e-01
2.811244979919678699e-01 8.672199170124481604e-01
2.851405622489959768e-01 3.319502074688796545e-01
2.851405622489959768e-01 6.099585062240664435e-01
2.851405622489959768e-01 8.672199170124481604e-01
2.891566265060240837e-01 3.319502074688796545e-01
2.891566265060240837e-01 6.099585062240664435e-01
2.891566265060240837e-01 8.672199170124481604e-01
2.931726907630521906e-01 3.319502074688796545e-01
2.931726907630521906e-01 6.099585062240664435e-01
2.931726907630521906e-01 8.672199170124481604e-01
2.971887550200802974e-01 3.319502074688796545e-01
2.971887550200802974e-01 6.099585062240664435e-01
2.971887550200802974e-01 8.713692946058091415e-01
3.012048192771084598e-01 3.319502074688796545e-01
3.012048192771084598e-01 6.099585062240664435e-01
3.012048192771084598e-01 8.672199170124481604e-01
3.052208835341365667e-01 3.319502074688796545e-01
3.052208835341365667e-01 6.099585062240664435e-01
3.052208835341365667e-01 8.672199170124481604e-01
3.092369477911646736e-01 3.319502074688796545e-01
3.092369477911646736e-01 6.099585062240664435e-01
3.092369477911646736e-01 7.966804979253111485e-01
3.092369477911646736e-01 8.672199170124481604e-01
3.132530120481927804e-01 3.319502074688796545e-01
3.132530120481927804e-01 6.099585062240664435e-01
3.132530120481927804e-01 8.008298755186722406e-01
3.132530120481927804e-01 8.049792531120332217e-01
3.132530120481927804e-01 8.672199170124481604e-01
3.172690763052208873e-01 3.319502074688796545e-01
3.172690763052208873e-01 6.099585062240664435e-01
3.172690763052208873e-01 8.091286307053942028e-01
3.172690763052208873e-01 8.132780082987551840e-01
3.172690763052208873e-01 8.174273858921161651e-01
3.172690763052208873e-01 8.672199170124481604e-01
3.212851405622489942e-01 3.319502074688796545e-01
3.212851405622489942e-01 6.099585062240664435e-01
3.212851405622489942e-01 8.215767634854771462e-01
3.212851405622489942e-01 8.257261410788381273e-01
3.212851405622489942e-01 8.298755186721992194e-01
3.212851405622489942e-01 8.672199170124481604e-01
3.253012048192771011e-01 3.319502074688796545e-01
3.253012048192771011e-01 6.099585062240664435e-01
3.253012048192771011e-01 8.340248962655602005e-01
3.253012048192771011e-01 8.630705394190871793e-01
3.293172690763052080e-01 3.319502074688796545e-01
3.293172690763052080e-01 6.058091286307053513e-01
3.293172690763052080e-01 8.381742738589211816e-01
3.293172690763052080e-01 8.423236514522821627e-01
3.293172690763052080e-01 8.464730290456431439e-01
3.293172690763052080e-01 8.506224066390041250e-01
3.293172690763052080e-01 8.589211618257260872e-01
3.333333333333333148e-01 3.319502074688796545e-01
3.333333333333333148e-01 6.058091286307053513e-01
3.333333333333333148e-01 8.547717842323651061e-01
3.333333333333333148e-01 8.589211618257260872e-01
3.373493975903614217e-01 3.319502074688796545e-01
3.373493975903614217e-01 6.058091286307053513e-01
3.373493975903614217e-01 8.589211618257260872e-01
3.413654618473895841e-01 3.319502074688796545e-01
3.413654618473895841e-01 6.016597510373443702e-01
3.413654618473895841e-01 8.630705394190871793e-01
3.453815261044176910e-01 3.319502074688796545e-01
3.453815261044176910e-01 6.016597510373443702e-01
3.453815261044176910e-01 8.630705394190871793e-01
3.453815261044176910e-01 9.419087136929460424e-01
3.493975903614457978e-01 3.319502074688796545e-01
3.493975903614457978e-01 6.016597510373443702e-01
3.493975903614457978e-01 8.672199170124481604e-01
3.493975903614457978e-01 9.336099585062240802e-01
3.493975903614457978e-01 9.377593360995850613e-01
3.534136546184739047e-01 3.319502074688796545e-01
3.534136546184739047e-01 6.058091286307053513e-01
3.534136546184739047e-01 8.672199170124481604e-01
3.534136546184739047e-01 9.294605809128630991e-01
3.574297188755020116e-01 3.319502074688796545e-01
3.574297188755020116e-01 6.058091286307053513e-01
3.574297188755020116e-01 8.672199170124481604e-01
3.574297188755020116e-01 9.253112033195021180e-01
3.614457831325301185e-01 3.319502074688796545e-01
3.614457831325301185e-01 6.058091286307053513e-01
3.614457831325301185e-01 8.672199170124481604e-01
3.614457831325301185e-01 9.211618257261410259e-01
3.654618473895582254e-01 3.360995850622406911e-01
3.654618473895582254e-01 6.058091286307053513e-01
3.654618473895582254e-01 8.672199170124481604e-01
3.654618473895582254e-01 9.170124481327800448e-01
3.694779116465863322e-01 3.360995850622406911e-01
3.694779116465863322e-01 6.058091286307053513e-01
3.694779116465863322e-01 8.672199170124481604e-01
3.694779116465863322e-01 9.128630705394190636e-01
3.734939759036144391e-01 3.360995850622406911e-01
3.734939759036144391e-01 6.058091286307053513e-01
3.734939759036144391e-01 8.672199170124481604e-01
3.734939759036144391e-01 9.087136929460580825e-01
3.775100401606425460e-01 3.360995850622406911e-01
3.775100401606425460e-01 6.058091286307053513e-01
3.775100401606425460e-01 8.672199170124481604e-01
3.775100401606425460e-01 9.087136929460580825e-01
3.815261044176707084e-01 3.360995850622406911e-01
3.815261044176707084e-01 6.058091286307053513e-01
3.815261044176707084e-01 8.672199170124481604e-01
3.815261044176707084e-01 9.045643153526971014e-01
3.855421686746988152e-01 3.360995850622406911e-01
3.855421686746988152e-01 6.099585062240664435e-01
3.855421686746988152e-01 8.672199170124481604e-01
3.855421686746988152e-01 9.045643153526971014e-01
3.895582329317269221e-01 3.360995850622406911e-01
3.895582329317269221e-01 6.099585062240664435e-01
3.895582329317269221e-01 8.672199170124481604e-01
3.895582329317269221e-01 9.045643153526971014e-01
3.935742971887550290e-01 3.360995850622406911e-01
3.935742971887550290e-01 6.099585062240664435e-01
3.935742971887550290e-01 6.846473029045643255e-01
3.935742971887550290e-01 6.887966804979253066e-01
3.935742971887550290e-01 6.929460580912862877e-01
3.935742971887550290e-01 6.970954356846472688e-01
3.935742971887550290e-01 7.012448132780082499e-01
3.935742971887550290e-01 7.053941908713693421e-01
3.935742971887550290e-01 8.672199170124481604e-01
3.935742971887550290e-01 9.045643153526971014e-01
3.975903614457831359e-01 3.360995850622406911e-01
3.975903614457831359e-01 6.099585062240664435e-01
3.975903614457831359e-01 6.804979253112033444e-01
3.975903614457831359e-01 8.672199170124481604e-01
3.975903614457831359e-01 9.045643153526971014e-01
4.016064257028112428e-01 3.360995850622406911e-01
4.016064257028112428e-01 6.141078838174274246e-01
4.016064257028112428e-01 6.763485477178423633e-01
4.016064257028112428e-01 8.672199170124481604e-01
4.016064257028112428e-01 9.045643153526971014e-01
4.016064257028112428e-01 9.087136929460580825e-01
4.016064257028112428e-01 9.128630705394190636e-01
4.016064257028112428e-01 9.170124481327800448e-01
4.016064257028112428e-01 9.211618257261410259e-01
4.056224899598393496e-01 3.360995850622406911e-01
4.056224899598393496e-01 6.141078838174274246e-01
4.056224899598393496e-01 6.721991701244813822e-01
4.056224899598393496e-01 8.672199170124481604e-01
4.056224899598393496e-01 9.004149377593361203e-01
4.056224899598393496e-01 9.253112033195021180e-01
4.056224899598393496e-01 9.294605809128630991e-01
4.056224899598393496e-01 9.336099585062240802e-01
4.096385542168674565e-01 3.360995850622406911e-01
4.096385542168674565e-01 6.141078838174274246e-01
4.096385542168674565e-01 6.721991701244813822e-01
4.096385542168674565e-01 8.672199170124481604e-01
4.096385542168674565e-01 8.962655601659751392e-01
4.136546184738955634e-01 3.360995850622406911e-01
4.136546184738955634e-01 6.141078838174274246e-01
4.136546184738955634e-01 6.680497925311202900e-01
4.136546184738955634e-01 8.672199170124481604e-01
4.136546184738955634e-01 8.879668049792530660e-01
4.136546184738955634e-01 8.921161825726141581e-01
4.176706827309236703e-01 3.319502074688796545e-01
4.176706827309236703e-01 6.182572614107884057e-01
4.176706827309236703e-01 6.597510373443983278e-01
4.176706827309236703e-01 6.639004149377593089e-01
4.176706827309236703e-01 8.713692946058091415e-01
4.176706827309236703e-01 8.755186721991701226e-01
4.176706827309236703e-01 8.796680497925311037e-01
4.176706827309236703e-01 8.838174273858920849e-01
4.216867469879518326e-01 3.319502074688796545e-01
4.216867469879518326e-01 6.224066390041493868e-01
4.216867469879518326e-01 6.431535269709544034e-01
4.216867469879518326e-01 6.473029045643153845e-01
4.216867469879518326e-01 6.514522821576763656e-01
4.216867469879518326e-01 6.556016597510373467e-01
4.216867469879518326e-01 8.755186721991701226e-01
4.257028112449799395e-01 3.319502074688796545e-01
4.257028112449799395e-01 6.265560165975103679e-01
4.257028112449799395e-01 6.307053941908713490e-01
4.257028112449799395e-01 6.348547717842323301e-01
4.257028112449799395e-01 6.390041493775933112e-01
4.257028112449799395e-01 8.755186721991701226e-01
4.297188755020080464e-01 3.319502074688796545e-01
4.297188755020080464e-01 6.265560165975103679e-01
4.297188755020080464e-01 8.713692946058091415e-01
4.337349397590361533e-01 3.319502074688796545e-01
4.337349397590361533e-01 6.224066390041493868e-01
4.337349397590361533e-01 8.713692946058091415e-01
4.377510040160642601e-01 3.319502074688796545e-01
4.377510040160642601e-01 6.224066390041493868e-01
4.377510040160642601e-01 8.713692946058091415e-01
4.377510040160642601e-01 9.502074688796680046e-01
4.377510040160642601e-01 9.543568464730290968e-01
4.377510040160642601e-01 9.585062240663900779e-01
4.377510040160642601e-01 9.626556016597510590e-01
4.417670682730923670e-01 3.319502074688796545e-01
4.417670682730923670e-01 6.182572614107884057e-01
4.417670682730923670e-01 8.713692946058091415e-01
4.417670682730923670e-01 9.419087136929460424e-01
4.417670682730923670e-01 9.460580912863070235e-01
4.457831325301204739e-01 3.319502074688796545e-01
4.457831325301204739e-01 6.182572614107884057e-01
4.457831325301204739e-01 8.713692946058091415e-01
4.457831325301204739e-01 9.336099585062240802e-01
4.457831325301204739e-01 9.377593360995850613e-01
4.497991967871485808e-01 3.319502074688796545e-01
4.497991967871485808e-01 6.182572614107884057e-01
4.497991967871485808e-01 8.713692946058091415e-01
4.497991967871485808e-01 9.294605809128630991e-01
4.538152610441766877e-01 3.360995850622406911e-01
4.538152610441766877e-01 6.141078838174274246e-01
4.538152610441766877e-01 8.713692946058091415e-01
4.538152610441766877e-01 9.253112033195021180e-01
4.578313253012047945e-01 3.360995850622406911e-01
4.578313253012047945e-01 6.141078838174274246e-01
4.578313253012047945e-01 8.713692946058091415e-01
4.578313253012047945e-01 9.253112033195021180e-01
4.618473895582329569e-01 3.360995850622406911e-01
4.618473895582329569e-01 3.941908713692945931e-01
4.618473895582329569e-01 6.141078838174274246e-01
4.618473895582329569e-01 8.713692946058091415e-01
4.618473895582329569e-01 9.211618257261410259e-01
4.658634538152610638e-01 3.360995850622406911e-01
4.658634538152610638e-01 3.900414937759336120e-01
4.658634538152610638e-01 6.141078838174274246e-01
4.658634538152610638e-01 8.713692946058091415e-01
4.658634538152610638e-01 9.211618257261410259e-01
4.698795180722891707e-01 3.360995850622406911e-01
4.698795180722891707e-01 3.817427385892115943e-01
4.698795180722891707e-01 3.858921161825726309e-01
4.698795180722891707e-01 6.141078838174274246e-01
4.698795180722891707e-01 8.713692946058091415e-01
4.698795180722891707e-01 9.170124481327800448e-01
4.698795180722891707e-01 9.211618257261410259e-01
4.738955823293172775e-01 3.360995850622406911e-01
4.738955823293172775e-01 3.775933609958506132e-01
4.738955823293172775e-01 6.141078838174274246e-01
4.738955823293172775e-01 8.713692946058091415e-01
4.738955823293172775e-01 9.128630705394190636e-01
4.738955823293172775e-01 9.253112033195021180e-01
4.779116465863453844e-01 3.360995850622406911e-01
4.779116465863453844e-01 3.775933609958506132e-01
4.779116465863453844e-01 6.141078838174274246e-01
4.779116465863453844e-01 8.755186721991701226e-01
4.779116465863453844e-01 8.796680497925311037e-01
4.779116465863453844e-01 8.838174273858920849e-01
4.779116465863453844e-01 8.879668049792530660e-01
4.779116465863453844e-01 8.921161825726141581e-01
4.779116465863453844e-01 8.962655601659751392e-01
4.779116465863453844e-01 9.004149377593361203e-01
4.779116465863453844e-01 9.045643153526971014e-01
4.779116465863453844e-01 9.087136929460580825e-01
4.779116465863453844e-01 9.294605809128630991e-01
4.779116465863453844e-01 9.336099585062240802e-01
4.779116465863453844e-01 9.377593360995850613e-01
4.779116465863453844e-01 9.419087136929460424e-01
4.779116465863453844e-01 9.460580912863070235e-01
4.779116465863453844e-01 9.502074688796680046e-01
4.819277108433734913e-01 3.360995850622406911e-01
4.819277108433734913e-01 3.734439834024896321e-01
4.819277108433734913e-01 6.141078838174274246e-01
4.819277108433734913e-01 8.755186721991701226e-01
4.859437751004015982e-01 3.360995850622406911e-01
4.859437751004015982e-01 3.651452282157676144e-01
4.859437751004015982e-01 3.692946058091286510e-01
4.859437751004015982e-01 6.141078838174274246e-01
4.859437751004015982e-01 8.755186721991701226e-01
4.899598393574297051e-01 3.360995850622406911e-01
4.899598393574297051e-01 3.526970954356846710e-01
4.899598393574297051e-01 3.568464730290456521e-01
4.899598393574297051e-01 3.609958506224066332e-01
4.899598393574297051e-01 6.141078838174274246e-01
4.899598393574297051e-01 8.755186721991701226e-01
4.939759036144578119e-01 3.360995850622406911e-01
4.939759036144578119e-01 3.402489626556016722e-01
4.939759036144578119e-01 3.443983402489626533e-01
4.939759036144578119e-01 3.485477178423236344e-01
4.939759036144578119e-01 6.141078838174274246e-01
4.939759036144578119e-01 8.755186721991701226e-01
4.979919678714859188e-01 3.360995850622406911e-01
4.979919678714859188e-01 5.394190871369294316e-01
4.979919678714859188e-01 5.435684647302904127e-01
4.979919678714859188e-01 6.141078838174274246e-01
4.979919678714859188e-01 8.755186721991701226e-01
5.020080321285140812e-01 3.360995850622406911e-01
5.020080321285140812e-01 5.477178423236515048e-01
5.020080321285140812e-01 5.518672199170124859e-01
5.020080321285140812e-01 6.141078838174274246e-01
5.020080321285140812e-01 8.755186721991701226e-01
5.060240963855421326e-01 3.360995850622406911e-01
5.060240963855421326e-01 5.560165975103734670e-01
5.060240963855421326e-01 6.141078838174274246e-01
5.060240963855421326e-01 8.755186721991701226e-01
5.100401606425702949e-01 3.360995850622406911e-01
5.100401606425702949e-01 5.601659751037344481e-01
5.100401606425702949e-01 6.141078838174274246e-01
5.100401606425702949e-01 8.755186721991701226e-01
5.140562248995983463e-01 3.360995850622406911e-01
5.140562248995983463e-01 5.643153526970954292e-01
5.140562248995983463e-01 6.141078838174274246e-01
5.140562248995983463e-01 8.755186721991701226e-01
5.180722891566265087e-01 3.360995850622406911e-01
5.180722891566265087e-01 5.643153526970954292e-01
5.180722891566265087e-01 6.141078838174274246e-01
5.180722891566265087e-01 8.755186721991701226e-01
5.220883534136546711e-01 3.360995850622406911e-01
5.220883534136546711e-01 5.684647302904564103e-01
5.220883534136546711e-01 6.099585062240664435e-01
5.220883534136546711e-01 6.639004149377593089e-01
5.220883534136546711e-01 8.755186721991701226e-01
5.261044176706827225e-01 3.360995850622406911e-01
5.261044176706827225e-01 5.684647302904564103e-01
5.261044176706827225e-01 5.726141078838173915e-01
5.261044176706827225e-01 5.892116182572614269e-01
5.261044176706827225e-01 5.933609958506224080e-01
5.261044176706827225e-01 5.975103734439833891e-01
5.261044176706827225e-01 6.016597510373443702e-01
5.261044176706827225e-01 6.058091286307053513e-01
5.261044176706827225e-01 6.099585062240664435e-01
5.261044176706827225e-01 6.597510373443983278e-01
5.261044176706827225e-01 8.755186721991701226e-01
5.261044176706827225e-01 8.796680497925311037e-01
5.261044176706827225e-01 8.838174273858920849e-01
5.261044176706827225e-01 8.879668049792530660e-01
5.261044176706827225e-01 8.921161825726141581e-01
5.261044176706827225e-01 8.962655601659751392e-01
5.261044176706827225e-01 9.004149377593361203e-01
5.261044176706827225e-01 9.045643153526971014e-01
5.261044176706827225e-01 9.087136929460580825e-01
5.261044176706827225e-01 9.128630705394190636e-01
5.261044176706827225e-01 9.170124481327800448e-01
5.261044176706827225e-01 9.211618257261410259e-01
5.261044176706827225e-01 9.253112033195021180e-01
5.261044176706827225e-01 9.294605809128630991e-01
5.261044176706827225e-01 9.336099585062240802e-01
5.261044176706827225e-01 9.377593360995850613e-01
5.261044176706827225e-01 9.419087136929460424e-01
5.261044176706827225e-01 9.958506224066390189e-01
5.261044176706827225e-01 1.000000000000000000e+00
5.301204819277108848e-01 7.053941908713692865e-02
5.301204819277108848e-01 7.468879668049792364e-02
5.301204819277108848e-01 3.360995850622406911e-01
5.301204819277108848e-01 5.643153526970954292e-01
5.301204819277108848e-01 5.767634854771783726e-01
5.301204819277108848e-01 5.809128630705394647e-01
5.301204819277108848e-01 5.850622406639004458e-01
5.301204819277108848e-01 6.099585062240664435e-01
5.301204819277108848e-01 6.597510373443983278e-01
5.301204819277108848e-01 8.713692946058091415e-01
5.301204819277108848e-01 9.460580912863070235e-01
5.301204819277108848e-01 9.502074688796680046e-01
5.301204819277108848e-01 9.543568464730290968e-01
5.301204819277108848e-01 9.585062240663900779e-01
5.301204819277108848e-01 9.626556016597510590e-01
5.301204819277108848e-01 9.668049792531120401e-01
5.301204819277108848e-01 9.709543568464730212e-01
5.301204819277108848e-01 9.751037344398340023e-01
5.301204819277108848e-01 9.792531120331949834e-01
5.301204819277108848e-01 9.834024896265559645e-01
5.301204819277108848e-01 9.875518672199170567e-01
5.301204819277108848e-01 9.917012448132780378e-01
5.341365461847389362e-01 1.244813278008298670e-02
5.341365461847389362e-01 1.659751037344398342e-02
5.341365461847389362e-01 2.074688796680497840e-02
5.341365461847389362e-01 2.489626556016597339e-02
5.341365461847389362e-01 2.904564315352697185e-02
5.341365461847389362e-01 3.319502074688796683e-02
5.341365461847389362e-01 3.734439834024896182e-02
5.341365461847389362e-01 4.149377593360995681e-02
5.341365461847389362e-01 4.564315352697095179e-02
5.341365461847389362e-01 4.979253112033194678e-02
5.341365461847389362e-01 5.394190871369294871e-02
5.341365461847389362e-01 5.809128630705394369e-02
5.341365461847389362e-01 6.224066390041493868e-02
5.341365461847389362e-01 6.639004149377593367e-02
5.341365461847389362e-01 7.883817427385891863e-02
5.341365461847389362e-01 8.298755186721991361e-02
5.341365461847389362e-01 8.713692946058090860e-02
5.341365461847389362e-01 9.128630705394190359e-02
5.341365461847389362e-01 9.543568464730289858e-02
5.341365461847389362e-01 1.742738589211618172e-01
5.341365461847389362e-01 1.784232365145228261e-01
5.341365461847389362e-01 3.360995850622406911e-01
5.341365461847389362e-01 5.601659751037344481e-01
5.341365461847389362e-01 6.141078838174274246e-01
5.341365461847389362e-01 6.182572614107884057e-01
5.341365461847389362e-01 6.224066390041493868e-01
5.341365461847389362e-01 6.265560165975103679e-01
5.341365461847389362e-01 6.307053941908713490e-01
5.341365461847389362e-01 6.348547717842323301e-01
5.341365461847389362e-01 6.390041493775933112e-01
5.341365461847389362e-01 6.431535269709544034e-01
5.341365461847389362e-01 6.473029045643153845e-01
5.341365461847389362e-01 6.514522821576763656e-01
5.341365461847389362e-01 6.556016597510373467e-01
5.341365461847389362e-01 6.597510373443983278e-01
5.341365461847389362e-01 6.639004149377593089e-01
5.341365461847389362e-01 8.340248962655602005e-01
5.341365461847389362e-01 8.381742738589211816e-01
5.341365461847389362e-01 8.423236514522821627e-01
5.341365461847389362e-01 8.464730290456431439e-01
5.341365461847389362e-01 8.506224066390041250e-01
5.341365461847389362e-01 8.547717842323651061e-01
5.341365461847389362e-01 8.589211618257260872e-01
5.341365461847389362e-01 8.630705394190871793e-01
5.341365461847389362e-01 8.672199170124481604e-01
5.381526104417670986e-01 0.000000000000000000e+00
5.381526104417670986e-01 4.149377593360995854e-03
5.381526104417670986e-01 8.298755186721991708e-03
5.381526104417670986e-01 9.958506224066389356e-02
5.381526104417670986e-01 1.037344398340249024e-01
5.381526104417670986e-01 1.078838174273858974e-01
5.381526104417670986e-01 1.120331950207468924e-01
5.381526104417670986e-01 1.161825726141078874e-01
5.381526104417670986e-01 1.618257261410788461e-01
5.381526104417670986e-01 1.659751037344398272e-01
5.381526104417670986e-01 1.701244813278008361e-01
5.381526104417670986e-01 1.825726141078838072e-01
5.381526104417670986e-01 1.867219917012448160e-01
5.381526104417670986e-01 1.908713692946057972e-01
5.381526104417670986e-01 1.950207468879668060e-01
5.381526104417670986e-01 1.991701244813277871e-01
5.381526104417670986e-01 2.033195020746887960e-01
5.381526104417670986e-01 2.074688796680498049e-01
5.381526104417670986e-01 2.116182572614107860e-01
5.381526104417670986e-01 3.360995850622406911e-01
5.381526104417670986e-01 5.435684647302904127e-01
5.381526104417670986e-01 5.477178423236515048e-01
5.381526104417670986e-01 5.518672199170124859e-01
5.381526104417670986e-01 5.560165975103734670e-01
5.381526104417670986e-01 6.348547717842323301e-01
5.381526104417670986e-01 6.680497925311202900e-01
5.381526104417670986e-01 6.721991701244813822e-01
5.381526104417670986e-01 6.763485477178423633e-01
5.381526104417670986e-01 6.804979253112033444e-01
5.381526104417670986e-01 6.846473029045643255e-01
5.381526104417670986e-01 6.887966804979253066e-01
5.381526104417670986e-01 6.929460580912862877e-01
5.381526104417670986e-01 6.970954356846472688e-01
5.381526104417670986e-01 7.012448132780082499e-01
5.381526104417670986e-01 7.053941908713693421e-01
5.381526104417670986e-01 7.095435684647303232e-01
5.381526104417670986e-01 7.136929460580913043e-01
5.381526104417670986e-01 7.178423236514522854e-01
5.381526104417670986e-01 7.219917012448132665e-01
5.381526104417670986e-01 7.261410788381742476e-01
5.381526104417670986e-01 7.302904564315352287e-01
5.381526104417670986e-01 7.344398340248963208e-01
5.381526104417670986e-01 7.385892116182573020e-01
5.381526104417670986e-01 7.427385892116182831e-01
5.381526104417670986e-01 7.468879668049792642e-01
5.381526104417670986e-01 7.510373443983402453e-01
5.381526104417670986e-01 7.551867219917012264e-01
5.381526104417670986e-01 7.593360995850622075e-01
5.381526104417670986e-01 7.634854771784231886e-01
5.381526104417670986e-01 7.676348547717842807e-01
5.381526104417670986e-01 7.717842323651452618e-01
5.381526104417670986e-01 7.759336099585062430e-01
5.381526104417670986e-01 7.800829875518672241e-01
5.381526104417670986e-01 7.842323651452282052e-01
5.381526104417670986e-01 7.883817427385891863e-01
5.381526104417670986e-01 7.925311203319501674e-01
5.381526104417670986e-01 7.966804979253111485e-01
5.381526104417670986e-01 8.008298755186722406e-01
5.381526104417670986e-01 8.049792531120332217e-01
5.381526104417670986e-01 8.091286307053942028e-01
5.381526104417670986e-01 8.132780082987551840e-01
5.381526104417670986e-01 8.174273858921161651e-01
5.381526104417670986e-01 8.215767634854771462e-01
5.381526104417670986e-01 8.257261410788381273e-01
5.381526104417670986e-01 8.298755186721992194e-01
5.381526104417670986e-01 8.672199170124481604e-01
5.421686746987951500e-01 1.203319502074688824e-01
5.421686746987951500e-01 1.244813278008298774e-01
5.421686746987951500e-01 1.369294605809128762e-01
5.421686746987951500e-01 1.410788381742738573e-01
5.421686746987951500e-01 1.452282157676348662e-01
5.421686746987951500e-01 1.493775933609958473e-01
5.421686746987951500e-01 1.535269709543568561e-01
5.421686746987951500e-01 1.576763485477178373e-01
5.421686746987951500e-01 2.157676348547717948e-01
5.421686746987951500e-01 2.199170124481327759e-01
5.421686746987951500e-01 2.240663900414937848e-01
5.421686746987951500e-01 2.282157676348547659e-01
5.421686746987951500e-01 2.323651452282157748e-01
5.421686746987951500e-01 3.360995850622406911e-01
5.421686746987951500e-01 5.020746887966804906e-01
5.421686746987951500e-01 5.062240663900414717e-01
5.421686746987951500e-01 5.103734439834024528e-01
5.421686746987951500e-01 5.145228215767634339e-01
5.421686746987951500e-01 5.186721991701245260e-01
5.421686746987951500e-01 5.228215767634855071e-01
5.421686746987951500e-01 5.269709543568464882e-01
5.421686746987951500e-01 5.311203319502074693e-01
5.421686746987951500e-01 5.352697095435684504e-01
5.421686746987951500e-01 5.394190871369294316e-01
5.421686746987951500e-01 6.348547717842323301e-01
5.421686746987951500e-01 8.672199170124481604e-01
5.461847389558233123e-01 1.286307053941908585e-01
5.461847389558233123e-01 1.327800829875518673e-01
5.461847389558233123e-01 2.365145228215767559e-01
5.461847389558233123e-01 2.406639004149377647e-01
5.461847389558233123e-01 2.448132780082987459e-01
5.461847389558233123e-01 2.489626556016597547e-01
5.461847389558233123e-01 2.531120331950207358e-01
5.461847389558233123e-01 2.572614107883817169e-01
5.461847389558233123e-01 2.614107883817427536e-01
5.461847389558233123e-01 2.655601659751037347e-01
5.461847389558233123e-01 2.697095435684647158e-01
5.461847389558233123e-01 2.738589211618257524e-01
5.461847389558233123e-01 2.780082987551867335e-01
5.461847389558233123e-01 2.821576763485477146e-01
5.461847389558233123e-01 2.863070539419086957e-01
5.461847389558233123e-01 2.904564315352697323e-01
5.461847389558233123e-01 2.946058091286307135e-01
5.461847389558233123e-01 2.987551867219916946e-01
5.461847389558233123e-01 3.029045643153526757e-01
5.461847389558233123e-01 3.070539419087137123e-01
5.461847389558233123e-01 3.112033195020746934e-01
5.461847389558233123e-01 3.153526970954356745e-01
5.461847389558233123e-01 3.195020746887966556e-01
5.461847389558233123e-01 3.236514522821576922e-01
5.461847389558233123e-01 3.278008298755186734e-01
5.461847389558233123e-01 3.319502074688796545e-01
5.461847389558233123e-01 3.402489626556016722e-01
5.461847389558233123e-01 3.443983402489626533e-01
5.461847389558233123e-01 3.485477178423236344e-01
5.461847389558233123e-01 3.526970954356846710e-01
5.461847389558233123e-01 3.568464730290456521e-01
5.461847389558233123e-01 3.609958506224066332e-01
5.461847389558233123e-01 3.651452282157676144e-01
5.461847389558233123e-01 3.692946058091286510e-01
5.461847389558233123e-01 3.734439834024896321e-01
5.461847389558233123e-01 3.775933609958506132e-01
5.461847389558233123e-01 4.398340248962655519e-01
5.461847389558233123e-01 4.439834024896265330e-01
5.461847389558233123e-01 4.481327800829875696e-01
5.461847389558233123e-01 4.522821576763485507e-01
5.461847389558233123e-01 4.564315352697095318e-01
5.461847389558233123e-01 4.605809128630705129e-01
5.461847389558233123e-01 4.647302904564315496e-01
5.461847389558233123e-01 4.688796680497925307e-01
5.461847389558233123e-01 4.730290456431535118e-01
5.461847389558233123e-01 4.771784232365145484e-01
5.461847389558233123e-01 4.813278008298755295e-01
5.461847389558233123e-01 4.854771784232365106e-01
5.461847389558233123e-01 4.896265560165974917e-01
5.461847389558233123e-01 4.937759336099585283e-01
5.461847389558233123e-01 4.979253112033195094e-01
5.461847389558233123e-01 6.348547717842323301e-01
5.461847389558233123e-01 8.672199170124481604e-01
5.502008032128513637e-01 3.817427385892115943e-01
5.502008032128513637e-01 4.356846473029045708e-01
5.502008032128513637e-01 6.348547717842323301e-01
5.502008032128513637e-01 8.672199170124481604e-01
5.542168674698795261e-01 3.858921161825726309e-01
5.542168674698795261e-01 4.315352697095435897e-01
5.542168674698795261e-01 6.348547717842323301e-01
5.542168674698795261e-01 8.672199170124481604e-01
5.582329317269075775e-01 3.900414937759336120e-01
5.582329317269075775e-01 4.315352697095435897e-01
5.582329317269075775e-01 6.348547717842323301e-01
5.582329317269075775e-01 8.672199170124481604e-01
5.622489959839357399e-01 3.941908713692945931e-01
5.622489959839357399e-01 4.273858921161825530e-01
5.622489959839357399e-01 6.348547717842323301e-01
5.622489959839357399e-01 8.672199170124481604e-01
5.662650602409639022e-01 3.983402489626555742e-01
5.662650602409639022e-01 4.232365145228215719e-01
5.662650602409639022e-01 6.390041493775933112e-01
5.662650602409639022e-01 8.672199170124481604e-01
5.702811244979919536e-01 4.024896265560166109e-01
5.702811244979919536e-01 4.066390041493775920e-01
5.702811244979919536e-01 4.107883817427385731e-01
5.702811244979919536e-01 4.149377593360996097e-01
5.702811244979919536e-01 4.190871369294605908e-01
5.702811244979919536e-01 6.431535269709544034e-01
5.702811244979919536e-01 6.473029045643153845e-01
5.702811244979919536e-01 8.672199170124481604e-01
5.742971887550201160e-01 3.983402489626555742e-01
5.742971887550201160e-01 4.232365145228215719e-01
5.742971887550201160e-01 6.390041493775933112e-01
5.742971887550201160e-01 6.514522821576763656e-01
5.742971887550201160e-01 6.556016597510373467e-01
5.742971887550201160e-01 6.597510373443983278e-01
5.742971887550201160e-01 8.672199170124481604e-01
5.783132530120481674e-01 3.941908713692945931e-01
5.783132530120481674e-01 4.273858921161825530e-01
5.783132530120481674e-01 6.307053941908713490e-01
5.783132530120481674e-01 6.348547717842323301e-01
5.783132530120481674e-01 6.639004149377593089e-01
5.783132530120481674e-01 8.713692946058091415e-01
5.823293172690763297e-01 3.900414937759336120e-01
5.823293172690763297e-01 4.315352697095435897e-01
5.823293172690763297e-01 6.265560165975103679e-01
5.823293172690763297e-01 6.639004149377593089e-01
5.823293172690763297e-01 8.755186721991701226e-01
5.863453815261043811e-01 3.817427385892115943e-01
5.863453815261043811e-01 3.858921161825726309e-01
5.863453815261043811e-01 4.356846473029045708e-01
5.863453815261043811e-01 6.265560165975103679e-01
5.863453815261043811e-01 6.680497925311202900e-01
5.863453815261043811e-01 8.755186721991701226e-01
5.903614457831325435e-01 3.775933609958506132e-01
5.903614457831325435e-01 4.356846473029045708e-01
5.903614457831325435e-01 6.265560165975103679e-01
5.903614457831325435e-01 6.680497925311202900e-01
5.903614457831325435e-01 8.796680497925311037e-01
5.943775100401605949e-01 3.485477178423236344e-01
5.943775100401605949e-01 3.526970954356846710e-01
5.943775100401605949e-01 3.568464730290456521e-01
5.943775100401605949e-01 3.609958506224066332e-01
5.943775100401605949e-01 3.651452282157676144e-01
5.943775100401605949e-01 3.692946058091286510e-01
5.943775100401605949e-01 3.734439834024896321e-01
5.943775100401605949e-01 4.356846473029045708e-01
5.943775100401605949e-01 6.265560165975103679e-01
5.943775100401605949e-01 6.721991701244813822e-01
5.943775100401605949e-01 8.796680497925311037e-01
5.983935742971887572e-01 4.356846473029045708e-01
5.983935742971887572e-01 6.265560165975103679e-01
5.983935742971887572e-01 6.721991701244813822e-01
5.983935742971887572e-01 8.796680497925311037e-01
6.024096385542169196e-01 4.356846473029045708e-01
6.024096385542169196e-01 6.224066390041493868e-01
6.024096385542169196e-01 6.763485477178423633e-01
6.024096385542169196e-01 8.755186721991701226e-01
6.024096385542169196e-01 8.796680497925311037e-01
6.024096385542169196e-01 8.838174273858920849e-01
6.024096385542169196e-01 8.879668049792530660e-01
6.064257028112449710e-01 4.356846473029045708e-01
6.064257028112449710e-01 6.182572614107884057e-01
6.064257028112449710e-01 6.804979253112033444e-01
6.064257028112449710e-01 6.846473029045643255e-01
6.064257028112449710e-01 8.713692946058091415e-01
6.064257028112449710e-01 8.921161825726141581e-01
6.064257028112449710e-01 8.962655601659751392e-01
6.104417670682731334e-01 4.356846473029045708e-01
6.104417670682731334e-01 6.182572614107884057e-01
6.104417670682731334e-01 6.887966804979253066e-01
6.104417670682731334e-01 8.713692946058091415e-01
6.104417670682731334e-01 9.004149377593361203e-01
6.104417670682731334e-01 9.045643153526971014e-01
6.144578313253011848e-01 4.356846473029045708e-01
6.144578313253011848e-01 6.141078838174274246e-01
6.144578313253011848e-01 6.929460580912862877e-01
6.144578313253011848e-01 8.672199170124481604e-01
6.144578313253011848e-01 9.087136929460580825e-01
6.184738955823293471e-01 4.356846473029045708e-01
6.184738955823293471e-01 5.850622406639004458e-01
6.184738955823293471e-01 5.892116182572614269e-01
6.184738955823293471e-01 5.933609958506224080e-01
6.184738955823293471e-01 5.975103734439833891e-01
6.184738955823293471e-01 6.016597510373443702e-01
6.184738955823293471e-01 6.058091286307053513e-01
6.184738955823293471e-01 6.099585062240664435e-01
6.184738955823293471e-01 6.141078838174274246e-01
6.184738955823293471e-01 6.970954356846472688e-01
6.184738955823293471e-01 8.672199170124481604e-01
6.184738955823293471e-01 9.128630705394190636e-01
6.224899598393573985e-01 4.356846473029045708e-01
6.224899598393573985e-01 5.435684647302904127e-01
6.224899598393573985e-01 5.477178423236515048e-01
6.224899598393573985e-01 5.518672199170124859e-01
6.224899598393573985e-01 5.560165975103734670e-01
6.224899598393573985e-01 5.601659751037344481e-01
6.224899598393573985e-01 5.643153526970954292e-01
6.224899598393573985e-01 5.684647302904564103e-01
6.224899598393573985e-01 5.726141078838173915e-01
6.224899598393573985e-01 5.767634854771783726e-01
6.224899598393573985e-01 5.809128630705394647e-01
6.224899598393573985e-01 6.182572614107884057e-01
6.224899598393573985e-01 7.012448132780082499e-01
6.224899598393573985e-01 7.053941908713693421e-01
6.224899598393573985e-01 8.672199170124481604e-01
6.224899598393573985e-01 9.170124481327800448e-01
6.224899598393573985e-01 9.211618257261410259e-01
6.265060240963855609e-01 4.356846473029045708e-01
6.265060240963855609e-01 5.394190871369294316e-01
6.265060240963855609e-01 6.182572614107884057e-01
6.265060240963855609e-01 8.672199170124481604e-01
6.265060240963855609e-01 9.253112033195021180e-01
6.305220883534136123e-01 4.356846473029045708e-01
6.305220883534136123e-01 6.182572614107884057e-01
6.305220883534136123e-01 8.672199170124481604e-01
6.305220883534136123e-01 9.294605809128630991e-01
6.305220883534136123e-01 9.336099585062240802e-01
6.345381526104417746e-01 4.356846473029045708e-01
6.345381526104417746e-01 6.182572614107884057e-01
6.345381526104417746e-01 8.672199170124481604e-01
6.345381526104417746e-01 9.377593360995850613e-01
6.345381526104417746e-01 9.419087136929460424e-01
6.385542168674698260e-01 4.356846473029045708e-01
6.385542168674698260e-01 6.182572614107884057e-01
6.385542168674698260e-01 8.672199170124481604e-01
6.385542168674698260e-01 9.460580912863070235e-01
6.385542168674698260e-01 9.502074688796680046e-01
6.385542168674698260e-01 9.543568464730290968e-01
6.425702811244979884e-01 4.315352697095435897e-01
6.425702811244979884e-01 6.182572614107884057e-01
6.425702811244979884e-01 8.672199170124481604e-01
6.425702811244979884e-01 9.585062240663900779e-01
6.425702811244979884e-01 9.626556016597510590e-01
6.465863453815261508e-01 4.315352697095435897e-01
6.465863453815261508e-01 6.224066390041493868e-01
6.465863453815261508e-01 8.672199170124481604e-01
6.465863453815261508e-01 9.668049792531120401e-01
6.506024096385542022e-01 4.356846473029045708e-01
6.506024096385542022e-01 6.224066390041493868e-01
6.506024096385542022e-01 8.672199170124481604e-01
6.506024096385542022e-01 9.709543568464730212e-01
6.506024096385542022e-01 9.751037344398340023e-01
6.546184738955823645e-01 4.356846473029045708e-01
6.546184738955823645e-01 6.224066390041493868e-01
6.546184738955823645e-01 8.672199170124481604e-01
6.586345381526104159e-01 4.356846473029045708e-01
6.586345381526104159e-01 6.224066390041493868e-01
6.586345381526104159e-01 8.713692946058091415e-01
6.586345381526104159e-01 8.755186721991701226e-01
6.586345381526104159e-01 8.796680497925311037e-01
6.586345381526104159e-01 8.838174273858920849e-01
6.586345381526104159e-01 8.879668049792530660e-01
6.626506024096385783e-01 4.356846473029045708e-01
6.626506024096385783e-01 6.224066390041493868e-01
6.626506024096385783e-01 8.672199170124481604e-01
6.626506024096385783e-01 8.713692946058091415e-01
6.626506024096385783e-01 8.755186721991701226e-01
6.626506024096385783e-01 8.921161825726141581e-01
6.626506024096385783e-01 8.962655601659751392e-01
6.666666666666666297e-01 4.315352697095435897e-01
6.666666666666666297e-01 6.224066390041493868e-01
6.666666666666666297e-01 8.672199170124481604e-01
6.666666666666666297e-01 8.755186721991701226e-01
6.666666666666666297e-01 9.004149377593361203e-01
6.706827309236947920e-01 4.315352697095435897e-01
6.706827309236947920e-01 6.265560165975103679e-01
6.706827309236947920e-01 8.630705394190871793e-01
6.706827309236947920e-01 8.672199170124481604e-01
6.706827309236947920e-01 8.713692946058091415e-01
6.706827309236947920e-01 9.045643153526971014e-01
6.746987951807228434e-01 4.315352697095435897e-01
6.746987951807228434e-01 6.265560165975103679e-01
6.746987951807228434e-01 6.307053941908713490e-01
6.746987951807228434e-01 6.348547717842323301e-01
6.746987951807228434e-01 8.589211618257260872e-01
6.746987951807228434e-01 9.087136929460580825e-01
6.787148594377510058e-01 4.315352697095435897e-01
6.787148594377510058e-01 6.224066390041493868e-01
6.787148594377510058e-01 6.390041493775933112e-01
6.787148594377510058e-01 6.431535269709544034e-01
6.787148594377510058e-01 6.473029045643153845e-01
6.787148594377510058e-01 8.589211618257260872e-01
6.787148594377510058e-01 9.087136929460580825e-01
6.827309236947791682e-01 4.315352697095435897e-01
6.827309236947791682e-01 6.224066390041493868e-01
6.827309236947791682e-01 6.514522821576763656e-01
6.827309236947791682e-01 8.589211618257260872e-01
6.827309236947791682e-01 9.087136929460580825e-01
6.827309236947791682e-01 9.502074688796680046e-01
6.867469879518072196e-01 4.315352697095435897e-01
6.867469879518072196e-01 6.224066390041493868e-01
6.867469879518072196e-01 6.556016597510373467e-01
6.867469879518072196e-01 8.589211618257260872e-01
6.867469879518072196e-01 8.630705394190871793e-01
6.867469879518072196e-01 8.672199170124481604e-01
6.867469879518072196e-01 8.713692946058091415e-01
6.867469879518072196e-01 9.128630705394190636e-01
6.867469879518072196e-01 9.502074688796680046e-01
6.907630522088353819e-01 4.315352697095435897e-01
6.907630522088353819e-01 6.224066390041493868e-01
6.907630522088353819e-01 6.597510373443983278e-01
6.907630522088353819e-01 8.589211618257260872e-01
6.907630522088353819e-01 8.755186721991701226e-01
6.907630522088353819e-01 9.128630705394190636e-01
6.907630522088353819e-01 9.502074688796680046e-01
6.947791164658634333e-01 4.315352697095435897e-01
6.947791164658634333e-01 6.182572614107884057e-01
6.947791164658634333e-01 6.639004149377593089e-01
6.947791164658634333e-01 8.589211618257260872e-01
6.947791164658634333e-01 9.128630705394190636e-01
6.947791164658634333e-01 9.460580912863070235e-01
6.987951807228915957e-01 4.315352697095435897e-01
6.987951807228915957e-01 6.182572614107884057e-01
6.987951807228915957e-01 6.639004149377593089e-01
6.987951807228915957e-01 8.589211618257260872e-01
6.987951807228915957e-01 9.170124481327800448e-01
6.987951807228915957e-01 9.419087136929460424e-01
7.028112449799196471e-01 4.315352697095435897e-01
7.028112449799196471e-01 6.182572614107884057e-01
7.028112449799196471e-01 6.680497925311202900e-01
7.028112449799196471e-01 8.589211618257260872e-01
7.028112449799196471e-01 9.211618257261410259e-01
7.028112449799196471e-01 9.253112033195021180e-01
7.028112449799196471e-01 9.336099585062240802e-01
7.028112449799196471e-01 9.377593360995850613e-01
7.068273092369478094e-01 4.315352697095435897e-01
7.068273092369478094e-01 6.141078838174274246e-01
7.068273092369478094e-01 6.721991701244813822e-01
7.068273092369478094e-01 8.589211618257260872e-01
7.068273092369478094e-01 9.294605809128630991e-01
7.108433734939758608e-01 4.315352697095435897e-01
7.108433734939758608e-01 6.141078838174274246e-01
7.108433734939758608e-01 6.763485477178423633e-01
7.108433734939758608e-01 6.804979253112033444e-01
7.108433734939758608e-01 6.846473029045643255e-01
7.108433734939758608e-01 6.887966804979253066e-01
7.108433734939758608e-01 8.589211618257260872e-01
7.148594377510040232e-01 4.315352697095435897e-01
7.148594377510040232e-01 6.141078838174274246e-01
7.148594377510040232e-01 6.929460580912862877e-01
7.148594377510040232e-01 6.970954356846472688e-01
7.148594377510040232e-01 8.589211618257260872e-01
7.188755020080320746e-01 4.315352697095435897e-01
7.188755020080320746e-01 6.141078838174274246e-01
7.188755020080320746e-01 6.431535269709544034e-01
7.188755020080320746e-01 6.473029045643153845e-01
7.188755020080320746e-01 8.589211618257260872e-01
7.228915662650602370e-01 4.315352697095435897e-01
7.228915662650602370e-01 6.141078838174274246e-01
7.228915662650602370e-01 8.589211618257260872e-01
7.269076305220883993e-01 4.315352697095435897e-01
7.269076305220883993e-01 6.141078838174274246e-01
7.269076305220883993e-01 8.589211618257260872e-01
7.309236947791164507e-01 4.315352697095435897e-01
7.309236947791164507e-01 6.141078838174274246e-01
7.309236947791164507e-01 8.589211618257260872e-01
7.349397590361446131e-01 4.315352697095435897e-01
7.349397590361446131e-01 6.141078838174274246e-01
7.349397590361446131e-01 8.630705394190871793e-01
7.389558232931726645e-01 4.315352697095435897e-01
7.389558232931726645e-01 6.141078838174274246e-01
7.389558232931726645e-01 8.630705394190871793e-01
7.429718875502008268e-01 4.273858921161825530e-01
7.429718875502008268e-01 6.141078838174274246e-01
7.429718875502008268e-01 8.630705394190871793e-01
7.469879518072288782e-01 4.273858921161825530e-01
7.469879518072288782e-01 6.141078838174274246e-01
7.469879518072288782e-01 8.630705394190871793e-01
7.510040160642570406e-01 4.273858921161825530e-01
7.510040160642570406e-01 6.182572614107884057e-01
7.510040160642570406e-01 8.630705394190871793e-01
7.550200803212850920e-01 4.232365145228215719e-01
7.550200803212850920e-01 6.182572614107884057e-01
7.550200803212850920e-01 8.589211618257260872e-01
7.590361445783132543e-01 4.232365145228215719e-01
7.590361445783132543e-01 6.182572614107884057e-01
7.590361445783132543e-01 8.589211618257260872e-01
7.630522088353414167e-01 4.232365145228215719e-01
7.630522088353414167e-01 6.182572614107884057e-01
7.630522088353414167e-01 8.589211618257260872e-01
7.670682730923694681e-01 4.190871369294605908e-01
7.670682730923694681e-01 6.182572614107884057e-01
7.670682730923694681e-01 8.630705394190871793e-01
7.710843373493976305e-01 4.190871369294605908e-01
7.710843373493976305e-01 6.182572614107884057e-01
7.710843373493976305e-01 8.630705394190871793e-01
7.751004016064256819e-01 4.190871369294605908e-01
7.751004016064256819e-01 6.224066390041493868e-01
7.751004016064256819e-01 8.630705394190871793e-01
7.791164658634538442e-01 4.190871369294605908e-01
7.791164658634538442e-01 6.224066390041493868e-01
7.791164658634538442e-01 8.630705394190871793e-01
7.831325301204818956e-01 4.190871369294605908e-01
7.831325301204818956e-01 6.224066390041493868e-01
7.831325301204818956e-01 8.630705394190871793e-01
7.871485943775100580e-01 4.190871369294605908e-01
7.871485943775100580e-01 6.224066390041493868e-01
7.871485943775100580e-01 8.630705394190871793e-01
7.911646586345381094e-01 4.190871369294605908e-01
7.911646586345381094e-01 6.224066390041493868e-01
7.911646586345381094e-01 8.630705394190871793e-01
7.951807228915662717e-01 4.190871369294605908e-01
7.951807228915662717e-01 6.224066390041493868e-01
7.951807228915662717e-01 8.630705394190871793e-01
7.991967871485943231e-01 4.190871369294605908e-01
7.991967871485943231e-01 6.224066390041493868e-01
7.991967871485943231e-01 8.630705394190871793e-01
8.032128514056224855e-01 4.190871369294605908e-01
8.032128514056224855e-01 6.224066390041493868e-01
8.032128514056224855e-01 8.630705394190871793e-01
8.072289156626506479e-01 4.232365145228215719e-01
8.072289156626506479e-01 6.224066390041493868e-01
8.072289156626506479e-01 8.630705394190871793e-01
8.112449799196786993e-01 4.232365145228215719e-01
8.112449799196786993e-01 6.224066390041493868e-01
8.112449799196786993e-01 8.630705394190871793e-01
8.152610441767068616e-01 4.232365145228215719e-01
8.152610441767068616e-01 6.224066390041493868e-01
8.152610441767068616e-01 8.630705394190871793e-01
8.192771084337349130e-01 4.232365145228215719e-01
8.192771084337349130e-01 6.224066390041493868e-01
8.192771084337349130e-01 8.630705394190871793e-01
8.232931726907630754e-01 4.232365145228215719e-01
8.232931726907630754e-01 6.224066390041493868e-01
8.232931726907630754e-01 8.672199170124481604e-01
8.273092369477911268e-01 4.232365145228215719e-01
8.273092369477911268e-01 6.224066390041493868e-01
8.273092369477911268e-01 8.672199170124481604e-01
8.313253012048192891e-01 4.190871369294605908e-01
8.313253012048192891e-01 6.224066390041493868e-01
8.313253012048192891e-01 8.672199170124481604e-01
8.353413654618473405e-01 4.190871369294605908e-01
8.353413654618473405e-01 6.224066390041493868e-01
8.353413654618473405e-01 8.630705394190871793e-01
8.393574297188755029e-01 4.190871369294605908e-01
8.393574297188755029e-01 6.224066390041493868e-01
8.393574297188755029e-01 8.630705394190871793e-01
8.433734939759036653e-01 4.149377593360996097e-01
8.433734939759036653e-01 6.224066390041493868e-01
8.433734939759036653e-01 8.630705394190871793e-01
8.473895582329317167e-01 4.149377593360996097e-01
8.473895582329317167e-01 6.224066390041493868e-01
8.473895582329317167e-01 8.630705394190871793e-01
8.514056224899598790e-01 4.149377593360996097e-01
8.514056224899598790e-01 6.224066390041493868e-01
8.514056224899598790e-01 8.630705394190871793e-01
8.554216867469879304e-01 4.190871369294605908e-01
8.554216867469879304e-01 6.224066390041493868e-01
8.554216867469879304e-01 8.630705394190871793e-01
8.594377510040160928e-01 6.224066390041493868e-01
8.594377510040160928e-01 8.630705394190871793e-01
8.634538152610441442e-01 6.265560165975103679e-01
8.634538152610441442e-01 8.630705394190871793e-01
8.674698795180723065e-01 6.224066390041493868e-01
8.674698795180723065e-01 8.672199170124481604e-01
8.714859437751003579e-01 6.224066390041493868e-01
8.714859437751003579e-01 8.672199170124481604e-01
8.755020080321285203e-01 6.224066390041493868e-01
8.755020080321285203e-01 8.672199170124481604e-01
8.795180722891565717e-01 6.224066390041493868e-01
8.795180722891565717e-01 8.672199170124481604e-01
8.835341365461847341e-01 6.224066390041493868e-01
8.835341365461847341e-01 8.672199170124481604e-01
8.875502008032128964e-01 6.224066390041493868e-01
8.875502008032128964e-01 8.672199170124481604e-01
8.915662650602409478e-01 6.224066390041493868e-01
8.915662650602409478e-01 8.672199170124481604e-01
8.955823293172691102e-01 6.224066390041493868e-01
8.955823293172691102e-01 8.672199170124481604e-01
8.995983935742971616e-01 6.224066390041493868e-01
8.995983935742971616e-01 8.672199170124481604e-01
9.036144578313253239e-01 6.224066390041493868e-01
9.036144578313253239e-01 8.672199170124481604e-01
9.076305220883533753e-01 6.224066390041493868e-01
9.076305220883533753e-01 8.672199170124481604e-01
9.116465863453815377e-01 6.224066390041493868e-01
9.116465863453815377e-01 8.672199170124481604e-01
9.156626506024095891e-01 6.224066390041493868e-01
9.156626506024095891e-01 8.672199170124481604e-01
9.196787148594377514e-01 6.224066390041493868e-01
9.196787148594377514e-01 8.672199170124481604e-01
9.236947791164659138e-01 6.224066390041493868e-01
9.236947791164659138e-01 8.672199170124481604e-01
9.277108433734939652e-01 6.224066390041493868e-01
9.277108433734939652e-01 8.672199170124481604e-01
9.317269076305221276e-01 6.224066390041493868e-01
9.317269076305221276e-01 8.672199170124481604e-01
9.357429718875501790e-01 6.224066390041493868e-01
9.357429718875501790e-01 8.672199170124481604e-01
9.397590361445783413e-01 6.224066390041493868e-01
9.397590361445783413e-01 8.630705394190871793e-01
9.437751004016063927e-01 6.265560165975103679e-01
9.437751004016063927e-01 8.630705394190871793e-01
9.477911646586345551e-01 8.630705394190871793e-01
9.518072289156626065e-01 8.630705394190871793e-01
9.558232931726907688e-01 8.630705394190871793e-01
9.598393574297188202e-01 8.630705394190871793e-01
9.638554216867469826e-01 8.630705394190871793e-01
9.678714859437751450e-01 8.630705394190871793e-01
9.718875502008031964e-01 8.630705394190871793e-01
9.759036144578313587e-01 8.630705394190871793e-01
9.799196787148594101e-01 8.630705394190871793e-01
9.839357429718875725e-01 8.630705394190871793e-01
9.879518072289156239e-01 8.630705394190871793e-01
9.919678714859437862e-01 8.630705394190871793e-01
9.959839357429718376e-01 8.630705394190871793e-01
1.000000000000000000e+00 8.630705394190871793e-01
