0.000000000000000000e+00 7.840000000000000302e-01
0.000000000000000000e+00 8.279999999999999583e-01
0.000000000000000000e+00 8.319999999999999618e-01
0.000000000000000000e+00 8.359999999999999654e-01
3.921568627450980338e-03 7.880000000000000338e-01
3.921568627450980338e-03 8.159999999999999476e-01
3.921568627450980338e-03 8.199999999999999512e-01
3.921568627450980338e-03 8.239999999999999547e-01
7.843137254901960675e-03 7.920000000000000373e-01
7.843137254901960675e-03 8.080000000000000515e-01
7.843137254901960675e-03 8.120000000000000551e-01
7.843137254901960675e-03 8.279999999999999583e-01
1.176470588235294101e-02 7.960000000000000409e-01
1.176470588235294101e-02 8.000000000000000444e-01
1.176470588235294101e-02 8.040000000000000480e-01
1.568627450980392135e-02 8.000000000000000444e-01
1.960784313725490169e-02 8.000000000000000444e-01
2.352941176470588203e-02 8.000000000000000444e-01
2.745098039215686236e-02 8.000000000000000444e-01
3.137254901960784270e-02 8.000000000000000444e-01
3.529411764705882304e-02 8.000000000000000444e-01
3.921568627450980338e-02 8.000000000000000444e-01
4.313725490196078372e-02 8.000000000000000444e-01
4.705882352941176405e-02 8.000000000000000444e-01
5.098039215686274439e-02 8.000000000000000444e-01
5.490196078431372473e-02 8.000000000000000444e-01
5.882352941176470507e-02 8.000000000000000444e-01
6.274509803921568540e-02 8.000000000000000444e-01
6.666666666666666574e-02 8.000000000000000444e-01
7.058823529411764608e-02 8.000000000000000444e-01
7.450980392156862642e-02 8.000000000000000444e-01
7.843137254901960675e-02 8.000000000000000444e-01
8.235294117647058709e-02 8.000000000000000444e-01
8.627450980392156743e-02 8.000000000000000444e-01
9.019607843137254777e-02 8.000000000000000444e-01
9.411764705882352811e-02 8.000000000000000444e-01
9.803921568627450844e-02 8.000000000000000444e-01
1.019607843137254888e-01 8.000000000000000444e-01
1.058823529411764691e-01 8.000000000000000444e-01
1.098039215686274495e-01 8.040000000000000480e-01
1.137254901960784298e-01 8.040000000000000480e-01
1.176470588235294101e-01 8.040000000000000480e-01
1.215686274509803905e-01 8.040000000000000480e-01
1.254901960784313708e-01 8.040000000000000480e-01
1.294117647058823650e-01 8.040000000000000480e-01
1.333333333333333315e-01 8.040000000000000480e-01
1.372549019607843257e-01 8.040000000000000480e-01
1.411764705882352922e-01 8.040000000000000480e-01
1.450980392156862864e-01 8.040000000000000480e-01
1.490196078431372528e-01 8.040000000000000480e-01
1.529411764705882470e-01 8.040000000000000480e-01
1.568627450980392135e-01 8.040000000000000480e-01
1.607843137254902077e-01 8.040000000000000480e-01
1.647058823529411742e-01 8.040000000000000480e-01
1.686274509803921684e-01 8.080000000000000515e-01
1.725490196078431349e-01 8.080000000000000515e-01
1.764705882352941291e-01 8.080000000000000515e-01
1.803921568627450955e-01 8.080000000000000515e-01
1.843137254901960898e-01 8.080000000000000515e-01
1.882352941176470562e-01 8.080000000000000515e-01
1.921568627450980504e-01 8.040000000000000480e-01
1.960784313725490169e-01 8.040000000000000480e-01
2.000000000000000111e-01 8.040000000000000480e-01
2.039215686274509776e-01 8.040000000000000480e-01
2.078431372549019718e-01 8.040000000000000480e-01
2.117647058823529382e-01 8.040000000000000480e-01
2.156862745098039325e-01 8.040000000000000480e-01
2.196078431372548989e-01 8.040000000000000480e-01
2.235294117647058931e-01 8.040000000000000480e-01
2.274509803921568596e-01 8.040000000000000480e-01
2.313725490196078538e-01 8.040000000000000480e-01
2.352941176470588203e-01 8.040000000000000480e-01
2.392156862745098145e-01 8.040000000000000480e-01
2.431372549019607809e-01 8.040000000000000480e-01
2.470588235294117752e-01 4.040000000000000258e-01
2.470588235294117752e-01 8.040000000000000480e-01
2.509803921568627416e-01 4.079999999999999738e-01
2.509803921568627416e-01 8.040000000000000480e-01
2.549019607843137081e-01 4.119999999999999774e-01
2.549019607843137081e-01 4.159999999999999809e-01
2.549019607843137081e-01 8.040000000000000480e-01
2.588235294117647300e-01 2.359999999999999876e-01
2.588235294117647300e-01 4.199999999999999845e-01
2.588235294117647300e-01 8.040000000000000480e-01
2.627450980392156965e-01 2.359999999999999876e-01
2.627450980392156965e-01 4.239999999999999880e-01
2.627450980392156965e-01 8.040000000000000480e-01
2.666666666666666630e-01 2.399999999999999911e-01
2.666666666666666630e-01 4.279999999999999916e-01
2.666666666666666630e-01 8.040000000000000480e-01
2.705882352941176294e-01 2.439999999999999947e-01
2.705882352941176294e-01 4.319999999999999951e-01
2.705882352941176294e-01 4.359999999999999987e-01
2.705882352941176294e-01 8.040000000000000480e-01
2.745098039215686514e-01 2.479999999999999982e-01
2.745098039215686514e-01 4.400000000000000022e-01
2.745098039215686514e-01 8.040000000000000480e-01
2.784313725490196179e-01 2.520000000000000018e-01
2.784313725490196179e-01 4.440000000000000058e-01
2.784313725490196179e-01 8.040000000000000480e-01
2.823529411764705843e-01 2.560000000000000053e-01
2.823529411764705843e-01 4.480000000000000093e-01
2.823529411764705843e-01 8.040000000000000480e-01
2.862745098039215508e-01 2.600000000000000089e-01
2.862745098039215508e-01 4.520000000000000129e-01
2.862745098039215508e-01 7.479999999999999982e-01
2.862745098039215508e-01 8.040000000000000480e-01
2.901960784313725727e-01 2.640000000000000124e-01
2.901960784313725727e-01 4.560000000000000164e-01
2.901960784313725727e-01 7.520000000000000018e-01
2.901960784313725727e-01 8.040000000000000480e-01
2.941176470588235392e-01 2.680000000000000160e-01
2.941176470588235392e-01 4.600000000000000200e-01
2.941176470588235392e-01 7.560000000000000053e-01
2.941176470588235392e-01 7.600000000000000089e-01
2.941176470588235392e-01 7.640000000000000124e-01
2.941176470588235392e-01 8.040000000000000480e-01
2.980392156862745057e-01 2.680000000000000160e-01
2.980392156862745057e-01 4.640000000000000235e-01
2.980392156862745057e-01 4.680000000000000271e-01
2.980392156862745057e-01 7.680000000000000160e-01
2.980392156862745057e-01 7.720000000000000195e-01
2.980392156862745057e-01 7.760000000000000231e-01
2.980392156862745057e-01 8.040000000000000480e-01
3.019607843137254721e-01 2.720000000000000195e-01
3.019607843137254721e-01 4.719999999999999751e-01
3.019607843137254721e-01 7.800000000000000266e-01
3.019607843137254721e-01 7.840000000000000302e-01
3.019607843137254721e-01 7.880000000000000338e-01
3.019607843137254721e-01 8.040000000000000480e-01
3.058823529411764941e-01 2.760000000000000231e-01
3.058823529411764941e-01 4.759999999999999787e-01
3.058823529411764941e-01 7.920000000000000373e-01
3.058823529411764941e-01 7.960000000000000409e-01
3.058823529411764941e-01 8.000000000000000444e-01
3.058823529411764941e-01 8.040000000000000480e-01
3.098039215686274606e-01 2.800000000000000266e-01
3.098039215686274606e-01 4.799999999999999822e-01
3.098039215686274606e-01 8.040000000000000480e-01
3.137254901960784270e-01 2.800000000000000266e-01
3.137254901960784270e-01 4.839999999999999858e-01
3.137254901960784270e-01 8.040000000000000480e-01
3.176470588235293935e-01 2.839999999999999747e-01
3.176470588235293935e-01 4.879999999999999893e-01
3.176470588235293935e-01 8.080000000000000515e-01
3.215686274509804154e-01 2.879999999999999782e-01
3.215686274509804154e-01 4.919999999999999929e-01
3.215686274509804154e-01 8.080000000000000515e-01
3.254901960784313819e-01 2.879999999999999782e-01
3.254901960784313819e-01 4.959999999999999964e-01
3.254901960784313819e-01 8.080000000000000515e-01
3.294117647058823484e-01 2.919999999999999818e-01
3.294117647058823484e-01 5.000000000000000000e-01
3.294117647058823484e-01 8.080000000000000515e-01
3.333333333333333148e-01 2.959999999999999853e-01
3.333333333333333148e-01 5.040000000000000036e-01
3.333333333333333148e-01 5.480000000000000426e-01
3.333333333333333148e-01 8.080000000000000515e-01
3.372549019607843368e-01 2.999999999999999889e-01
3.372549019607843368e-01 5.080000000000000071e-01
3.372549019607843368e-01 5.480000000000000426e-01
3.372549019607843368e-01 8.080000000000000515e-01
3.411764705882353033e-01 2.999999999999999889e-01
3.411764705882353033e-01 5.120000000000000107e-01
3.411764705882353033e-01 5.480000000000000426e-01
3.411764705882353033e-01 8.080000000000000515e-01
3.411764705882353033e-01 8.760000000000000009e-01
3.450980392156862697e-01 3.039999999999999925e-01
3.450980392156862697e-01 5.120000000000000107e-01
3.450980392156862697e-01 5.520000000000000462e-01
3.450980392156862697e-01 8.080000000000000515e-01
3.450980392156862697e-01 8.639999999999999902e-01
3.450980392156862697e-01 8.679999999999999938e-01
3.450980392156862697e-01 8.719999999999999973e-01
3.490196078431372362e-01 3.079999999999999960e-01
3.490196078431372362e-01 5.160000000000000142e-01
3.490196078431372362e-01 5.520000000000000462e-01
3.490196078431372362e-01 8.080000000000000515e-01
3.490196078431372362e-01 8.559999999999999831e-01
3.490196078431372362e-01 8.599999999999999867e-01
3.529411764705882582e-01 3.119999999999999996e-01
3.529411764705882582e-01 5.200000000000000178e-01
3.529411764705882582e-01 5.520000000000000462e-01
3.529411764705882582e-01 8.080000000000000515e-01
3.529411764705882582e-01 8.519999999999999796e-01
3.568627450980392246e-01 3.160000000000000031e-01
3.568627450980392246e-01 5.240000000000000213e-01
3.568627450980392246e-01 5.520000000000000462e-01
3.568627450980392246e-01 8.080000000000000515e-01
3.568627450980392246e-01 8.479999999999999760e-01
3.607843137254901911e-01 3.200000000000000067e-01
3.607843137254901911e-01 5.240000000000000213e-01
3.607843137254901911e-01 5.520000000000000462e-01
3.607843137254901911e-01 8.080000000000000515e-01
3.607843137254901911e-01 8.479999999999999760e-01
3.647058823529411575e-01 3.200000000000000067e-01
3.647058823529411575e-01 5.240000000000000213e-01
3.647058823529411575e-01 5.520000000000000462e-01
3.647058823529411575e-01 8.080000000000000515e-01
3.647058823529411575e-01 8.439999999999999725e-01
3.686274509803921795e-01 3.240000000000000102e-01
3.686274509803921795e-01 5.280000000000000249e-01
3.686274509803921795e-01 5.520000000000000462e-01
3.686274509803921795e-01 8.080000000000000515e-01
3.686274509803921795e-01 8.439999999999999725e-01
3.725490196078431460e-01 3.280000000000000138e-01
3.725490196078431460e-01 5.320000000000000284e-01
3.725490196078431460e-01 5.360000000000000320e-01
3.725490196078431460e-01 5.520000000000000462e-01
3.725490196078431460e-01 8.080000000000000515e-01
3.725490196078431460e-01 8.399999999999999689e-01
3.764705882352941124e-01 3.320000000000000173e-01
3.764705882352941124e-01 5.400000000000000355e-01
3.764705882352941124e-01 5.440000000000000391e-01
3.764705882352941124e-01 5.480000000000000426e-01
3.764705882352941124e-01 5.520000000000000462e-01
3.764705882352941124e-01 8.080000000000000515e-01
3.764705882352941124e-01 8.359999999999999654e-01
3.803921568627450789e-01 3.360000000000000209e-01
3.803921568627450789e-01 5.560000000000000497e-01
3.803921568627450789e-01 8.120000000000000551e-01
3.803921568627450789e-01 8.199999999999999512e-01
3.803921568627450789e-01 8.239999999999999547e-01
3.803921568627450789e-01 8.279999999999999583e-01
3.803921568627450789e-01 8.319999999999999618e-01
3.843137254901961009e-01 3.400000000000000244e-01
3.843137254901961009e-01 5.560000000000000497e-01
3.843137254901961009e-01 8.159999999999999476e-01
3.882352941176470673e-01 3.400000000000000244e-01
3.882352941176470673e-01 5.560000000000000497e-01
3.882352941176470673e-01 8.120000000000000551e-01
3.921568627450980338e-01 3.439999999999999725e-01
3.921568627450980338e-01 5.600000000000000533e-01
3.921568627450980338e-01 8.120000000000000551e-01
3.960784313725490002e-01 3.439999999999999725e-01
3.960784313725490002e-01 5.600000000000000533e-01
3.960784313725490002e-01 8.080000000000000515e-01
4.000000000000000222e-01 3.479999999999999760e-01
4.000000000000000222e-01 5.600000000000000533e-01
4.000000000000000222e-01 8.080000000000000515e-01
4.039215686274509887e-01 3.479999999999999760e-01
4.039215686274509887e-01 4.199999999999999845e-01
4.039215686274509887e-01 5.639999999999999458e-01
4.039215686274509887e-01 8.080000000000000515e-01
4.078431372549019551e-01 3.479999999999999760e-01
4.078431372549019551e-01 4.159999999999999809e-01
4.078431372549019551e-01 4.239999999999999880e-01
4.078431372549019551e-01 5.639999999999999458e-01
4.078431372549019551e-01 8.080000000000000515e-01
4.117647058823529216e-01 3.519999999999999796e-01
4.117647058823529216e-01 4.159999999999999809e-01
4.117647058823529216e-01 4.199999999999999845e-01
4.117647058823529216e-01 5.639999999999999458e-01
4.117647058823529216e-01 8.080000000000000515e-01
4.156862745098039436e-01 3.519999999999999796e-01
4.156862745098039436e-01 4.159999999999999809e-01
4.156862745098039436e-01 5.639999999999999458e-01
4.156862745098039436e-01 8.080000000000000515e-01
4.196078431372549100e-01 3.559999999999999831e-01
4.196078431372549100e-01 4.159999999999999809e-01
4.196078431372549100e-01 5.679999999999999494e-01
4.196078431372549100e-01 8.080000000000000515e-01
4.235294117647058765e-01 3.599999999999999867e-01
4.235294117647058765e-01 4.159999999999999809e-01
4.235294117647058765e-01 5.719999999999999529e-01
4.235294117647058765e-01 8.080000000000000515e-01
4.274509803921568429e-01 3.599999999999999867e-01
4.274509803921568429e-01 4.119999999999999774e-01
4.274509803921568429e-01 5.719999999999999529e-01
4.274509803921568429e-01 8.080000000000000515e-01
4.313725490196078649e-01 3.639999999999999902e-01
4.313725490196078649e-01 3.679999999999999938e-01
4.313725490196078649e-01 4.119999999999999774e-01
4.313725490196078649e-01 5.759999999999999565e-01
4.313725490196078649e-01 8.080000000000000515e-01
4.352941176470588314e-01 3.719999999999999973e-01
4.352941176470588314e-01 3.760000000000000009e-01
4.352941176470588314e-01 3.800000000000000044e-01
4.352941176470588314e-01 4.079999999999999738e-01
4.352941176470588314e-01 5.759999999999999565e-01
4.352941176470588314e-01 8.080000000000000515e-01
4.392156862745097978e-01 3.840000000000000080e-01
4.392156862745097978e-01 3.880000000000000115e-01
4.392156862745097978e-01 3.920000000000000151e-01
4.392156862745097978e-01 3.960000000000000187e-01
4.392156862745097978e-01 4.079999999999999738e-01
4.392156862745097978e-01 5.759999999999999565e-01
4.392156862745097978e-01 8.080000000000000515e-01
4.431372549019607643e-01 4.000000000000000222e-01
4.431372549019607643e-01 4.040000000000000258e-01
4.431372549019607643e-01 5.799999999999999600e-01
4.431372549019607643e-01 8.080000000000000515e-01
4.470588235294117863e-01 4.079999999999999738e-01
4.470588235294117863e-01 5.400000000000000355e-01
4.470588235294117863e-01 5.799999999999999600e-01
4.470588235294117863e-01 6.320000000000000062e-01
4.470588235294117863e-01 8.120000000000000551e-01
4.509803921568627527e-01 4.079999999999999738e-01
4.509803921568627527e-01 5.440000000000000391e-01
4.509803921568627527e-01 5.480000000000000426e-01
4.509803921568627527e-01 5.799999999999999600e-01
4.509803921568627527e-01 6.320000000000000062e-01
4.509803921568627527e-01 7.279999999999999805e-01
4.509803921568627527e-01 7.399999999999999911e-01
4.509803921568627527e-01 7.439999999999999947e-01
4.509803921568627527e-01 7.479999999999999982e-01
4.509803921568627527e-01 7.520000000000000018e-01
4.509803921568627527e-01 7.560000000000000053e-01
4.509803921568627527e-01 7.600000000000000089e-01
4.509803921568627527e-01 8.120000000000000551e-01
4.549019607843137192e-01 4.079999999999999738e-01
4.549019607843137192e-01 5.520000000000000462e-01
4.549019607843137192e-01 5.560000000000000497e-01
4.549019607843137192e-01 5.600000000000000533e-01
4.549019607843137192e-01 5.759999999999999565e-01
4.549019607843137192e-01 6.320000000000000062e-01
4.549019607843137192e-01 7.319999999999999840e-01
4.549019607843137192e-01 7.359999999999999876e-01
4.549019607843137192e-01 7.640000000000000124e-01
4.549019607843137192e-01 7.680000000000000160e-01
4.549019607843137192e-01 7.720000000000000195e-01
4.549019607843137192e-01 8.120000000000000551e-01
4.588235294117646856e-01 4.079999999999999738e-01
4.588235294117646856e-01 5.639999999999999458e-01
4.588235294117646856e-01 5.679999999999999494e-01
4.588235294117646856e-01 5.719999999999999529e-01
4.588235294117646856e-01 5.759999999999999565e-01
4.588235294117646856e-01 6.320000000000000062e-01
4.588235294117646856e-01 7.760000000000000231e-01
4.588235294117646856e-01 7.800000000000000266e-01
4.588235294117646856e-01 8.080000000000000515e-01
4.627450980392157076e-01 4.079999999999999738e-01
4.627450980392157076e-01 5.639999999999999458e-01
4.627450980392157076e-01 5.799999999999999600e-01
4.627450980392157076e-01 5.839999999999999636e-01
4.627450980392157076e-01 6.280000000000000027e-01
4.627450980392157076e-01 7.840000000000000302e-01
4.627450980392157076e-01 7.880000000000000338e-01
4.627450980392157076e-01 7.920000000000000373e-01
4.627450980392157076e-01 8.080000000000000515e-01
4.666666666666666741e-01 4.079999999999999738e-01
4.666666666666666741e-01 5.639999999999999458e-01
4.666666666666666741e-01 5.879999999999999671e-01
4.666666666666666741e-01 5.919999999999999707e-01
4.666666666666666741e-01 6.280000000000000027e-01
4.666666666666666741e-01 7.960000000000000409e-01
4.666666666666666741e-01 8.040000000000000480e-01
4.705882352941176405e-01 4.079999999999999738e-01
4.705882352941176405e-01 5.600000000000000533e-01
4.705882352941176405e-01 5.639999999999999458e-01
4.705882352941176405e-01 5.879999999999999671e-01
4.705882352941176405e-01 5.959999999999999742e-01
4.705882352941176405e-01 5.999999999999999778e-01
4.705882352941176405e-01 6.039999999999999813e-01
4.705882352941176405e-01 6.079999999999999849e-01
4.705882352941176405e-01 6.119999999999999885e-01
4.705882352941176405e-01 6.159999999999999920e-01
4.705882352941176405e-01 6.280000000000000027e-01
4.705882352941176405e-01 8.000000000000000444e-01
4.745098039215686070e-01 4.079999999999999738e-01
4.745098039215686070e-01 5.600000000000000533e-01
4.745098039215686070e-01 5.679999999999999494e-01
4.745098039215686070e-01 5.879999999999999671e-01
4.745098039215686070e-01 6.199999999999999956e-01
4.745098039215686070e-01 6.239999999999999991e-01
4.745098039215686070e-01 8.000000000000000444e-01
4.784313725490196290e-01 4.079999999999999738e-01
4.784313725490196290e-01 5.600000000000000533e-01
4.784313725490196290e-01 5.639999999999999458e-01
4.784313725490196290e-01 5.879999999999999671e-01
4.784313725490196290e-01 6.239999999999999991e-01
4.784313725490196290e-01 8.000000000000000444e-01
4.823529411764705954e-01 4.079999999999999738e-01
4.823529411764705954e-01 5.600000000000000533e-01
4.823529411764705954e-01 5.879999999999999671e-01
4.823529411764705954e-01 6.239999999999999991e-01
4.823529411764705954e-01 8.000000000000000444e-01
4.823529411764705954e-01 9.959999999999999964e-01
4.862745098039215619e-01 1.719999999999999862e-01
4.862745098039215619e-01 1.759999999999999898e-01
4.862745098039215619e-01 1.799999999999999933e-01
4.862745098039215619e-01 1.839999999999999969e-01
4.862745098039215619e-01 1.880000000000000004e-01
4.862745098039215619e-01 1.920000000000000040e-01
4.862745098039215619e-01 1.960000000000000075e-01
4.862745098039215619e-01 2.000000000000000111e-01
4.862745098039215619e-01 2.039999999999999869e-01
4.862745098039215619e-01 2.079999999999999905e-01
4.862745098039215619e-01 2.119999999999999940e-01
4.862745098039215619e-01 2.159999999999999976e-01
4.862745098039215619e-01 2.200000000000000011e-01
4.862745098039215619e-01 2.240000000000000047e-01
4.862745098039215619e-01 3.039999999999999925e-01
4.862745098039215619e-01 3.079999999999999960e-01
4.862745098039215619e-01 3.119999999999999996e-01
4.862745098039215619e-01 3.160000000000000031e-01
4.862745098039215619e-01 4.079999999999999738e-01
4.862745098039215619e-01 5.600000000000000533e-01
4.862745098039215619e-01 5.879999999999999671e-01
4.862745098039215619e-01 6.239999999999999991e-01
4.862745098039215619e-01 7.960000000000000409e-01
4.862745098039215619e-01 8.000000000000000444e-01
4.862745098039215619e-01 8.040000000000000480e-01
4.862745098039215619e-01 8.080000000000000515e-01
4.862745098039215619e-01 8.199999999999999512e-01
4.862745098039215619e-01 8.239999999999999547e-01
4.862745098039215619e-01 8.279999999999999583e-01
4.862745098039215619e-01 9.919999999999999929e-01
4.901960784313725283e-01 1.479999999999999927e-01
4.901960784313725283e-01 1.519999999999999962e-01
4.901960784313725283e-01 1.559999999999999998e-01
4.901960784313725283e-01 1.600000000000000033e-01
4.901960784313725283e-01 1.640000000000000069e-01
4.901960784313725283e-01 1.680000000000000104e-01
4.901960784313725283e-01 2.280000000000000082e-01
4.901960784313725283e-01 2.320000000000000118e-01
4.901960784313725283e-01 2.479999999999999982e-01
4.901960784313725283e-01 2.520000000000000018e-01
4.901960784313725283e-01 2.560000000000000053e-01
4.901960784313725283e-01 2.600000000000000089e-01
4.901960784313725283e-01 2.640000000000000124e-01
4.901960784313725283e-01 2.680000000000000160e-01
4.901960784313725283e-01 2.720000000000000195e-01
4.901960784313725283e-01 2.760000000000000231e-01
4.901960784313725283e-01 2.800000000000000266e-01
4.901960784313725283e-01 2.839999999999999747e-01
4.901960784313725283e-01 2.879999999999999782e-01
4.901960784313725283e-01 2.919999999999999818e-01
4.901960784313725283e-01 2.959999999999999853e-01
4.901960784313725283e-01 2.999999999999999889e-01
4.901960784313725283e-01 3.200000000000000067e-01
4.901960784313725283e-01 3.240000000000000102e-01
4.901960784313725283e-01 3.280000000000000138e-01
4.901960784313725283e-01 3.320000000000000173e-01
4.901960784313725283e-01 3.360000000000000209e-01
4.901960784313725283e-01 3.400000000000000244e-01
4.901960784313725283e-01 3.439999999999999725e-01
4.901960784313725283e-01 3.479999999999999760e-01
4.901960784313725283e-01 3.519999999999999796e-01
4.901960784313725283e-01 3.559999999999999831e-01
4.901960784313725283e-01 3.599999999999999867e-01
4.901960784313725283e-01 4.079999999999999738e-01
4.901960784313725283e-01 5.600000000000000533e-01
4.901960784313725283e-01 5.839999999999999636e-01
4.901960784313725283e-01 6.239999999999999991e-01
4.901960784313725283e-01 7.920000000000000373e-01
4.901960784313725283e-01 8.120000000000000551e-01
4.901960784313725283e-01 8.159999999999999476e-01
4.901960784313725283e-01 8.319999999999999618e-01
4.901960784313725283e-01 8.359999999999999654e-01
4.901960784313725283e-01 8.399999999999999689e-01
4.901960784313725283e-01 8.439999999999999725e-01
4.901960784313725283e-01 9.919999999999999929e-01
4.941176470588235503e-01 1.239999999999999991e-01
4.941176470588235503e-01 1.280000000000000027e-01
4.941176470588235503e-01 1.320000000000000062e-01
4.941176470588235503e-01 1.360000000000000098e-01
4.941176470588235503e-01 1.400000000000000133e-01
4.941176470588235503e-01 1.439999999999999891e-01
4.941176470588235503e-01 2.359999999999999876e-01
4.941176470588235503e-01 2.399999999999999911e-01
4.941176470588235503e-01 2.439999999999999947e-01
4.941176470588235503e-01 3.639999999999999902e-01
4.941176470588235503e-01 3.679999999999999938e-01
4.941176470588235503e-01 3.719999999999999973e-01
4.941176470588235503e-01 3.760000000000000009e-01
4.941176470588235503e-01 3.800000000000000044e-01
4.941176470588235503e-01 3.840000000000000080e-01
4.941176470588235503e-01 3.880000000000000115e-01
4.941176470588235503e-01 3.920000000000000151e-01
4.941176470588235503e-01 3.960000000000000187e-01
4.941176470588235503e-01 4.000000000000000222e-01
4.941176470588235503e-01 4.040000000000000258e-01
4.941176470588235503e-01 4.079999999999999738e-01
4.941176470588235503e-01 5.120000000000000107e-01
4.941176470588235503e-01 5.160000000000000142e-01
4.941176470588235503e-01 5.200000000000000178e-01
4.941176470588235503e-01 5.240000000000000213e-01
4.941176470588235503e-01 5.280000000000000249e-01
4.941176470588235503e-01 5.320000000000000284e-01
4.941176470588235503e-01 5.360000000000000320e-01
4.941176470588235503e-01 5.400000000000000355e-01
4.941176470588235503e-01 5.440000000000000391e-01
4.941176470588235503e-01 5.480000000000000426e-01
4.941176470588235503e-01 5.520000000000000462e-01
4.941176470588235503e-01 5.560000000000000497e-01
4.941176470588235503e-01 5.600000000000000533e-01
4.941176470588235503e-01 5.639999999999999458e-01
4.941176470588235503e-01 5.679999999999999494e-01
4.941176470588235503e-01 5.719999999999999529e-01
4.941176470588235503e-01 5.759999999999999565e-01
4.941176470588235503e-01 5.799999999999999600e-01
4.941176470588235503e-01 5.839999999999999636e-01
4.941176470588235503e-01 6.159999999999999920e-01
4.941176470588235503e-01 6.199999999999999956e-01
4.941176470588235503e-01 6.239999999999999991e-01
4.941176470588235503e-01 6.280000000000000027e-01
4.941176470588235503e-01 7.079999999999999627e-01
4.941176470588235503e-01 7.119999999999999662e-01
4.941176470588235503e-01 7.159999999999999698e-01
4.941176470588235503e-01 7.199999999999999734e-01
4.941176470588235503e-01 7.239999999999999769e-01
4.941176470588235503e-01 7.279999999999999805e-01
4.941176470588235503e-01 7.319999999999999840e-01
4.941176470588235503e-01 7.359999999999999876e-01
4.941176470588235503e-01 7.399999999999999911e-01
4.941176470588235503e-01 7.439999999999999947e-01
4.941176470588235503e-01 7.479999999999999982e-01
4.941176470588235503e-01 7.520000000000000018e-01
4.941176470588235503e-01 7.560000000000000053e-01
4.941176470588235503e-01 7.600000000000000089e-01
4.941176470588235503e-01 7.640000000000000124e-01
4.941176470588235503e-01 7.680000000000000160e-01
4.941176470588235503e-01 7.720000000000000195e-01
4.941176470588235503e-01 7.760000000000000231e-01
4.941176470588235503e-01 7.800000000000000266e-01
4.941176470588235503e-01 7.840000000000000302e-01
4.941176470588235503e-01 7.880000000000000338e-01
4.941176470588235503e-01 8.159999999999999476e-01
4.941176470588235503e-01 8.479999999999999760e-01
4.941176470588235503e-01 8.519999999999999796e-01
4.941176470588235503e-01 8.559999999999999831e-01
4.941176470588235503e-01 8.599999999999999867e-01
4.941176470588235503e-01 8.639999999999999902e-01
4.941176470588235503e-01 8.679999999999999938e-01
4.941176470588235503e-01 8.719999999999999973e-01
4.941176470588235503e-01 8.760000000000000009e-01
4.941176470588235503e-01 8.800000000000000044e-01
4.941176470588235503e-01 8.840000000000000080e-01
4.941176470588235503e-01 8.880000000000000115e-01
4.941176470588235503e-01 8.920000000000000151e-01
4.941176470588235503e-01 8.960000000000000187e-01
4.941176470588235503e-01 9.000000000000000222e-01
4.941176470588235503e-01 9.040000000000000258e-01
4.941176470588235503e-01 9.080000000000000293e-01
4.941176470588235503e-01 9.120000000000000329e-01
4.941176470588235503e-01 9.160000000000000364e-01
4.941176470588235503e-01 9.200000000000000400e-01
4.941176470588235503e-01 9.240000000000000435e-01
4.941176470588235503e-01 9.280000000000000471e-01
4.941176470588235503e-01 9.320000000000000506e-01
4.941176470588235503e-01 9.360000000000000542e-01
4.941176470588235503e-01 9.399999999999999467e-01
4.941176470588235503e-01 9.439999999999999503e-01
4.941176470588235503e-01 9.479999999999999538e-01
4.941176470588235503e-01 9.519999999999999574e-01
4.941176470588235503e-01 9.559999999999999609e-01
4.941176470588235503e-01 9.599999999999999645e-01
4.941176470588235503e-01 9.639999999999999680e-01
4.941176470588235503e-01 9.679999999999999716e-01
4.941176470588235503e-01 9.719999999999999751e-01
4.941176470588235503e-01 9.759999999999999787e-01
4.941176470588235503e-01 9.799999999999999822e-01
4.941176470588235503e-01 9.839999999999999858e-01
4.941176470588235503e-01 9.879999999999999893e-01
4.980392156862745168e-01 8.799999999999999489e-02
4.980392156862745168e-01 9.199999999999999845e-02
4.980392156862745168e-01 9.600000000000000200e-02
4.980392156862745168e-01 1.000000000000000056e-01
4.980392156862745168e-01 1.039999999999999952e-01
4.980392156862745168e-01 1.079999999999999988e-01
4.980392156862745168e-01 1.120000000000000023e-01
4.980392156862745168e-01 1.160000000000000059e-01
4.980392156862745168e-01 1.199999999999999956e-01
4.980392156862745168e-01 2.359999999999999876e-01
4.980392156862745168e-01 4.119999999999999774e-01
4.980392156862745168e-01 4.359999999999999987e-01
4.980392156862745168e-01 4.400000000000000022e-01
4.980392156862745168e-01 4.440000000000000058e-01
4.980392156862745168e-01 4.480000000000000093e-01
4.980392156862745168e-01 4.520000000000000129e-01
4.980392156862745168e-01 4.560000000000000164e-01
4.980392156862745168e-01 4.600000000000000200e-01
4.980392156862745168e-01 4.640000000000000235e-01
4.980392156862745168e-01 4.680000000000000271e-01
4.980392156862745168e-01 4.719999999999999751e-01
4.980392156862745168e-01 4.759999999999999787e-01
4.980392156862745168e-01 4.799999999999999822e-01
4.980392156862745168e-01 4.839999999999999858e-01
4.980392156862745168e-01 4.879999999999999893e-01
4.980392156862745168e-01 4.919999999999999929e-01
4.980392156862745168e-01 4.959999999999999964e-01
4.980392156862745168e-01 5.000000000000000000e-01
4.980392156862745168e-01 5.040000000000000036e-01
4.980392156862745168e-01 5.080000000000000071e-01
4.980392156862745168e-01 5.879999999999999671e-01
4.980392156862745168e-01 5.919999999999999707e-01
4.980392156862745168e-01 5.959999999999999742e-01
4.980392156862745168e-01 5.999999999999999778e-01
4.980392156862745168e-01 6.039999999999999813e-01
4.980392156862745168e-01 6.079999999999999849e-01
4.980392156862745168e-01 6.119999999999999885e-01
4.980392156862745168e-01 6.239999999999999991e-01
4.980392156862745168e-01 6.320000000000000062e-01
4.980392156862745168e-01 6.360000000000000098e-01
4.980392156862745168e-01 6.400000000000000133e-01
4.980392156862745168e-01 6.440000000000000169e-01
4.980392156862745168e-01 6.480000000000000204e-01
4.980392156862745168e-01 6.520000000000000240e-01
4.980392156862745168e-01 6.560000000000000275e-01
4.980392156862745168e-01 6.600000000000000311e-01
4.980392156862745168e-01 6.640000000000000346e-01
4.980392156862745168e-01 6.680000000000000382e-01
4.980392156862745168e-01 6.720000000000000417e-01
4.980392156862745168e-01 6.760000000000000453e-01
4.980392156862745168e-01 6.800000000000000488e-01
4.980392156862745168e-01 6.840000000000000524e-01
4.980392156862745168e-01 6.879999999999999449e-01
4.980392156862745168e-01 6.919999999999999485e-01
4.980392156862745168e-01 6.959999999999999520e-01
4.980392156862745168e-01 6.999999999999999556e-01
4.980392156862745168e-01 7.039999999999999591e-01
4.980392156862745168e-01 8.159999999999999476e-01
4.980392156862745168e-01 9.919999999999999929e-01
5.019607843137254832e-01 7.199999999999999456e-02
5.019607843137254832e-01 7.599999999999999811e-02
5.019607843137254832e-01 8.000000000000000167e-02
5.019607843137254832e-01 8.400000000000000522e-02
5.019607843137254832e-01 2.359999999999999876e-01
5.019607843137254832e-01 4.119999999999999774e-01
5.019607843137254832e-01 4.319999999999999951e-01
5.019607843137254832e-01 6.239999999999999991e-01
5.019607843137254832e-01 8.120000000000000551e-01
5.019607843137254832e-01 9.959999999999999964e-01
5.058823529411764497e-01 5.199999999999999761e-02
5.058823529411764497e-01 5.600000000000000117e-02
5.058823529411764497e-01 5.999999999999999778e-02
5.058823529411764497e-01 6.400000000000000133e-02
5.058823529411764497e-01 6.800000000000000488e-02
5.058823529411764497e-01 2.359999999999999876e-01
5.058823529411764497e-01 4.119999999999999774e-01
5.058823529411764497e-01 4.279999999999999916e-01
5.058823529411764497e-01 6.239999999999999991e-01
5.058823529411764497e-01 8.120000000000000551e-01
5.058823529411764497e-01 9.959999999999999964e-01
5.098039215686274161e-01 4.399999999999999745e-02
5.098039215686274161e-01 4.800000000000000100e-02
5.098039215686274161e-01 2.359999999999999876e-01
5.098039215686274161e-01 4.159999999999999809e-01
5.098039215686274161e-01 4.199999999999999845e-01
5.098039215686274161e-01 4.239999999999999880e-01
5.098039215686274161e-01 6.239999999999999991e-01
5.098039215686274161e-01 8.120000000000000551e-01
5.098039215686274161e-01 1.000000000000000000e+00
5.137254901960783826e-01 4.000000000000000083e-03
5.137254901960783826e-01 8.000000000000000167e-03
5.137254901960783826e-01 2.000000000000000042e-02
5.137254901960783826e-01 2.400000000000000050e-02
5.137254901960783826e-01 2.800000000000000058e-02
5.137254901960783826e-01 3.200000000000000067e-02
5.137254901960783826e-01 3.599999999999999728e-02
5.137254901960783826e-01 4.000000000000000083e-02
5.137254901960783826e-01 2.359999999999999876e-01
5.137254901960783826e-01 4.119999999999999774e-01
5.137254901960783826e-01 4.239999999999999880e-01
5.137254901960783826e-01 6.239999999999999991e-01
5.137254901960783826e-01 8.120000000000000551e-01
5.176470588235294601e-01 0.000000000000000000e+00
5.176470588235294601e-01 1.200000000000000025e-02
5.176470588235294601e-01 1.600000000000000033e-02
5.176470588235294601e-01 2.359999999999999876e-01
5.176470588235294601e-01 4.079999999999999738e-01
5.176470588235294601e-01 4.279999999999999916e-01
5.176470588235294601e-01 6.280000000000000027e-01
5.176470588235294601e-01 8.120000000000000551e-01
5.215686274509804266e-01 2.359999999999999876e-01
5.215686274509804266e-01 4.040000000000000258e-01
5.215686274509804266e-01 4.279999999999999916e-01
5.215686274509804266e-01 6.280000000000000027e-01
5.215686274509804266e-01 8.120000000000000551e-01
5.254901960784313930e-01 2.320000000000000118e-01
5.254901960784313930e-01 3.960000000000000187e-01
5.254901960784313930e-01 4.000000000000000222e-01
5.254901960784313930e-01 4.279999999999999916e-01
5.254901960784313930e-01 6.280000000000000027e-01
5.254901960784313930e-01 8.080000000000000515e-01
5.254901960784313930e-01 8.120000000000000551e-01
5.294117647058823595e-01 2.320000000000000118e-01
5.294117647058823595e-01 3.920000000000000151e-01
5.294117647058823595e-01 4.319999999999999951e-01
5.294117647058823595e-01 6.320000000000000062e-01
5.294117647058823595e-01 7.920000000000000373e-01
5.294117647058823595e-01 7.960000000000000409e-01
5.294117647058823595e-01 8.000000000000000444e-01
5.294117647058823595e-01 8.040000000000000480e-01
5.294117647058823595e-01 8.159999999999999476e-01
5.333333333333333259e-01 2.320000000000000118e-01
5.333333333333333259e-01 3.880000000000000115e-01
5.333333333333333259e-01 4.359999999999999987e-01
5.333333333333333259e-01 6.119999999999999885e-01
5.333333333333333259e-01 6.360000000000000098e-01
5.333333333333333259e-01 7.840000000000000302e-01
5.333333333333333259e-01 7.880000000000000338e-01
5.333333333333333259e-01 8.199999999999999512e-01
5.372549019607842924e-01 2.320000000000000118e-01
5.372549019607842924e-01 3.880000000000000115e-01
5.372549019607842924e-01 4.400000000000000022e-01
5.372549019607842924e-01 6.119999999999999885e-01
5.372549019607842924e-01 6.400000000000000133e-01
5.372549019607842924e-01 7.800000000000000266e-01
5.372549019607842924e-01 8.199999999999999512e-01
5.411764705882352589e-01 2.280000000000000082e-01
5.411764705882352589e-01 3.840000000000000080e-01
5.411764705882352589e-01 4.400000000000000022e-01
5.411764705882352589e-01 6.119999999999999885e-01
5.411764705882352589e-01 6.400000000000000133e-01
5.411764705882352589e-01 7.760000000000000231e-01
5.411764705882352589e-01 8.199999999999999512e-01
5.450980392156862253e-01 2.280000000000000082e-01
5.450980392156862253e-01 3.840000000000000080e-01
5.450980392156862253e-01 4.400000000000000022e-01
5.450980392156862253e-01 6.119999999999999885e-01
5.450980392156862253e-01 6.400000000000000133e-01
5.450980392156862253e-01 7.760000000000000231e-01
5.450980392156862253e-01 8.199999999999999512e-01
5.490196078431373028e-01 2.280000000000000082e-01
5.490196078431373028e-01 3.800000000000000044e-01
5.490196078431373028e-01 4.400000000000000022e-01
5.490196078431373028e-01 6.119999999999999885e-01
5.490196078431373028e-01 6.400000000000000133e-01
5.490196078431373028e-01 7.760000000000000231e-01
5.490196078431373028e-01 8.199999999999999512e-01
5.529411764705882693e-01 2.280000000000000082e-01
5.529411764705882693e-01 3.800000000000000044e-01
5.529411764705882693e-01 4.440000000000000058e-01
5.529411764705882693e-01 6.119999999999999885e-01
5.529411764705882693e-01 6.360000000000000098e-01
5.529411764705882693e-01 6.400000000000000133e-01
5.529411764705882693e-01 7.720000000000000195e-01
5.529411764705882693e-01 8.199999999999999512e-01
5.568627450980392357e-01 2.240000000000000047e-01
5.568627450980392357e-01 3.760000000000000009e-01
5.568627450980392357e-01 4.480000000000000093e-01
5.568627450980392357e-01 6.159999999999999920e-01
5.568627450980392357e-01 6.199999999999999956e-01
5.568627450980392357e-01 6.239999999999999991e-01
5.568627450980392357e-01 6.280000000000000027e-01
5.568627450980392357e-01 6.320000000000000062e-01
5.568627450980392357e-01 6.440000000000000169e-01
5.568627450980392357e-01 7.720000000000000195e-01
5.568627450980392357e-01 8.199999999999999512e-01
5.607843137254902022e-01 2.240000000000000047e-01
5.607843137254902022e-01 3.760000000000000009e-01
5.607843137254902022e-01 4.480000000000000093e-01
5.607843137254902022e-01 6.159999999999999920e-01
5.607843137254902022e-01 6.440000000000000169e-01
5.607843137254902022e-01 7.680000000000000160e-01
5.607843137254902022e-01 8.199999999999999512e-01
5.647058823529411686e-01 2.240000000000000047e-01
5.647058823529411686e-01 3.719999999999999973e-01
5.647058823529411686e-01 4.480000000000000093e-01
5.647058823529411686e-01 6.159999999999999920e-01
5.647058823529411686e-01 6.440000000000000169e-01
5.647058823529411686e-01 7.640000000000000124e-01
5.647058823529411686e-01 8.199999999999999512e-01
5.686274509803921351e-01 2.200000000000000011e-01
5.686274509803921351e-01 3.679999999999999938e-01
5.686274509803921351e-01 4.480000000000000093e-01
5.686274509803921351e-01 6.159999999999999920e-01
5.686274509803921351e-01 6.440000000000000169e-01
5.686274509803921351e-01 7.600000000000000089e-01
5.686274509803921351e-01 8.199999999999999512e-01
5.725490196078431016e-01 3.679999999999999938e-01
5.725490196078431016e-01 4.520000000000000129e-01
5.725490196078431016e-01 6.119999999999999885e-01
5.725490196078431016e-01 6.159999999999999920e-01
5.725490196078431016e-01 6.480000000000000204e-01
5.725490196078431016e-01 7.560000000000000053e-01
5.725490196078431016e-01 8.199999999999999512e-01
5.764705882352940680e-01 3.639999999999999902e-01
5.764705882352940680e-01 4.560000000000000164e-01
5.764705882352940680e-01 6.079999999999999849e-01
5.764705882352940680e-01 6.199999999999999956e-01
5.764705882352940680e-01 6.239999999999999991e-01
5.764705882352940680e-01 6.280000000000000027e-01
5.764705882352940680e-01 6.480000000000000204e-01
5.764705882352940680e-01 8.199999999999999512e-01
5.803921568627451455e-01 3.639999999999999902e-01
5.803921568627451455e-01 4.600000000000000200e-01
5.803921568627451455e-01 6.039999999999999813e-01
5.803921568627451455e-01 6.320000000000000062e-01
5.803921568627451455e-01 6.480000000000000204e-01
5.803921568627451455e-01 8.159999999999999476e-01
5.843137254901961120e-01 3.599999999999999867e-01
5.843137254901961120e-01 4.640000000000000235e-01
5.843137254901961120e-01 6.039999999999999813e-01
5.843137254901961120e-01 6.360000000000000098e-01
5.843137254901961120e-01 6.400000000000000133e-01
5.843137254901961120e-01 6.480000000000000204e-01
5.843137254901961120e-01 8.159999999999999476e-01
5.882352941176470784e-01 3.599999999999999867e-01
5.882352941176470784e-01 4.680000000000000271e-01
5.882352941176470784e-01 6.039999999999999813e-01
5.882352941176470784e-01 6.440000000000000169e-01
5.882352941176470784e-01 6.480000000000000204e-01
5.882352941176470784e-01 8.159999999999999476e-01
5.921568627450980449e-01 3.599999999999999867e-01
5.921568627450980449e-01 4.719999999999999751e-01
5.921568627450980449e-01 4.759999999999999787e-01
5.921568627450980449e-01 6.039999999999999813e-01
5.921568627450980449e-01 6.520000000000000240e-01
5.921568627450980449e-01 8.159999999999999476e-01
5.960784313725490113e-01 3.599999999999999867e-01
5.960784313725490113e-01 4.799999999999999822e-01
5.960784313725490113e-01 6.039999999999999813e-01
5.960784313725490113e-01 6.520000000000000240e-01
5.960784313725490113e-01 8.159999999999999476e-01
5.999999999999999778e-01 3.599999999999999867e-01
5.999999999999999778e-01 4.839999999999999858e-01
5.999999999999999778e-01 6.039999999999999813e-01
5.999999999999999778e-01 6.560000000000000275e-01
5.999999999999999778e-01 8.120000000000000551e-01
6.039215686274509443e-01 3.599999999999999867e-01
6.039215686274509443e-01 6.039999999999999813e-01
6.039215686274509443e-01 6.560000000000000275e-01
6.039215686274509443e-01 8.120000000000000551e-01
6.078431372549019107e-01 3.559999999999999831e-01
6.078431372549019107e-01 6.039999999999999813e-01
6.078431372549019107e-01 6.560000000000000275e-01
6.078431372549019107e-01 8.000000000000000444e-01
6.078431372549019107e-01 8.040000000000000480e-01
6.078431372549019107e-01 8.080000000000000515e-01
6.078431372549019107e-01 8.120000000000000551e-01
6.117647058823529882e-01 3.559999999999999831e-01
6.117647058823529882e-01 5.999999999999999778e-01
6.117647058823529882e-01 6.600000000000000311e-01
6.117647058823529882e-01 7.920000000000000373e-01
6.117647058823529882e-01 7.960000000000000409e-01
6.117647058823529882e-01 8.159999999999999476e-01
6.117647058823529882e-01 8.199999999999999512e-01
6.156862745098039547e-01 3.519999999999999796e-01
6.156862745098039547e-01 5.999999999999999778e-01
6.156862745098039547e-01 6.600000000000000311e-01
6.156862745098039547e-01 7.840000000000000302e-01
6.156862745098039547e-01 7.880000000000000338e-01
6.156862745098039547e-01 8.239999999999999547e-01
6.196078431372549211e-01 3.519999999999999796e-01
6.196078431372549211e-01 5.999999999999999778e-01
6.196078431372549211e-01 6.600000000000000311e-01
6.196078431372549211e-01 7.760000000000000231e-01
6.196078431372549211e-01 7.800000000000000266e-01
6.196078431372549211e-01 8.239999999999999547e-01
6.235294117647058876e-01 3.479999999999999760e-01
6.235294117647058876e-01 5.999999999999999778e-01
6.235294117647058876e-01 6.640000000000000346e-01
6.235294117647058876e-01 7.720000000000000195e-01
6.235294117647058876e-01 8.239999999999999547e-01
6.274509803921568540e-01 3.439999999999999725e-01
6.274509803921568540e-01 5.999999999999999778e-01
6.274509803921568540e-01 6.640000000000000346e-01
6.274509803921568540e-01 7.680000000000000160e-01
6.274509803921568540e-01 8.279999999999999583e-01
6.313725490196078205e-01 3.400000000000000244e-01
6.313725490196078205e-01 5.999999999999999778e-01
6.313725490196078205e-01 6.680000000000000382e-01
6.313725490196078205e-01 7.640000000000000124e-01
6.313725490196078205e-01 8.279999999999999583e-01
6.352941176470587870e-01 3.400000000000000244e-01
6.352941176470587870e-01 5.999999999999999778e-01
6.352941176470587870e-01 6.720000000000000417e-01
6.352941176470587870e-01 7.600000000000000089e-01
6.352941176470587870e-01 8.279999999999999583e-01
6.392156862745097534e-01 3.400000000000000244e-01
6.392156862745097534e-01 5.999999999999999778e-01
6.392156862745097534e-01 6.760000000000000453e-01
6.392156862745097534e-01 7.600000000000000089e-01
6.392156862745097534e-01 8.279999999999999583e-01
6.431372549019608309e-01 3.360000000000000209e-01
6.431372549019608309e-01 5.999999999999999778e-01
6.431372549019608309e-01 6.800000000000000488e-01
6.431372549019608309e-01 6.840000000000000524e-01
6.431372549019608309e-01 6.959999999999999520e-01
6.431372549019608309e-01 6.999999999999999556e-01
6.431372549019608309e-01 7.039999999999999591e-01
6.431372549019608309e-01 7.079999999999999627e-01
6.431372549019608309e-01 7.119999999999999662e-01
6.431372549019608309e-01 7.159999999999999698e-01
6.431372549019608309e-01 7.199999999999999734e-01
6.431372549019608309e-01 7.239999999999999769e-01
6.431372549019608309e-01 7.279999999999999805e-01
6.431372549019608309e-01 7.560000000000000053e-01
6.431372549019608309e-01 8.279999999999999583e-01
6.470588235294117974e-01 3.360000000000000209e-01
6.470588235294117974e-01 5.999999999999999778e-01
6.470588235294117974e-01 6.879999999999999449e-01
6.470588235294117974e-01 6.919999999999999485e-01
6.470588235294117974e-01 7.319999999999999840e-01
6.470588235294117974e-01 7.359999999999999876e-01
6.470588235294117974e-01 7.399999999999999911e-01
6.470588235294117974e-01 7.439999999999999947e-01
6.470588235294117974e-01 7.479999999999999982e-01
6.470588235294117974e-01 7.520000000000000018e-01
6.470588235294117974e-01 8.279999999999999583e-01
6.509803921568627638e-01 3.360000000000000209e-01
6.509803921568627638e-01 5.959999999999999742e-01
6.509803921568627638e-01 8.279999999999999583e-01
6.549019607843137303e-01 3.360000000000000209e-01
6.549019607843137303e-01 5.959999999999999742e-01
6.549019607843137303e-01 8.279999999999999583e-01
6.588235294117646967e-01 3.320000000000000173e-01
6.588235294117646967e-01 5.959999999999999742e-01
6.588235294117646967e-01 8.279999999999999583e-01
6.627450980392156632e-01 3.320000000000000173e-01
6.627450980392156632e-01 5.919999999999999707e-01
6.627450980392156632e-01 8.279999999999999583e-01
6.666666666666666297e-01 3.280000000000000138e-01
6.666666666666666297e-01 5.679999999999999494e-01
6.666666666666666297e-01 5.719999999999999529e-01
6.666666666666666297e-01 5.759999999999999565e-01
6.666666666666666297e-01 5.799999999999999600e-01
6.666666666666666297e-01 5.839999999999999636e-01
6.666666666666666297e-01 5.879999999999999671e-01
6.666666666666666297e-01 5.919999999999999707e-01
6.666666666666666297e-01 8.319999999999999618e-01
6.705882352941175961e-01 3.240000000000000102e-01
6.705882352941175961e-01 5.639999999999999458e-01
6.705882352941175961e-01 5.959999999999999742e-01
6.705882352941175961e-01 8.319999999999999618e-01
6.745098039215686736e-01 3.200000000000000067e-01
6.745098039215686736e-01 5.560000000000000497e-01
6.745098039215686736e-01 5.600000000000000533e-01
6.745098039215686736e-01 5.959999999999999742e-01
6.745098039215686736e-01 8.319999999999999618e-01
6.784313725490196401e-01 3.200000000000000067e-01
6.784313725490196401e-01 5.480000000000000426e-01
6.784313725490196401e-01 5.520000000000000462e-01
6.784313725490196401e-01 5.959999999999999742e-01
6.784313725490196401e-01 8.319999999999999618e-01
6.784313725490196401e-01 8.359999999999999654e-01
6.784313725490196401e-01 8.399999999999999689e-01
6.784313725490196401e-01 8.439999999999999725e-01
6.823529411764706065e-01 3.200000000000000067e-01
6.823529411764706065e-01 5.400000000000000355e-01
6.823529411764706065e-01 5.440000000000000391e-01
6.823529411764706065e-01 5.959999999999999742e-01
6.823529411764706065e-01 8.279999999999999583e-01
6.823529411764706065e-01 8.479999999999999760e-01
6.823529411764706065e-01 8.519999999999999796e-01
6.823529411764706065e-01 8.559999999999999831e-01
6.862745098039215730e-01 3.160000000000000031e-01
6.862745098039215730e-01 5.320000000000000284e-01
6.862745098039215730e-01 5.360000000000000320e-01
6.862745098039215730e-01 5.959999999999999742e-01
6.862745098039215730e-01 8.279999999999999583e-01
6.862745098039215730e-01 8.599999999999999867e-01
6.901960784313725394e-01 3.160000000000000031e-01
6.901960784313725394e-01 5.280000000000000249e-01
6.901960784313725394e-01 5.959999999999999742e-01
6.901960784313725394e-01 8.279999999999999583e-01
6.901960784313725394e-01 8.639999999999999902e-01
6.941176470588235059e-01 3.119999999999999996e-01
6.941176470588235059e-01 5.959999999999999742e-01
6.941176470588235059e-01 8.279999999999999583e-01
6.941176470588235059e-01 8.679999999999999938e-01
6.980392156862744724e-01 3.119999999999999996e-01
6.980392156862744724e-01 5.959999999999999742e-01
6.980392156862744724e-01 8.279999999999999583e-01
6.980392156862744724e-01 8.719999999999999973e-01
7.019607843137254388e-01 3.079999999999999960e-01
7.019607843137254388e-01 5.959999999999999742e-01
7.019607843137254388e-01 8.279999999999999583e-01
7.019607843137254388e-01 8.760000000000000009e-01
7.019607843137254388e-01 8.800000000000000044e-01
7.058823529411765163e-01 3.039999999999999925e-01
7.058823529411765163e-01 5.959999999999999742e-01
7.058823529411765163e-01 8.279999999999999583e-01
7.058823529411765163e-01 8.840000000000000080e-01
7.098039215686274828e-01 3.039999999999999925e-01
7.098039215686274828e-01 5.959999999999999742e-01
7.098039215686274828e-01 8.279999999999999583e-01
7.098039215686274828e-01 8.880000000000000115e-01
7.098039215686274828e-01 8.920000000000000151e-01
7.137254901960784492e-01 2.999999999999999889e-01
7.137254901960784492e-01 5.959999999999999742e-01
7.137254901960784492e-01 8.279999999999999583e-01
7.137254901960784492e-01 8.960000000000000187e-01
7.137254901960784492e-01 9.000000000000000222e-01
7.176470588235294157e-01 2.959999999999999853e-01
7.176470588235294157e-01 5.959999999999999742e-01
7.176470588235294157e-01 8.279999999999999583e-01
7.215686274509803821e-01 2.959999999999999853e-01
7.215686274509803821e-01 5.959999999999999742e-01
7.215686274509803821e-01 8.279999999999999583e-01
7.254901960784313486e-01 2.919999999999999818e-01
7.254901960784313486e-01 5.959999999999999742e-01
7.254901960784313486e-01 8.279999999999999583e-01
7.294117647058823151e-01 2.919999999999999818e-01
7.294117647058823151e-01 5.959999999999999742e-01
7.294117647058823151e-01 8.279999999999999583e-01
7.333333333333332815e-01 2.919999999999999818e-01
7.333333333333332815e-01 5.999999999999999778e-01
7.333333333333332815e-01 8.279999999999999583e-01
7.372549019607843590e-01 2.879999999999999782e-01
7.372549019607843590e-01 5.999999999999999778e-01
7.372549019607843590e-01 8.279999999999999583e-01
7.411764705882353255e-01 2.839999999999999747e-01
7.411764705882353255e-01 5.999999999999999778e-01
7.411764705882353255e-01 8.279999999999999583e-01
7.450980392156862919e-01 2.839999999999999747e-01
7.450980392156862919e-01 5.999999999999999778e-01
7.450980392156862919e-01 8.279999999999999583e-01
7.490196078431372584e-01 2.839999999999999747e-01
7.490196078431372584e-01 5.999999999999999778e-01
7.490196078431372584e-01 8.279999999999999583e-01
7.529411764705882248e-01 2.839999999999999747e-01
7.529411764705882248e-01 5.999999999999999778e-01
7.529411764705882248e-01 8.279999999999999583e-01
7.568627450980391913e-01 2.800000000000000266e-01
7.568627450980391913e-01 5.999999999999999778e-01
7.568627450980391913e-01 8.279999999999999583e-01
7.607843137254901578e-01 2.800000000000000266e-01
7.607843137254901578e-01 5.999999999999999778e-01
7.607843137254901578e-01 8.279999999999999583e-01
7.647058823529411242e-01 2.800000000000000266e-01
7.647058823529411242e-01 5.999999999999999778e-01
7.647058823529411242e-01 8.279999999999999583e-01
7.686274509803922017e-01 2.760000000000000231e-01
7.686274509803922017e-01 5.999999999999999778e-01
7.686274509803922017e-01 8.279999999999999583e-01
7.725490196078431682e-01 2.760000000000000231e-01
7.725490196078431682e-01 5.999999999999999778e-01
7.725490196078431682e-01 8.279999999999999583e-01
7.764705882352941346e-01 2.760000000000000231e-01
7.764705882352941346e-01 5.999999999999999778e-01
7.764705882352941346e-01 8.279999999999999583e-01
7.803921568627451011e-01 2.720000000000000195e-01
7.803921568627451011e-01 5.999999999999999778e-01
7.803921568627451011e-01 8.279999999999999583e-01
7.843137254901960675e-01 2.680000000000000160e-01
7.843137254901960675e-01 5.959999999999999742e-01
7.843137254901960675e-01 8.279999999999999583e-01
7.882352941176470340e-01 2.680000000000000160e-01
7.882352941176470340e-01 5.959999999999999742e-01
7.882352941176470340e-01 8.319999999999999618e-01
7.921568627450980005e-01 2.680000000000000160e-01
7.921568627450980005e-01 5.959999999999999742e-01
7.921568627450980005e-01 8.319999999999999618e-01
7.960784313725489669e-01 2.640000000000000124e-01
7.960784313725489669e-01 5.959999999999999742e-01
7.960784313725489669e-01 8.319999999999999618e-01
8.000000000000000444e-01 2.640000000000000124e-01
8.000000000000000444e-01 5.959999999999999742e-01
8.000000000000000444e-01 8.319999999999999618e-01
8.039215686274510109e-01 2.640000000000000124e-01
8.039215686274510109e-01 5.959999999999999742e-01
8.039215686274510109e-01 8.319999999999999618e-01
8.078431372549019773e-01 5.959999999999999742e-01
8.078431372549019773e-01 8.319999999999999618e-01
8.117647058823529438e-01 5.959999999999999742e-01
8.117647058823529438e-01 8.319999999999999618e-01
8.156862745098039102e-01 5.919999999999999707e-01
8.156862745098039102e-01 8.319999999999999618e-01
8.196078431372548767e-01 5.919999999999999707e-01
8.196078431372548767e-01 8.319999999999999618e-01
8.235294117647058432e-01 5.919999999999999707e-01
8.235294117647058432e-01 8.319999999999999618e-01
8.274509803921568096e-01 5.919999999999999707e-01
8.274509803921568096e-01 8.319999999999999618e-01
8.313725490196078871e-01 5.919999999999999707e-01
8.313725490196078871e-01 8.319999999999999618e-01
8.352941176470588536e-01 5.959999999999999742e-01
8.352941176470588536e-01 8.319999999999999618e-01
8.392156862745098200e-01 5.959999999999999742e-01
8.392156862745098200e-01 8.319999999999999618e-01
8.431372549019607865e-01 5.959999999999999742e-01
8.431372549019607865e-01 8.319999999999999618e-01
8.470588235294117530e-01 5.959999999999999742e-01
8.470588235294117530e-01 8.359999999999999654e-01
8.509803921568627194e-01 5.959999999999999742e-01
8.509803921568627194e-01 8.359999999999999654e-01
8.549019607843136859e-01 5.959999999999999742e-01
8.549019607843136859e-01 8.359999999999999654e-01
8.588235294117646523e-01 5.959999999999999742e-01
8.588235294117646523e-01 8.359999999999999654e-01
8.627450980392157298e-01 5.959999999999999742e-01
8.627450980392157298e-01 8.359999999999999654e-01
8.666666666666666963e-01 5.959999999999999742e-01
8.666666666666666963e-01 8.359999999999999654e-01
8.705882352941176627e-01 5.959999999999999742e-01
8.705882352941176627e-01 8.359999999999999654e-01
8.745098039215686292e-01 5.959999999999999742e-01
8.745098039215686292e-01 8.359999999999999654e-01
8.784313725490195957e-01 5.959999999999999742e-01
8.784313725490195957e-01 8.359999999999999654e-01
8.823529411764705621e-01 5.959999999999999742e-01
8.823529411764705621e-01 8.359999999999999654e-01
8.862745098039215286e-01 5.959999999999999742e-01
8.862745098039215286e-01 8.399999999999999689e-01
8.901960784313724950e-01 5.959999999999999742e-01
8.901960784313724950e-01 8.399999999999999689e-01
8.941176470588235725e-01 5.959999999999999742e-01
8.941176470588235725e-01 8.399999999999999689e-01
8.980392156862745390e-01 5.959999999999999742e-01
8.980392156862745390e-01 8.399999999999999689e-01
9.019607843137255054e-01 5.959999999999999742e-01
9.019607843137255054e-01 8.399999999999999689e-01
9.058823529411764719e-01 5.959999999999999742e-01
9.058823529411764719e-01 8.399999999999999689e-01
9.098039215686274384e-01 5.959999999999999742e-01
9.098039215686274384e-01 8.399999999999999689e-01
9.137254901960784048e-01 5.959999999999999742e-01
9.137254901960784048e-01 8.399999999999999689e-01
9.176470588235293713e-01 5.959999999999999742e-01
9.176470588235293713e-01 8.399999999999999689e-01
9.215686274509803377e-01 5.959999999999999742e-01
9.215686274509803377e-01 8.399999999999999689e-01
9.254901960784314152e-01 5.959999999999999742e-01
9.254901960784314152e-01 8.399999999999999689e-01
9.294117647058823817e-01 5.959999999999999742e-01
9.294117647058823817e-01 8.399999999999999689e-01
9.333333333333333481e-01 5.959999999999999742e-01
9.333333333333333481e-01 8.399999999999999689e-01
9.372549019607843146e-01 5.959999999999999742e-01
9.372549019607843146e-01 8.399999999999999689e-01
9.411764705882352811e-01 5.959999999999999742e-01
9.411764705882352811e-01 8.399999999999999689e-01
9.450980392156862475e-01 5.959999999999999742e-01
9.450980392156862475e-01 8.399999999999999689e-01
9.490196078431372140e-01 5.959999999999999742e-01
9.490196078431372140e-01 8.399999999999999689e-01
9.529411764705881804e-01 5.959999999999999742e-01
9.529411764705881804e-01 8.399999999999999689e-01
9.568627450980392579e-01 5.999999999999999778e-01
9.568627450980392579e-01 8.399999999999999689e-01
9.607843137254902244e-01 5.999999999999999778e-01
9.607843137254902244e-01 8.399999999999999689e-01
9.647058823529411908e-01 5.999999999999999778e-01
9.647058823529411908e-01 8.359999999999999654e-01
9.686274509803921573e-01 6.039999999999999813e-01
9.686274509803921573e-01 8.359999999999999654e-01
9.725490196078431238e-01 8.399999999999999689e-01
9.764705882352940902e-01 8.439999999999999725e-01
9.764705882352940902e-01 8.479999999999999760e-01
1.000000000000000000e+00 6.119999999999999885e-01
1.000000000000000000e+00 8.120000000000000551e-01
1.000000000000000000e+00 8.159999999999999476e-01
1.000000000000000000e+00 8.199999999999999512e-01
