0.000000000000000000e+00 6.707818930041152816e-01
4.132231404958677801e-03 6.707818930041152816e-01
8.264462809917355601e-03 6.748971193415638226e-01
1.239669421487603340e-02 6.748971193415638226e-01
1.652892561983471120e-02 6.790123456790123635e-01
2.066115702479338900e-02 6.831275720164609044e-01
2.479338842975206680e-02 6.872427983539094454e-01
2.892561983471074460e-02 6.872427983539094454e-01
3.305785123966942241e-02 6.913580246913579863e-01
3.719008264462810021e-02 6.954732510288066383e-01
4.132231404958677801e-02 6.954732510288066383e-01
4.545454545454545581e-02 6.995884773662551792e-01
4.958677685950413361e-02 6.995884773662551792e-01
5.371900826446281141e-02 7.037037037037037202e-01
5.785123966942148921e-02 7.037037037037037202e-01
6.198347107438016701e-02 7.037037037037037202e-01
6.611570247933884481e-02 7.078189300411522611e-01
7.024793388429752261e-02 7.078189300411522611e-01
7.438016528925620041e-02 7.078189300411522611e-01
7.851239669421487821e-02 7.119341563786008020e-01
8.264462809917355601e-02 7.119341563786008020e-01
8.677685950413223381e-02 7.160493827160493430e-01
9.090909090909091161e-02 7.201646090534979949e-01
9.504132231404958941e-02 7.201646090534979949e-01
9.917355371900826722e-02 3.374485596707819113e-01
9.917355371900826722e-02 7.242798353909465359e-01
1.033057851239669450e-01 3.374485596707819113e-01
1.033057851239669450e-01 7.242798353909465359e-01
1.074380165289256228e-01 3.415637860082304522e-01
1.074380165289256228e-01 7.283950617283950768e-01
1.115702479338843006e-01 3.415637860082304522e-01
1.115702479338843006e-01 7.283950617283950768e-01
1.157024793388429784e-01 3.456790123456789932e-01
1.157024793388429784e-01 7.283950617283950768e-01
1.198347107438016562e-01 3.456790123456789932e-01
1.198347107438016562e-01 7.283950617283950768e-01
1.239669421487603340e-01 3.497942386831275896e-01
1.239669421487603340e-01 7.325102880658436177e-01
1.280991735537189979e-01 3.497942386831275896e-01
1.280991735537189979e-01 7.325102880658436177e-01
1.322314049586776896e-01 3.497942386831275896e-01
1.322314049586776896e-01 5.102880658436214079e-01
1.322314049586776896e-01 7.325102880658436177e-01
1.363636363636363535e-01 3.539094650205761305e-01
1.363636363636363535e-01 5.102880658436214079e-01
1.363636363636363535e-01 7.325102880658436177e-01
1.404958677685950452e-01 3.539094650205761305e-01
1.404958677685950452e-01 5.144032921810699488e-01
1.404958677685950452e-01 7.366255144032921587e-01
1.446280991735537091e-01 3.539094650205761305e-01
1.446280991735537091e-01 5.185185185185184897e-01
1.446280991735537091e-01 7.366255144032921587e-01
1.487603305785124008e-01 3.539094650205761305e-01
1.487603305785124008e-01 5.185185185185184897e-01
1.487603305785124008e-01 7.366255144032921587e-01
1.528925619834710647e-01 3.580246913580246715e-01
1.528925619834710647e-01 5.226337448559670307e-01
1.528925619834710647e-01 7.407407407407406996e-01
1.570247933884297564e-01 3.580246913580246715e-01
1.570247933884297564e-01 5.226337448559670307e-01
1.570247933884297564e-01 7.448559670781893516e-01
1.611570247933884203e-01 3.580246913580246715e-01
1.611570247933884203e-01 5.267489711934156826e-01
1.611570247933884203e-01 7.448559670781893516e-01
1.652892561983471120e-01 3.580246913580246715e-01
1.652892561983471120e-01 5.308641975308642236e-01
1.652892561983471120e-01 7.489711934156378925e-01
1.694214876033057759e-01 3.621399176954732679e-01
1.694214876033057759e-01 5.308641975308642236e-01
1.694214876033057759e-01 7.489711934156378925e-01
1.735537190082644676e-01 3.621399176954732679e-01
1.735537190082644676e-01 5.349794238683127645e-01
1.735537190082644676e-01 7.530864197530864335e-01
1.776859504132231315e-01 3.662551440329218089e-01
1.776859504132231315e-01 5.390946502057613055e-01
1.776859504132231315e-01 7.530864197530864335e-01
1.818181818181818232e-01 3.662551440329218089e-01
1.818181818181818232e-01 5.390946502057613055e-01
1.818181818181818232e-01 7.572016460905349744e-01
1.859504132231404872e-01 3.662551440329218089e-01
1.859504132231404872e-01 5.390946502057613055e-01
1.859504132231404872e-01 7.572016460905349744e-01
1.900826446280991788e-01 3.703703703703703498e-01
1.900826446280991788e-01 5.432098765432098464e-01
1.900826446280991788e-01 7.613168724279835153e-01
1.942148760330578428e-01 3.703703703703703498e-01
1.942148760330578428e-01 5.473251028806583873e-01
1.942148760330578428e-01 7.613168724279835153e-01
1.983471074380165344e-01 3.703703703703703498e-01
1.983471074380165344e-01 5.473251028806583873e-01
1.983471074380165344e-01 7.654320987654320563e-01
2.024793388429751984e-01 3.703703703703703498e-01
2.024793388429751984e-01 5.473251028806583873e-01
2.024793388429751984e-01 7.695473251028807082e-01
2.066115702479338900e-01 3.703703703703703498e-01
2.066115702479338900e-01 5.514403292181070393e-01
2.066115702479338900e-01 7.695473251028807082e-01
2.107438016528925540e-01 3.703703703703703498e-01
2.107438016528925540e-01 5.514403292181070393e-01
2.107438016528925540e-01 7.736625514403292492e-01
2.148760330578512456e-01 3.703703703703703498e-01
2.148760330578512456e-01 5.514403292181070393e-01
2.148760330578512456e-01 7.736625514403292492e-01
2.190082644628099096e-01 3.744855967078189463e-01
2.190082644628099096e-01 5.514403292181070393e-01
2.190082644628099096e-01 7.736625514403292492e-01
2.231404958677686012e-01 3.744855967078189463e-01
2.231404958677686012e-01 5.555555555555555802e-01
2.231404958677686012e-01 7.777777777777777901e-01
2.272727272727272652e-01 3.786008230452674872e-01
2.272727272727272652e-01 5.555555555555555802e-01
2.272727272727272652e-01 7.777777777777777901e-01
2.314049586776859568e-01 3.786008230452674872e-01
2.314049586776859568e-01 5.555555555555555802e-01
2.314049586776859568e-01 7.818930041152263311e-01
2.355371900826446208e-01 3.786008230452674872e-01
2.355371900826446208e-01 5.596707818930041212e-01
2.355371900826446208e-01 7.818930041152263311e-01
2.396694214876033124e-01 3.827160493827160281e-01
2.396694214876033124e-01 5.596707818930041212e-01
2.396694214876033124e-01 7.818930041152263311e-01
2.438016528925619764e-01 3.827160493827160281e-01
2.438016528925619764e-01 5.637860082304526621e-01
2.438016528925619764e-01 7.860082304526748720e-01
2.479338842975206680e-01 3.827160493827160281e-01
2.479338842975206680e-01 5.637860082304526621e-01
2.479338842975206680e-01 7.860082304526748720e-01
2.520661157024793320e-01 3.827160493827160281e-01
2.520661157024793320e-01 5.679012345679012030e-01
2.520661157024793320e-01 7.901234567901234129e-01
2.561983471074379959e-01 3.827160493827160281e-01
2.561983471074379959e-01 5.679012345679012030e-01
2.561983471074379959e-01 7.901234567901234129e-01
2.603305785123967153e-01 3.868312757201646246e-01
2.603305785123967153e-01 5.679012345679012030e-01
2.603305785123967153e-01 7.901234567901234129e-01
2.603305785123967153e-01 8.641975308641974829e-01
2.644628099173553792e-01 3.868312757201646246e-01
2.644628099173553792e-01 5.720164609053497440e-01
2.644628099173553792e-01 7.942386831275720649e-01
2.644628099173553792e-01 8.641975308641974829e-01
2.685950413223140432e-01 3.909465020576131655e-01
2.685950413223140432e-01 5.720164609053497440e-01
2.685950413223140432e-01 7.942386831275720649e-01
2.685950413223140432e-01 8.641975308641974829e-01
2.727272727272727071e-01 3.909465020576131655e-01
2.727272727272727071e-01 5.761316872427983959e-01
2.727272727272727071e-01 7.983539094650206058e-01
2.727272727272727071e-01 8.683127572016461349e-01
2.768595041322314265e-01 3.950617283950617065e-01
2.768595041322314265e-01 5.802469135802469369e-01
2.768595041322314265e-01 7.983539094650206058e-01
2.768595041322314265e-01 8.641975308641974829e-01
2.809917355371900904e-01 3.950617283950617065e-01
2.809917355371900904e-01 5.802469135802469369e-01
2.809917355371900904e-01 8.024691358024691468e-01
2.809917355371900904e-01 8.641975308641974829e-01
2.851239669421487544e-01 3.950617283950617065e-01
2.851239669421487544e-01 5.802469135802469369e-01
2.851239669421487544e-01 8.024691358024691468e-01
2.851239669421487544e-01 8.641975308641974829e-01
2.892561983471074183e-01 3.991769547325103029e-01
2.892561983471074183e-01 5.843621399176954778e-01
2.892561983471074183e-01 7.530864197530864335e-01
2.892561983471074183e-01 8.024691358024691468e-01
2.892561983471074183e-01 8.641975308641974829e-01
2.933884297520661377e-01 3.991769547325103029e-01
2.933884297520661377e-01 5.843621399176954778e-01
2.933884297520661377e-01 7.572016460905349744e-01
2.933884297520661377e-01 8.065843621399176877e-01
2.933884297520661377e-01 8.641975308641974829e-01
2.975206611570248016e-01 3.991769547325103029e-01
2.975206611570248016e-01 5.884773662551440188e-01
2.975206611570248016e-01 7.613168724279835153e-01
2.975206611570248016e-01 8.065843621399176877e-01
2.975206611570248016e-01 8.641975308641974829e-01
3.016528925619834656e-01 4.032921810699588439e-01
3.016528925619834656e-01 5.884773662551440188e-01
3.016528925619834656e-01 7.654320987654320563e-01
3.016528925619834656e-01 8.065843621399176877e-01
3.016528925619834656e-01 8.641975308641974829e-01
3.057851239669421295e-01 4.032921810699588439e-01
3.057851239669421295e-01 5.884773662551440188e-01
3.057851239669421295e-01 7.695473251028807082e-01
3.057851239669421295e-01 8.065843621399176877e-01
3.057851239669421295e-01 8.641975308641974829e-01
3.099173553719008489e-01 4.074074074074073848e-01
3.099173553719008489e-01 5.925925925925925597e-01
3.099173553719008489e-01 7.736625514403292492e-01
3.099173553719008489e-01 8.065843621399176877e-01
3.099173553719008489e-01 8.600823045267489420e-01
3.140495867768595128e-01 4.074074074074073848e-01
3.140495867768595128e-01 5.967078189300411006e-01
3.140495867768595128e-01 6.543209876543210068e-01
3.140495867768595128e-01 7.777777777777777901e-01
3.140495867768595128e-01 8.065843621399176877e-01
3.140495867768595128e-01 8.600823045267489420e-01
3.181818181818181768e-01 4.074074074074073848e-01
3.181818181818181768e-01 5.967078189300411006e-01
3.181818181818181768e-01 6.543209876543210068e-01
3.181818181818181768e-01 7.818930041152263311e-01
3.181818181818181768e-01 7.860082304526748720e-01
3.181818181818181768e-01 7.901234567901234129e-01
3.181818181818181768e-01 7.942386831275720649e-01
3.181818181818181768e-01 7.983539094650206058e-01
3.181818181818181768e-01 8.024691358024691468e-01
3.181818181818181768e-01 8.065843621399176877e-01
3.181818181818181768e-01 8.106995884773662286e-01
3.181818181818181768e-01 8.600823045267489420e-01
3.223140495867768407e-01 4.115226337448559812e-01
3.223140495867768407e-01 6.008230452674897526e-01
3.223140495867768407e-01 6.543209876543210068e-01
3.223140495867768407e-01 8.148148148148147696e-01
3.223140495867768407e-01 8.600823045267489420e-01
3.264462809917355601e-01 4.156378600823045222e-01
3.264462809917355601e-01 6.008230452674897526e-01
3.264462809917355601e-01 6.543209876543210068e-01
3.264462809917355601e-01 8.189300411522634215e-01
3.264462809917355601e-01 8.600823045267489420e-01
3.305785123966942241e-01 4.156378600823045222e-01
3.305785123966942241e-01 6.008230452674897526e-01
3.305785123966942241e-01 6.543209876543210068e-01
3.305785123966942241e-01 8.189300411522634215e-01
3.305785123966942241e-01 8.600823045267489420e-01
3.347107438016528880e-01 4.156378600823045222e-01
3.347107438016528880e-01 6.008230452674897526e-01
3.347107438016528880e-01 6.543209876543210068e-01
3.347107438016528880e-01 8.230452674897119625e-01
3.347107438016528880e-01 8.600823045267489420e-01
3.388429752066115519e-01 4.156378600823045222e-01
3.388429752066115519e-01 6.049382716049382935e-01
3.388429752066115519e-01 6.543209876543210068e-01
3.388429752066115519e-01 8.230452674897119625e-01
3.388429752066115519e-01 8.600823045267489420e-01
3.388429752066115519e-01 9.465020576131687458e-01
3.429752066115702713e-01 4.197530864197530631e-01
3.429752066115702713e-01 6.049382716049382935e-01
3.429752066115702713e-01 6.543209876543210068e-01
3.429752066115702713e-01 8.271604938271605034e-01
3.429752066115702713e-01 8.600823045267489420e-01
3.429752066115702713e-01 9.423868312757202048e-01
3.471074380165289353e-01 4.197530864197530631e-01
3.471074380165289353e-01 6.090534979423868345e-01
3.471074380165289353e-01 6.543209876543210068e-01
3.471074380165289353e-01 8.312757201646090444e-01
3.471074380165289353e-01 8.353909465020575853e-01
3.471074380165289353e-01 8.395061728395061262e-01
3.471074380165289353e-01 8.559670781893004010e-01
3.471074380165289353e-01 9.382716049382715529e-01
3.512396694214875992e-01 4.238683127572016596e-01
3.512396694214875992e-01 6.131687242798353754e-01
3.512396694214875992e-01 6.502057613168724659e-01
3.512396694214875992e-01 8.436213991769547782e-01
3.512396694214875992e-01 8.477366255144033191e-01
3.512396694214875992e-01 8.518518518518518601e-01
3.512396694214875992e-01 9.341563786008230119e-01
3.553719008264462631e-01 4.238683127572016596e-01
3.553719008264462631e-01 6.131687242798353754e-01
3.553719008264462631e-01 6.502057613168724659e-01
3.553719008264462631e-01 8.477366255144033191e-01
3.553719008264462631e-01 9.300411522633744710e-01
3.595041322314049825e-01 4.238683127572016596e-01
3.595041322314049825e-01 6.172839506172839164e-01
3.595041322314049825e-01 6.502057613168724659e-01
3.595041322314049825e-01 8.477366255144033191e-01
3.595041322314049825e-01 9.259259259259259300e-01
3.636363636363636465e-01 4.238683127572016596e-01
3.636363636363636465e-01 6.213991769547324573e-01
3.636363636363636465e-01 6.460905349794238139e-01
3.636363636363636465e-01 8.477366255144033191e-01
3.636363636363636465e-01 9.259259259259259300e-01
3.677685950413223104e-01 4.238683127572016596e-01
3.677685950413223104e-01 6.213991769547324573e-01
3.677685950413223104e-01 6.460905349794238139e-01
3.677685950413223104e-01 8.477366255144033191e-01
3.677685950413223104e-01 9.259259259259259300e-01
3.719008264462809743e-01 4.238683127572016596e-01
3.719008264462809743e-01 6.255144032921811093e-01
3.719008264462809743e-01 6.460905349794238139e-01
3.719008264462809743e-01 8.518518518518518601e-01
3.719008264462809743e-01 9.218106995884773891e-01
3.760330578512396937e-01 4.279835390946502005e-01
3.760330578512396937e-01 6.296296296296296502e-01
3.760330578512396937e-01 6.337448559670781911e-01
3.760330578512396937e-01 6.378600823045267321e-01
3.760330578512396937e-01 6.419753086419752730e-01
3.760330578512396937e-01 8.518518518518518601e-01
3.760330578512396937e-01 9.218106995884773891e-01
3.801652892561983577e-01 4.279835390946502005e-01
3.801652892561983577e-01 6.378600823045267321e-01
3.801652892561983577e-01 8.518518518518518601e-01
3.801652892561983577e-01 9.176954732510288482e-01
3.842975206611570216e-01 4.279835390946502005e-01
3.842975206611570216e-01 6.378600823045267321e-01
3.842975206611570216e-01 8.518518518518518601e-01
3.842975206611570216e-01 9.135802469135801962e-01
3.884297520661156855e-01 4.238683127572016596e-01
3.884297520661156855e-01 6.378600823045267321e-01
3.884297520661156855e-01 8.518518518518518601e-01
3.884297520661156855e-01 9.094650205761316553e-01
3.925619834710744049e-01 4.238683127572016596e-01
3.925619834710744049e-01 5.144032921810699488e-01
3.925619834710744049e-01 6.378600823045267321e-01
3.925619834710744049e-01 8.518518518518518601e-01
3.925619834710744049e-01 9.053497942386831143e-01
3.966942148760330689e-01 3.786008230452674872e-01
3.966942148760330689e-01 3.827160493827160281e-01
3.966942148760330689e-01 3.868312757201646246e-01
3.966942148760330689e-01 3.909465020576131655e-01
3.966942148760330689e-01 4.115226337448559812e-01
3.966942148760330689e-01 4.156378600823045222e-01
3.966942148760330689e-01 4.197530864197530631e-01
3.966942148760330689e-01 4.238683127572016596e-01
3.966942148760330689e-01 5.102880658436214079e-01
3.966942148760330689e-01 6.378600823045267321e-01
3.966942148760330689e-01 8.518518518518518601e-01
3.966942148760330689e-01 9.053497942386831143e-01
4.008264462809917328e-01 1.975308641975308532e-01
4.008264462809917328e-01 3.662551440329218089e-01
4.008264462809917328e-01 3.703703703703703498e-01
4.008264462809917328e-01 3.744855967078189463e-01
4.008264462809917328e-01 3.950617283950617065e-01
4.008264462809917328e-01 3.991769547325103029e-01
4.008264462809917328e-01 4.032921810699588439e-01
4.008264462809917328e-01 4.074074074074073848e-01
4.008264462809917328e-01 4.279835390946502005e-01
4.008264462809917328e-01 4.320987654320987414e-01
4.008264462809917328e-01 5.102880658436214079e-01
4.008264462809917328e-01 6.378600823045267321e-01
4.008264462809917328e-01 8.559670781893004010e-01
4.008264462809917328e-01 9.012345679012345734e-01
4.049586776859503967e-01 1.975308641975308532e-01
4.049586776859503967e-01 4.362139917695473379e-01
4.049586776859503967e-01 5.102880658436214079e-01
4.049586776859503967e-01 6.378600823045267321e-01
4.049586776859503967e-01 8.559670781893004010e-01
4.049586776859503967e-01 9.012345679012345734e-01
4.090909090909091161e-01 2.016460905349794219e-01
4.090909090909091161e-01 4.403292181069958788e-01
4.090909090909091161e-01 5.061728395061728669e-01
4.090909090909091161e-01 6.378600823045267321e-01
4.090909090909091161e-01 8.600823045267489420e-01
4.090909090909091161e-01 8.971193415637860324e-01
4.132231404958677801e-01 2.016460905349794219e-01
4.132231404958677801e-01 4.403292181069958788e-01
4.132231404958677801e-01 5.020576131687243260e-01
4.132231404958677801e-01 6.337448559670781911e-01
4.132231404958677801e-01 6.954732510288066383e-01
4.132231404958677801e-01 8.600823045267489420e-01
4.132231404958677801e-01 8.930041152263374915e-01
4.173553719008264440e-01 2.057613168724279906e-01
4.173553719008264440e-01 4.444444444444444198e-01
4.173553719008264440e-01 5.020576131687243260e-01
4.173553719008264440e-01 6.337448559670781911e-01
4.173553719008264440e-01 6.954732510288066383e-01
4.173553719008264440e-01 8.641975308641974829e-01
4.173553719008264440e-01 8.930041152263374915e-01
4.214876033057851079e-01 2.057613168724279906e-01
4.214876033057851079e-01 4.444444444444444198e-01
4.214876033057851079e-01 5.020576131687243260e-01
4.214876033057851079e-01 6.337448559670781911e-01
4.214876033057851079e-01 6.995884773662551792e-01
4.214876033057851079e-01 8.683127572016461349e-01
4.214876033057851079e-01 8.930041152263374915e-01
4.256198347107438273e-01 2.098765432098765316e-01
4.256198347107438273e-01 4.485596707818930162e-01
4.256198347107438273e-01 4.979423868312757295e-01
4.256198347107438273e-01 6.296296296296296502e-01
4.256198347107438273e-01 6.954732510288066383e-01
4.256198347107438273e-01 8.724279835390946758e-01
4.256198347107438273e-01 8.888888888888888395e-01
4.297520661157024913e-01 2.098765432098765316e-01
4.297520661157024913e-01 4.526748971193415572e-01
4.297520661157024913e-01 4.979423868312757295e-01
4.297520661157024913e-01 6.213991769547324573e-01
4.297520661157024913e-01 6.255144032921811093e-01
4.297520661157024913e-01 6.296296296296296502e-01
4.297520661157024913e-01 6.954732510288066383e-01
4.297520661157024913e-01 8.765432098765432167e-01
4.297520661157024913e-01 8.806584362139917577e-01
4.297520661157024913e-01 8.847736625514402986e-01
4.338842975206611552e-01 2.139917695473251003e-01
4.338842975206611552e-01 4.526748971193415572e-01
4.338842975206611552e-01 4.979423868312757295e-01
4.338842975206611552e-01 6.172839506172839164e-01
4.338842975206611552e-01 6.337448559670781911e-01
4.338842975206611552e-01 6.378600823045267321e-01
4.338842975206611552e-01 6.913580246913579863e-01
4.338842975206611552e-01 8.806584362139917577e-01
4.380165289256198191e-01 2.139917695473251003e-01
4.380165289256198191e-01 4.526748971193415572e-01
4.380165289256198191e-01 4.938271604938271331e-01
4.380165289256198191e-01 6.131687242798353754e-01
4.380165289256198191e-01 6.419753086419752730e-01
4.380165289256198191e-01 6.460905349794238139e-01
4.380165289256198191e-01 6.872427983539094454e-01
4.380165289256198191e-01 8.806584362139917577e-01
4.421487603305785385e-01 2.181069958847736689e-01
4.421487603305785385e-01 4.567901234567900981e-01
4.421487603305785385e-01 4.897119341563785921e-01
4.421487603305785385e-01 6.049382716049382935e-01
4.421487603305785385e-01 6.090534979423868345e-01
4.421487603305785385e-01 6.502057613168724659e-01
4.421487603305785385e-01 6.543209876543210068e-01
4.421487603305785385e-01 6.872427983539094454e-01
4.421487603305785385e-01 8.806584362139917577e-01
4.462809917355372025e-01 2.222222222222222099e-01
4.462809917355372025e-01 4.609053497942386945e-01
4.462809917355372025e-01 4.855967078189300512e-01
4.462809917355372025e-01 6.008230452674897526e-01
4.462809917355372025e-01 6.584362139917695478e-01
4.462809917355372025e-01 6.625514403292180887e-01
4.462809917355372025e-01 6.831275720164609044e-01
4.462809917355372025e-01 8.806584362139917577e-01
4.504132231404958664e-01 2.222222222222222099e-01
4.504132231404958664e-01 4.609053497942386945e-01
4.504132231404958664e-01 4.814814814814814548e-01
4.504132231404958664e-01 5.967078189300411006e-01
4.504132231404958664e-01 6.666666666666666297e-01
4.504132231404958664e-01 6.707818930041152816e-01
4.504132231404958664e-01 6.748971193415638226e-01
4.504132231404958664e-01 6.790123456790123635e-01
4.504132231404958664e-01 8.477366255144033191e-01
4.504132231404958664e-01 8.806584362139917577e-01
4.545454545454545303e-01 0.000000000000000000e+00
4.545454545454545303e-01 2.263374485596707786e-01
4.545454545454545303e-01 4.650205761316872355e-01
4.545454545454545303e-01 4.773662551440329138e-01
4.545454545454545303e-01 5.925925925925925597e-01
4.545454545454545303e-01 6.790123456790123635e-01
4.545454545454545303e-01 8.806584362139917577e-01
4.586776859504132497e-01 4.115226337448560021e-03
4.586776859504132497e-01 8.230452674897120041e-03
4.586776859504132497e-01 1.234567901234567833e-02
4.586776859504132497e-01 1.646090534979424008e-02
4.586776859504132497e-01 2.263374485596707786e-01
4.586776859504132497e-01 4.691358024691357764e-01
4.586776859504132497e-01 4.732510288065843729e-01
4.586776859504132497e-01 5.925925925925925597e-01
4.586776859504132497e-01 6.790123456790123635e-01
4.586776859504132497e-01 8.806584362139917577e-01
4.586776859504132497e-01 9.259259259259259300e-01
4.586776859504132497e-01 9.300411522633744710e-01
4.586776859504132497e-01 9.341563786008230119e-01
4.586776859504132497e-01 9.382716049382715529e-01
4.586776859504132497e-01 9.423868312757202048e-01
4.586776859504132497e-01 9.465020576131687458e-01
4.586776859504132497e-01 9.506172839506172867e-01
4.586776859504132497e-01 9.547325102880658276e-01
4.586776859504132497e-01 9.588477366255143686e-01
4.628099173553719137e-01 2.057613168724279837e-02
4.628099173553719137e-01 2.469135802469135665e-02
4.628099173553719137e-01 2.880658436213991841e-02
4.628099173553719137e-01 3.292181069958848016e-02
4.628099173553719137e-01 2.263374485596707786e-01
4.628099173553719137e-01 4.732510288065843729e-01
4.628099173553719137e-01 5.925925925925925597e-01
4.628099173553719137e-01 6.790123456790123635e-01
4.628099173553719137e-01 8.806584362139917577e-01
4.628099173553719137e-01 8.930041152263374915e-01
4.628099173553719137e-01 8.971193415637860324e-01
4.628099173553719137e-01 9.012345679012345734e-01
4.628099173553719137e-01 9.053497942386831143e-01
4.628099173553719137e-01 9.094650205761316553e-01
4.628099173553719137e-01 9.135802469135801962e-01
4.628099173553719137e-01 9.176954732510288482e-01
4.628099173553719137e-01 9.218106995884773891e-01
4.628099173553719137e-01 9.629629629629629095e-01
4.628099173553719137e-01 9.670781893004115615e-01
4.628099173553719137e-01 9.711934156378601024e-01
4.628099173553719137e-01 9.753086419753086433e-01
4.628099173553719137e-01 9.794238683127571843e-01
4.628099173553719137e-01 9.835390946502057252e-01
4.628099173553719137e-01 9.876543209876542662e-01
4.628099173553719137e-01 9.917695473251029181e-01
4.628099173553719137e-01 9.958847736625514591e-01
4.628099173553719137e-01 1.000000000000000000e+00
4.669421487603305776e-01 3.703703703703703498e-02
4.669421487603305776e-01 4.115226337448559674e-02
4.669421487603305776e-01 1.358024691358024616e-01
4.669421487603305776e-01 1.399176954732510303e-01
4.669421487603305776e-01 1.440329218106995990e-01
4.669421487603305776e-01 2.263374485596707786e-01
4.669421487603305776e-01 4.732510288065843729e-01
4.669421487603305776e-01 5.925925925925925597e-01
4.669421487603305776e-01 6.790123456790123635e-01
4.669421487603305776e-01 8.806584362139917577e-01
4.669421487603305776e-01 8.847736625514402986e-01
4.669421487603305776e-01 8.888888888888888395e-01
4.710743801652892415e-01 4.526748971193415849e-02
4.710743801652892415e-01 4.938271604938271331e-02
4.710743801652892415e-01 5.349794238683127506e-02
4.710743801652892415e-01 1.111111111111111049e-01
4.710743801652892415e-01 1.152263374485596736e-01
4.710743801652892415e-01 1.193415637860082285e-01
4.710743801652892415e-01 1.234567901234567833e-01
4.710743801652892415e-01 1.275720164609053520e-01
4.710743801652892415e-01 1.316872427983539207e-01
4.710743801652892415e-01 1.481481481481481399e-01
4.710743801652892415e-01 1.522633744855967086e-01
4.710743801652892415e-01 1.563786008230452773e-01
4.710743801652892415e-01 2.263374485596707786e-01
4.710743801652892415e-01 4.732510288065843729e-01
4.710743801652892415e-01 5.925925925925925597e-01
4.710743801652892415e-01 6.790123456790123635e-01
4.710743801652892415e-01 8.353909465020575853e-01
4.710743801652892415e-01 8.395061728395061262e-01
4.710743801652892415e-01 8.436213991769547782e-01
4.710743801652892415e-01 8.477366255144033191e-01
4.710743801652892415e-01 8.518518518518518601e-01
4.710743801652892415e-01 8.559670781893004010e-01
4.710743801652892415e-01 8.600823045267489420e-01
4.710743801652892415e-01 8.641975308641974829e-01
4.710743801652892415e-01 8.683127572016461349e-01
4.710743801652892415e-01 8.724279835390946758e-01
4.710743801652892415e-01 8.765432098765432167e-01
4.710743801652892415e-01 8.888888888888888395e-01
4.752066115702479610e-01 5.761316872427983682e-02
4.752066115702479610e-01 6.172839506172839164e-02
4.752066115702479610e-01 6.584362139917696033e-02
4.752066115702479610e-01 9.876543209876542662e-02
4.752066115702479610e-01 1.028806584362139953e-01
4.752066115702479610e-01 1.069958847736625501e-01
4.752066115702479610e-01 1.604938271604938183e-01
4.752066115702479610e-01 1.646090534979423869e-01
4.752066115702479610e-01 1.687242798353909556e-01
4.752066115702479610e-01 1.728395061728394966e-01
4.752066115702479610e-01 1.769547325102880653e-01
4.752066115702479610e-01 1.810699588477366340e-01
4.752066115702479610e-01 1.851851851851851749e-01
4.752066115702479610e-01 1.893004115226337436e-01
4.752066115702479610e-01 1.934156378600823123e-01
4.752066115702479610e-01 1.975308641975308532e-01
4.752066115702479610e-01 2.016460905349794219e-01
4.752066115702479610e-01 2.057613168724279906e-01
4.752066115702479610e-01 2.098765432098765316e-01
4.752066115702479610e-01 2.139917695473251003e-01
4.752066115702479610e-01 2.181069958847736689e-01
4.752066115702479610e-01 2.222222222222222099e-01
4.752066115702479610e-01 2.263374485596707786e-01
4.752066115702479610e-01 2.304526748971193473e-01
4.752066115702479610e-01 2.345679012345678882e-01
4.752066115702479610e-01 3.868312757201646246e-01
4.752066115702479610e-01 3.909465020576131655e-01
4.752066115702479610e-01 3.950617283950617065e-01
4.752066115702479610e-01 3.991769547325103029e-01
4.752066115702479610e-01 4.032921810699588439e-01
4.752066115702479610e-01 4.074074074074073848e-01
4.752066115702479610e-01 4.115226337448559812e-01
4.752066115702479610e-01 4.156378600823045222e-01
4.752066115702479610e-01 4.197530864197530631e-01
4.752066115702479610e-01 4.238683127572016596e-01
4.752066115702479610e-01 4.279835390946502005e-01
4.752066115702479610e-01 4.320987654320987414e-01
4.752066115702479610e-01 4.362139917695473379e-01
4.752066115702479610e-01 4.403292181069958788e-01
4.752066115702479610e-01 4.444444444444444198e-01
4.752066115702479610e-01 4.485596707818930162e-01
4.752066115702479610e-01 4.526748971193415572e-01
4.752066115702479610e-01 4.567901234567900981e-01
4.752066115702479610e-01 4.609053497942386945e-01
4.752066115702479610e-01 4.650205761316872355e-01
4.752066115702479610e-01 4.691358024691357764e-01
4.752066115702479610e-01 4.732510288065843729e-01
4.752066115702479610e-01 5.925925925925925597e-01
4.752066115702479610e-01 6.790123456790123635e-01
4.752066115702479610e-01 7.489711934156378925e-01
4.752066115702479610e-01 7.530864197530864335e-01
4.752066115702479610e-01 7.572016460905349744e-01
4.752066115702479610e-01 7.613168724279835153e-01
4.752066115702479610e-01 7.654320987654320563e-01
4.752066115702479610e-01 7.695473251028807082e-01
4.752066115702479610e-01 7.736625514403292492e-01
4.752066115702479610e-01 7.777777777777777901e-01
4.752066115702479610e-01 7.818930041152263311e-01
4.752066115702479610e-01 7.860082304526748720e-01
4.752066115702479610e-01 7.901234567901234129e-01
4.752066115702479610e-01 7.942386831275720649e-01
4.752066115702479610e-01 7.983539094650206058e-01
4.752066115702479610e-01 8.024691358024691468e-01
4.752066115702479610e-01 8.065843621399176877e-01
4.752066115702479610e-01 8.106995884773662286e-01
4.752066115702479610e-01 8.148148148148147696e-01
4.752066115702479610e-01 8.189300411522634215e-01
4.752066115702479610e-01 8.230452674897119625e-01
4.752066115702479610e-01 8.271604938271605034e-01
4.752066115702479610e-01 8.312757201646090444e-01
4.752066115702479610e-01 8.930041152263374915e-01
4.793388429752066249e-01 6.995884773662551515e-02
4.793388429752066249e-01 7.407407407407406996e-02
4.793388429752066249e-01 7.818930041152263866e-02
4.793388429752066249e-01 8.230452674897119347e-02
4.793388429752066249e-01 8.641975308641974829e-02
4.793388429752066249e-01 9.053497942386831698e-02
4.793388429752066249e-01 9.465020576131687180e-02
4.793388429752066249e-01 2.386831275720164569e-01
4.793388429752066249e-01 2.427983539094650256e-01
4.793388429752066249e-01 2.469135802469135665e-01
4.793388429752066249e-01 2.510288065843621630e-01
4.793388429752066249e-01 2.551440329218107039e-01
4.793388429752066249e-01 2.592592592592592449e-01
4.793388429752066249e-01 2.633744855967078413e-01
4.793388429752066249e-01 2.674897119341563823e-01
4.793388429752066249e-01 2.716049382716049232e-01
4.793388429752066249e-01 2.757201646090535196e-01
4.793388429752066249e-01 2.798353909465020606e-01
4.793388429752066249e-01 2.839506172839506015e-01
4.793388429752066249e-01 2.880658436213991980e-01
4.793388429752066249e-01 2.921810699588477389e-01
4.793388429752066249e-01 2.962962962962962798e-01
4.793388429752066249e-01 3.004115226337448763e-01
4.793388429752066249e-01 3.045267489711934172e-01
4.793388429752066249e-01 3.086419753086419582e-01
4.793388429752066249e-01 3.127572016460905546e-01
4.793388429752066249e-01 3.168724279835390956e-01
4.793388429752066249e-01 3.209876543209876365e-01
4.793388429752066249e-01 3.251028806584362330e-01
4.793388429752066249e-01 3.292181069958847739e-01
4.793388429752066249e-01 3.333333333333333148e-01
4.793388429752066249e-01 3.374485596707819113e-01
4.793388429752066249e-01 3.415637860082304522e-01
4.793388429752066249e-01 3.456790123456789932e-01
4.793388429752066249e-01 3.497942386831275896e-01
4.793388429752066249e-01 3.539094650205761305e-01
4.793388429752066249e-01 3.580246913580246715e-01
4.793388429752066249e-01 3.621399176954732679e-01
4.793388429752066249e-01 3.662551440329218089e-01
4.793388429752066249e-01 3.703703703703703498e-01
4.793388429752066249e-01 3.744855967078189463e-01
4.793388429752066249e-01 3.786008230452674872e-01
4.793388429752066249e-01 3.827160493827160281e-01
4.793388429752066249e-01 4.773662551440329138e-01
4.793388429752066249e-01 5.390946502057613055e-01
4.793388429752066249e-01 5.432098765432098464e-01
4.793388429752066249e-01 5.473251028806583873e-01
4.793388429752066249e-01 5.514403292181070393e-01
4.793388429752066249e-01 5.555555555555555802e-01
4.793388429752066249e-01 5.596707818930041212e-01
4.793388429752066249e-01 5.637860082304526621e-01
4.793388429752066249e-01 5.679012345679012030e-01
4.793388429752066249e-01 5.720164609053497440e-01
4.793388429752066249e-01 5.761316872427983959e-01
4.793388429752066249e-01 5.802469135802469369e-01
4.793388429752066249e-01 5.843621399176954778e-01
4.793388429752066249e-01 5.884773662551440188e-01
4.793388429752066249e-01 5.925925925925925597e-01
4.793388429752066249e-01 5.967078189300411006e-01
4.793388429752066249e-01 6.008230452674897526e-01
4.793388429752066249e-01 6.049382716049382935e-01
4.793388429752066249e-01 6.090534979423868345e-01
4.793388429752066249e-01 6.131687242798353754e-01
4.793388429752066249e-01 6.172839506172839164e-01
4.793388429752066249e-01 6.213991769547324573e-01
4.793388429752066249e-01 6.255144032921811093e-01
4.793388429752066249e-01 6.296296296296296502e-01
4.793388429752066249e-01 6.337448559670781911e-01
4.793388429752066249e-01 6.378600823045267321e-01
4.793388429752066249e-01 6.419753086419752730e-01
4.793388429752066249e-01 6.790123456790123635e-01
4.793388429752066249e-01 7.366255144032921587e-01
4.793388429752066249e-01 7.407407407407406996e-01
4.793388429752066249e-01 7.448559670781893516e-01
4.793388429752066249e-01 8.930041152263374915e-01
4.834710743801652888e-01 3.045267489711934172e-01
4.834710743801652888e-01 4.814814814814814548e-01
4.834710743801652888e-01 4.855967078189300512e-01
4.834710743801652888e-01 4.897119341563785921e-01
4.834710743801652888e-01 4.938271604938271331e-01
4.834710743801652888e-01 4.979423868312757295e-01
4.834710743801652888e-01 5.020576131687243260e-01
4.834710743801652888e-01 5.061728395061728669e-01
4.834710743801652888e-01 5.102880658436214079e-01
4.834710743801652888e-01 5.144032921810699488e-01
4.834710743801652888e-01 5.185185185185184897e-01
4.834710743801652888e-01 5.226337448559670307e-01
4.834710743801652888e-01 5.267489711934156826e-01
4.834710743801652888e-01 5.308641975308642236e-01
4.834710743801652888e-01 5.349794238683127645e-01
4.834710743801652888e-01 6.460905349794238139e-01
4.834710743801652888e-01 6.502057613168724659e-01
4.834710743801652888e-01 6.543209876543210068e-01
4.834710743801652888e-01 6.584362139917695478e-01
4.834710743801652888e-01 6.625514403292180887e-01
4.834710743801652888e-01 6.666666666666666297e-01
4.834710743801652888e-01 6.707818930041152816e-01
4.834710743801652888e-01 6.748971193415638226e-01
4.834710743801652888e-01 6.790123456790123635e-01
4.834710743801652888e-01 6.831275720164609044e-01
4.834710743801652888e-01 6.872427983539094454e-01
4.834710743801652888e-01 6.913580246913579863e-01
4.834710743801652888e-01 6.954732510288066383e-01
4.834710743801652888e-01 6.995884773662551792e-01
4.834710743801652888e-01 7.037037037037037202e-01
4.834710743801652888e-01 7.078189300411522611e-01
4.834710743801652888e-01 7.119341563786008020e-01
4.834710743801652888e-01 7.160493827160493430e-01
4.834710743801652888e-01 7.201646090534979949e-01
4.834710743801652888e-01 7.242798353909465359e-01
4.834710743801652888e-01 7.283950617283950768e-01
4.834710743801652888e-01 7.325102880658436177e-01
4.834710743801652888e-01 8.930041152263374915e-01
4.876033057851239527e-01 3.045267489711934172e-01
4.876033057851239527e-01 4.897119341563785921e-01
4.876033057851239527e-01 6.790123456790123635e-01
4.876033057851239527e-01 8.930041152263374915e-01
4.917355371900826722e-01 3.045267489711934172e-01
4.917355371900826722e-01 4.897119341563785921e-01
4.917355371900826722e-01 6.790123456790123635e-01
4.917355371900826722e-01 8.930041152263374915e-01
4.958677685950413361e-01 3.045267489711934172e-01
4.958677685950413361e-01 4.897119341563785921e-01
4.958677685950413361e-01 6.790123456790123635e-01
4.958677685950413361e-01 8.930041152263374915e-01
5.000000000000000000e-01 3.045267489711934172e-01
5.000000000000000000e-01 4.855967078189300512e-01
5.000000000000000000e-01 4.897119341563785921e-01
5.000000000000000000e-01 6.790123456790123635e-01
5.000000000000000000e-01 8.930041152263374915e-01
5.041322314049586639e-01 3.004115226337448763e-01
5.041322314049586639e-01 4.814814814814814548e-01
5.041322314049586639e-01 4.938271604938271331e-01
5.041322314049586639e-01 6.790123456790123635e-01
5.041322314049586639e-01 8.930041152263374915e-01
5.082644628099173278e-01 3.004115226337448763e-01
5.082644628099173278e-01 4.814814814814814548e-01
5.082644628099173278e-01 4.979423868312757295e-01
5.082644628099173278e-01 6.790123456790123635e-01
5.082644628099173278e-01 8.971193415637860324e-01
5.123966942148759918e-01 2.962962962962962798e-01
5.123966942148759918e-01 4.773662551440329138e-01
5.123966942148759918e-01 4.979423868312757295e-01
5.123966942148759918e-01 6.790123456790123635e-01
5.123966942148759918e-01 8.930041152263374915e-01
5.123966942148759918e-01 8.971193415637860324e-01
5.123966942148759918e-01 9.012345679012345734e-01
5.123966942148759918e-01 9.053497942386831143e-01
5.123966942148759918e-01 9.094650205761316553e-01
5.123966942148759918e-01 9.135802469135801962e-01
5.123966942148759918e-01 9.176954732510288482e-01
5.123966942148759918e-01 9.218106995884773891e-01
5.123966942148759918e-01 9.259259259259259300e-01
5.165289256198346557e-01 2.839506172839506015e-01
5.165289256198346557e-01 2.880658436213991980e-01
5.165289256198346557e-01 2.921810699588477389e-01
5.165289256198346557e-01 3.004115226337448763e-01
5.165289256198346557e-01 4.773662551440329138e-01
5.165289256198346557e-01 5.020576131687243260e-01
5.165289256198346557e-01 6.790123456790123635e-01
5.165289256198346557e-01 8.930041152263374915e-01
5.165289256198346557e-01 9.300411522633744710e-01
5.206611570247934306e-01 2.798353909465020606e-01
5.206611570247934306e-01 3.045267489711934172e-01
5.206611570247934306e-01 4.732510288065843729e-01
5.206611570247934306e-01 5.061728395061728669e-01
5.206611570247934306e-01 6.790123456790123635e-01
5.206611570247934306e-01 8.888888888888888395e-01
5.206611570247934306e-01 9.300411522633744710e-01
5.247933884297520946e-01 2.757201646090535196e-01
5.247933884297520946e-01 3.086419753086419582e-01
5.247933884297520946e-01 4.691358024691357764e-01
5.247933884297520946e-01 5.102880658436214079e-01
5.247933884297520946e-01 6.790123456790123635e-01
5.247933884297520946e-01 8.888888888888888395e-01
5.247933884297520946e-01 9.341563786008230119e-01
5.289256198347107585e-01 2.716049382716049232e-01
5.289256198347107585e-01 3.086419753086419582e-01
5.289256198347107585e-01 4.691358024691357764e-01
5.289256198347107585e-01 5.102880658436214079e-01
5.289256198347107585e-01 5.144032921810699488e-01
5.289256198347107585e-01 5.185185185185184897e-01
5.289256198347107585e-01 5.226337448559670307e-01
5.289256198347107585e-01 6.790123456790123635e-01
5.289256198347107585e-01 8.888888888888888395e-01
5.289256198347107585e-01 9.382716049382715529e-01
5.289256198347107585e-01 9.423868312757202048e-01
5.330578512396694224e-01 2.716049382716049232e-01
5.330578512396694224e-01 3.127572016460905546e-01
5.330578512396694224e-01 4.691358024691357764e-01
5.330578512396694224e-01 5.102880658436214079e-01
5.330578512396694224e-01 5.267489711934156826e-01
5.330578512396694224e-01 5.308641975308642236e-01
5.330578512396694224e-01 5.349794238683127645e-01
5.330578512396694224e-01 6.790123456790123635e-01
5.330578512396694224e-01 6.831275720164609044e-01
5.330578512396694224e-01 8.888888888888888395e-01
5.330578512396694224e-01 9.465020576131687458e-01
5.371900826446280863e-01 2.633744855967078413e-01
5.371900826446280863e-01 2.674897119341563823e-01
5.371900826446280863e-01 3.127572016460905546e-01
5.371900826446280863e-01 4.691358024691357764e-01
5.371900826446280863e-01 5.061728395061728669e-01
5.371900826446280863e-01 5.390946502057613055e-01
5.371900826446280863e-01 5.432098765432098464e-01
5.371900826446280863e-01 5.473251028806583873e-01
5.371900826446280863e-01 6.748971193415638226e-01
5.371900826446280863e-01 6.872427983539094454e-01
5.371900826446280863e-01 6.913580246913579863e-01
5.371900826446280863e-01 8.888888888888888395e-01
5.371900826446280863e-01 9.506172839506172867e-01
5.371900826446280863e-01 9.547325102880658276e-01
5.371900826446280863e-01 9.588477366255143686e-01
5.413223140495867503e-01 2.592592592592592449e-01
5.413223140495867503e-01 3.127572016460905546e-01
5.413223140495867503e-01 4.650205761316872355e-01
5.413223140495867503e-01 5.061728395061728669e-01
5.413223140495867503e-01 5.514403292181070393e-01
5.413223140495867503e-01 5.555555555555555802e-01
5.413223140495867503e-01 5.596707818930041212e-01
5.413223140495867503e-01 5.637860082304526621e-01
5.413223140495867503e-01 5.679012345679012030e-01
5.413223140495867503e-01 6.707818930041152816e-01
5.413223140495867503e-01 6.954732510288066383e-01
5.413223140495867503e-01 8.888888888888888395e-01
5.413223140495867503e-01 9.629629629629629095e-01
5.413223140495867503e-01 9.670781893004115615e-01
5.413223140495867503e-01 9.711934156378601024e-01
5.413223140495867503e-01 9.753086419753086433e-01
5.413223140495867503e-01 9.794238683127571843e-01
5.413223140495867503e-01 9.835390946502057252e-01
5.454545454545454142e-01 2.551440329218107039e-01
5.454545454545454142e-01 3.127572016460905546e-01
5.454545454545454142e-01 4.650205761316872355e-01
5.454545454545454142e-01 4.691358024691357764e-01
5.454545454545454142e-01 4.732510288065843729e-01
5.454545454545454142e-01 4.773662551440329138e-01
5.454545454545454142e-01 4.814814814814814548e-01
5.454545454545454142e-01 5.061728395061728669e-01
5.454545454545454142e-01 5.720164609053497440e-01
5.454545454545454142e-01 5.761316872427983959e-01
5.454545454545454142e-01 6.666666666666666297e-01
5.454545454545454142e-01 6.995884773662551792e-01
5.454545454545454142e-01 8.888888888888888395e-01
5.454545454545454142e-01 9.876543209876542662e-01
5.454545454545454142e-01 9.917695473251029181e-01
5.495867768595040781e-01 2.551440329218107039e-01
5.495867768595040781e-01 3.127572016460905546e-01
5.495867768595040781e-01 4.609053497942386945e-01
5.495867768595040781e-01 4.855967078189300512e-01
5.495867768595040781e-01 5.061728395061728669e-01
5.495867768595040781e-01 5.802469135802469369e-01
5.495867768595040781e-01 6.666666666666666297e-01
5.495867768595040781e-01 7.037037037037037202e-01
5.495867768595040781e-01 7.078189300411522611e-01
5.495867768595040781e-01 7.119341563786008020e-01
5.495867768595040781e-01 7.160493827160493430e-01
5.495867768595040781e-01 8.888888888888888395e-01
5.495867768595040781e-01 9.958847736625514591e-01
5.537190082644628530e-01 2.510288065843621630e-01
5.537190082644628530e-01 3.168724279835390956e-01
5.537190082644628530e-01 4.567901234567900981e-01
5.537190082644628530e-01 4.897119341563785921e-01
5.537190082644628530e-01 5.020576131687243260e-01
5.537190082644628530e-01 5.843621399176954778e-01
5.537190082644628530e-01 6.666666666666666297e-01
5.537190082644628530e-01 7.201646090534979949e-01
5.537190082644628530e-01 8.888888888888888395e-01
5.537190082644628530e-01 1.000000000000000000e+00
5.578512396694215170e-01 2.469135802469135665e-01
5.578512396694215170e-01 3.168724279835390956e-01
5.578512396694215170e-01 4.526748971193415572e-01
5.578512396694215170e-01 4.938271604938271331e-01
5.578512396694215170e-01 4.979423868312757295e-01
5.578512396694215170e-01 5.884773662551440188e-01
5.578512396694215170e-01 6.666666666666666297e-01
5.578512396694215170e-01 7.242798353909465359e-01
5.578512396694215170e-01 8.888888888888888395e-01
5.578512396694215170e-01 1.000000000000000000e+00
5.619834710743801809e-01 2.427983539094650256e-01
5.619834710743801809e-01 3.127572016460905546e-01
5.619834710743801809e-01 4.526748971193415572e-01
5.619834710743801809e-01 4.938271604938271331e-01
5.619834710743801809e-01 5.925925925925925597e-01
5.619834710743801809e-01 6.666666666666666297e-01
5.619834710743801809e-01 7.283950617283950768e-01
5.619834710743801809e-01 8.888888888888888395e-01
5.619834710743801809e-01 1.000000000000000000e+00
5.661157024793388448e-01 2.427983539094650256e-01
5.661157024793388448e-01 3.127572016460905546e-01
5.661157024793388448e-01 4.526748971193415572e-01
5.661157024793388448e-01 4.938271604938271331e-01
5.661157024793388448e-01 6.666666666666666297e-01
5.661157024793388448e-01 7.325102880658436177e-01
5.661157024793388448e-01 8.888888888888888395e-01
5.702479338842975087e-01 2.427983539094650256e-01
5.702479338842975087e-01 3.127572016460905546e-01
5.702479338842975087e-01 4.485596707818930162e-01
5.702479338842975087e-01 4.526748971193415572e-01
5.702479338842975087e-01 4.938271604938271331e-01
5.702479338842975087e-01 6.666666666666666297e-01
5.702479338842975087e-01 7.366255144032921587e-01
5.702479338842975087e-01 8.888888888888888395e-01
5.743801652892561727e-01 2.427983539094650256e-01
5.743801652892561727e-01 3.127572016460905546e-01
5.743801652892561727e-01 3.168724279835390956e-01
5.743801652892561727e-01 4.444444444444444198e-01
5.743801652892561727e-01 4.567901234567900981e-01
5.743801652892561727e-01 4.938271604938271331e-01
5.743801652892561727e-01 6.707818930041152816e-01
5.743801652892561727e-01 7.407407407407406996e-01
5.743801652892561727e-01 7.448559670781893516e-01
5.743801652892561727e-01 7.489711934156378925e-01
5.743801652892561727e-01 7.530864197530864335e-01
5.743801652892561727e-01 8.847736625514402986e-01
5.785123966942148366e-01 2.427983539094650256e-01
5.785123966942148366e-01 3.086419753086419582e-01
5.785123966942148366e-01 3.209876543209876365e-01
5.785123966942148366e-01 4.403292181069958788e-01
5.785123966942148366e-01 4.609053497942386945e-01
5.785123966942148366e-01 4.897119341563785921e-01
5.785123966942148366e-01 4.938271604938271331e-01
5.785123966942148366e-01 6.707818930041152816e-01
5.785123966942148366e-01 7.572016460905349744e-01
5.785123966942148366e-01 7.613168724279835153e-01
5.785123966942148366e-01 7.654320987654320563e-01
5.785123966942148366e-01 7.695473251028807082e-01
5.785123966942148366e-01 8.765432098765432167e-01
5.785123966942148366e-01 8.806584362139917577e-01
5.785123966942148366e-01 8.847736625514402986e-01
5.826446280991735005e-01 2.386831275720164569e-01
5.826446280991735005e-01 3.086419753086419582e-01
5.826446280991735005e-01 3.251028806584362330e-01
5.826446280991735005e-01 3.292181069958847739e-01
5.826446280991735005e-01 4.403292181069958788e-01
5.826446280991735005e-01 4.650205761316872355e-01
5.826446280991735005e-01 4.814814814814814548e-01
5.826446280991735005e-01 4.855967078189300512e-01
5.826446280991735005e-01 4.979423868312757295e-01
5.826446280991735005e-01 6.625514403292180887e-01
5.826446280991735005e-01 6.666666666666666297e-01
5.826446280991735005e-01 6.748971193415638226e-01
5.826446280991735005e-01 6.790123456790123635e-01
5.826446280991735005e-01 6.831275720164609044e-01
5.826446280991735005e-01 8.641975308641974829e-01
5.826446280991735005e-01 8.683127572016461349e-01
5.826446280991735005e-01 8.724279835390946758e-01
5.826446280991735005e-01 8.888888888888888395e-01
5.826446280991735005e-01 8.930041152263374915e-01
5.867768595041322754e-01 2.345679012345678882e-01
5.867768595041322754e-01 3.086419753086419582e-01
5.867768595041322754e-01 4.403292181069958788e-01
5.867768595041322754e-01 4.691358024691357764e-01
5.867768595041322754e-01 4.732510288065843729e-01
5.867768595041322754e-01 4.773662551440329138e-01
5.867768595041322754e-01 4.979423868312757295e-01
5.867768595041322754e-01 6.584362139917695478e-01
5.867768595041322754e-01 6.872427983539094454e-01
5.867768595041322754e-01 8.600823045267489420e-01
5.867768595041322754e-01 8.971193415637860324e-01
5.909090909090909394e-01 2.304526748971193473e-01
5.909090909090909394e-01 3.086419753086419582e-01
5.909090909090909394e-01 4.362139917695473379e-01
5.909090909090909394e-01 5.020576131687243260e-01
5.909090909090909394e-01 6.584362139917695478e-01
5.909090909090909394e-01 6.913580246913579863e-01
5.909090909090909394e-01 8.559670781893004010e-01
5.909090909090909394e-01 8.971193415637860324e-01
5.950413223140496033e-01 2.263374485596707786e-01
5.950413223140496033e-01 3.086419753086419582e-01
5.950413223140496033e-01 4.362139917695473379e-01
5.950413223140496033e-01 5.020576131687243260e-01
5.950413223140496033e-01 6.584362139917695478e-01
5.950413223140496033e-01 6.954732510288066383e-01
5.950413223140496033e-01 8.436213991769547782e-01
5.950413223140496033e-01 8.477366255144033191e-01
5.950413223140496033e-01 8.518518518518518601e-01
5.950413223140496033e-01 8.971193415637860324e-01
5.991735537190082672e-01 2.222222222222222099e-01
5.991735537190082672e-01 3.086419753086419582e-01
5.991735537190082672e-01 4.362139917695473379e-01
5.991735537190082672e-01 5.020576131687243260e-01
5.991735537190082672e-01 6.584362139917695478e-01
5.991735537190082672e-01 6.954732510288066383e-01
5.991735537190082672e-01 8.395061728395061262e-01
5.991735537190082672e-01 8.971193415637860324e-01
6.033057851239669311e-01 2.181069958847736689e-01
6.033057851239669311e-01 3.086419753086419582e-01
6.033057851239669311e-01 4.362139917695473379e-01
6.033057851239669311e-01 6.584362139917695478e-01
6.033057851239669311e-01 6.995884773662551792e-01
6.033057851239669311e-01 8.353909465020575853e-01
6.033057851239669311e-01 8.971193415637860324e-01
6.074380165289255951e-01 2.139917695473251003e-01
6.074380165289255951e-01 3.086419753086419582e-01
6.074380165289255951e-01 4.320987654320987414e-01
6.074380165289255951e-01 6.584362139917695478e-01
6.074380165289255951e-01 6.995884773662551792e-01
6.074380165289255951e-01 8.312757201646090444e-01
6.074380165289255951e-01 8.971193415637860324e-01
6.115702479338842590e-01 2.139917695473251003e-01
6.115702479338842590e-01 3.045267489711934172e-01
6.115702479338842590e-01 4.320987654320987414e-01
6.115702479338842590e-01 6.584362139917695478e-01
6.115702479338842590e-01 7.037037037037037202e-01
6.115702479338842590e-01 8.271604938271605034e-01
6.115702479338842590e-01 8.971193415637860324e-01
6.157024793388429229e-01 2.098765432098765316e-01
6.157024793388429229e-01 4.279835390946502005e-01
6.157024793388429229e-01 6.543209876543210068e-01
6.157024793388429229e-01 7.037037037037037202e-01
6.157024793388429229e-01 8.148148148148147696e-01
6.157024793388429229e-01 8.189300411522634215e-01
6.157024793388429229e-01 8.230452674897119625e-01
6.157024793388429229e-01 8.971193415637860324e-01
6.198347107438016979e-01 2.057613168724279906e-01
6.198347107438016979e-01 4.279835390946502005e-01
6.198347107438016979e-01 6.543209876543210068e-01
6.198347107438016979e-01 7.078189300411522611e-01
6.198347107438016979e-01 8.065843621399176877e-01
6.198347107438016979e-01 8.106995884773662286e-01
6.198347107438016979e-01 8.971193415637860324e-01
6.239669421487603618e-01 2.016460905349794219e-01
6.239669421487603618e-01 4.238683127572016596e-01
6.239669421487603618e-01 6.543209876543210068e-01
6.239669421487603618e-01 7.119341563786008020e-01
6.239669421487603618e-01 8.024691358024691468e-01
6.239669421487603618e-01 8.971193415637860324e-01
6.280991735537190257e-01 1.975308641975308532e-01
6.280991735537190257e-01 4.197530864197530631e-01
6.280991735537190257e-01 6.543209876543210068e-01
6.280991735537190257e-01 7.119341563786008020e-01
6.280991735537190257e-01 7.983539094650206058e-01
6.280991735537190257e-01 8.971193415637860324e-01
6.322314049586776896e-01 1.934156378600823123e-01
6.322314049586776896e-01 4.197530864197530631e-01
6.322314049586776896e-01 6.502057613168724659e-01
6.322314049586776896e-01 7.160493827160493430e-01
6.322314049586776896e-01 7.901234567901234129e-01
6.322314049586776896e-01 7.942386831275720649e-01
6.322314049586776896e-01 8.971193415637860324e-01
6.363636363636363535e-01 1.893004115226337436e-01
6.363636363636363535e-01 4.156378600823045222e-01
6.363636363636363535e-01 6.502057613168724659e-01
6.363636363636363535e-01 7.201646090534979949e-01
6.363636363636363535e-01 7.695473251028807082e-01
6.363636363636363535e-01 7.736625514403292492e-01
6.363636363636363535e-01 7.777777777777777901e-01
6.363636363636363535e-01 7.818930041152263311e-01
6.363636363636363535e-01 7.860082304526748720e-01
6.363636363636363535e-01 8.971193415637860324e-01
6.404958677685950175e-01 1.851851851851851749e-01
6.404958677685950175e-01 4.156378600823045222e-01
6.404958677685950175e-01 6.502057613168724659e-01
6.404958677685950175e-01 7.242798353909465359e-01
6.404958677685950175e-01 7.489711934156378925e-01
6.404958677685950175e-01 7.530864197530864335e-01
6.404958677685950175e-01 7.572016460905349744e-01
6.404958677685950175e-01 7.613168724279835153e-01
6.404958677685950175e-01 7.654320987654320563e-01
6.404958677685950175e-01 8.930041152263374915e-01
6.446280991735536814e-01 1.810699588477366340e-01
6.446280991735536814e-01 4.115226337448559812e-01
6.446280991735536814e-01 6.502057613168724659e-01
6.446280991735536814e-01 7.283950617283950768e-01
6.446280991735536814e-01 7.325102880658436177e-01
6.446280991735536814e-01 7.366255144032921587e-01
6.446280991735536814e-01 7.407407407407406996e-01
6.446280991735536814e-01 7.448559670781893516e-01
6.446280991735536814e-01 8.930041152263374915e-01
6.487603305785123453e-01 1.728395061728394966e-01
6.487603305785123453e-01 1.769547325102880653e-01
6.487603305785123453e-01 4.115226337448559812e-01
6.487603305785123453e-01 6.502057613168724659e-01
6.487603305785123453e-01 8.847736625514402986e-01
6.487603305785123453e-01 8.888888888888888395e-01
6.528925619834711203e-01 1.687242798353909556e-01
6.528925619834711203e-01 4.074074074074073848e-01
6.528925619834711203e-01 6.460905349794238139e-01
6.528925619834711203e-01 8.765432098765432167e-01
6.528925619834711203e-01 8.806584362139917577e-01
6.528925619834711203e-01 8.930041152263374915e-01
6.570247933884297842e-01 1.687242798353909556e-01
6.570247933884297842e-01 4.074074074074073848e-01
6.570247933884297842e-01 6.460905349794238139e-01
6.570247933884297842e-01 8.724279835390946758e-01
6.570247933884297842e-01 8.971193415637860324e-01
6.611570247933884481e-01 1.646090534979423869e-01
6.611570247933884481e-01 4.032921810699588439e-01
6.611570247933884481e-01 6.419753086419752730e-01
6.611570247933884481e-01 6.954732510288066383e-01
6.611570247933884481e-01 8.683127572016461349e-01
6.611570247933884481e-01 8.971193415637860324e-01
6.652892561983471120e-01 1.604938271604938183e-01
6.652892561983471120e-01 4.032921810699588439e-01
6.652892561983471120e-01 5.967078189300411006e-01
6.652892561983471120e-01 6.008230452674897526e-01
6.652892561983471120e-01 6.049382716049382935e-01
6.652892561983471120e-01 6.090534979423868345e-01
6.652892561983471120e-01 6.131687242798353754e-01
6.652892561983471120e-01 6.172839506172839164e-01
6.652892561983471120e-01 6.213991769547324573e-01
6.652892561983471120e-01 6.255144032921811093e-01
6.652892561983471120e-01 6.378600823045267321e-01
6.652892561983471120e-01 6.995884773662551792e-01
6.652892561983471120e-01 7.037037037037037202e-01
6.652892561983471120e-01 8.683127572016461349e-01
6.652892561983471120e-01 8.971193415637860324e-01
6.694214876033057759e-01 1.522633744855967086e-01
6.694214876033057759e-01 1.563786008230452773e-01
6.694214876033057759e-01 3.991769547325103029e-01
6.694214876033057759e-01 5.884773662551440188e-01
6.694214876033057759e-01 5.925925925925925597e-01
6.694214876033057759e-01 6.296296296296296502e-01
6.694214876033057759e-01 6.337448559670781911e-01
6.694214876033057759e-01 8.641975308641974829e-01
6.694214876033057759e-01 8.971193415637860324e-01
6.735537190082644399e-01 1.481481481481481399e-01
6.735537190082644399e-01 3.991769547325103029e-01
6.735537190082644399e-01 5.761316872427983959e-01
6.735537190082644399e-01 5.802469135802469369e-01
6.735537190082644399e-01 5.843621399176954778e-01
6.735537190082644399e-01 6.337448559670781911e-01
6.735537190082644399e-01 8.641975308641974829e-01
6.735537190082644399e-01 8.971193415637860324e-01
6.776859504132231038e-01 1.440329218106995990e-01
6.776859504132231038e-01 3.950617283950617065e-01
6.776859504132231038e-01 6.378600823045267321e-01
6.776859504132231038e-01 8.600823045267489420e-01
6.776859504132231038e-01 8.971193415637860324e-01
6.818181818181817677e-01 1.399176954732510303e-01
6.818181818181817677e-01 3.950617283950617065e-01
6.818181818181817677e-01 6.378600823045267321e-01
6.818181818181817677e-01 8.600823045267489420e-01
6.818181818181817677e-01 8.971193415637860324e-01
6.859504132231405427e-01 1.399176954732510303e-01
6.859504132231405427e-01 3.950617283950617065e-01
6.859504132231405427e-01 6.419753086419752730e-01
6.859504132231405427e-01 8.559670781893004010e-01
6.859504132231405427e-01 8.971193415637860324e-01
6.900826446280992066e-01 1.316872427983539207e-01
6.900826446280992066e-01 1.358024691358024616e-01
6.900826446280992066e-01 3.909465020576131655e-01
6.900826446280992066e-01 6.419753086419752730e-01
6.900826446280992066e-01 8.559670781893004010e-01
6.900826446280992066e-01 8.971193415637860324e-01
6.942148760330578705e-01 1.234567901234567833e-01
6.942148760330578705e-01 1.275720164609053520e-01
6.942148760330578705e-01 3.909465020576131655e-01
6.942148760330578705e-01 6.460905349794238139e-01
6.942148760330578705e-01 8.559670781893004010e-01
6.942148760330578705e-01 8.971193415637860324e-01
6.983471074380165344e-01 1.193415637860082285e-01
6.983471074380165344e-01 3.909465020576131655e-01
6.983471074380165344e-01 6.460905349794238139e-01
6.983471074380165344e-01 8.559670781893004010e-01
6.983471074380165344e-01 8.971193415637860324e-01
7.024793388429751984e-01 1.152263374485596736e-01
7.024793388429751984e-01 3.909465020576131655e-01
7.024793388429751984e-01 6.460905349794238139e-01
7.024793388429751984e-01 8.559670781893004010e-01
7.024793388429751984e-01 8.971193415637860324e-01
7.066115702479338623e-01 1.111111111111111049e-01
7.066115702479338623e-01 3.868312757201646246e-01
7.066115702479338623e-01 6.419753086419752730e-01
7.066115702479338623e-01 8.518518518518518601e-01
7.066115702479338623e-01 8.971193415637860324e-01
7.107438016528925262e-01 1.111111111111111049e-01
7.107438016528925262e-01 3.827160493827160281e-01
7.107438016528925262e-01 6.419753086419752730e-01
7.107438016528925262e-01 8.477366255144033191e-01
7.107438016528925262e-01 8.971193415637860324e-01
7.148760330578511901e-01 1.069958847736625501e-01
7.148760330578511901e-01 3.827160493827160281e-01
7.148760330578511901e-01 6.419753086419752730e-01
7.148760330578511901e-01 8.971193415637860324e-01
7.190082644628099651e-01 1.028806584362139953e-01
7.190082644628099651e-01 3.827160493827160281e-01
7.190082644628099651e-01 6.419753086419752730e-01
7.190082644628099651e-01 8.971193415637860324e-01
7.231404958677686290e-01 9.876543209876542662e-02
7.231404958677686290e-01 3.786008230452674872e-01
7.231404958677686290e-01 6.419753086419752730e-01
7.231404958677686290e-01 8.971193415637860324e-01
7.272727272727272929e-01 9.465020576131687180e-02
7.272727272727272929e-01 3.744855967078189463e-01
7.272727272727272929e-01 6.378600823045267321e-01
7.272727272727272929e-01 8.971193415637860324e-01
7.314049586776859568e-01 3.703703703703703498e-01
7.314049586776859568e-01 6.378600823045267321e-01
7.314049586776859568e-01 8.971193415637860324e-01
7.355371900826446208e-01 3.662551440329218089e-01
7.355371900826446208e-01 6.378600823045267321e-01
7.355371900826446208e-01 8.971193415637860324e-01
7.396694214876032847e-01 3.621399176954732679e-01
7.396694214876032847e-01 6.378600823045267321e-01
7.396694214876032847e-01 8.971193415637860324e-01
7.438016528925619486e-01 3.580246913580246715e-01
7.438016528925619486e-01 6.378600823045267321e-01
7.438016528925619486e-01 8.930041152263374915e-01
7.479338842975206125e-01 3.580246913580246715e-01
7.479338842975206125e-01 6.378600823045267321e-01
7.479338842975206125e-01 8.930041152263374915e-01
7.520661157024793875e-01 3.539094650205761305e-01
7.520661157024793875e-01 6.378600823045267321e-01
7.520661157024793875e-01 8.971193415637860324e-01
7.561983471074380514e-01 3.497942386831275896e-01
7.561983471074380514e-01 6.378600823045267321e-01
7.561983471074380514e-01 8.930041152263374915e-01
7.603305785123967153e-01 3.456790123456789932e-01
7.603305785123967153e-01 6.378600823045267321e-01
7.603305785123967153e-01 8.930041152263374915e-01
7.644628099173553792e-01 3.456790123456789932e-01
7.644628099173553792e-01 6.378600823045267321e-01
7.644628099173553792e-01 8.930041152263374915e-01
7.685950413223140432e-01 3.415637860082304522e-01
7.685950413223140432e-01 6.378600823045267321e-01
7.685950413223140432e-01 8.930041152263374915e-01
7.727272727272727071e-01 3.374485596707819113e-01
7.727272727272727071e-01 6.378600823045267321e-01
7.727272727272727071e-01 8.888888888888888395e-01
7.768595041322313710e-01 3.333333333333333148e-01
7.768595041322313710e-01 6.378600823045267321e-01
7.768595041322313710e-01 8.888888888888888395e-01
7.809917355371900349e-01 3.251028806584362330e-01
7.809917355371900349e-01 3.292181069958847739e-01
7.809917355371900349e-01 6.378600823045267321e-01
7.809917355371900349e-01 6.419753086419752730e-01
7.809917355371900349e-01 6.460905349794238139e-01
7.809917355371900349e-01 8.888888888888888395e-01
7.851239669421488099e-01 3.209876543209876365e-01
7.851239669421488099e-01 6.337448559670781911e-01
7.851239669421488099e-01 6.502057613168724659e-01
7.851239669421488099e-01 6.543209876543210068e-01
7.851239669421488099e-01 8.888888888888888395e-01
7.892561983471074738e-01 3.127572016460905546e-01
7.892561983471074738e-01 3.168724279835390956e-01
7.892561983471074738e-01 6.296296296296296502e-01
7.892561983471074738e-01 6.584362139917695478e-01
7.892561983471074738e-01 8.888888888888888395e-01
7.933884297520661377e-01 3.086419753086419582e-01
7.933884297520661377e-01 6.296296296296296502e-01
7.933884297520661377e-01 8.888888888888888395e-01
7.975206611570248016e-01 6.255144032921811093e-01
7.975206611570248016e-01 8.888888888888888395e-01
8.016528925619834656e-01 6.213991769547324573e-01
8.016528925619834656e-01 8.888888888888888395e-01
8.057851239669421295e-01 6.213991769547324573e-01
8.057851239669421295e-01 8.847736625514402986e-01
8.099173553719007934e-01 6.213991769547324573e-01
8.099173553719007934e-01 8.847736625514402986e-01
8.140495867768594573e-01 6.213991769547324573e-01
8.140495867768594573e-01 8.847736625514402986e-01
8.181818181818182323e-01 6.213991769547324573e-01
8.181818181818182323e-01 8.847736625514402986e-01
8.223140495867768962e-01 6.213991769547324573e-01
8.223140495867768962e-01 8.847736625514402986e-01
8.264462809917355601e-01 6.213991769547324573e-01
8.264462809917355601e-01 8.847736625514402986e-01
8.305785123966942241e-01 6.172839506172839164e-01
8.305785123966942241e-01 8.847736625514402986e-01
8.347107438016528880e-01 6.131687242798353754e-01
8.347107438016528880e-01 8.847736625514402986e-01
8.388429752066115519e-01 6.131687242798353754e-01
8.388429752066115519e-01 8.847736625514402986e-01
8.429752066115702158e-01 6.131687242798353754e-01
8.429752066115702158e-01 8.847736625514402986e-01
8.471074380165288797e-01 6.090534979423868345e-01
8.471074380165288797e-01 8.847736625514402986e-01
8.512396694214876547e-01 6.090534979423868345e-01
8.512396694214876547e-01 8.847736625514402986e-01
8.553719008264463186e-01 6.090534979423868345e-01
8.553719008264463186e-01 8.847736625514402986e-01
8.595041322314049825e-01 6.090534979423868345e-01
8.595041322314049825e-01 8.847736625514402986e-01
8.636363636363636465e-01 6.090534979423868345e-01
8.636363636363636465e-01 8.847736625514402986e-01
8.677685950413223104e-01 6.090534979423868345e-01
8.677685950413223104e-01 8.847736625514402986e-01
8.719008264462809743e-01 6.090534979423868345e-01
8.719008264462809743e-01 8.847736625514402986e-01
8.760330578512396382e-01 6.090534979423868345e-01
8.760330578512396382e-01 8.847736625514402986e-01
8.801652892561983021e-01 6.090534979423868345e-01
8.801652892561983021e-01 8.847736625514402986e-01
8.842975206611570771e-01 6.049382716049382935e-01
8.842975206611570771e-01 8.806584362139917577e-01
8.884297520661157410e-01 6.049382716049382935e-01
8.884297520661157410e-01 8.806584362139917577e-01
8.925619834710744049e-01 6.008230452674897526e-01
8.925619834710744049e-01 8.806584362139917577e-01
8.966942148760330689e-01 6.008230452674897526e-01
8.966942148760330689e-01 8.806584362139917577e-01
9.008264462809917328e-01 6.008230452674897526e-01
9.008264462809917328e-01 8.806584362139917577e-01
9.049586776859503967e-01 6.008230452674897526e-01
9.049586776859503967e-01 8.806584362139917577e-01
9.090909090909090606e-01 6.008230452674897526e-01
9.090909090909090606e-01 8.806584362139917577e-01
9.132231404958677246e-01 5.967078189300411006e-01
9.132231404958677246e-01 8.806584362139917577e-01
9.173553719008264995e-01 5.967078189300411006e-01
9.173553719008264995e-01 8.806584362139917577e-01
9.214876033057851634e-01 5.967078189300411006e-01
9.214876033057851634e-01 8.806584362139917577e-01
9.256198347107438273e-01 5.925925925925925597e-01
9.256198347107438273e-01 8.806584362139917577e-01
9.297520661157024913e-01 5.925925925925925597e-01
9.297520661157024913e-01 8.806584362139917577e-01
9.338842975206611552e-01 5.925925925925925597e-01
9.338842975206611552e-01 8.806584362139917577e-01
9.380165289256198191e-01 5.925925925925925597e-01
9.380165289256198191e-01 8.806584362139917577e-01
9.421487603305784830e-01 5.884773662551440188e-01
9.421487603305784830e-01 8.806584362139917577e-01
9.462809917355371470e-01 5.884773662551440188e-01
9.504132231404959219e-01 5.884773662551440188e-01
9.545454545454545858e-01 5.884773662551440188e-01
9.586776859504132497e-01 5.884773662551440188e-01
9.628099173553719137e-01 5.884773662551440188e-01
9.669421487603305776e-01 5.843621399176954778e-01
9.710743801652892415e-01 5.843621399176954778e-01
9.752066115702479054e-01 5.843621399176954778e-01
9.793388429752065694e-01 5.843621399176954778e-01
9.834710743801653443e-01 5.843621399176954778e-01
9.876033057851240082e-01 5.843621399176954778e-01
9.917355371900826722e-01 5.802469135802469369e-01
9.958677685950413361e-01 5.802469135802469369e-01
1.000000000000000000e+00 5.802469135802469369e-01
