1.797593868104740977e-04 8.132866418551006893e-01
6.467921775765717030e-04 8.150924751034760440e-01
1.427687006071209908e-03 8.182425132321485828e-01
2.317028585821390152e-03 8.214202738070691678e-01
3.622448071837425232e-03 8.244256426153073747e-01
5.493342410773038864e-03 8.259742749529729311e-01
3.468568203970789909e-03 8.647029067385818557e-01
1.561096752993762493e-03 8.649939640756111325e-01
8.435292868856705817e-03 8.326804292165050914e-01
6.825390738416828307e-03 8.570690762043799982e-01
3.855315525473926308e-03 8.578743286092173070e-01
7.843137254901960675e-03 8.347107438016528880e-01
7.843137254901960675e-03 8.429752066115702158e-01
1.011859369646830875e-02 8.443124958964387528e-01
8.466835368388131444e-03 8.474961245020713463e-01
6.576869405769542043e-03 8.495501740758638620e-01
1.176470588235294101e-02 8.388429752066115519e-01
1.568627450980392135e-02 8.388429752066115519e-01
1.960784313725490169e-02 8.388429752066115519e-01
2.352941176470588203e-02 8.388429752066115519e-01
2.745098039215686236e-02 8.347107438016528880e-01
3.137254901960784270e-02 8.347107438016528880e-01
3.529411764705882304e-02 8.305785123966942241e-01
3.913908782309519219e-02 8.338173587117652108e-01
4.143536790347128462e-02 8.344674349073628594e-01
4.904157250352642050e-02 8.325463124196822440e-01
5.146545152551969260e-02 8.337369491341369843e-01
5.508656472198245058e-02 8.341581553099522983e-01
5.890995942086994785e-02 8.343316417299057042e-01
6.279354748409127218e-02 8.344496059284857159e-01
7.291054377953211374e-02 4.772624621487199792e-01
6.669037812486446060e-02 8.344728441001926234e-01
7.169923933003755079e-02 4.788974156922637948e-01
7.058823527440896695e-02 8.344942701946557184e-01
7.728354937269114877e-02 4.815191811139210576e-01
7.448609232148965809e-02 8.344728441001926234e-01
8.252421162985995595e-02 4.844305301142841080e-01
7.837672281318958101e-02 8.344025329565475380e-01
8.699404659735805734e-02 4.855424160530313338e-01
8.225110374504070176e-02 8.342234049336830770e-01
8.792615614046214723e-02 4.876117803758100444e-01
8.606619439350313150e-02 8.339202555939401185e-01
8.913980112182816329e-02 4.898326447626098479e-01
8.965438303775062623e-02 8.332780104242111241e-01
9.673916760229450684e-02 4.893614942003965407e-01
9.202025297426563721e-02 8.317721170019204413e-01
9.848182054074462732e-02 4.917425379696156451e-01
1.000639789500365057e-01 8.332302825302193572e-01
1.002550835492929393e-01 4.941234834288239508e-01
1.024304363764731163e-01 8.316605439186404158e-01
1.082528732032241175e-01 4.936871945988848820e-01
1.059888311020639601e-01 8.308816617073333521e-01
1.097680675812715001e-01 4.959089286108672168e-01
1.096974435459831532e-01 8.302753630278474350e-01
1.115918536935293776e-01 4.982556545306459084e-01
1.132558381333308023e-01 8.294964808747480323e-01
1.196655871154850004e-01 4.977512801997363567e-01
1.156284958398079155e-01 8.279738152642110993e-01
1.214578219434056944e-01 5.001207491222885437e-01
1.236506142005251302e-01 8.294931444712753121e-01
1.231947630004701644e-01 5.024924410972744226e-01
1.260019797192630797e-01 8.280698410841474955e-01
1.311773254138910716e-01 5.023924430701419697e-01
1.295654303113491779e-01 8.275449800445536797e-01
1.318029599807535590e-01 5.055845857699871049e-01
1.333333334345327414e-01 8.274209587858828430e-01
1.397476371231616832e-01 5.053515442385345668e-01
1.371012361224868692e-01 8.275449800445536797e-01
1.417021349517573747e-01 5.074119769240736932e-01
1.406820807352607283e-01 8.280273499573419516e-01
1.529972332401895174e-01 3.511925964277215484e-01
1.447461989056547382e-01 5.089053770032718749e-01
1.430587717669778713e-01 8.293971141707922046e-01
1.540009086367254143e-01 3.511314326179890144e-01
1.467794934634630566e-01 5.109554979688495369e-01
1.510680823468183165e-01 8.277829886656562497e-01
1.564536295255974929e-01 3.510488427210693430e-01
1.548488993786604206e-01 5.102687234132096128e-01
1.534654780763530235e-01 8.291882700296426822e-01
1.593808976832923330e-01 3.509314585763822492e-01
1.567144303773210234e-01 5.125735637368412645e-01
1.570648602866248078e-01 8.298350971900234629e-01
1.625281069802083922e-01 3.507523305535177882e-01
1.585115094577857209e-01 5.148822577277675228e-01
1.608707437273194929e-01 8.301994103249470403e-01
1.657614605884779879e-01 3.504491812137748297e-01
1.664996493292753288e-01 5.147077735688552202e-01
1.647306203705417860e-01 8.304611282301792574e-01
1.688822616226103857e-01 3.498494270544360574e-01
1.671988309055165156e-01 5.178214725980549993e-01
1.685853193732042565e-01 8.307383875517715399e-01
1.708579305961143713e-01 3.483970729222382601e-01
1.751390062674295645e-01 5.173981866610721791e-01
1.724198703852130587e-01 8.310536446816130240e-01
1.785252630190156953e-01 3.499500345157782744e-01
1.772141619414255576e-01 5.192227067237273896e-01
1.761870190213598864e-01 8.314869425385567059e-01
1.809164586431328547e-01 3.484976803835804771e-01
1.805871628150092778e-01 5.202324828933944101e-01
1.797233827948551965e-01 8.322245922182063271e-01
1.845220407405434582e-01 3.478979262242417048e-01
1.841442287397370148e-01 5.210551289711167211e-01
1.820037728604659844e-01 8.337976959310779979e-01
1.883371314690414078e-01 3.475947768844987462e-01
1.875530836261425360e-01 5.220237450485603059e-01
1.900816535782616779e-01 8.326586352772856747e-01
1.922115123208570087e-01 3.474156488616342853e-01
1.896548197120793422e-01 5.238346242622957671e-01
1.921568627240613780e-01 8.347107438294620874e-01
1.961083430925974203e-01 3.472982647169471915e-01
1.975832954505641059e-01 5.233757361915917228e-01
1.942320719119343952e-01 8.367628523260201012e-01
2.000154072276927875e-01 3.472156748200275200e-01
1.983442028751596919e-01 5.264441290550888608e-01
2.023099526297301165e-01 8.356237916722277781e-01
2.039277689516019731e-01 3.471545110102949860e-01
2.063093041544597495e-01 5.260267633028821166e-01
2.045903428117561984e-01 8.371968953850994488e-01
2.078431371207513090e-01 3.471074380165289353e-01
2.083508976404190027e-01 5.279366694638998325e-01
2.081329064578384125e-01 8.378874720054994008e-01
2.117647060165036010e-01 3.471074380165289353e-01
2.115925371674272915e-01 5.291222311251591037e-01
2.119092625564114873e-01 8.382596061545739552e-01
2.156862743756532697e-01 3.471074380165289353e-01
2.147626469879612143e-01 5.303171992317334826e-01
2.157583176951590742e-01 8.384922733511159798e-01
2.196078431660856978e-01 3.471074380165289353e-01
2.162258669779654197e-01 5.320743790843085463e-01
2.196377548573033023e-01 8.386521485061932957e-01
2.235294116305552303e-01 3.471074380165289353e-01
2.232248135489713070e-01 5.334249935288478683e-01
2.235448189123631357e-01 8.387347384031129671e-01
2.274509804448167916e-01 3.471074380165289353e-01
2.301956140965807640e-01 5.345712184659705546e-01
2.274571807163078552e-01 8.387959022128455011e-01
2.313725488854571910e-01 3.471074380165289353e-01
2.317227498235582828e-01 5.368817326832131531e-01
2.313725488854571910e-01 8.388429752066115519e-01
2.352941176758896191e-01 3.471074380165289353e-01
2.334222487954641934e-01 5.392768934122786906e-01
2.352941177573803500e-01 8.388429752066115519e-01
2.392156861403591517e-01 3.471074380165289353e-01
2.414664272775910170e-01 5.388108879416287911e-01
2.392156861403591517e-01 8.388429752066115519e-01
2.431372550361114437e-01 3.471074380165289353e-01
2.432882173145509419e-01 5.411419880548530292e-01
2.431310547406093370e-01 8.388900482003776027e-01
2.470588234767518432e-01 3.471074380165289353e-01
2.451494455447091880e-01 5.434652451514304650e-01
2.470496164344213597e-01 8.389041390090681283e-01
2.509803922095226736e-01 3.471074380165289353e-01
2.534828996870155393e-01 5.429361197589472887e-01
2.509658877745559735e-01 8.389255651108071810e-01
2.549019608369736400e-01 3.471074380165289353e-01
2.552179470960753704e-01 5.448547912952066419e-01
2.548772228613005453e-01 8.389603593585746033e-01
2.588235293591047981e-01 3.471074380165289353e-01
2.582723557736779640e-01 5.463417335254647789e-01
2.653542613281923424e-01 6.099819198312345092e-01
2.587763417307167857e-01 8.390221032003721824e-01
2.627450981733663316e-01 3.471074380165289353e-01
2.599378801562695629e-01 5.482431978876278755e-01
2.688351891149639017e-01 6.078773895470994670e-01
2.626386199438118241e-01 8.391461245463545104e-01
2.666666665563451333e-01 3.471074380165289353e-01
2.678467032422001126e-01 5.480513163901911122e-01
2.733007092649737957e-01 6.052328227876785371e-01
2.663506803840088311e-01 8.394427293659503242e-01
2.705882353467775614e-01 3.471074380165289353e-01
2.686456426211139559e-01 5.515204634111420257e-01
2.705882352941176294e-01 6.033057851239669311e-01
2.690578619415378570e-01 8.402953295716399928e-01
2.745036036788174316e-01 3.470603650227628845e-01
2.774528698703530027e-01 5.522431312523367053e-01
2.745098039215686514e-01 5.991735537190082672e-01
2.745098039928480227e-01 8.347163535038794047e-01
2.784159654013623753e-01 3.469992012130303505e-01
2.784313725490196179e-01 5.537190082644628530e-01
2.784313725490196179e-01 5.991735537190082672e-01
2.799617459015993903e-01 8.402953295716399928e-01
2.823230293745676578e-01 3.469166113161106790e-01
2.823529411764705843e-01 5.537190082644628530e-01
2.823529411764705843e-01 5.991735537190082672e-01
2.826689274009207553e-01 8.394427293659503242e-01
2.862198601481270588e-01 3.467992271714235852e-01
2.862745098039215508e-01 5.578512396694215170e-01
2.862745098039215508e-01 5.991735537190082672e-01
2.862745098039215508e-01 8.388429752066115519e-01
2.900768474812959741e-01 3.465776081381689022e-01
2.901960784313725727e-01 5.578512396694215170e-01
2.901960784313725727e-01 5.909090909090909394e-01
2.901960784313725727e-01 5.950413223140496033e-01
2.901960784313725727e-01 5.991735537190082672e-01
2.901960784313725727e-01 6.033057851239669311e-01
2.901960784313725727e-01 6.074380165289255951e-01
2.901960784313725727e-01 8.388429752066115519e-01
2.938666124930879309e-01 3.462209196829560409e-01
2.941176470588235392e-01 5.619834710743801809e-01
2.941176470588235392e-01 5.743801652892561727e-01
2.941176470588235392e-01 5.785123966942148366e-01
2.941176470588235392e-01 5.826446280991735005e-01
2.941176470588235392e-01 5.867768595041322754e-01
2.941176470588235392e-01 6.115702479338842590e-01
2.941176470588235392e-01 6.280991735537190257e-01
2.966062795124290719e-01 6.227021542847279711e-01
2.941176470588235392e-01 8.388429752066115519e-01
2.974334600260572503e-01 3.455521806560780118e-01
2.980392156862745057e-01 5.661157024793388448e-01
2.980392156862745057e-01 5.702479338842975087e-01
2.980392156862745057e-01 6.115702479338842590e-01
2.980392156862745057e-01 6.239669421487603618e-01
2.980392156862745057e-01 8.388429752066115519e-01
2.997616369514634616e-01 3.440090034807424257e-01
3.019607843137254721e-01 5.661157024793388448e-01
3.019607843137254721e-01 6.157024793388429229e-01
3.019607843137254721e-01 6.198347107438016979e-01
3.019607843137254721e-01 8.388429752066115519e-01
3.078351902789162597e-01 3.453304645920957650e-01
3.058823529411764941e-01 5.661157024793388448e-01
3.058823529411764941e-01 6.157024793388429229e-01
3.099862929214449725e-01 7.850867211433850690e-01
3.058823529411764941e-01 8.388429752066115519e-01
3.101199077057661402e-01 3.435749608291167045e-01
3.098039215686274606e-01 5.661157024793388448e-01
3.098039215686274606e-01 6.157024793388429229e-01
3.088332645850730973e-01 7.872690685509033948e-01
3.100507908814595925e-01 7.887267659703069977e-01
3.109631267864731985e-01 7.914108091653594412e-01
3.126174014317346650e-01 7.933350659326050547e-01
3.098039215686274606e-01 8.388429752066115519e-01
3.134095039425244256e-01 3.423754524522314990e-01
3.137254901960784270e-01 5.661157024793388448e-01
3.137254901960784270e-01 6.157024793388429229e-01
3.115172673281574323e-01 8.005470101613828549e-01
3.131954682906450405e-01 8.027190061513149733e-01
3.137254901960784270e-01 8.057851239669421295e-01
3.137254901960784270e-01 8.099173553719007934e-01
3.137254901960784270e-01 8.388429752066115519e-01
3.156942214857896278e-01 3.406199486310447777e-01
3.176470588235293935e-01 5.661157024793388448e-01
3.176470588235293935e-01 6.115702479338842590e-01
3.176470588235293935e-01 8.140495867768594573e-01
3.176470588235293935e-01 8.181818181818182323e-01
3.176470588235293935e-01 8.223140495867768962e-01
3.176470588235293935e-01 8.264462809917355601e-01
3.176470588235293935e-01 8.305785123966942241e-01
3.176470588235293935e-01 8.347107438016528880e-01
3.176470588235293935e-01 8.388429752066115519e-01
3.237677748132424260e-01 3.419414097423980614e-01
3.215686274509804154e-01 5.661157024793388448e-01
3.215686274509804154e-01 6.115702479338842590e-01
3.215686274509804154e-01 8.388429752066115519e-01
3.260959515640256545e-01 3.403982325670624753e-01
3.254901960784313819e-01 5.702479338842975087e-01
3.254901960784313819e-01 6.074380165289255951e-01
3.254901960784313819e-01 8.388429752066115519e-01
3.296627994462409394e-01 3.397294935401844462e-01
3.294117647058823484e-01 5.702479338842975087e-01
3.294117647058823484e-01 6.074380165289255951e-01
3.294117647058823484e-01 8.388429752066115519e-01
3.334525642834099135e-01 3.393728050849715849e-01
3.333333333333333148e-01 5.702479338842975087e-01
3.333333333333333148e-01 6.033057851239669311e-01
3.333333333333333148e-01 8.388429752066115519e-01
3.373095516165788288e-01 3.391511860517169019e-01
3.372549019607843368e-01 5.702479338842975087e-01
3.372549019607843368e-01 5.909090909090909394e-01
3.372549019607843368e-01 5.950413223140496033e-01
3.372549019607843368e-01 5.991735537190082672e-01
3.372549019607843368e-01 8.388429752066115519e-01
3.412063823901382298e-01 3.390338019070298081e-01
3.411764705882353033e-01 5.743801652892561727e-01
3.411764705882353033e-01 5.785123966942148366e-01
3.411764705882353033e-01 5.826446280991735005e-01
3.411764705882353033e-01 5.867768595041322754e-01
3.411764705882353033e-01 8.388429752066115519e-01
3.451134463633435123e-01 3.389512120101101367e-01
3.450980392156862697e-01 5.743801652892561727e-01
3.450980392156862697e-01 8.429752066115702158e-01
3.490258080858884560e-01 3.388900482003776027e-01
3.490196078431372362e-01 5.743801652892561727e-01
3.487448782192122954e-01 8.419545030304084188e-01
3.529411764179283262e-01 3.388429752066115519e-01
3.529411764705882582e-01 5.743801652892561727e-01
3.588991124073372396e-01 6.266371816866223021e-01
3.528597225325511011e-01 8.431402215758657670e-01
3.568829852978096517e-01 9.292277806931106277e-01
3.554087868782089266e-01 9.307332989655835442e-01
3.552569237893776211e-01 9.331668146418345966e-01
3.561171824934289964e-01 9.350574873022211575e-01
3.568627450453792926e-01 3.388429752066115519e-01
3.568627450980392246e-01 5.743801652892561727e-01
3.619197284236696510e-01 6.251017067250449477e-01
3.566102909929730891e-01 8.442582139362434512e-01
3.583302414875623731e-01 9.244892263942791066e-01
3.545847347371426372e-01 9.417523755602950075e-01
3.558877370336239188e-01 9.431799599739206785e-01
3.562817534797039776e-01 9.455805716743647116e-01
3.564627132103458940e-01 9.467183728279038313e-01
3.607781134013391955e-01 3.387959022128455011e-01
3.607843137254901911e-01 5.743801652892561727e-01
3.658675631416924978e-01 6.246604776973951889e-01
3.607843137254901911e-01 8.429752066115702158e-01
3.610769476184584881e-01 9.189981378437874771e-01
3.647058823529411575e-01 3.388429752066115519e-01
3.647058823529411575e-01 5.743801652892561727e-01
3.668081162880886814e-01 6.229788111089844538e-01
3.647058823529411575e-01 8.471074380165288797e-01
3.644851125549072868e-01 9.131208271513262531e-01
3.686274509803921795e-01 3.388429752066115519e-01
3.686274509803921795e-01 5.785123966942148366e-01
3.672582076090917802e-01 6.210169688132707311e-01
3.686274509803921795e-01 8.471074380165288797e-01
3.702587298743025279e-01 9.068708722229492647e-01
3.668852883550868249e-01 9.068886168851432172e-01
3.725490196078431460e-01 3.388429752066115519e-01
3.725490196078431460e-01 5.785123966942148366e-01
3.737911494384866806e-01 6.194673499139603523e-01
3.725490196078431460e-01 8.471074380165288797e-01
3.727804686053537431e-01 9.005324331283942607e-01
3.764705882352941124e-01 3.388429752066115519e-01
3.764705882352941124e-01 5.785123966942148366e-01
3.799892730024807541e-01 6.180369979297849481e-01
3.764705882352941124e-01 8.512396694214876547e-01
3.758326584069222598e-01 8.947770021401715290e-01
3.821279093111846770e-01 3.001151631609344506e-01
3.838327001734618271e-01 2.996110721849182257e-01
3.803921568627450789e-01 3.388429752066115519e-01
3.803921568627450789e-01 5.785123966942148366e-01
3.803921568627450789e-01 6.157024793388429229e-01
3.803921568627450789e-01 8.512396694214876547e-01
3.821964894608576024e-01 8.842432182431637644e-01
3.800161132834367628e-01 8.870870620984014909e-01
3.776800752106104220e-01 8.888190448426541712e-01
3.842456605001501324e-01 3.058528877556139225e-01
3.872121137996003548e-01 3.076032070772075633e-01
3.843137254901961009e-01 3.388429752066115519e-01
3.843137254901961009e-01 5.785123966942148366e-01
3.843137254901961009e-01 6.157024793388429229e-01
3.843137254901961009e-01 8.512396694214876547e-01
3.843137254901961009e-01 8.677685950413223104e-01
3.843137254901961009e-01 8.719008264462809743e-01
3.843137254901961009e-01 8.760330578512396382e-01
3.814157679174826066e-01 8.764458937639724168e-01
3.886965943996876782e-01 3.155039362109089418e-01
3.882352941176470673e-01 3.388429752066115519e-01
3.882352941176470673e-01 5.785123966942148366e-01
3.882352941176470673e-01 6.115702479338842590e-01
3.939073270625051415e-01 6.519707083386515611e-01
3.882352941176470673e-01 8.512396694214876547e-01
3.882352941176470673e-01 8.553719008264463186e-01
3.882352941176470673e-01 8.595041322314049825e-01
3.882352941176470673e-01 8.636363636363636465e-01
3.921568627450980338e-01 3.140495867768595128e-01
3.921568627450980338e-01 3.181818181818181768e-01
3.921568627450980338e-01 3.347107438016528880e-01
3.921568627450980338e-01 5.785123966942148366e-01
3.921568627450980338e-01 6.115702479338842590e-01
3.970987932738281878e-01 6.499434589689274677e-01
3.965747217629470023e-01 7.669327009607814771e-01
3.921568627450980338e-01 8.471074380165288797e-01
3.960784313725490002e-01 3.223140495867768407e-01
3.960784313725490002e-01 3.264462809917355601e-01
3.960784313725490002e-01 3.305785123966942241e-01
3.960784313725490002e-01 3.347107438016528880e-01
3.960784313725490002e-01 5.785123966942148366e-01
3.960784313725490002e-01 6.115702479338842590e-01
4.009449536437351136e-01 6.489932722678313226e-01
3.962189767384152739e-01 7.692885868259020654e-01
3.988284306591559081e-01 7.690590596110810084e-01
3.960784313725490002e-01 8.471074380165288797e-01
4.000000000000000222e-01 3.347107438016528880e-01
4.000000000000000222e-01 5.826446280991735005e-01
4.000000000000000222e-01 6.074380165289255951e-01
4.000574417790631054e-01 6.463356897646699295e-01
3.993903880822472496e-01 7.753034690606661616e-01
4.024180561304092629e-01 7.751444090005733534e-01
4.000000000000000222e-01 8.429752066115702158e-01
4.039215686274509887e-01 3.347107438016528880e-01
4.039215686274509887e-01 5.867768595041322754e-01
4.039215686274509887e-01 5.991735537190082672e-01
4.039215686274509887e-01 6.033057851239669311e-01
4.070811510095190267e-01 6.451677467052493453e-01
4.046615457986298958e-01 7.803202502728701084e-01
4.039215686274509887e-01 8.429752066115702158e-01
4.078431372549019551e-01 3.388429752066115519e-01
4.078431372549019551e-01 5.909090909090909394e-01
4.078431372549019551e-01 5.950413223140496033e-01
4.067671217275418138e-01 6.424709309435118199e-01
4.078845337975579577e-01 7.850270827934877627e-01
4.078431372549019551e-01 8.429752066115702158e-01
4.117647058823529216e-01 3.388429752066115519e-01
4.193281781421426269e-01 4.143066772082743543e-01
4.117647058823529216e-01 5.909090909090909394e-01
4.133128985789987775e-01 6.403442915271166935e-01
4.116753025386167275e-01 7.906286709630200304e-01
4.117647058823529216e-01 8.429752066115702158e-01
4.156862745098039436e-01 3.388429752066115519e-01
4.187121040689960050e-01 4.104035182707858609e-01
4.161617172161783951e-01 4.107150739012671026e-01
4.149230420975215661e-01 4.184928901651335242e-01
4.155139977614596414e-01 4.184686147169141002e-01
4.156862745098039436e-01 5.909090909090909394e-01
4.189665283578649091e-01 6.385255801830101996e-01
4.140395095841228890e-01 7.960706529696279787e-01
4.174456349377721476e-01 7.961118429791459450e-01
4.156862745098039436e-01 8.429752066115702158e-01
4.196078431372549100e-01 3.429752066115702713e-01
4.205641677648778720e-01 4.041285285825286788e-01
4.196078431372549100e-01 5.909090909090909394e-01
4.206923651321809454e-01 6.372905826534737139e-01
4.196548456779233827e-01 8.024796500214190775e-01
4.196078431372549100e-01 8.429752066115702158e-01
4.235294117647058765e-01 3.429752066115702713e-01
4.227634993552997211e-01 3.985262194529083368e-01
4.235294117647058765e-01 5.909090909090909394e-01
4.235294117647058765e-01 6.363636363636363535e-01
4.220243623534984390e-01 8.095452843795815090e-01
4.235294117647058765e-01 8.099173553719007934e-01
4.235294117647058765e-01 8.429752066115702158e-01
4.274509803921568429e-01 3.471074380165289353e-01
4.274509803921568429e-01 3.677685950413223104e-01
4.274509803921568429e-01 3.719008264462809743e-01
4.281946450186546183e-01 3.743843170083012706e-01
4.275416809518241545e-01 3.794124958640318623e-01
4.270410919102027303e-01 3.837184446569424368e-01
4.264511586929324305e-01 3.875427474657435201e-01
4.255897566740053928e-01 3.910819939712893989e-01
4.238743824948209560e-01 3.932034660607945931e-01
4.274509803921568429e-01 5.909090909090909394e-01
4.270642984605978465e-01 6.342158342118967562e-01
4.274509803921568429e-01 8.140495867768594573e-01
4.274509803921568429e-01 8.181818181818182323e-01
4.274509803921568429e-01 8.388429752066115519e-01
4.313725490196078649e-01 3.512396694214875992e-01
4.313725490196078649e-01 3.553719008264462631e-01
4.313725490196078649e-01 3.595041322314049825e-01
4.313725490196078649e-01 3.636363636363636465e-01
4.299890763199358812e-01 5.919431488410654696e-01
4.313725490196078649e-01 6.322314049586776896e-01
4.313725490196078649e-01 8.223140495867768962e-01
4.313725490196078649e-01 8.264462809917355601e-01
4.313725490196078649e-01 8.347107438016528880e-01
4.352941176470588314e-01 3.471074380165289353e-01
4.334744178772191869e-01 5.923182820816609295e-01
4.352941176470588314e-01 6.322314049586776896e-01
4.352941176470588314e-01 8.305785123966942241e-01
4.352941176470588314e-01 8.347107438016528880e-01
4.392156862745097978e-01 3.471074380165289353e-01
4.374936253156549437e-01 5.930397204038772019e-01
4.392156862745097978e-01 6.322314049586776896e-01
4.392156862745097978e-01 8.347107438016528880e-01
4.431372549019607643e-01 3.471074380165289353e-01
4.397071258731040100e-01 5.947969843083146246e-01
4.431372549019607643e-01 6.322314049586776896e-01
4.431372549019607643e-01 8.347107438016528880e-01
4.470588235294117863e-01 3.429752066115702713e-01
4.470588235294117863e-01 5.950413223140496033e-01
4.470588235294117863e-01 6.322314049586776896e-01
4.470588235294117863e-01 8.347107438016528880e-01
4.509803921568627527e-01 3.429752066115702713e-01
4.509803921568627527e-01 5.950413223140496033e-01
4.509803921568627527e-01 6.280991735537190257e-01
4.509803921568627527e-01 8.388429752066115519e-01
4.549019607843137192e-01 3.429752066115702713e-01
4.549019607843137192e-01 5.991735537190082672e-01
4.549019607843137192e-01 6.033057851239669311e-01
4.549019607843137192e-01 6.280991735537190257e-01
4.549019607843137192e-01 6.322314049586776896e-01
4.549019607843137192e-01 8.388429752066115519e-01
4.588235294117646856e-01 3.429752066115702713e-01
4.588235294117646856e-01 6.074380165289255951e-01
4.588235294117646856e-01 6.239669421487603618e-01
4.588235294117646856e-01 6.363636363636363535e-01
4.588235294117646856e-01 6.404958677685950175e-01
4.588235294117646856e-01 6.446280991735536814e-01
4.588235294117646856e-01 8.388429752066115519e-01
4.627450980392157076e-01 3.429752066115702713e-01
4.627450980392157076e-01 6.115702479338842590e-01
4.627450980392157076e-01 6.198347107438016979e-01
4.627450980392157076e-01 6.404958677685950175e-01
4.627450980392157076e-01 6.487603305785123453e-01
4.627450980392157076e-01 8.429752066115702158e-01
4.666666666666666741e-01 3.429752066115702713e-01
4.666666666666666741e-01 6.157024793388429229e-01
4.666666666666666741e-01 6.446280991735536814e-01
4.666666666666666741e-01 6.487603305785123453e-01
4.666666666666666741e-01 8.429752066115702158e-01
4.705882352941176405e-01 3.471074380165289353e-01
4.705882352941176405e-01 6.157024793388429229e-01
4.705882352941176405e-01 6.487603305785123453e-01
4.705882352941176405e-01 8.429752066115702158e-01
4.705882352941176405e-01 8.471074380165288797e-01
4.705882352941176405e-01 8.512396694214876547e-01
4.705882352941176405e-01 8.553719008264463186e-01
4.705882352941176405e-01 8.595041322314049825e-01
4.705882352941176405e-01 8.636363636363636465e-01
4.705882352941176405e-01 8.677685950413223104e-01
4.705649477641332679e-01 8.707170794816102566e-01
4.705065697275773173e-01 8.749717669994454550e-01
4.705882352941176405e-01 8.801652892850291288e-01
4.705882352941176405e-01 8.842975206084970896e-01
4.705882352941176405e-01 8.884297521764372707e-01
4.705882352941176405e-01 8.925619834184144175e-01
4.706307680102969071e-01 8.966891692995608842e-01
4.706860859446083678e-01 9.008139010730543683e-01
4.707608922549030295e-01 9.049343004303371796e-01
4.708674687940134218e-01 9.090463029487264590e-01
4.710307998979902377e-01 9.131397833928733831e-01
4.713096102281911781e-01 9.171838158797396279e-01
4.718728838419979921e-01 9.210487685324085794e-01
4.733252384398570767e-01 9.238026871140045948e-01
4.745098039215686070e-01 3.471074380165289353e-01
4.745098039215686070e-01 6.115702479338842590e-01
4.745098039215686070e-01 6.157024793388429229e-01
4.745098039215686070e-01 6.198347107438016979e-01
4.745098039215686070e-01 6.528925619834711203e-01
4.745098039215686070e-01 6.570247933884297842e-01
4.745098039215686070e-01 6.611570247933884481e-01
4.745098039215686070e-01 6.652892561983471120e-01
4.745098039215686070e-01 6.694214876033057759e-01
4.745098039215686070e-01 6.735537190082644399e-01
4.745098039215686070e-01 8.429752066115702158e-01
4.717728007758291708e-01 9.315692137124417238e-01
4.732251553736882554e-01 9.343231324395568915e-01
4.737884289874950694e-01 9.381880850340181821e-01
4.740672393176960098e-01 9.422321175136083582e-01
4.742305704216728257e-01 9.463255977976842148e-01
4.743371469607832180e-01 9.504376004761446728e-01
4.744119532710778797e-01 9.545579999161915019e-01
4.744672712053893404e-01 9.586827316082852102e-01
4.745098039215686070e-01 9.628099174080317901e-01
4.745098039215686070e-01 9.669421487314997510e-01
4.745098039215686070e-01 9.707107942768811171e-01
4.745098039215686070e-01 9.744274992349534203e-01
4.745098039215686070e-01 9.780749495329781329e-01
4.745098039215686070e-01 9.816254435630500375e-01
4.745098039215686070e-01 9.850305034240230961e-01
4.745098039215686070e-01 9.881931726151138573e-01
4.745098039215686070e-01 9.908710609321013107e-01
4.745098039215686070e-01 9.920946061611175537e-01
4.784313725490196290e-01 3.471074380165289353e-01
4.784313725490196290e-01 6.074380165289255951e-01
4.784313725490196290e-01 6.239669421487603618e-01
4.784313725490196290e-01 6.280991735537190257e-01
4.784313725490196290e-01 6.322314049586776896e-01
4.784313725490196290e-01 6.363636363636363535e-01
4.784313725490196290e-01 6.404958677685950175e-01
4.784313725490196290e-01 6.446280991735536814e-01
4.784313725490196290e-01 6.487603305785123453e-01
4.756473553083910288e-01 6.783812360333909552e-01
4.775501556527874114e-01 6.818244038628852310e-01
4.784313725524265148e-01 6.859504131791243076e-01
4.792734565512350442e-01 6.897271669795448368e-01
4.808891421366556229e-01 6.924423342474451681e-01
4.811683756947590651e-01 7.662799575140946118e-01
4.797160210968999805e-01 7.690338762412097795e-01
4.791952802283762636e-01 7.728937831045847862e-01
4.789717877815550806e-01 7.769303160509352102e-01
4.788832629514931383e-01 7.810119642618693625e-01
4.788832629514931383e-01 7.851037382302024081e-01
4.789717877815550806e-01 7.891853864138517194e-01
4.791952802283762636e-01 7.932219193456502282e-01
4.797976866779922189e-01 7.974260364696893477e-01
4.784313725490196290e-01 8.016528925619834656e-01
4.784313725490196290e-01 8.388429752066115519e-01
4.823529411764705954e-01 3.471074380165289353e-01
4.823529411764705954e-01 4.421487603305785385e-01
4.823529411764705954e-01 4.462809917355372025e-01
4.823529411764705954e-01 4.504132231404958664e-01
4.828771713032277701e-01 4.542846014823722078e-01
4.826321746763663767e-01 4.587222919288868050e-01
4.825255981372559844e-01 4.628342948547297109e-01
4.824507918269613227e-01 4.669546938864134189e-01
4.823954738926498620e-01 4.710794257417614261e-01
4.823529411764705954e-01 4.752066115175880290e-01
4.823529411764705954e-01 4.793388429225466929e-01
4.823529411764705954e-01 4.834710742460146538e-01
4.823529411764705954e-01 4.876033058377838847e-01
4.823529411764705954e-01 4.917355371612519011e-01
4.823529411764705954e-01 4.958677687053628658e-01
4.823529411764705954e-01 5.000000000526598765e-01
4.823529411764705954e-01 5.041322314337894905e-01
4.823529411764705954e-01 5.082644626995957982e-01
4.823529411764705954e-01 5.123966942675359793e-01
4.823529411764705954e-01 5.165289256724945322e-01
4.823529411764705954e-01 5.206611569721335542e-01
4.823529411764705954e-01 5.247933884009212679e-01
4.823529411764705954e-01 5.289256198635415851e-01
4.823529411764705954e-01 5.330578512685002490e-01
4.823529411764705954e-01 5.371900826734589129e-01
4.823954738926498620e-01 5.413172684731145656e-01
4.824899246845983369e-01 5.454276700752829221e-01
4.826143661298213927e-01 5.495271113222394144e-01
4.827855415310135512e-01 5.536068466930118559e-01
4.830353138927260814e-01 5.576472846239859393e-01
4.837124420987332640e-01 5.622884012484049565e-01
4.823529411764705954e-01 5.661157024793388448e-01
4.823529411764705954e-01 5.702479338842975087e-01
4.823529411764705954e-01 5.991735537190082672e-01
4.823529411764705954e-01 6.033057851239669311e-01
4.794625710887724934e-01 7.002318107295966154e-01
4.809795245487133442e-01 7.029534619816767416e-01
4.815924332901725946e-01 7.067974561074708006e-01
4.819103765725979982e-01 7.108271586758513338e-01
4.820737076765748141e-01 7.149206391199982580e-01
4.821802842156852065e-01 7.190326417984587160e-01
4.822550905259798681e-01 7.231530410757059935e-01
4.823104084602913288e-01 7.272777729305992533e-01
4.823104084602913288e-01 7.313999131012137722e-01
4.822550905259798681e-01 7.355246448747072563e-01
4.821802842156852065e-01 7.396450440701000106e-01
4.820737076765748141e-01 7.437570467503793470e-01
4.819103765725979982e-01 7.478505271945262711e-01
4.816315662423970578e-01 7.518945596813925158e-01
4.810682926285902439e-01 7.557595123340614673e-01
4.796159380307311593e-01 7.585134309156574828e-01
4.823529411764705954e-01 8.057851239669421295e-01
4.823529411764705954e-01 8.099173553719007934e-01
4.823529411764705954e-01 8.140495867768594573e-01
4.823529411764705954e-01 8.181818181818182323e-01
4.823529411764705954e-01 8.223140495867768962e-01
4.823529411764705954e-01 8.264462809917355601e-01
4.823529411764705954e-01 8.305785123966942241e-01
4.823529411764705954e-01 8.347107438016528880e-01
4.890115129496609980e-01 1.547097095802102973e-01
4.875591583518019134e-01 1.574636281618063405e-01
4.869958847379950995e-01 1.613285808144752920e-01
4.867170744077941591e-01 1.653726133013414534e-01
4.865537433038173432e-01 1.694660936654528438e-01
4.864471667647069508e-01 1.735780962638776848e-01
4.863723604544122892e-01 1.776984957030150192e-01
4.863170425201008285e-01 1.818232272318544562e-01
4.862745098039215619e-01 1.859504132758004191e-01
4.862745098039215619e-01 1.900826444939485160e-01
4.862745098039215619e-01 1.942148760857177747e-01
4.863987080866411516e-01 1.990498578414505726e-01
4.862745098039215619e-01 2.024793388429751984e-01
4.862745098039215619e-01 2.066115702479338900e-01
4.862745098039215619e-01 2.107438016528925540e-01
4.862745098039215619e-01 2.148760330578512456e-01
4.862745098039215619e-01 2.190082644628099096e-01
4.862745098039215619e-01 2.231404958677686012e-01
4.862745098039215619e-01 2.272727272727272652e-01
4.862745098039215619e-01 2.314049586776859568e-01
4.862745098039215619e-01 2.355371900826446208e-01
4.862745098039215619e-01 2.396694214876033124e-01
4.862745098039215619e-01 2.438016528925619764e-01
4.862745098039215619e-01 2.479338842975206680e-01
4.862745098039215619e-01 2.520661157024793320e-01
4.862745098039215619e-01 2.561983471074379959e-01
4.862745098039215619e-01 2.603305785123967153e-01
4.862745098039215619e-01 2.644628099173553792e-01
4.862745098039215619e-01 2.685950413511448143e-01
4.862745098039215619e-01 2.727272727799326391e-01
4.862745098039215619e-01 2.768595040795714946e-01
4.862745098039215619e-01 2.809917355083593193e-01
4.862745098039215619e-01 2.851239669948086863e-01
4.862745098039215619e-01 2.892561983997673503e-01
4.862745098039215619e-01 2.933884296994062058e-01
4.862745098039215619e-01 2.975206612673463313e-01
4.862745098039215619e-01 3.016528925908142367e-01
4.862745098039215619e-01 3.057851239957729006e-01
4.862745098039215619e-01 3.099173553430700778e-01
4.862745098039215619e-01 3.140495867768595128e-01
4.862745098039215619e-01 3.181818181818181768e-01
4.862745098039215619e-01 3.223140495867768407e-01
4.862745098039215619e-01 3.264462809917355601e-01
4.862745098039215619e-01 3.305785123966942241e-01
4.862745098039215619e-01 3.347107438016528880e-01
4.862745098039215619e-01 3.388429752066115519e-01
4.862745098039215619e-01 3.429752066115702713e-01
4.862745098039215619e-01 3.512396694214875992e-01
4.862745098039215619e-01 3.553719008264462631e-01
4.862745098039215619e-01 3.595041322314049825e-01
4.888388559888756091e-01 3.860902911223363376e-01
4.875855060495143944e-01 3.895587923278462372e-01
4.862745098039215619e-01 3.925619834710744049e-01
4.862745098039215619e-01 3.966942148760330689e-01
4.862745098039215619e-01 4.008264462809917328e-01
4.862745098039215619e-01 4.049586776859503967e-01
4.862745098039215619e-01 4.090909090909091161e-01
4.862745098039215619e-01 4.132231404958677801e-01
4.862745098039215619e-01 4.173553719008264440e-01
4.862745098039215619e-01 4.214876033057851079e-01
4.862745098039215619e-01 4.256198347107438273e-01
4.862745098039215619e-01 4.297520661157024913e-01
4.862745098039215619e-01 4.338842975206611552e-01
4.862745098039215619e-01 4.380165289256198191e-01
4.862745098039215619e-01 5.743801652892561727e-01
4.862745098039215619e-01 5.950413223140496033e-01
4.862745098039215619e-01 8.305785123966942241e-01
4.930864485190706303e-01 3.907478593620818119e-02
4.915694950591297796e-01 4.179643701366533848e-02
4.909565863176705292e-01 4.564043140139388555e-02
4.906386430352451256e-01 4.967013388246294125e-02
4.904753119312683096e-01 5.376361432660987927e-02
4.903687353921579173e-01 5.787561700507024010e-02
4.902939290818632556e-01 6.199601628231753148e-02
4.902386111475517949e-01 6.612074797441125362e-02
4.901960784313725283e-01 7.024793399461903842e-02
4.901960784313725283e-01 7.438016515510553761e-02
4.901960784313725283e-01 7.851239672304566319e-02
4.901960784313725283e-01 8.264462804651362404e-02
4.901960784313725283e-01 8.677685961445374963e-02
4.901960784313725283e-01 9.090909096175084358e-02
4.901960784313725283e-01 9.504132234288037440e-02
4.901960784313725283e-01 9.917355369017746836e-02
4.901960784313725283e-01 1.033057852342884608e-01
4.901960784313725283e-01 1.074380166630762856e-01
4.901960784313725283e-01 1.115702479627150856e-01
4.901960784313725283e-01 1.157024793915029104e-01
4.901535457151932618e-01 1.198296653301290232e-01
4.900982277808818011e-01 1.239543968589684464e-01
4.900234214705871394e-01 1.280747962180702471e-01
4.899168449314767471e-01 1.321867988965306218e-01
4.897535138274999311e-01 1.362802792606420121e-01
4.894747034972989908e-01 1.403243117475081736e-01
4.889114298834921768e-01 1.441892644001771251e-01
4.874590752856330922e-01 1.469431829817731683e-01
4.901960784313725283e-01 2.314049586776859568e-01
4.901960784313725283e-01 3.636363636363636465e-01
4.901960784313725283e-01 3.677685950413223104e-01
4.880460692779617360e-01 3.708929582364272060e-01
4.881000850559668591e-01 3.750208960114863044e-01
4.871407096484201005e-01 3.784070774982106200e-01
4.901960784313725283e-01 4.214876033057851079e-01
4.901960784313725283e-01 5.785123966942148366e-01
4.901960784313725283e-01 5.826446280991735005e-01
4.901960784313725283e-01 5.867768595041322754e-01
4.901960784313725283e-01 5.909090909090909394e-01
4.901960784313725283e-01 8.305785123966942241e-01
4.972808432053117400e-01 8.508397266268730164e-03
4.961328519261716252e-01 2.006374089401369298e-02
4.946804976193508452e-01 2.223592221713817374e-02
4.939449901125900766e-01 2.554812357127897449e-02
4.931777124279452806e-01 2.892118274930231825e-02
4.916173446676967984e-01 3.128026389759341885e-02
4.941176470588235503e-01 2.314049586776859568e-01
4.941176470588235503e-01 4.214876033057851079e-01
4.941176470588235503e-01 5.909090909090909394e-01
4.941176470588235503e-01 8.305785123966942241e-01
4.958263534349480750e-01 1.032136584254951528e-02
4.961025252700874688e-01 1.159998343503179652e-02
4.948700353265831353e-01 1.317299215155769143e-02
4.980392156862745168e-01 2.314049586776859568e-01
4.980392156862745168e-01 4.214876033057851079e-01
4.980392156862745168e-01 5.909090909090909394e-01
4.980392156862745168e-01 8.305785123966942241e-01
5.019607843137254832e-01 2.314049586776859568e-01
5.019607843137254832e-01 4.214876033057851079e-01
5.019607843137254832e-01 5.909090909090909394e-01
5.019607843137254832e-01 8.305785123966942241e-01
5.058823529411764497e-01 2.314049586776859568e-01
5.058823529411764497e-01 4.214876033057851079e-01
5.058823529411764497e-01 5.909090909090909394e-01
5.058823529411764497e-01 8.305785123966942241e-01
5.098039215686274161e-01 2.314049586776859568e-01
5.098039215686274161e-01 4.214876033057851079e-01
5.098039215686274161e-01 5.909090909090909394e-01
5.098039215686274161e-01 6.363636363636363535e-01
5.098039215686274161e-01 6.404958677685950175e-01
5.098039215686274161e-01 6.446280991735536814e-01
5.098039215686274161e-01 6.487603305785123453e-01
5.098039215686274161e-01 8.305785123966942241e-01
5.137254901960783826e-01 2.272727272727272652e-01
5.137254901960783826e-01 2.314049586776859568e-01
5.137254901960783826e-01 2.355371900826446208e-01
5.137254901960783826e-01 2.396694214876033124e-01
5.137254901960783826e-01 2.438016528925619764e-01
5.137254901960783826e-01 2.479338842975206680e-01
5.137254901960783826e-01 4.214876033057851079e-01
5.137254901960783826e-01 5.950413223140496033e-01
5.137254901960783826e-01 5.991735537190082672e-01
5.137254901960783826e-01 6.033057851239669311e-01
5.137254901960783826e-01 6.322314049586776896e-01
5.137254901960783826e-01 8.305785123966942241e-01
5.137254901960783826e-01 8.553719008264463186e-01
5.162638373472088205e-01 8.520510151774491892e-01
5.176470588235294601e-01 2.272727272727272652e-01
5.176470588235294601e-01 4.214876033057851079e-01
5.176470588235294601e-01 5.909090909090909394e-01
5.176470588235294601e-01 6.074380165289255951e-01
5.176470588235294601e-01 6.115702479338842590e-01
5.176470588235294601e-01 6.157024793388429229e-01
5.176470588235294601e-01 6.198347107438016979e-01
5.176470588235294601e-01 6.239669421487603618e-01
5.176470588235294601e-01 6.280991735537190257e-01
5.176470588235294601e-01 8.305785123966942241e-01
5.215686274509804266e-01 2.231404958677686012e-01
5.215686274509804266e-01 4.132231404958677801e-01
5.215686274509804266e-01 4.173553719008264440e-01
5.215686274509804266e-01 5.909090909090909394e-01
5.215686274509804266e-01 6.280991735537190257e-01
5.215686274509804266e-01 8.305785123966942241e-01
5.217337409326551212e-01 2.239271825331471122e-01
5.254901960784313930e-01 4.090909090909091161e-01
5.254901960784313930e-01 5.867768595041322754e-01
5.254901960784313930e-01 6.280991735537190257e-01
5.254901960784313930e-01 8.305785123966942241e-01
5.294117647058823595e-01 2.190082644628099096e-01
5.320509172811666021e-01 3.406594745460743701e-01
5.325393845628508815e-01 3.408598485383520504e-01
5.320186436943271646e-01 3.654341797704215855e-01
5.305985625668921957e-01 3.681948847540996717e-01
5.302148052792557964e-01 3.727700874307539047e-01
5.299720676335067937e-01 3.769064650838148123e-01
5.294117647058823595e-01 3.801652892561983577e-01
5.294117647058823595e-01 3.842975206611570216e-01
5.294117647058823595e-01 3.884297520661156855e-01
5.294117647058823595e-01 3.925619834710744049e-01
5.294117647058823595e-01 3.966942148760330689e-01
5.294117647058823595e-01 4.008264462809917328e-01
5.294117647058823595e-01 4.049586776859503967e-01
5.294117647058823595e-01 5.867768595041322754e-01
5.294117647058823595e-01 6.280991735537190257e-01
5.294117647058823595e-01 8.305785123966942241e-01
5.321889462725569730e-01 2.202519634555763495e-01
5.304958782003571516e-01 3.392015480213175227e-01
5.310384718546022897e-01 3.471489948536123360e-01
5.320486847854529744e-01 3.492251891827534149e-01
5.321698169068743711e-01 3.524589569361741836e-01
5.317787770259504443e-01 3.557711582612111401e-01
5.304149476656069284e-01 3.580826311862896905e-01
5.333333333333333259e-01 4.049586776859503967e-01
5.333333333333333259e-01 5.867768595041322754e-01
5.333333333333333259e-01 6.322314049586776896e-01
5.333333333333333259e-01 8.305785123966942241e-01
5.336453010182024004e-01 2.177671321950591099e-01
5.372549019607842924e-01 4.049586776859503967e-01
5.372549019607842924e-01 5.867768595041322754e-01
5.372549019607842924e-01 6.363636363636363535e-01
5.372549019607842924e-01 8.264462809917355601e-01
5.372549019607842924e-01 8.305785123966942241e-01
5.372549019607842924e-01 8.347107438016528880e-01
5.372549019607842924e-01 8.388429752066115519e-01
5.372549019607842924e-01 8.429752066115702158e-01
5.372549019607842924e-01 8.471074380165288797e-01
5.372549019607842924e-01 8.512396694214876547e-01
5.424248185104635356e-01 2.173159731732881572e-01
5.411764705882352589e-01 4.090909090909091161e-01
5.411764705882352589e-01 4.752066115702479610e-01
5.411764705882352589e-01 4.793388429752066249e-01
5.411764705882352589e-01 4.834710743801652888e-01
5.411764705882352589e-01 4.876033057851239527e-01
5.411764705882352589e-01 4.917355371900826722e-01
5.411764705882352589e-01 5.867768595041322754e-01
5.411764705882352589e-01 6.404958677685950175e-01
5.411764705882352589e-01 6.446280991735536814e-01
5.411764705882352589e-01 8.264462809917355601e-01
5.411764705882352589e-01 8.553719008264463186e-01
5.436821830331109995e-01 2.150340890925577786e-01
5.450980392156862253e-01 4.090909090909091161e-01
5.450980392156862253e-01 4.669421487603305776e-01
5.450980392156862253e-01 4.710743801652892415e-01
5.450980392156862253e-01 4.958677685950413361e-01
5.450980392156862253e-01 5.000000000000000000e-01
5.450980392156862253e-01 5.867768595041322754e-01
5.444956843380578393e-01 6.494194119649145946e-01
5.450980392156862253e-01 8.264462809917355601e-01
5.450980392156862253e-01 8.595041322314049825e-01
5.447153380487625984e-01 2.129317816993421819e-01
5.490196078431373028e-01 4.090909090909091161e-01
5.490196078431373028e-01 4.628099173553719137e-01
5.545600928713148026e-01 4.963383732232734546e-01
5.490862072952487072e-01 5.868443630449089454e-01
5.464738510896032242e-01 6.554936206714858660e-01
5.490815074704633592e-01 6.569139156815276825e-01
5.516685390726243643e-01 6.583045232128967861e-01
5.490196078431373028e-01 8.264462809917355601e-01
5.490196078431373028e-01 8.636363636363636465e-01
5.498116006033824110e-01 2.121090267165294529e-01
5.529411764705882693e-01 4.132231404958677801e-01
5.529411764705882693e-01 4.173553719008264440e-01
5.529411764705882693e-01 4.214876033057851079e-01
5.529411764705882693e-01 4.256198347107438273e-01
5.529411764705882693e-01 4.297520661157024913e-01
5.529411764705882693e-01 4.338842975206611552e-01
5.529411764705882693e-01 4.380165289256198191e-01
5.529411764705882693e-01 4.421487603305785385e-01
5.529411764705882693e-01 4.462809917355372025e-01
5.529411764705882693e-01 4.504132231404958664e-01
5.529411764705882693e-01 4.545454545454545303e-01
5.529411764705882693e-01 4.586776859504132497e-01
5.529411764705882693e-01 4.669421487603305776e-01
5.547115730710656667e-01 4.974854878950402126e-01
5.528685755103224242e-01 5.865916068711864995e-01
5.537473097916090214e-01 6.639828081829627360e-01
5.529411764705882693e-01 8.264462809917355601e-01
5.511683913769529486e-01 8.700322788670535878e-01
5.543823046733022952e-01 8.697795395139019670e-01
5.567997258536314664e-01 2.101645702938741700e-01
5.568627450980392357e-01 4.173553719008264440e-01
5.568627450980392357e-01 4.710743801652892415e-01
5.564825352471933773e-01 4.980600966941103325e-01
5.564455908157077690e-01 5.860820535150903510e-01
5.570713409966236984e-01 6.696257040447946007e-01
5.568627450980392357e-01 8.264462809917355601e-01
5.570382044666593035e-01 8.766387321953545975e-01
5.568945243863352434e-01 2.086555036227411286e-01
5.607843137254902022e-01 4.173553719008264440e-01
5.607843137254902022e-01 4.752066115702479610e-01
5.582349390165843861e-01 4.979982643257364616e-01
5.607843137254902022e-01 5.867768595041322754e-01
5.512775898819752829e-01 6.014493081780257766e-01
5.596900290252604382e-01 6.757218847609286483e-01
5.628084364721515076e-01 6.749632514509071868e-01
5.607843137254902022e-01 8.264462809917355601e-01
5.592031491829045908e-01 8.825651717907171401e-01
5.626356009302624361e-01 8.827075492994752581e-01
5.573254452470470799e-01 2.078545073024189727e-01
5.647058823529411686e-01 4.173553719008264440e-01
5.647058823529411686e-01 4.793388429752066249e-01
5.647058823529411686e-01 4.834710743801652888e-01
5.647058823529411686e-01 4.876033057851239527e-01
5.647058823529411686e-01 4.917355371900826722e-01
5.581705152440596951e-01 4.969811119939669952e-01
5.647058823529411686e-01 5.826446280991735005e-01
5.660621782449786199e-01 6.799462150613014844e-01
5.647058823529411686e-01 8.264462809917355601e-01
5.648174870808040371e-01 8.890935109037336748e-01
5.686274509803921351e-01 4.173553719008264440e-01
5.597579305918485293e-01 4.955210828062143191e-01
5.602734483705431590e-01 4.952043346129357815e-01
5.686274509803921351e-01 5.826446280991735005e-01
5.708124208191007742e-01 6.837196947240909983e-01
5.686274509803921351e-01 8.264462809917355601e-01
5.668467329974815616e-01 8.951720326815632012e-01
5.700798053454205760e-01 8.953159021690857422e-01
5.725490196078431016e-01 4.173553719008264440e-01
5.725490196078431016e-01 5.826446280991735005e-01
5.694148667558442956e-01 6.865406127113556911e-01
5.725490196078431016e-01 8.264462809917355601e-01
5.710183584765877729e-01 9.028751787610259649e-01
5.742538104701202517e-01 9.032310419465792162e-01
5.764705882352940680e-01 4.132231404958677801e-01
5.764705882352940680e-01 5.867768595041322754e-01
5.736573963836930634e-01 6.884921341470620071e-01
5.774748091531149985e-01 8.275738544204110925e-01
5.749578421414993645e-01 9.105541570196774570e-01
5.783350171000860573e-01 9.110893985210370971e-01
5.803921568627451455e-01 4.132231404958677801e-01
5.803921568627451455e-01 5.867768595041322754e-01
5.775706333993916308e-01 6.918484396204999110e-01
5.803921568627451455e-01 8.264462809917355601e-01
5.802639575745892619e-01 9.180782457985838807e-01
5.843137254901961120e-01 4.132231404958677801e-01
5.843137254901961120e-01 5.867768595041322754e-01
5.807695478630051644e-01 6.949577798839843279e-01
5.843137254901961120e-01 8.264462809917355601e-01
5.820340604019150765e-01 9.243626126245988450e-01
5.851628190917693706e-01 9.247908087823470957e-01
5.883371314690414300e-01 4.137104793638375910e-01
5.882352941176470784e-01 5.867768595041322754e-01
5.831722362405237226e-01 6.973182448293736568e-01
5.882352941176470784e-01 8.305785123966942241e-01
5.848695569644298820e-01 9.318674181949747615e-01
5.866061183829408554e-01 9.337788362185059921e-01
5.874306929386768905e-01 9.368440279138682270e-01
5.879597764202010302e-01 9.400134050722179779e-01
5.885122318782926021e-01 9.428954528017384762e-01
5.894758586278733281e-01 9.440769103994547384e-01
5.922115125646015832e-01 4.135313513409731301e-01
5.921568627450980449e-01 5.867768595041322754e-01
5.921568627450980449e-01 8.305785123966942241e-01
5.882611520570136809e-01 9.462006254629655722e-01
5.961083431744519379e-01 4.134139671962860363e-01
5.960784313725490113e-01 5.826446280991735005e-01
5.960784313725490113e-01 5.867768595041322754e-01
5.960784313725490113e-01 5.909090909090909394e-01
5.960784313725490113e-01 5.950413223140496033e-01
5.960784313725490113e-01 5.991735537190082672e-01
5.960784313725490113e-01 8.305785123966942241e-01
5.960784313725490113e-01 8.347107438016528880e-01
6.000154073095472773e-01 4.133313772993663648e-01
5.999999999999999778e-01 5.743801652892561727e-01
5.999999999999999778e-01 5.785123966942148366e-01
5.999999999999999778e-01 6.033057851239669311e-01
5.999999999999999778e-01 8.264462809917355601e-01
5.999999999999999778e-01 8.388429752066115519e-01
5.999999999999999778e-01 8.429752066115702158e-01
6.039277687074026124e-01 4.132702134896338309e-01
6.039215686274509443e-01 5.702479338842975087e-01
6.039215686274509443e-01 6.074380165289255951e-01
6.039215686274509443e-01 8.223140495867768962e-01
6.039215686274509443e-01 8.471074380165288797e-01
6.078431372837327373e-01 4.132231404958677801e-01
6.107499256282679090e-01 5.703471936054589353e-01
6.078431372549019107e-01 6.074380165289255951e-01
6.078431372549019107e-01 8.223140495867768962e-01
6.078431372549019107e-01 8.512396694214876547e-01
6.117647058535221616e-01 4.132231404958677801e-01
6.116005303452873854e-01 5.676558408655287824e-01
6.117647058823529882e-01 6.074380165289255951e-01
6.117647058823529882e-01 8.223140495867768962e-01
6.117647058823529882e-01 8.512396694214876547e-01
6.156800744298522865e-01 4.132702134896338309e-01
6.129131816829755941e-01 5.646127917340086899e-01
6.156862745098039547e-01 6.115702479338842590e-01
6.156862745098039547e-01 8.223140495867768962e-01
6.156862745098039547e-01 8.553719008264463186e-01
6.195924357458530984e-01 4.133313772993663648e-01
6.213287901178952133e-01 5.633691829063521839e-01
6.196078431372549211e-01 6.115702479338842590e-01
6.196078431372549211e-01 8.223140495867768962e-01
6.196078431372549211e-01 8.553719008264463186e-01
6.234995000446574842e-01 4.134139671962860363e-01
6.220598781070507677e-01 5.593078714229690052e-01
6.235294117647058876e-01 6.115702479338842590e-01
6.235294117647058876e-01 8.223140495867768962e-01
6.235294117647058876e-01 8.553719008264463186e-01
6.273963306563268283e-01 4.135313513409731301e-01
6.294287321221667675e-01 5.563757737197967401e-01
6.274509803921568540e-01 6.157024793388429229e-01
6.274509803921568540e-01 8.223140495867768962e-01
6.274509803921568540e-01 8.553719008264463186e-01
6.312707117555249603e-01 4.137104793638375910e-01
6.313725490196078205e-01 5.537190082644628530e-01
6.318823627967788958e-01 6.192601471735271756e-01
6.313725490196078205e-01 8.223140495867768962e-01
6.313725490196078205e-01 8.512396694214876547e-01
6.313725490196078205e-01 8.553719008264463186e-01
6.313725490196078205e-01 8.595041322314049825e-01
6.350858021493288597e-01 4.140136287035805496e-01
6.352941176470587870e-01 5.495867768595040781e-01
6.402731120202909132e-01 6.203055707610324321e-01
6.352941176470587870e-01 8.223140495867768962e-01
6.352941176470587870e-01 8.471074380165288797e-01
6.328801623627762218e-01 8.573861963708292455e-01
6.386913846687449769e-01 4.146133828629193219e-01
6.392156862745097534e-01 5.495867768595040781e-01
6.396730962766370432e-01 6.237071714294720737e-01
6.408091413646972434e-01 6.196660982244763805e-01
6.421863466126880304e-01 6.206977160316545783e-01
6.392156862745097534e-01 8.223140495867768962e-01
6.392156862745097534e-01 8.264462809917355601e-01
6.392156862745097534e-01 8.305785123966942241e-01
6.392156862745097534e-01 8.347107438016528880e-01
6.392156862745097534e-01 8.388429752066115519e-01
6.392156862745097534e-01 8.429752066115702158e-01
6.370630293710193293e-01 8.633274864867206411e-01
6.410825801182392647e-01 4.160657369951171192e-01
6.431372549019608309e-01 5.495867768595040781e-01
6.400973656315210869e-01 6.228044136823732702e-01
6.408331987082812597e-01 6.271639866292599841e-01
6.420531118389073422e-01 6.285359194840897112e-01
6.426951134095754137e-01 6.303575861475561037e-01
6.431372549019608309e-01 8.223140495867768962e-01
6.413087381848919799e-01 8.687841107468466939e-01
6.491134983131333636e-01 4.145127754015771049e-01
6.470588235294117974e-01 5.371900826446280863e-01
6.470588235294117974e-01 5.413223140495867503e-01
6.470588235294117974e-01 5.454545454545454142e-01
6.470588235294117974e-01 5.495867768595040781e-01
6.424677692463293122e-01 6.213281459804270712e-01
6.470588235294117974e-01 8.181818181818182323e-01
6.461882834897979544e-01 8.747385148159112500e-01
6.515046937626275403e-01 4.159651295337749022e-01
6.509803921568627638e-01 5.289256198347107585e-01
6.509803921568627638e-01 5.330578512396694224e-01
6.509803921568627638e-01 5.537190082644628530e-01
6.439597603518004698e-01 6.193844336539618967e-01
6.509803921568627638e-01 8.140495867768594573e-01
6.504978037325154228e-01 8.802696094553689177e-01
6.551102761074206748e-01 4.165648836931136745e-01
6.549019607843137303e-01 5.247933884297520946e-01
6.549019607843137303e-01 5.537190082644628530e-01
6.513161823746985712e-01 6.196115135276797359e-01
6.581580051348782101e-01 7.746204124043949424e-01
6.567825409944406667e-01 7.776461231603079005e-01
6.564300787064484277e-01 7.817867605664097219e-01
6.565384258643961468e-01 7.856403389182673447e-01
6.549019607843137303e-01 7.892561983471074738e-01
6.549019607843137303e-01 8.099173553719007934e-01
6.542581209575063506e-01 8.847670119543452616e-01
6.589253665958120232e-01 4.168680330328566330e-01
6.588235294117646967e-01 5.206611570247934306e-01
6.588235294117646967e-01 5.537190082644628530e-01
6.510774173445122992e-01 6.170449544038730805e-01
6.595449043458382343e-01 7.226098702935701557e-01
6.601081779596450483e-01 7.235661375852040500e-01
6.615179997540133749e-01 7.248707580532155470e-01
6.610754350337254559e-01 7.579270921684109208e-01
6.594293357708546077e-01 7.606029030830842030e-01
6.583581063975169068e-01 7.642080761674572287e-01
6.567017479470985686e-01 7.668856279568531109e-01
6.588235294117646967e-01 7.933884297520661377e-01
6.588235294117646967e-01 7.975206611570248016e-01
6.588235294117646967e-01 8.016528925619834656e-01
6.588235294117646967e-01 8.057851239669421295e-01
6.588235294117646967e-01 8.099173553719007934e-01
6.573063418406116520e-01 8.891711916465674381e-01
6.627997476149746214e-01 4.170471610557210940e-01
6.652529215586243660e-01 5.181565966865062656e-01
6.627450980392156632e-01 5.537190082644628530e-01
6.531536694762168915e-01 6.178619368194240291e-01
6.603528088104783089e-01 7.315667748705230178e-01
6.615670259722380431e-01 7.336204409722454356e-01
6.619171465078240724e-01 7.369036560171968731e-01
6.619186865661165209e-01 7.404216585891544300e-01
6.616982542124448807e-01 7.439979549257078606e-01
6.611344255885912569e-01 7.474518713141090620e-01
6.596704364434687884e-01 7.501409152457260143e-01
6.627450980392156632e-01 8.140495867768594573e-01
6.591868297343014271e-01 8.941451597868365075e-01
6.608841794456227214e-01 8.951191628363353026e-01
6.617154719221277626e-01 8.971117034435179827e-01
6.620268615458032579e-01 8.977124143607360107e-01
6.666903782067189477e-01 4.171174721993661794e-01
6.639617154529938725e-01 5.149026195228114666e-01
6.666666666666666297e-01 5.537190082644628530e-01
6.666666666666666297e-01 8.181818181818182323e-01
6.705882353138262753e-01 4.171388982938292744e-01
6.683119839687338137e-01 5.117722443494491236e-01
6.705882352941175961e-01 5.537190082644628530e-01
6.705882352941175961e-01 8.181818181818182323e-01
6.744860923815163556e-01 4.171174721993661794e-01
6.747453251997963530e-01 5.073862766716167316e-01
6.715696909638377843e-01 5.068420353316709370e-01
6.745098039215686736e-01 5.537190082644628530e-01
6.745098039215686736e-01 8.181818181818182323e-01
6.783767228131896143e-01 4.170471610557210940e-01
6.761190892845465594e-01 5.029210394714027643e-01
6.784313725490196401e-01 5.537190082644628530e-01
6.784313725490196401e-01 8.181818181818182323e-01
6.822511039123877463e-01 4.168680330328566330e-01
6.803649143973256042e-01 4.982009740808039933e-01
6.785801022039616992e-01 4.973598650554656997e-01
6.823529411764706065e-01 5.537190082644628530e-01
6.823529411764706065e-01 8.181818181818182323e-01
6.860661945535742046e-01 4.165648836931136745e-01
6.874619425940966533e-01 5.537866382541068999e-01
6.862745098039215730e-01 8.181818181818182323e-01
6.896717768256077630e-01 4.159651295337749022e-01
6.915353726805644197e-01 5.537198551365322130e-01
6.901960784313725394e-01 8.181818181818182323e-01
6.920629722751019397e-01 4.145127754015771049e-01
6.956529951873509088e-01 5.536403581166923216e-01
6.941176470588235059e-01 8.181818181818182323e-01
7.000938904699960386e-01 4.160657369951171192e-01
6.998322583264762198e-01 5.535456595492832532e-01
6.980392156862744724e-01 8.181818181818182323e-01
7.024850860941131980e-01 4.146133828629193219e-01
7.040898403390218885e-01 5.534318799139982259e-01
7.019607843137254388e-01 8.181818181818182323e-01
7.060906682642834609e-01 4.140136287035805496e-01
7.083846297361614530e-01 5.532781106115834957e-01
7.058823529411765163e-01 8.181818181818182323e-01
7.058823529411765163e-01 8.223140495867768962e-01
7.058823529411765163e-01 8.264462809917355601e-01
7.058823529411765163e-01 8.305785123966942241e-01
7.058823529411765163e-01 8.347107438016528880e-01
7.058823529411765163e-01 8.388429752066115519e-01
7.058823529411765163e-01 8.429752066115702158e-01
7.058823529411765163e-01 8.471074380165288797e-01
7.058823529411765163e-01 8.512396694214876547e-01
7.098995586108775013e-01 4.137575523648795994e-01
7.120761297898842157e-01 5.528911256509417838e-01
7.098039215686274828e-01 8.181818181818182323e-01
7.079464360628752173e-01 8.565526844390999317e-01
7.101204318948565186e-01 8.589139127197544799e-01
7.123436722228778661e-01 8.611665995452891798e-01
7.137647327460524549e-01 4.136395881662995877e-01
7.152131442478218970e-01 5.560038343364418489e-01
7.106910873469257650e-01 5.515248411496685987e-01
7.106767126158172188e-01 5.499582361460717550e-01
7.113847091593140659e-01 5.504252540778892255e-01
7.137254901960784492e-01 8.181818181818182323e-01
7.121548301572272477e-01 8.692417961308609442e-01
7.152961502349296508e-01 8.704276253567423405e-01
7.176532590662806355e-01 4.135577208956622841e-01
7.138322551543002659e-01 5.513500381320760590e-01
7.176470588235294157e-01 8.181818181818182323e-01
7.151073081692790323e-01 8.785028219423141049e-01
7.173305484973003798e-01 8.807555089424717876e-01
7.195436772232984834e-01 8.831024069044631775e-01
7.215447921887258032e-01 4.135313513409731301e-01
7.225974159598277380e-01 5.503342403522268889e-01
7.215686274509803821e-01 8.181818181818182323e-01
7.185646117947922518e-01 8.908695676171582978e-01
7.202158984079883863e-01 8.931132319642131057e-01
7.209569339690656831e-01 8.964663633884533134e-01
7.213072024685257544e-01 8.996222182523366806e-01
7.216924025931089615e-01 9.030450328468722088e-01
7.222380544924104084e-01 9.061870059548792211e-01
7.234864049175681044e-01 9.080477292603266193e-01
7.254244705270370686e-01 4.135667256499094280e-01
7.242759804300707982e-01 5.480156392282382605e-01
7.254901960784313486e-01 8.181818181818182323e-01
7.227140601550904320e-01 9.141901417458353496e-01
7.242055475305509971e-01 9.140210444731099448e-01
7.292580988821367738e-01 4.137054178293713691e-01
7.275822816252269787e-01 5.464435528688640353e-01
7.294117647058823151e-01 8.140495867768594573e-01
7.329108690862388142e-01 4.141260440531571718e-01
7.308860399605084934e-01 5.449873525199522284e-01
7.333333333333332815e-01 8.140495867768594573e-01
7.354085425001697374e-01 4.152752490202349933e-01
7.325894391949416828e-01 5.430617034858600256e-01
7.368087425972928983e-01 8.150539051343047570e-01
7.427068439408150979e-01 4.131225331509408849e-01
7.409716377858250880e-01 5.426201595547647250e-01
7.412783078523181857e-01 8.145369256448292683e-01
7.435676658631065195e-01 4.131225331509408849e-01
7.410843774548494522e-01 5.394017596119121682e-01
7.451526887914452502e-01 8.143577976219648074e-01
7.508597667908807338e-01 4.152281760191929849e-01
7.473539547643204273e-01 5.368182659019284930e-01
7.490495194813311386e-01 8.142404134772777136e-01
7.533482336446040151e-01 4.140178071405192228e-01
7.533134793636717674e-01 5.335002772511013847e-01
7.529565838619900475e-01 8.141578235803580421e-01
7.569864990671311133e-01 4.135145911435050281e-01
7.599830405686196499e-01 5.307976467783124264e-01
7.568689452593906353e-01 8.140966597706255081e-01
7.608015896755757623e-01 4.132114417919386384e-01
7.598633912300654103e-01 5.275132888244957741e-01
7.607843136151686281e-01 8.140495867768594573e-01
7.646258938655270398e-01 4.128932846954943003e-01
7.676388373981941626e-01 5.264892063482687901e-01
7.647058824056010007e-01 8.140495867768594573e-01
7.684001277127833207e-01 4.124803758762230488e-01
7.676370519373164614e-01 5.233755345602543185e-01
7.686274509277322142e-01 8.140495867768594573e-01
7.719586713990543858e-01 4.117761201644701274e-01
7.756893881067049579e-01 5.230044735872672046e-01
7.725490195790123416e-01 8.140495867768594573e-01
7.742776411530726266e-01 4.101717789611232790e-01
7.770495078937315059e-01 5.208096074421211252e-01
7.764643879925429149e-01 8.140966597706255081e-01
7.823449942004848667e-01 4.114461670714346098e-01
7.788108381862733909e-01 5.184398956408278192e-01
7.803767494713432784e-01 8.141578235803580421e-01
7.846123180432044153e-01 4.096481722980653273e-01
7.868432986513510530e-01 5.189575601777076663e-01
7.842838137701476642e-01 8.142404134772777136e-01
7.878765885341528774e-01 4.083951247475025581e-01
7.884237363703398005e-01 5.168181343994118215e-01
7.881806445418880758e-01 8.143577976219648074e-01
7.901225715857363996e-01 4.065706361169842409e-01
7.903747473126642165e-01 5.145805040316671075e-01
7.920550254810151403e-01 8.145369256448292683e-01
7.982229289589631849e-01 4.077489012602162344e-01
7.984024423165428930e-01 5.154584225340291814e-01
7.958701160494420224e-01 8.148400749845722268e-01
8.005039180396125165e-01 4.060265961784315092e-01
8.005969143239781705e-01 5.136732353669136719e-01
7.994756982196122852e-01 8.154398291439109991e-01
8.036069023199197137e-01 4.051017808565082756e-01
8.040025375283257336e-01 5.126651413986470507e-01
8.018668938437294447e-01 8.168921832761087964e-01
8.066743613006182034e-01 4.042065019934815151e-01
8.075735427108228226e-01 5.118578753274410920e-01
8.098978120386235435e-01 8.153392216825688932e-01
8.085306989522103027e-01 4.026151182811152918e-01
8.106292341397527412e-01 5.109806276698142247e-01
8.122890074881177203e-01 8.167915758147666905e-01
8.159767725308626485e-01 4.038340580064710972e-01
8.126458630002304506e-01 5.091331818214163141e-01
8.158945900075338376e-01 8.173913299741054628e-01
8.176020618573780485e-01 4.023127187156957385e-01
8.204977223229612537e-01 5.094363213255077572e-01
8.197096805686847620e-01 8.176944793138484213e-01
8.202127564753241007e-01 4.016594254990947244e-01
8.210007838959640925e-01 5.062428571953445644e-01
8.235778613005309001e-01 8.178265343065670434e-01
8.225561100587832630e-01 4.013137851489615437e-01
8.290817871055218280e-01 5.056132788871884332e-01
8.274654848663225426e-01 8.178827546706254337e-01
8.235218051894038771e-01 4.011346571260970828e-01
8.294364665242314194e-01 5.023482171222105608e-01
8.313580445481706382e-01 8.178827546706254337e-01
8.372302001424353213e-01 5.017840142827481031e-01
8.352456682749428429e-01 8.178265343065670434e-01
8.375848795611448017e-01 4.985189525177702308e-01
8.391138490104269598e-01 8.176944793138484213e-01
8.456832763839366995e-01 4.979318653364196434e-01
8.429289395788538419e-01 8.173913299741054628e-01
8.462116636445417006e-01 4.947919401471033707e-01
8.465345217490239937e-01 8.167915758147666905e-01
8.536871294144029454e-01 4.951898761820971995e-01
8.489257173731411532e-01 8.153392216825688932e-01
8.553303637553243410e-01 4.935023055906400113e-01
8.569566355680352521e-01 8.168921832761087964e-01
8.579737871440181740e-01 4.928577251295551687e-01
8.593478311921524115e-01 8.154398291439109991e-01
8.611082678806840640e-01 4.924225931201122730e-01
8.629472131404898327e-01 8.147930019835302184e-01
8.641912333822499015e-01 4.921397782483596384e-01
8.667530968067391761e-01 8.144286888486066411e-01
8.670931760851732228e-01 4.919688548863392352e-01
8.706129732498726348e-01 8.141669709288225087e-01
8.695285035936417550e-01 4.918437739935812569e-01
8.744850660676770637e-01 8.139322026103444907e-01
8.705321785245163646e-01 4.917826101838487229e-01
8.783449426126739290e-01 8.136704847051122735e-01
8.821508259733330526e-01 8.133061715701886962e-01
8.857502080235337694e-01 8.126593444098079155e-01
8.881414036476509288e-01 8.112069902776101182e-01
8.961723218425451387e-01 8.127599518711501325e-01
8.985635174666622982e-01 8.113075977389523352e-01
9.021690997241439414e-01 8.107078435796135629e-01
9.059841903726063572e-01 8.104046942398706044e-01
9.098585713044574641e-01 8.102255662170061434e-01
9.137554019979813313e-01 8.101081820723190496e-01
9.176624661330766708e-01 8.100255921753993782e-01
9.215686274720170656e-01 8.099173553742441412e-01
9.254747887688841157e-01 8.098091185684022086e-01
9.293818531477240352e-01 8.097265286714825372e-01
9.332786836775388561e-01 8.096091445267954434e-01
9.371530646967014544e-01 8.094300165039309825e-01
9.409681553378879126e-01 8.091268671641880239e-01
9.445737376099214710e-01 8.085271130048492516e-01
9.469649330594156478e-01 8.070747588726514543e-01
9.549896509742692441e-01 8.086747934672334770e-01
9.573716394269985441e-01 8.072836031302162985e-01
9.613263033006304026e-01 8.067664390060403923e-01
9.655085886397180017e-01 8.065760916893655041e-01
9.686274509803921573e-01 8.057851239669421295e-01
9.725490196078431238e-01 8.057851239669421295e-01
9.780622326015658841e-01 8.066742835313366333e-01
9.803724597413568942e-01 8.078095263432064632e-01
9.877594120298310854e-01 8.055801274685943092e-01
9.892783877412405502e-01 8.061539129785084690e-01
9.901465799175568350e-01 8.092391938067325929e-01
9.884760400727756746e-01 8.059544176294290985e-01
9.915263077700693373e-01 8.049739704694414133e-01
9.905037276903350119e-01 8.072085055822798560e-01
9.984632360283285379e-01 7.941669722372466378e-01
9.976196889765560627e-01 7.954901317288437523e-01
9.963709879666566849e-01 7.975168630503857159e-01
9.945293338969349861e-01 7.984081916054056594e-01
9.944034111686050892e-01 8.139892437664623115e-01
9.966329424642026424e-01 8.134882529304663379e-01
