1.507038716226816177e-03 8.323255576437613712e-01
2.330718794837594032e-03 8.334949609563976347e-01
3.223661798983812332e-03 8.355742005333609557e-01
5.301261320710182190e-03 8.367700782035798479e-01
4.701500292867422104e-03 8.640744435347113006e-01
2.985718660056591034e-03 8.652177973474818318e-01
1.892376923933625221e-03 8.675500106784042043e-01
1.174857607111334801e-03 8.687778046568397361e-01
8.387756654091419600e-03 8.437057339212261642e-01
7.685509630508961104e-03 8.567249264003189424e-01
8.064516129032257841e-03 8.442622950819672623e-01
8.064516129032257841e-03 8.565573770491803351e-01
1.209677419354838676e-02 8.483606557377049162e-01
1.209677419354838676e-02 8.524590163934425702e-01
1.612903225806451568e-02 8.483606557377049162e-01
2.016129032258064460e-02 8.483606557377049162e-01
2.419354838709677352e-02 8.483606557377049162e-01
2.822580645161290244e-02 8.483606557377049162e-01
3.225806451612903136e-02 8.483606557377049162e-01
3.513934466642357896e-02 8.485283089060237094e-01
3.957357895823435806e-02 8.484619190669752120e-01
4.399399542073238745e-02 8.484065005862054809e-01
4.838127213092628665e-02 8.484065005862054809e-01
5.240487808048548829e-02 8.484660897986747718e-01
5.640708422816392148e-02 8.485882711932196676e-01
6.039212384160735914e-02 8.487554335981973841e-01
6.434320431623247183e-02 8.489985446460911467e-01
6.819057794036192943e-02 8.494203714901947810e-01
7.178151136970208068e-02 8.501750867829093172e-01
7.406624891014108869e-02 8.518473425895342066e-01
8.197441995669636772e-02 8.512795898341954937e-01
8.288535704806206106e-02 8.543748902366877784e-01
9.087420822001032739e-02 8.541303220143938724e-01
9.284797893539484259e-02 8.564362300338737022e-01
9.487659143914858872e-02 8.587373715298647348e-01
1.029331485981181682e-01 8.581402917758973459e-01
1.049938584140862469e-01 8.604218003299033413e-01
1.071036810603653716e-01 8.626800767512472490e-01
1.151414828960813791e-01 8.617736563414762907e-01
1.174984611495728387e-01 8.635775166426281624e-01
1.210447948213831948e-01 8.645917135240704932e-01
1.325262119062244892e-01 6.240153881973113936e-01
1.246386341226752847e-01 8.655493172795939438e-01
1.321790859839248045e-01 6.253068280658211631e-01
1.270955450637566431e-01 8.672851444084624939e-01
1.382155038957153526e-01 6.241759938401643115e-01
1.351152004283522334e-01 8.659639958116668312e-01
1.395715755755982945e-01 6.247419771952096301e-01
1.376066012420661400e-01 8.675790538602951019e-01
1.411106534801694068e-01 6.236773963300052959e-01
1.412906004702710050e-01 8.683385861861961930e-01
1.483048532578733758e-01 6.251923030959900540e-01
1.451612903756445971e-01 8.688524590062692843e-01
1.503809830399170100e-01 6.238403503103640002e-01
1.490542186300210237e-01 8.692788128740130960e-01
1.536602316163254989e-01 6.232403823833905232e-01
1.527708082548117352e-01 8.699261184140550940e-01
1.649294309618492271e-01 4.596087633198905897e-01
1.570384192027925174e-01 6.227285197838667852e-01
1.553125478394870307e-01 8.713925957038509695e-01
1.648388683435416946e-01 4.604828709652494800e-01
1.598453749076373109e-01 6.217389634130980891e-01
1.632434494432903060e-01 8.697771671014364880e-01
1.701360356903845183e-01 4.561418218416024573e-01
1.654324466228811741e-01 6.271586344867455809e-01
1.657242984886491410e-01 8.711102806283619326e-01
1.734399687679063773e-01 4.604828709652494800e-01
1.708598336385142302e-01 6.215897761304389757e-01
1.693548387219959983e-01 8.714054898610796851e-01
1.755435886312156080e-01 4.595629185004938555e-01
1.736881371339663027e-01 6.224501394918646735e-01
1.729853790762248544e-01 8.711102806283619326e-01
1.787801627557905060e-01 4.592081201498942611e-01
1.775055554732511420e-01 6.227590929648598728e-01
1.754662279760645371e-01 8.697771671014364880e-01
1.822536920606639410e-01 4.590054900145034700e-01
1.814679749239134776e-01 6.229617231002506639e-01
1.833971295798678125e-01 8.713925957038509695e-01
1.858060101494042882e-01 4.587887779871082095e-01
1.854615807569057195e-01 6.230909161550683972e-01
1.859388691645431080e-01 8.699261184140550940e-01
1.893935429998823694e-01 4.585270849438231600e-01
1.894483717279076829e-01 6.232403823833905232e-01
1.896390449565519831e-01 8.692371387499361335e-01
1.932834369710631495e-01 4.581409330512244416e-01
1.933886045500853856e-01 6.234779539537143034e-01
1.935080351087831718e-01 8.687581472825468554e-01
1.969518920616997737e-01 4.574446608694117677e-01
1.971402751026494760e-01 6.239695434943299812e-01
1.973584379396221000e-01 8.682178754882398097e-01
1.993817642346144559e-01 4.558111913883906019e-01
1.997206670479969026e-01 6.253068280658211631e-01
2.010064404007167460e-01 8.674208228533598630e-01
2.074367199844170118e-01 4.569768803614023822e-01
2.074367199844170118e-01 6.234450034079614955e-01
2.034284987772304321e-01 8.657526910595106928e-01
2.096774192856665775e-01 4.549180327868230789e-01
2.096774195301387422e-01 6.243191108786974031e-01
2.114853919108188041e-01 8.668546198264192038e-01
2.119181187252604237e-01 4.528591852123681205e-01
2.119181187252604237e-01 6.234450034079614955e-01
2.137096772440548187e-01 8.647540983709042228e-01
2.199730744750629519e-01 4.540248741853799008e-01
2.196341716616805051e-01 6.253068280658211631e-01
2.159503767897765492e-01 8.626952507861386232e-01
2.224087711975669401e-01 4.524372496401707910e-01
2.222203883021363902e-01 6.240153881973113936e-01
2.240053325395790773e-01 8.638609397591503480e-01
2.260800538417477579e-01 4.517547217422913097e-01
2.259748864519004197e-01 6.235375431734595519e-01
2.264410290874600828e-01 8.622733152139412383e-01
2.299749336192279114e-01 4.513894879367950641e-01
2.299201047820632338e-01 6.233208896611344141e-01
2.301123119935753747e-01 8.615907873160617569e-01
2.339329521778234777e-01 4.512076572158190690e-01
2.339165383013858956e-01 6.232054409648284388e-01
2.340071916837440369e-01 8.612255535105655113e-01
2.379168636995135921e-01 4.511110475453830593e-01
2.379313405268593806e-01 6.231367610035689619e-01
2.379710348719644708e-01 8.609978779410889516e-01
2.419218459224266038e-01 4.511110475453830593e-01
2.419499607519737250e-01 6.230562537331010287e-01
2.419635984276664598e-01 8.608416790363557780e-01
2.459221713760334493e-01 4.511659830917421066e-01
2.459735664154968360e-01 6.229966645206317377e-01
2.459822188164898504e-01 8.607611717658878447e-01
2.498877141988486983e-01 4.513368502833697282e-01
2.499999999477630908e-01 6.229508196721311730e-01
2.500000001099175195e-01 8.607474274019191185e-01
2.537953566098886116e-01 4.516866486977602624e-01
2.540264334621761266e-01 6.229049748236306083e-01
2.540177810616378595e-01 8.607611717658878447e-01
2.574898734531034794e-01 4.523470916777665995e-01
2.580500393298807982e-01 6.228453856111613174e-01
2.580364014904790171e-01 8.608416790363557780e-01
2.650111357290898528e-01 9.048360149284488951e-01
2.599474064885608504e-01 4.539382351089085721e-01
2.620686594731406194e-01 6.227648783406933841e-01
2.620289652080710630e-01 8.609978779410889516e-01
2.672111945106617759e-01 9.052774332526719592e-01
2.738884762079725199e-01 3.229561528900913303e-01
2.679809163241917425e-01 4.526563361706975597e-01
2.660776369853157242e-01 6.226503535309333426e-01
2.661290322580645018e-01 8.606557377049179891e-01
2.664843213137975120e-01 9.026930696277527533e-01
2.746624123725679434e-01 3.223111453011907046e-01
2.703852777236944727e-01 4.544880477607547986e-01
2.700654182305198825e-01 6.224753156439859492e-01
2.701612903225806273e-01 8.606557377049179891e-01
2.727661951399978912e-01 9.004611298193788693e-01
2.757007800035118361e-01 3.207765947340331381e-01
2.737555203427965989e-01 4.557629453903827565e-01
2.739969990150477042e-01 6.221781548830207509e-01
2.741935483870967527e-01 8.606557377049179891e-01
2.741935483870967527e-01 8.975409836065574298e-01
2.826612590842189077e-01 3.217276732254101823e-01
2.760662673071266893e-01 4.576822391665372747e-01
2.777282165742719355e-01 6.215857850639607829e-01
2.782258064516128782e-01 8.606557377049179891e-01
2.782258064516128782e-01 8.975409836065574298e-01
2.844696631955523913e-01 3.202611957027836631e-01
2.841626727322657531e-01 4.567576409699242723e-01
2.802699564790894216e-01 6.201193075413342637e-01
2.822580645161290591e-01 8.647540983606557541e-01
2.797644264365156119e-01 8.928501716372175823e-01
2.875368151918895054e-01 3.194861898161032165e-01
2.863306744886006672e-01 4.589220817087764082e-01
2.882784306176848221e-01 6.216839711471903174e-01
2.862903225806451846e-01 8.647540983606557541e-01
2.862903225806451846e-01 8.934426229508196649e-01
2.906921029291791858e-01 3.186771665283738564e-01
2.885114391477057727e-01 4.610710870856266630e-01
2.908201704060869308e-01 6.202174936245637982e-01
2.903225806451613100e-01 8.647540983606557541e-01
2.903225806451613100e-01 8.893442622950820109e-01
2.927789690851744786e-01 3.170952400475068877e-01
2.965599486318927780e-01 4.600042372819830305e-01
2.945513881690379754e-01 6.196251238055038302e-01
2.943548387096774355e-01 8.688524590163934080e-01
2.943548387096774355e-01 8.852459016393442459e-01
3.004522577844440101e-01 3.185676675610488728e-01
2.989065200541048406e-01 4.616889034275759585e-01
2.984829687061832382e-01 6.193279630445386319e-01
2.983870967741935609e-01 8.729508196721311730e-01
2.983870967741935609e-01 8.770491803278688270e-01
2.983870967741935609e-01 8.811475409836065920e-01
3.029572967695252639e-01 3.170331169938913063e-01
3.023638020073826094e-01 4.625861329602871663e-01
3.024707498677138839e-01 6.191529251575912385e-01
3.024193548387096864e-01 8.729508196721311730e-01
3.066645762972315947e-01 3.163881094049906806e-01
3.050295095252353872e-01 4.636692756664801962e-01
3.064797276236335688e-01 6.190384003478311969e-01
3.064516129032258118e-01 8.729508196721311730e-01
3.105797428196960808e-01 3.160492745199485198e-01
3.102838461617788979e-01 4.580884101174649836e-01
3.104925234201214024e-01 6.189120482325006778e-01
3.104838709677419373e-01 8.688524590163934080e-01
3.145616996753820005e-01 3.158283917845005617e-01
3.157611598163062028e-01 4.634602407511652089e-01
3.145161290322580627e-01 6.188524590163934080e-01
3.145161290322580627e-01 8.688524590163934080e-01
3.185620248825157819e-01 3.156542777622712292e-01
3.182293269839588379e-01 4.619841125438783891e-01
3.185483870967741882e-01 6.188524590163934080e-01
3.185483870967741882e-01 8.688524590163934080e-01
3.225670074310278967e-01 3.154932632140594051e-01
3.204560080287797708e-01 4.601608678110737927e-01
3.225806451612903136e-01 6.188524590163934080e-01
3.225806451612903136e-01 8.688524590163934080e-01
3.265673325826825013e-01 3.153191491991060302e-01
3.285105053350449444e-01 4.611963879233073604e-01
3.315713316682846190e-01 5.764792819324209283e-01
3.266129032258064391e-01 6.188524590163934080e-01
3.266129032258064391e-01 8.688524590163934080e-01
3.305492893583328873e-01 3.150982664636580721e-01
3.307050959980011862e-01 4.591065513177156610e-01
3.311878652480851337e-01 5.786997684521875129e-01
3.337631864292967543e-01 5.780573291560925364e-01
3.306451612903225645e-01 6.188524590163934080e-01
3.300086889817799851e-01 8.692479465446877329e-01
3.344866944450674562e-01 3.148469504638819472e-01
3.329225616386881081e-01 4.570256190290521991e-01
3.365114008399447409e-01 5.847777621057189679e-01
3.346774193548386900e-01 6.188524590163934080e-01
3.346918961949174043e-01 8.689578930773632637e-01
3.382265645148788136e-01 3.143141698645672277e-01
3.409750574163251113e-01 4.581644328265283006e-01
3.392043035954326879e-01 5.923779887742683936e-01
3.387096774193548154e-01 6.188524590163934080e-01
3.387155019402950384e-01 8.688983038648939727e-01
3.407819422127137954e-01 3.129281994741654471e-01
3.433949603631551439e-01 4.565242737718689936e-01
3.427419354838709409e-01 5.901639344262294973e-01
3.427419354838709409e-01 5.942622950819672623e-01
3.427419354838709409e-01 5.983606557377049162e-01
3.427419354838709409e-01 6.147540983606557541e-01
3.427419354723794109e-01 8.688524590163934080e-01
3.487109065491466042e-01 3.146073880498526654e-01
3.470333191245088544e-01 4.557476483588870364e-01
3.467741935483871218e-01 6.024590163934425702e-01
3.467741935483871218e-01 6.065573770491803351e-01
3.467741935483871218e-01 6.106557377049179891e-01
3.467741935598786518e-01 8.688524590163934080e-01
3.512081694563911061e-01 3.133159488798348269e-01
3.509145608106571945e-01 4.553019072174392390e-01
3.508064516129032473e-01 6.106557377049179891e-01
3.508064514614133156e-01 8.688524590163934080e-01
3.548387096082472603e-01 3.130207396471170744e-01
3.548551236047886581e-01 4.549597068964102986e-01
3.548387096774193727e-01 6.147540983606557541e-01
3.548387095259294410e-01 8.688524590163934080e-01
3.584692500148629613e-01 3.133159488798348269e-01
3.588032105394485249e-01 4.546284700756259012e-01
3.588709677419354982e-01 6.147540983606557541e-01
3.588709677534270281e-01 8.688524590163934080e-01
3.609665128056921413e-01 3.146073880498526654e-01
3.627211532035407027e-01 4.542508020369168120e-01
3.629032258064516236e-01 6.147540983606557541e-01
3.629032258064516236e-01 8.688524590163934080e-01
3.688954771421248946e-01 3.129281994741654471e-01
3.664437186596314344e-01 4.535988428816962736e-01
3.669354838709677491e-01 6.147540983606557541e-01
3.669354838709677491e-01 8.688524590163934080e-01
3.714508550145828591e-01 3.143141698645672277e-01
3.689796338984442370e-01 4.520865206560883420e-01
3.709677419354838745e-01 6.147540983606557541e-01
3.709677419354838745e-01 8.688524590163934080e-01
3.751907249097712338e-01 3.148469504638819472e-01
3.769881080370396376e-01 4.536511842619444512e-01
3.750000000000000000e-01 6.147540983606557541e-01
3.750000000000000000e-01 8.688524590163934080e-01
3.791281299164702689e-01 3.150982664636580721e-01
3.795298479418570681e-01 4.521847067393179320e-01
3.807347362200098617e-01 6.158504524558293669e-01
3.842276694523470981e-01 6.834151305365147033e-01
3.790322580645161255e-01 8.688524590163934080e-01
3.835645053806083782e-01 9.402209913232134619e-01
3.834101000139790161e-01 9.413096347659613006e-01
3.831100868521917224e-01 3.153191491991060302e-01
3.828943976916507896e-01 4.515923369202579640e-01
3.835476290335082528e-01 6.175928583891573398e-01
3.863496910855774846e-01 6.814263656880462650e-01
3.830645161290322509e-01 8.688524590163934080e-01
3.856508152168844905e-01 9.281358705589273228e-01
3.836847193963495162e-01 9.304906566315769290e-01
3.818601508467127648e-01 9.329206935973594073e-01
3.811973627964635458e-01 9.484762958514305620e-01
3.822962427004841235e-01 9.512139834863415633e-01
3.826493222807203498e-01 9.550602852088231343e-01
3.828277138457070183e-01 9.590746350604305581e-01
3.829774897315092463e-01 9.631358435069801160e-01
3.831495594643075098e-01 9.671921967834111733e-01
3.832607129954868075e-01 9.708930298196510877e-01
3.834460831496999678e-01 9.745184008726758274e-01
3.837240513023589816e-01 9.780181225114426002e-01
3.842254314879556265e-01 9.812216626167236111e-01
3.855603372287605968e-01 9.830875794983423566e-01
3.871162365543451278e-01 3.154474183655588404e-01
3.864069293598614285e-01 4.512951761592927657e-01
3.872005848937870587e-01 6.183945555588207244e-01
3.899659231650612901e-01 6.780745646168218066e-01
3.870967741935483764e-01 8.688524590163934080e-01
3.894337051427892993e-01 9.116596205534077679e-01
3.876002097498595367e-01 9.141784123131684314e-01
3.863603730100176881e-01 9.176555260964364136e-01
3.845506870533309529e-01 9.201497312894731939e-01
3.848792942120663474e-01 9.898587517749487530e-01
3.872313254072533573e-01 9.898905681950025404e-01
3.911298712581730008e-01 3.155488437067583418e-01
3.989048903026888304e-01 4.147070910186186343e-01
3.900229733121851616e-01 4.508026082643124544e-01
3.911290322580645018e-01 6.188524590163934080e-01
3.939513748196223908e-01 6.747996515582972421e-01
3.911290322580645018e-01 8.688524590163934080e-01
3.911290322580645018e-01 8.852459016393442459e-01
3.911290322580645018e-01 8.893442622950820109e-01
3.911290322580645018e-01 8.934426229508196649e-01
3.911290322580645018e-01 8.975409836065574298e-01
3.911290322580645018e-01 9.016393442622950838e-01
3.882293352076122694e-01 9.036979217494486294e-01
3.864642861449429923e-01 9.921032851561903954e-01
3.951438344526151392e-01 3.156424504457868152e-01
3.996863506223645723e-01 4.153411350781708866e-01
3.935289540283021248e-01 4.503479100988994621e-01
3.951612903225806273e-01 6.188524590163934080e-01
3.982734125062462605e-01 6.728387526961684406e-01
3.951612903225806273e-01 8.729508196721311730e-01
3.951612903225806273e-01 8.770491803278688270e-01
3.951612903225806273e-01 8.811475409836065920e-01
3.991490717169419167e-01 3.157488084078545199e-01
4.007374809814556738e-01 4.168602503706380635e-01
3.968579441068633695e-01 4.499120241256247543e-01
3.991935483870967527e-01 6.188524590163934080e-01
3.972924406632720729e-01 6.696939168757468641e-01
3.991935483870967527e-01 8.688524590163934080e-01
4.031251290115535069e-01 3.158709312527684943e-01
4.075673859596492532e-01 4.179321081209622646e-01
3.999037692819030765e-01 4.494916809947978042e-01
4.032258064516128782e-01 6.188524590163934080e-01
4.021126647975535873e-01 6.665750459832765484e-01
4.032258064516128782e-01 8.688524590163934080e-01
4.069570242436678087e-01 3.161661403690709249e-01
4.092969012281467145e-01 4.190395732475139523e-01
4.026137786286492770e-01 4.488144710652346991e-01
4.072580645161290591e-01 6.188524590163934080e-01
4.065641013158095007e-01 6.613263118416681241e-01
4.091625953160767382e-01 8.092059946588439079e-01
4.108509344814886277e-01 8.080954756635454483e-01
4.072580645161290591e-01 8.688524590163934080e-01
4.097998042463235069e-01 3.170402480144298152e-01
4.123283379350698996e-01 4.194242234406687642e-01
4.038051466097034026e-01 4.481610267415459536e-01
4.112903225806451846e-01 6.229508196721311730e-01
4.112903225806451846e-01 6.557377049180327377e-01
4.094702928897834826e-01 6.555043036026544367e-01
4.134583910101003457e-01 8.128507085503308138e-01
4.112903225806451846e-01 8.647540983606557541e-01
4.153225807144709791e-01 3.115974927137865613e-01
4.156062379272865148e-01 4.197465197248079205e-01
4.153225806451613100e-01 6.270491803278688270e-01
4.153225806451613100e-01 6.475409836065574298e-01
4.153225806451613100e-01 6.516393442622950838e-01
4.166412987190509232e-01 8.166627729632204291e-01
4.153225806451613100e-01 8.647540983606557541e-01
4.208395325526174680e-01 3.169944031950330809e-01
4.187602475698616877e-01 4.203288316093080068e-01
4.193548387096774355e-01 6.311475409836065920e-01
4.193548387096774355e-01 6.352459016393442459e-01
4.193548387096774355e-01 6.393442622950820109e-01
4.193548387096774355e-01 6.434426229508196649e-01
4.203904552099805847e-01 8.208406302661894749e-01
4.193548387096774355e-01 8.647540983606557541e-01
4.236736601611013620e-01 3.160607063299289421e-01
4.204594959024219869e-01 4.216056343465738321e-01
4.233870967741935609e-01 6.311475409836065920e-01
4.243735406067102311e-01 8.256863082537702070e-01
4.233870967741935609e-01 8.647540983606557541e-01
4.274977421206835326e-01 3.157308347698312700e-01
4.280669166961865169e-01 4.212697707259737689e-01
4.274193548387096864e-01 6.311475409836065920e-01
4.280306310881109577e-01 8.305330464356869280e-01
4.274193548387096864e-01 8.647540983606557541e-01
4.314591714644906983e-01 3.155537763294455345e-01
4.299390232716236437e-01 4.234400121056184907e-01
4.314516129032258118e-01 6.270491803278688270e-01
4.314516129032258118e-01 8.319672131147540783e-01
4.314516129032258118e-01 8.606557377049179891e-01
4.354393940938602880e-01 3.153987325757520721e-01
4.311745091671905228e-01 4.253420246093244095e-01
4.354838709677419373e-01 6.270491803278688270e-01
4.354838709677419373e-01 8.360655737704918433e-01
4.354838709677419373e-01 8.401639344262294973e-01
4.354838709677419373e-01 8.565573770491803351e-01
4.393846126059220425e-01 3.151820790925307647e-01
4.360589637090602211e-01 4.279504386463858778e-01
4.395161290322580627e-01 6.270491803278688270e-01
4.395161290322580627e-01 8.442622950819672623e-01
4.395161290322580627e-01 8.483606557377049162e-01
4.395161290322580627e-01 8.524590163934425702e-01
4.448939245795049957e-01 9.959016393442623460e-01
4.431553215310428118e-01 3.147438290151080564e-01
4.407111962265785610e-01 4.327595474381671359e-01
4.444575124709386205e-01 4.319154376309120580e-01
4.498603490121181880e-01 5.886891166809335996e-01
4.435483870967741882e-01 6.270491803278688270e-01
4.435483870967741882e-01 8.524590163934425702e-01
4.453352159527581011e-01 9.957796121054314220e-01
4.457949108421622175e-01 3.135607679695135430e-01
4.474868594719033088e-01 4.369406512113990226e-01
4.486255398463277477e-01 5.908207699320600081e-01
4.475806451612903136e-01 6.270491803278688270e-01
4.475806451612903136e-01 8.565573770491803351e-01
4.473983832379622716e-01 9.952794804159537101e-01
4.531034215601281168e-01 3.156719563422022423e-01
4.527445348926008584e-01 4.419748932657549534e-01
4.535385750481978895e-01 5.950770596133880819e-01
4.516129032258064391e-01 6.270491803278688270e-01
4.516129032258064391e-01 8.565573770491803351e-01
4.482147339280814768e-01 9.947918793224714840e-01
4.541604674473825320e-01 3.156261119884667954e-01
4.575259501167062148e-01 4.459988761723774342e-01
4.565649540914643034e-01 6.009262727161289730e-01
4.556451612903225645e-01 6.229508196721311730e-01
4.556451612903225645e-01 8.606557377049179891e-01
4.596774193548386900e-01 3.155737704918032960e-01
4.630957971882795898e-01 4.497661398948918365e-01
4.596774193548386900e-01 5.983606557377049162e-01
4.596774193548386900e-01 6.024590163934425702e-01
4.596774193548386900e-01 6.188524590163934080e-01
4.596774193548386900e-01 8.606557377049179891e-01
4.637096774193548154e-01 3.155737704918032960e-01
4.680590590822600316e-01 4.515966929449531930e-01
4.637096774193548154e-01 6.065573770491803351e-01
4.637096774193548154e-01 6.106557377049179891e-01
4.637096774193548154e-01 6.147540983606557541e-01
4.637096774193548154e-01 8.647540983606557541e-01
4.677419354838709409e-01 3.155737704918032960e-01
4.700282085386495168e-01 4.536306065694261092e-01
4.677419354838709409e-01 6.147540983606557541e-01
4.677419354838709409e-01 8.647540983606557541e-01
4.717741935483871218e-01 3.155737704918032960e-01
4.717741935483871218e-01 4.549180327868852514e-01
4.717741935483871218e-01 6.188524590163934080e-01
4.717741935483871218e-01 8.647540983606557541e-01
4.758064516129032473e-01 3.155737704918032960e-01
4.758064516129032473e-01 4.549180327868852514e-01
4.758064516129032473e-01 6.188524590163934080e-01
4.758064516129032473e-01 8.647540983606557541e-01
4.758064516129032473e-01 8.893442622950820109e-01
4.758064516129032473e-01 8.934426229508196649e-01
4.758064516129032473e-01 9.672131147540983243e-01
4.758064516129032473e-01 9.713114754098360892e-01
4.758064516129032473e-01 9.754098360655737432e-01
4.758064516129032473e-01 9.795081967213115082e-01
4.758064516129032473e-01 9.836065573770491621e-01
4.798387096774193727e-01 3.155737704918032960e-01
4.798387096774193727e-01 4.549180327868852514e-01
4.939889259215805017e-01 4.918770224359802490e-01
4.798387096774193727e-01 6.229508196721311730e-01
4.798387096774193727e-01 8.647540983606557541e-01
4.798387096774193727e-01 8.852459016393442459e-01
4.798387096774193727e-01 8.975409836065574298e-01
4.798387096774193727e-01 9.631147540983606703e-01
4.798387096774193727e-01 9.877049180327869271e-01
4.838709677419354982e-01 3.155737704918032960e-01
4.838709677419354982e-01 4.549180327868852514e-01
4.838709677419354982e-01 4.918032786885245811e-01
4.838709677419354982e-01 6.229508196721311730e-01
4.838709677419354982e-01 8.688524590163934080e-01
4.838709677419354982e-01 8.811475409836065920e-01
4.838709677419354982e-01 9.016393442622950838e-01
4.838709677419354982e-01 9.590163934426229053e-01
4.838709677419354982e-01 9.877049180327869271e-01
4.879032258064516236e-01 3.114754098360655865e-01
4.879032258064516236e-01 3.360655737704917878e-01
4.879032258064516236e-01 3.401639344262294973e-01
4.879032258064516236e-01 3.442622950819672067e-01
4.901949613009609630e-01 3.382176159896322920e-01
4.879032258064516236e-01 4.590163934426229608e-01
4.879032258064516236e-01 4.918032786885245811e-01
4.879032258064516236e-01 6.229508196721311730e-01
4.879032258064516236e-01 8.729508196721311730e-01
4.879032258064516236e-01 8.770491803278688270e-01
4.879032258064516236e-01 9.057377049180327377e-01
4.879032258064516236e-01 9.549180327868852514e-01
4.879032258064516236e-01 9.877049180327869271e-01
4.919354838709677491e-01 3.114754098360655865e-01
4.919354838709677491e-01 3.319672131147540783e-01
4.919354838709677491e-01 4.631147540983606703e-01
4.919354838709677491e-01 4.918032786885245811e-01
4.919354838709677491e-01 6.270491803278688270e-01
4.919354838709677491e-01 8.729508196721311730e-01
4.919354838709677491e-01 9.098360655737705027e-01
4.919354838709677491e-01 9.139344262295081567e-01
4.919354838709677491e-01 9.180327868852459217e-01
4.919354838709677491e-01 9.221311475409835756e-01
4.919354838709677491e-01 9.262295081967213406e-01
4.919354838709677491e-01 9.303278688524589946e-01
4.919354838709677491e-01 9.344262295081967595e-01
4.919354838709677491e-01 9.385245901639344135e-01
4.919354838709677491e-01 9.426229508196721785e-01
4.919354838709677491e-01 9.467213114754098324e-01
4.919354838709677491e-01 9.508196721311474864e-01
4.919354838709677491e-01 9.918032786885245811e-01
4.959677419354838745e-01 3.155737704918032960e-01
4.959677419354838745e-01 3.278688524590163689e-01
4.959677419354838745e-01 4.672131147540983798e-01
4.959677419354838745e-01 4.713114754098360892e-01
4.959677419354838745e-01 4.754098360655737432e-01
4.959677419354838745e-01 4.795081967213114527e-01
4.959677419354838745e-01 4.836065573770491621e-01
4.959677419354838745e-01 4.877049180327868716e-01
4.959677419354838745e-01 4.918032786885245811e-01
4.959677419354838745e-01 4.959016393442622905e-01
4.959677419354838745e-01 5.000000000000000000e-01
4.959677419354838745e-01 5.040983606557376540e-01
4.959677419354838745e-01 5.081967213114754189e-01
4.959677419354838745e-01 5.122950819672130729e-01
4.959677419354838745e-01 6.311475409836065920e-01
5.045582427372855561e-01 6.797250155426302065e-01
4.959677419354838745e-01 8.729508196721311730e-01
4.959677419354838745e-01 9.098360655737705027e-01
4.959677419354838745e-01 9.549180327868852514e-01
4.959677419354838745e-01 9.590163934426229053e-01
4.959677419354838745e-01 9.631147540983606703e-01
4.959677419354838745e-01 9.672131147540983243e-01
4.959677419354838745e-01 9.713114754098360892e-01
4.959677419354838745e-01 9.754098360655737432e-01
4.959677419354838745e-01 9.795081967213115082e-01
4.959677419354838745e-01 9.836065573770491621e-01
4.959677419354838745e-01 9.877049180327869271e-01
4.959677419354838745e-01 9.918032786885245811e-01
5.000000000000000000e-01 3.196721311475410054e-01
5.000000000000000000e-01 3.237704918032787149e-01
5.000000000000000000e-01 3.278688524590163689e-01
5.000000000000000000e-01 4.631147540983606703e-01
5.000000000000000000e-01 5.163934426229508379e-01
5.000000000000000000e-01 5.204918032786884918e-01
5.000000000000000000e-01 5.245901639344262568e-01
5.029874665196985006e-01 5.263318696257764939e-01
5.000000000000000000e-01 6.311475409836065920e-01
5.000000000000000000e-01 6.352459016393442459e-01
5.000000000000000000e-01 6.393442622950820109e-01
5.000000000000000000e-01 6.434426229508196649e-01
5.000000000000000000e-01 6.475409836065574298e-01
5.000000000000000000e-01 6.516393442622950838e-01
5.000000000000000000e-01 6.557377049180327377e-01
5.000000000000000000e-01 6.598360655737705027e-01
5.000000000000000000e-01 6.639344262295081567e-01
4.998907187473378144e-01 6.679114509278719636e-01
4.997104624053463340e-01 6.717971186296723962e-01
4.989949953742325306e-01 6.746965961752184882e-01
4.999060697809909470e-01 6.853827816695662323e-01
5.023095139767974615e-01 6.868586995978610554e-01
5.042223646305501461e-01 8.170546205336471912e-01
5.041709518991410732e-01 8.182447610239758085e-01
5.000000000000000000e-01 8.688524590163934080e-01
5.000000000000000000e-01 8.729508196721311730e-01
5.000000000000000000e-01 8.770491803278688270e-01
5.000000000000000000e-01 8.811475409836065920e-01
5.000000000000000000e-01 8.852459016393442459e-01
5.000000000000000000e-01 8.893442622950820109e-01
5.000000000000000000e-01 8.934426229508196649e-01
5.000000000000000000e-01 8.975409836065574298e-01
5.000000000000000000e-01 9.016393442622950838e-01
5.000000000000000000e-01 9.057377049180327377e-01
5.000000000000000000e-01 9.959016393442623460e-01
5.040322580645161255e-01 7.972407154738903046e-03
5.040322580645161255e-01 9.137424869371243291e-03
5.040322580645161255e-01 1.176911405455626468e-02
5.040322580645161255e-01 1.488969357470508459e-02
5.040322580645161255e-01 1.825471861158177098e-02
5.040766804087334352e-01 2.176094728476199794e-02
5.041344379898228256e-01 2.536229973231426960e-02
5.042125063374706118e-01 2.902880957355860256e-02
5.043236443344804032e-01 3.273863342331081311e-02
5.045343519342432304e-01 3.677970348710869752e-02
5.048752943440640850e-01 4.076054045256822383e-02
5.055229147002401335e-01 4.453844916300665063e-02
5.070781734576749189e-01 4.713717657217725288e-02
5.040322580645161255e-01 3.155737704918032960e-01
5.040322580645161255e-01 3.278688524590163689e-01
5.040322580645161255e-01 4.590163934426229608e-01
5.040322580645161255e-01 5.327868852459016757e-01
5.040322580645161255e-01 5.368852459016393297e-01
5.040322580645161255e-01 6.311475409836065920e-01
5.012552122390198095e-01 6.947093820733736269e-01
5.028713427055927498e-01 6.972449303053120939e-01
5.036539475296458734e-01 7.009714340114083786e-01
5.042550911931621416e-01 7.048577546831110707e-01
5.050213852702009065e-01 7.086163977600946628e-01
5.066097927084493024e-01 7.112429491587777264e-01
5.066948361965196712e-01 7.928763293512318677e-01
5.051749780578839166e-01 7.955181144514754665e-01
5.045020358849151565e-01 7.993016639499177511e-01
5.040341147706649538e-01 8.032319869684603209e-01
5.034531909078659995e-01 8.070445707464803942e-01
5.021651047319474204e-01 8.097731908210782370e-01
5.019848566772716625e-01 8.254990935569903598e-01
5.031618046961093826e-01 8.282495827736623406e-01
5.040322580645161255e-01 8.319672131147540783e-01
5.040322580645161255e-01 8.360655737704918433e-01
5.040322580645161255e-01 8.401639344262294973e-01
5.040322580645161255e-01 8.442622950819672623e-01
5.040322580645161255e-01 8.483606557377049162e-01
5.040322580645161255e-01 8.524590163934425702e-01
5.040322580645161255e-01 8.565573770491803351e-01
5.040322580645161255e-01 8.606557377049179891e-01
5.040322580645161255e-01 8.647540983606557541e-01
5.041841189414563162e-01 9.932432840578258038e-01
5.057275851797913280e-01 5.510224350422742584e-02
5.074835922644143071e-01 5.766282629815205202e-02
5.086454399936501947e-01 6.118963271824139072e-02
5.103570248541091647e-01 6.375567865038871129e-02
5.108184977509682145e-01 1.002688348774233296e-01
5.093964424525057044e-01 1.029298343556383499e-01
5.088155185878877607e-01 1.067424179372076093e-01
5.085704113664706316e-01 1.107403621778653563e-01
5.084580823097513136e-01 1.147887689789893612e-01
5.084250126749412235e-01 1.188524590334098657e-01
5.084580823097513136e-01 1.229161492175065706e-01
5.085704113664706316e-01 1.269645559204051477e-01
5.088155185878877607e-01 1.309625000955792762e-01
5.093964424525057044e-01 1.347750838517715322e-01
5.108629199751322236e-01 1.374306200171408476e-01
5.158537074532960620e-01 2.745978281316817649e-01
5.080645161290322509e-01 3.073770491803278770e-01
5.080645161290322509e-01 3.114754098360655865e-01
5.080645161290322509e-01 3.319672131147540783e-01
5.123858193476353851e-01 3.967557073166196879e-01
5.104896673076455560e-01 3.987445926549462727e-01
5.097819384029735890e-01 4.019647028805787281e-01
5.091321352013056245e-01 4.057173208516584029e-01
5.086876250645746556e-01 4.096466049198423942e-01
5.082447644019867372e-01 4.139608089554996373e-01
5.081666960543389511e-01 4.180463681531677578e-01
5.081089384732495606e-01 4.221366107842529636e-01
5.080200937848149412e-01 4.262240449534519526e-01
5.080645161290322509e-01 4.303278688524589946e-01
5.080645161290322509e-01 4.344262295081967040e-01
5.080645161290322509e-01 4.385245901639344135e-01
5.080645161290322509e-01 4.426229508196721230e-01
5.080645161290322509e-01 4.467213114754098324e-01
5.080645161290322509e-01 4.508196721311475419e-01
5.080645161290322509e-01 4.549180327868852514e-01
5.080645161290322509e-01 5.409836065573770947e-01
5.080645161290322509e-01 5.450819672131147486e-01
5.080645161290322509e-01 5.491803278688525136e-01
5.080645161290322509e-01 5.737704918032786594e-01
5.080645161290322509e-01 5.778688524590164244e-01
5.080645161290322509e-01 5.819672131147540783e-01
5.080645161290322509e-01 5.860655737704918433e-01
5.080645161290322509e-01 5.901639344262294973e-01
5.080645161290322509e-01 5.942622950819672623e-01
5.080645161290322509e-01 6.270491803278688270e-01
5.051740782876168456e-01 7.191647822342690510e-01
5.066919688908984032e-01 7.217977480298732873e-01
5.073135136701767411e-01 7.255948769536010312e-01
5.076030432321732011e-01 7.295982845362083413e-01
5.077731298590679732e-01 7.336548091996399901e-01
5.078842678560777646e-01 7.377313009224873985e-01
5.079623362037255507e-01 7.418168598755013887e-01
5.080200937848149412e-01 7.459071025875316785e-01
5.080645161290322509e-01 7.499999999477631185e-01
5.080645161290322509e-01 7.540983606442460685e-01
5.080200937848149412e-01 7.581912581905331239e-01
5.079623362037255507e-01 7.622815006992912368e-01
5.078842678560777646e-01 7.663670599788139359e-01
5.077731298590679732e-01 7.704435512923886176e-01
5.076030432321732011e-01 7.745000763669119825e-01
5.073135136701767411e-01 7.785034835420655552e-01
5.066919688908984032e-01 7.823006127713836300e-01
5.051740782876168456e-01 7.849335784214686029e-01
5.080645161290322509e-01 8.647540983606557541e-01
5.053884121664469209e-01 9.956068363972008228e-01
5.089486789769462893e-01 7.170170119994120905e-02
5.104258692703179667e-01 7.428762723107776300e-02
5.109623517022438000e-01 7.804366668302673005e-02
5.111332073105468998e-01 8.198266782352726934e-02
5.110543854647285889e-01 8.592878482147066344e-02
5.105845995825685213e-01 8.971949937738112058e-02
5.091961905240051101e-01 9.236223393188575104e-02
5.092983703474484036e-01 1.453562652287607726e-01
5.107648478700749228e-01 1.480118013941301158e-01
5.113457717346928666e-01 1.518243850630108804e-01
5.116353012966893266e-01 1.558277924855470675e-01
5.118053879235840986e-01 1.598843174800348432e-01
5.119165259205938900e-01 1.639608089554996095e-01
5.119945942682416762e-01 1.680463680722227016e-01
5.120967741949058460e-01 1.721311474832218080e-01
5.121989541188550765e-01 1.762159269688172436e-01
5.122770224665028627e-01 1.803014861264675972e-01
5.123881604635126541e-01 1.843779776856059038e-01
5.125582470904074261e-01 1.884345024363490717e-01
5.128477766524038861e-01 1.924379098588852588e-01
5.134287005170218299e-01 1.962504936878370909e-01
5.120967741935483764e-01 2.008196721311475419e-01
5.120967741935483764e-01 2.418032786885245811e-01
5.120967741935483764e-01 2.459016393442622905e-01
5.120967741935483764e-01 2.500000000000000000e-01
5.120967741935483764e-01 2.540983606557377095e-01
5.120967741935483764e-01 2.581967213114754189e-01
5.120967741935483764e-01 2.622950819672131284e-01
5.120967741935483764e-01 2.663934426229508379e-01
5.106747190115011881e-01 2.690544415772969100e-01
5.105281167310632418e-01 2.801177681855032686e-01
5.110978479609794567e-01 2.833113355722400306e-01
5.107266659728221248e-01 2.877300931379336291e-01
5.120967741935483764e-01 2.909836065573770392e-01
5.120967741935483764e-01 2.950819672131147486e-01
5.120967741935483764e-01 2.991803278688524581e-01
5.120967741935483764e-01 3.032786885245901676e-01
5.120967741935483764e-01 3.360655737704917878e-01
5.064112724616162131e-01 3.317070672380142415e-01
5.149708081847957919e-01 3.889815033123385501e-01
5.142019529706768344e-01 3.890754125218410797e-01
5.122888357549409966e-01 3.897207475250174524e-01
5.120967741935483764e-01 5.532786885245901676e-01
5.120967741935483764e-01 5.573770491803278215e-01
5.120967741935483764e-01 5.614754098360655865e-01
5.120967741935483764e-01 5.655737704918032405e-01
5.120967741935483764e-01 5.696721311475410054e-01
5.120967741935483764e-01 6.270491803278688270e-01
5.120967741935483764e-01 8.647540983606557541e-01
5.075707183099321673e-01 9.970028882380574942e-01
5.161290322580645018e-01 2.049180327868852514e-01
5.161290322580645018e-01 2.090163934426229608e-01
5.161290322580645018e-01 2.131147540983606425e-01
5.161290322580645018e-01 2.172131147540983520e-01
5.161290322580645018e-01 2.213114754098360615e-01
5.161290322580645018e-01 2.254098360655737709e-01
5.161290322580645018e-01 2.295081967213114804e-01
5.161290322580645018e-01 2.336065573770491899e-01
5.161290322580645018e-01 2.377049180327868716e-01
5.161290322580645018e-01 5.614754098360655865e-01
5.161290322580645018e-01 6.270491803278688270e-01
5.161290322580645018e-01 8.647540983606557541e-01
5.098821832948634558e-01 9.977913682814687490e-01
5.201612903225806273e-01 2.336065573770491899e-01
5.201612903225806273e-01 5.614754098360655865e-01
5.201612903225806273e-01 6.270491803278688270e-01
5.201612903225806273e-01 8.647540983606557541e-01
5.110928645778086699e-01 9.985926263034343719e-01
5.241935483870967527e-01 2.336065573770491899e-01
5.283915440311595102e-01 3.840891070373844696e-01
5.241935483870967527e-01 5.614754098360655865e-01
5.241935483870967527e-01 6.270491803278688270e-01
5.241935483870967527e-01 8.647540983606557541e-01
5.282258064516128782e-01 2.336065573770491899e-01
5.282258064516128782e-01 3.811475409836065364e-01
5.282258064516128782e-01 5.614754098360655865e-01
5.282258064516128782e-01 6.270491803278688270e-01
5.282258064516128782e-01 8.647540983606557541e-01
5.322580645161290036e-01 2.336065573770491899e-01
5.322580645161290036e-01 3.811475409836065364e-01
5.322580645161290036e-01 5.655737704918032405e-01
5.322580645161290036e-01 6.270491803278688270e-01
5.322580645161290036e-01 8.647540983606557541e-01
5.362903225806451291e-01 2.336065573770491899e-01
5.362903225806451291e-01 3.811475409836065364e-01
5.362903225806451291e-01 5.696721311475410054e-01
5.362903225806451291e-01 5.737704918032786594e-01
5.362903225806451291e-01 6.229508196721311730e-01
5.362903225806451291e-01 8.647540983606557541e-01
5.403225806451612545e-01 2.336065573770491899e-01
5.403225806451612545e-01 3.811475409836065364e-01
5.403225806451612545e-01 5.778688524590164244e-01
5.403225806451612545e-01 5.819672131147540783e-01
5.403225806451612545e-01 5.860655737704918433e-01
5.403225806451612545e-01 5.901639344262294973e-01
5.403225806451612545e-01 5.942622950819672623e-01
5.403225806451612545e-01 5.983606557377049162e-01
5.403225806451612545e-01 6.024590163934425702e-01
5.403225806451612545e-01 6.065573770491803351e-01
5.403225806451612545e-01 6.106557377049179891e-01
5.403225806451612545e-01 6.147540983606557541e-01
5.403225806451612545e-01 6.188524590163934080e-01
5.403225806451612545e-01 6.229508196721311730e-01
5.403225806451612545e-01 8.647540983606557541e-01
5.443548387096773800e-01 2.336065573770491899e-01
5.443548387096773800e-01 3.852459016393442459e-01
5.443548387096773800e-01 6.229508196721311730e-01
5.443548387096773800e-01 8.688524590163934080e-01
5.483870967741935054e-01 2.336065573770491899e-01
5.483870967741935054e-01 3.852459016393442459e-01
5.483870967741935054e-01 6.229508196721311730e-01
5.483870967741935054e-01 8.688524590163934080e-01
5.524193548387096309e-01 2.336065573770491899e-01
5.524193548387096309e-01 3.852459016393442459e-01
5.524193548387096309e-01 6.270491803278688270e-01
5.524193548387096309e-01 8.688524590163934080e-01
5.558769702272969848e-01 2.320791378304301322e-01
5.564516129032257563e-01 3.893442622950819554e-01
5.564516129032257563e-01 3.934426229508196649e-01
5.564516129032257563e-01 3.975409836065573743e-01
5.564516129032257563e-01 4.016393442622950838e-01
5.564516129032257563e-01 4.057377049180327933e-01
5.564516129032257563e-01 4.098360655737705027e-01
5.564516129032257563e-01 4.139344262295082122e-01
5.598387674488607413e-01 4.136155700143121505e-01
5.564516129032257563e-01 6.311475409836065920e-01
5.564516129032257563e-01 8.688524590163934080e-01
5.583587751588633408e-01 2.305225024618147434e-01
5.604838709677418818e-01 3.852459016393442459e-01
5.594557390413096298e-01 4.222894144911494840e-01
5.624072655900230755e-01 4.225572155078597958e-01
5.604838709677418818e-01 6.311475409836065920e-01
5.604838709677418818e-01 8.688524590163934080e-01
5.664083652100676547e-01 2.318642051150014705e-01
5.645161290322581182e-01 3.852459016393442459e-01
5.637601338694954167e-01 4.279661412068382909e-01
5.645161290322581182e-01 6.311475409836065920e-01
5.645161290322581182e-01 8.729508196721311730e-01
5.688494275147546464e-01 2.301005665985791093e-01
5.685483870967742437e-01 3.811475409836065364e-01
5.657007824103799098e-01 4.345218406625895313e-01
5.685564205488786715e-01 4.343004453102828899e-01
5.685483870967742437e-01 6.311475409836065920e-01
5.685483870967742437e-01 8.688524590163934080e-01
5.685483870967742437e-01 8.729508196721311730e-01
5.685483870967742437e-01 8.770491803278688270e-01
5.685483870967742437e-01 8.811475409836065920e-01
5.685483870967742437e-01 8.852459016393442459e-01
5.685483870967742437e-01 8.893442622950820109e-01
5.685483870967742437e-01 8.934426229508196649e-01
5.685483870967742437e-01 8.975409836065574298e-01
5.722631908232166387e-01 2.288741527781745499e-01
5.752080381592555858e-01 3.357949325982786393e-01
5.738211041992350436e-01 3.378414250108733863e-01
5.732961641136377073e-01 3.411557859832756723e-01
5.730491085944983132e-01 3.447361578286976536e-01
5.725806451612903691e-01 3.483606557377049162e-01
5.725806451612903691e-01 3.524590163934426257e-01
5.725806451612903691e-01 3.565573770491803351e-01
5.725806451612903691e-01 3.606557377049180446e-01
5.725806451612903691e-01 3.647540983606557541e-01
5.725806451612903691e-01 3.688524590163934636e-01
5.725806451612903691e-01 3.729508196721311730e-01
5.725806451612903691e-01 3.770491803278688270e-01
5.725806451612903691e-01 3.811475409836065364e-01
5.690744170663698531e-01 4.406311272712210569e-01
5.707902515517367936e-01 4.399867023371892838e-01
5.725806451612903691e-01 6.311475409836065920e-01
5.725806451612903691e-01 8.688524590163934080e-01
5.725806451612903691e-01 9.016393442622950838e-01
5.798603010574175931e-01 9.952387446537613869e-01
5.746803150527299842e-01 2.270578767829498357e-01
5.773283783477851649e-01 3.259689795601441453e-01
5.758619007669509848e-01 3.271578437892995184e-01
5.741040289417029818e-01 3.286447747234544914e-01
5.766129032258064946e-01 3.811475409836065364e-01
5.766129032258064946e-01 6.311475409836065920e-01
5.766129032258064946e-01 6.352459016393442459e-01
5.766129032258064946e-01 6.393442622950820109e-01
5.766129032258064946e-01 8.647540983606557541e-01
5.767962263621044805e-01 9.039333139958439789e-01
5.823178388659031590e-01 9.958014279874958241e-01
5.827421423333186690e-01 2.283079496348185133e-01
5.762033146625805680e-01 3.237498942151910142e-01
5.806451612903226200e-01 3.811475409836065364e-01
5.806451612903226200e-01 6.270491803278688270e-01
5.806451612903226200e-01 6.434426229508196649e-01
5.806451612903226200e-01 6.475409836065574298e-01
5.806451612903226200e-01 6.516393442622950838e-01
5.806451612903226200e-01 8.647540983606557541e-01
5.805884772440373931e-01 9.100981425693388527e-01
5.828506111452776972e-01 9.939499188951201880e-01
5.851842529579787122e-01 2.265951154051256966e-01
5.846774193548387455e-01 3.811475409836065364e-01
5.846774193548387455e-01 6.270491803278688270e-01
5.846774193548387455e-01 6.557377049180327377e-01
5.846774193548387455e-01 8.647540983606557541e-01
5.840905671563720869e-01 9.160405353978886556e-01
5.830834301511547135e-01 9.921376472377203548e-01
5.888103547866546661e-01 2.257069968265389692e-01
5.887096774193548709e-01 3.811475409836065364e-01
5.887096774193548709e-01 6.270491803278688270e-01
5.887096774193548709e-01 6.598360655737705027e-01
5.887096774193548709e-01 8.647540983606557541e-01
5.862969309917741567e-01 9.215427016205780530e-01
5.894984511786230952e-01 9.219440704034583822e-01
5.881336151749917418e-01 9.889386764338209401e-01
5.925806189906941412e-01 2.249919645775483590e-01
5.927419354838709964e-01 3.811475409836065364e-01
5.927419354838709964e-01 6.270491803278688270e-01
5.925366969595122768e-01 6.646523311720839988e-01
5.927419354838709964e-01 8.647540983606557541e-01
5.895511752159725560e-01 9.296910519001730933e-01
5.912348592819105519e-01 9.315916591507122924e-01
5.922632539577241673e-01 9.350761531415151540e-01
5.930756564766559435e-01 9.388079564950665423e-01
5.939039225622471108e-01 9.421319155324037187e-01
5.956873565146159066e-01 9.446189448267954258e-01
5.920091370635125472e-01 9.849440495132423257e-01
5.961667392140014288e-01 2.240582164605987858e-01
5.967741935483871218e-01 3.811475409836065364e-01
5.967741935483871218e-01 6.270491803278688270e-01
5.950704358720911857e-01 6.702730495780401254e-01
5.985142870077623245e-01 6.699464151895314634e-01
5.967741935483871218e-01 8.647540983606557541e-01
5.945903357088325736e-01 9.525917622253115002e-01
5.965869702805292052e-01 9.549416056417284748e-01
5.984985459100214955e-01 9.572851384673114472e-01
5.949266395501552340e-01 9.801031290706185839e-01
5.985449142528758149e-01 2.223148693093938422e-01
6.008064516129032473e-01 3.811475409836065364e-01
6.008064516129032473e-01 6.270491803278688270e-01
6.011616360985734264e-01 6.755814140883931174e-01
6.008064516129032473e-01 8.647540983606557541e-01
6.008064516129032473e-01 8.770491803278688270e-01
5.972342360539422135e-01 9.647596864140455253e-01
5.982872221859232287e-01 9.674108691556955186e-01
5.983515758773372273e-01 9.707877653103215154e-01
5.980054859312311510e-01 9.737436571387482198e-01
5.964408640058771471e-01 9.754298597299417839e-01
6.065935673935699546e-01 2.233022498234068232e-01
6.048387096774193727e-01 3.811475409836065364e-01
6.048387096774193727e-01 6.270491803278688270e-01
6.051508108024380439e-01 6.813717619000674297e-01
6.048387096774193727e-01 8.647540983606557541e-01
6.048387096774193727e-01 8.688524590163934080e-01
6.048387096774193727e-01 8.729508196721311730e-01
6.087261221250481746e-01 2.210660985414297508e-01
6.088709677126816766e-01 3.811475409836065364e-01
6.088709677419354982e-01 6.270491803278688270e-01
6.079139878706736333e-01 6.871666820399219278e-01
6.112620783819546766e-01 6.864947425774069467e-01
6.088709677419354982e-01 8.606557377049179891e-01
6.108101230234869172e-01 2.188032316311155634e-01
6.129032257134693351e-01 3.811475409836065364e-01
6.123892221836403360e-01 6.256424714792061526e-01
6.147598421554111292e-01 6.921061356504234485e-01
6.129032258064516236e-01 8.606557377049179891e-01
6.188930207788343463e-01 2.194832673136022649e-01
6.169354839639500376e-01 3.811475409836065364e-01
6.149070237222458157e-01 6.241233561867389756e-01
6.195403966046268973e-01 6.958719594900297789e-01
6.169354838709677491e-01 8.565573770491803351e-01
6.209677417556637158e-01 2.172131147720701705e-01
6.209619174145436515e-01 3.811933858321071011e-01
6.209677419354838745e-01 6.229508196721311730e-01
6.181731981886250393e-01 6.997652769119280247e-01
6.209677419354838745e-01 8.565573770491803351e-01
6.230424630921334028e-01 2.149429621945944391e-01
6.249855231189940241e-01 3.812529750445763921e-01
6.250000000000000000e-01 6.229508196721311730e-01
6.216975541319698095e-01 7.040701921090299908e-01
6.251572658220538870e-01 7.037296044128779071e-01
6.250000000000000000e-01 8.524590163934425702e-01
6.250000000000000000e-01 8.565573770491803351e-01
6.311253608474808319e-01 2.156229978770811406e-01
6.290099680010180494e-01 3.812876374665437607e-01
6.290322580645161255e-01 6.229508196721311730e-01
6.254292173581498249e-01 7.108354876199584060e-01
6.272586385058539493e-01 7.120916613255490191e-01
6.285650082319343968e-01 7.146704490601893944e-01
6.302810169328304513e-01 7.161953419248466846e-01
6.290322580645161255e-01 8.401639344262294973e-01
6.290322580645161255e-01 8.442622950819672623e-01
6.290322580645161255e-01 8.483606557377049162e-01
6.290322580645161255e-01 8.606557377049179891e-01
6.332093618332310658e-01 2.133601309667669532e-01
6.330275977200090498e-01 3.813425730565585536e-01
6.330645161290322509e-01 6.229508196721311730e-01
6.298837803844963279e-01 7.224738369924855741e-01
6.315398290828471151e-01 7.221023224019369469e-01
6.330645161290322509e-01 8.360655737704918433e-01
6.330645161290322509e-01 8.647540983606557541e-01
6.353419164773977945e-01 2.111239796847898809e-01
6.370290169692335303e-01 3.814371036948658866e-01
6.370967741935483764e-01 6.229508196721311730e-01
6.370967741935483764e-01 8.319672131147540783e-01
6.370967741935483764e-01 8.647540983606557541e-01
6.433905696180919342e-01 2.121113601988028896e-01
6.409838779077436932e-01 3.816197396897267891e-01
6.411290322580645018e-01 6.229508196721311730e-01
6.411290322580645018e-01 8.278688524590164244e-01
6.411290322580645018e-01 8.647540983606557541e-01
6.457687446569663203e-01 2.103680130475979460e-01
6.447537478421919710e-01 3.819912268606502903e-01
6.451612903225806273e-01 6.188524590163934080e-01
6.467546222453576243e-01 8.244657148502110289e-01
6.451612903225806273e-01 8.647540983606557541e-01
6.493548648802736079e-01 2.094342649306483728e-01
6.473875129820718666e-01 3.831009542279433799e-01
6.491935483870967527e-01 6.188524590163934080e-01
6.519896004108651777e-01 8.216299334823413680e-01
6.491935483870967527e-01 8.647540983606557541e-01
6.531251288369305241e-01 2.087192326816577626e-01
6.546392718127237442e-01 3.808869701947589226e-01
6.532258064516128782e-01 5.983606557377049162e-01
6.532258064516128782e-01 6.024590163934425702e-01
6.532258064516128782e-01 6.065573770491803351e-01
6.532258064516128782e-01 6.106557377049179891e-01
6.532258064516128782e-01 6.147540983606557541e-01
6.532258064516128782e-01 6.188524590163934080e-01
6.515422854835407618e-01 8.181972438984810303e-01
6.532258064516128782e-01 8.647540983606557541e-01
6.567512309129890369e-01 2.078311141030710352e-01
6.556305585263837443e-01 3.807968121159394093e-01
6.572580645161290036e-01 5.901639344262294973e-01
6.572580645161290036e-01 5.942622950819672623e-01
6.572580645161290036e-01 6.188524590163934080e-01
6.577901344581116305e-01 8.158354429732320723e-01
6.572580645161290036e-01 8.647540983606557541e-01
6.591933415376490801e-01 2.061182798733782184e-01
6.629860094155094474e-01 3.827308843553554607e-01
6.609513345221432745e-01 5.921190210282192279e-01
6.612903225806451291e-01 6.188524590163934080e-01
6.635227125708854645e-01 8.137417828557310662e-01
6.612961470606580905e-01 8.647082535121551894e-01
6.672387549563520981e-01 2.073266788340005773e-01
6.655277489274251668e-01 3.812644068109010687e-01
6.636079592074477507e-01 5.841365677006847834e-01
6.653225806451612545e-01 6.188524590163934080e-01
6.630019555243873430e-01 8.108528752355134150e-01
6.653225806336696690e-01 8.647540983606557541e-01
6.696319408196534928e-01 2.054577650107275444e-01
6.690024031972091612e-01 3.802547050815563989e-01
6.687815662420865115e-01 5.786479650309583889e-01
6.662085144029509243e-01 5.779845183863129288e-01
6.693548387096773800e-01 6.188524590163934080e-01
6.698524750949393924e-01 8.106334038941402920e-01
6.693548388611673117e-01 8.647540983606557541e-01
6.729847316906201193e-01 2.041287697922270494e-01
6.714503322014464537e-01 3.785639171198498798e-01
6.684032464850573341e-01 5.764261201772167276e-01
6.733870967741935054e-01 6.188524590163934080e-01
6.707976528428374330e-01 8.086106288876597770e-01
6.733870966812112169e-01 8.647540983606557541e-01
6.753316181035892152e-01 2.022337753279898065e-01
6.794896218249754094e-01 3.799334893682513314e-01
6.774193548387096309e-01 6.188524590163934080e-01
6.716519884554849051e-01 8.069383345475633629e-01
6.777579596288682007e-01 8.648874621671819307e-01
6.834037838796633846e-01 2.032658383708264016e-01
6.819817270678016907e-01 3.783489844044212180e-01
6.814516129032257563e-01 6.188524590163934080e-01
6.739320641443613535e-01 8.078932098082465263e-01
6.817829088775455570e-01 8.650479416341948502e-01
6.857249764706788708e-01 2.013218841042186402e-01
6.856529634223401670e-01 3.775740166292067546e-01
6.854838709677418818e-01 6.188524590163934080e-01
6.854838709677418818e-01 8.647540983606557541e-01
6.890124097136000048e-01 1.999479242243620836e-01
6.894921909516275038e-01 3.769965427071853004e-01
6.893195795728975783e-01 6.196251238055038302e-01
6.895161290322581182e-01 8.647540983606557541e-01
6.911982676885541910e-01 1.979402378659512185e-01
6.933261799187617758e-01 3.764145967997152287e-01
6.930507973358486229e-01 6.202174936245637982e-01
6.935483870967742437e-01 8.647540983606557541e-01
6.991677990393533326e-01 1.983460201213869123e-01
6.969741823362006761e-01 3.756175441648352820e-01
6.955925371242507316e-01 6.216839711471903174e-01
6.975806451612903691e-01 8.647540983606557541e-01
7.001223848914848169e-01 1.952548339527833132e-01
6.993962407127143344e-01 3.739494123709861118e-01
7.036010112628461322e-01 6.201193075413342637e-01
7.016129032258064946e-01 8.647540983606557541e-01
7.080739981780249659e-01 1.957186211900571737e-01
7.074531338463027064e-01 3.750513411378946227e-01
7.061427511676635627e-01 6.215857850639607829e-01
7.056451612903226200e-01 8.647540983606557541e-01
7.103060881697362827e-01 1.938263678991953287e-01
7.096774192449212260e-01 3.729508196720690005e-01
7.098739688869588615e-01 6.221781548830207509e-01
7.096774193548387455e-01 8.688524590163934080e-01
7.096774193548387455e-01 8.729508196721311730e-01
7.137696122834665813e-01 1.927131086802129079e-01
7.119181187252604515e-01 3.708919720976140422e-01
7.137997248817907758e-01 6.224294707663815540e-01
7.137096774193548709e-01 8.770491803278688270e-01
7.172802828417550458e-01 1.916432622190351043e-01
7.199672502165119781e-01 3.720118162512290882e-01
7.177788537692029180e-01 6.225449194626875293e-01
7.177419354838709964e-01 8.729508196721311730e-01
7.177419354838709964e-01 8.770491803278688270e-01
7.177419354838709964e-01 8.811475409836065920e-01
7.177419354838709964e-01 8.852459016393442459e-01
7.177419354838709964e-01 8.893442622950820109e-01
7.177419354838709964e-01 8.934426229508196649e-01
7.196348017051575896e-01 1.898125268587628756e-01
7.223942941373905358e-01 3.703646023116517472e-01
7.217741935768139383e-01 6.225789370092555952e-01
7.217741935483871218e-01 8.729508196721311730e-01
7.217741935483871218e-01 8.975409836065574298e-01
7.276993352927327852e-01 1.907803307394267955e-01
7.260519392504882763e-01 3.696015672815475273e-01
7.257695334330727110e-01 6.225449194626875293e-01
7.258064516129032473e-01 8.688524590163934080e-01
7.258064516129032473e-01 9.016393442622950838e-01
7.298626480072515355e-01 1.885772277846179401e-01
7.299235385756718264e-01 3.691218086517393249e-01
7.297486622950190016e-01 6.224294707663815540e-01
7.298387096774193727e-01 8.688524590163934080e-01
7.298387096774193727e-01 9.016393442622950838e-01
7.320554707980444498e-01 1.864131049359919468e-01
7.338429047845091979e-01 3.687190952098672869e-01
7.336580042606182239e-01 6.221364807589437884e-01
7.338709677419354982e-01 8.688524590163934080e-01
7.338709677419354982e-01 9.057377049180327377e-01
7.400898364027060916e-01 1.874038158595317805e-01
7.377347909529025083e-01 3.682657355150650846e-01
7.373652840502590289e-01 6.214914731700431627e-01
7.379032258064516236e-01 8.688524590163934080e-01
7.379032258064516236e-01 9.057377049180327377e-01
7.424783142557698223e-01 1.856490291567275130e-01
7.414523709664917472e-01 3.675928583891573953e-01
7.398703228607172999e-01 6.199569226028855962e-01
7.419354838709677491e-01 8.688524590163934080e-01
7.419354838709677491e-01 9.057377049180327377e-01
7.460684193828192035e-01 1.847233902691619301e-01
7.439690445279402153e-01 3.660251171152550387e-01
7.479044549362433569e-01 6.213835050642001478e-01
7.459677419354838745e-01 8.729508196721311730e-01
7.426236624559087174e-01 9.103094293935354298e-01
7.497784149309154600e-01 1.839363295031467282e-01
7.519736313261091709e-01 3.674801766269336634e-01
7.504017178434878588e-01 6.197419896546262352e-01
7.500000000000000000e-01 8.729508196721311730e-01
7.474258458241820335e-01 9.143503189772046458e-01
7.529807756692471488e-01 1.830759660253057086e-01
7.545017330886630846e-01 3.659331917392517619e-01
7.540322579138533099e-01 6.188524590163312356e-01
7.540322580645161255e-01 8.729508196721311730e-01
7.506490744455086572e-01 9.192570857302911902e-01
7.534061301886404438e-01 9.184178030843556106e-01
7.548736017272477117e-01 1.814009359251463616e-01
7.582154949416308742e-01 3.652721418861727409e-01
7.576627984019597140e-01 6.179629283781605809e-01
7.581603879809863944e-01 8.724753156439859492e-01
7.543505795840774741e-01 9.244275607157224073e-01
7.559384496492003169e-01 9.234226903130040576e-01
7.623212170696088696e-01 1.819844416525886743e-01
7.621112509517725675e-01 3.648595324216256097e-01
7.601600611927888940e-01 6.163214129685866682e-01
7.621481692225525739e-01 8.726503535309333426e-01
7.627390038837948971e-01 1.790823843979017227e-01
7.660119926226944820e-01 3.644678410296290361e-01
7.681941932683149510e-01 6.177479954299013309e-01
7.661571469784722588e-01 8.727648783406933841e-01
7.699041344063927150e-01 1.792944519070633624e-01
7.697432102765061623e-01 3.638754710650499158e-01
7.706992322533962048e-01 6.162134448627437644e-01
7.701757670398775568e-01 8.728453856111613174e-01
7.710607361739441057e-01 1.773758627928518627e-01
7.723157889202176829e-01 3.625035242971460514e-01
7.744065117083429595e-01 6.155684372738431387e-01
7.741993729080369757e-01 8.729049748236306083e-01
7.720297611348571065e-01 1.757882381312274311e-01
7.800337790075929645e-01 3.643015889817329822e-01
7.783216784636380892e-01 6.152296023888009779e-01
7.782258065038497596e-01 8.729508196721311730e-01
7.742265975403208600e-01 1.768789299091965417e-01
7.822580646667918192e-01 3.633858071540894685e-01
7.823094597088422475e-01 6.150545645018535845e-01
7.822580645046374181e-01 8.729508196721311730e-01
7.844987638865507096e-01 3.642599146248253761e-01
7.863184373829074092e-01 6.149400396920935430e-01
7.862903224469175445e-01 8.729508196721311730e-01
7.922148168229707910e-01 3.623980899669657640e-01
7.903370575661849973e-01 6.148595324216256097e-01
7.903225805521789660e-01 8.729508196721311730e-01
7.948010333179075237e-01 3.636895298354755335e-01
7.943606633120173788e-01 6.147999432091563188e-01
7.943548386166950914e-01 8.729508196721311730e-01
7.985497069035303319e-01 3.641215300399306409e-01
7.983870968441927340e-01 6.147540983606557541e-01
7.983870968441927340e-01 8.729508196721311730e-01
8.021254297543031209e-01 3.643244391810110949e-01
8.024193547457273423e-01 6.147540983606557541e-01
8.024193549087088595e-01 8.729508196721311730e-01
8.056978289330858356e-01 3.644189697902145975e-01
8.064516130547156880e-01 6.147540983606557541e-01
8.064516130547156880e-01 8.729508196721311730e-01
8.092140978532692541e-01 3.644536322194579236e-01
8.104838709562502963e-01 6.147540983606557541e-01
8.104838709562502963e-01 8.729508196721311730e-01
8.126248530480230103e-01 3.644736263763587170e-01
8.145161290437497037e-01 6.147540983606557541e-01
8.145161290437497037e-01 8.729508196721311730e-01
8.158589223805334800e-01 3.644110927511899911e-01
8.185483871082658291e-01 6.147540983606557541e-01
8.185483871082658291e-01 8.729508196721311730e-01
8.187072121748520948e-01 3.641617284833881252e-01
8.225806451727819546e-01 6.147540983606557541e-01
8.225806451727819546e-01 8.729508196721311730e-01
8.200833205614359578e-01 3.632876208380292349e-01
8.266129032372980801e-01 6.147540983606557541e-01
8.266129033187887831e-01 8.729508196721311730e-01
8.221124322904694859e-01 3.646930569217952667e-01
8.306451611388326883e-01 6.147540983606557541e-01
8.306451613018142055e-01 8.729508196721311730e-01
8.346774194478210340e-01 6.147540983606557541e-01
8.346774192848395169e-01 8.729508196721311730e-01
8.387096775530824555e-01 6.147540983606557541e-01
8.387038527356150963e-01 8.729049748236306083e-01
8.427419354138717678e-01 6.147540983606557541e-01
8.427274584809927305e-01 8.728453856111613174e-01
8.467741935598787073e-01 6.147540983606557541e-01
8.467460789916884112e-01 8.727648783406933841e-01
8.508064517058855358e-01 6.147540983606557541e-01
8.507550563401544697e-01 8.726503535309333426e-01
8.548387097296562542e-01 6.147540983606557541e-01
8.547428375853586280e-01 8.724753156439859492e-01
8.588709676896986167e-01 6.147540983606557541e-01
8.586744183698864497e-01 8.721781548830207509e-01
8.629032258179432091e-01 6.147540983606557541e-01
8.624056359291106810e-01 8.715857850639607829e-01
8.669354839002215707e-01 6.147540983606557541e-01
8.649473758339281115e-01 8.701193075413342637e-01
8.709677418017562900e-01 6.147540983606557541e-01
8.729558499725235121e-01 8.716839711471903174e-01
8.749999999477631185e-01 6.147540983606557541e-01
8.754975898773409426e-01 8.702174936245637982e-01
8.790322580760077109e-01 6.147540983606557541e-01
8.792288075238766654e-01 8.696251238055038302e-01
8.830645160997784293e-01 6.147540983606557541e-01
8.831603880610219282e-01 8.693279630445386319e-01
8.870967741235491477e-01 6.147540983606557541e-01
8.871481692225525739e-01 8.691529251575912385e-01
8.907623643904263311e-01 6.147540983606557541e-01
8.911571468966177356e-01 8.690384003478311969e-01
8.943755733968329347e-01 6.147540983606557541e-01
8.951757670808048184e-01 8.689578930773632637e-01
8.979189411263852616e-01 6.147540983606557541e-01
8.991993728671097141e-01 8.688983038648939727e-01
9.013645304629819277e-01 6.147540983606557541e-01
9.032258063586305896e-01 8.688524590163934080e-01
9.046634529086370335e-01 6.147540983606557541e-01
9.072580645861282322e-01 8.688524590163934080e-01
9.077179298375642746e-01 6.147540983606557541e-01
9.112903225806451291e-01 8.688524590163934080e-01
9.102835164315277172e-01 6.147540983606557541e-01
9.153225806451612545e-01 8.688524590163934080e-01
9.113824315549384769e-01 6.147540983606557541e-01
9.193548387096773800e-01 8.688524590163934080e-01
9.233870967741935054e-01 8.688524590163934080e-01
9.274193548387096309e-01 8.688524590163934080e-01
9.314516129032257563e-01 8.688524590163934080e-01
9.354838709677418818e-01 8.688524590163934080e-01
9.395161290322581182e-01 8.688524590163934080e-01
9.441381366979781919e-01 8.557695948106588402e-01
9.440293564750332767e-01 8.569911857150861456e-01
9.435483870967742437e-01 8.524590163934425702e-01
9.435483870967742437e-01 8.565573770491803351e-01
9.435483870967742437e-01 8.606557377049179891e-01
9.435483870967742437e-01 8.647540983606557541e-01
9.475806451612903691e-01 8.647540983606557541e-01
9.516129032258064946e-01 8.647540983606557541e-01
9.556451612903226200e-01 8.647540983606557541e-01
9.596774193548387455e-01 8.647540983606557541e-01
9.637096774193548709e-01 8.647540983606557541e-01
9.677419354838709964e-01 8.647540983606557541e-01
9.717741935483871218e-01 8.647540983606557541e-01
9.739816667053908805e-01 8.644182000230028473e-01
9.785408219134795749e-01 8.646395735581716702e-01
9.819652150467699236e-01 8.645790604446045302e-01
9.852079368316598584e-01 8.644569375996905558e-01
9.880620508845294747e-01 8.641617284833881252e-01
9.894381592711133377e-01 8.632876208380292349e-01
9.914672710001468658e-01 8.646930569217952112e-01
