0.000000000000000000e+00 6.311475409836065920e-01
0.000000000000000000e+00 6.557377049180327377e-01
0.000000000000000000e+00 6.598360655737705027e-01
0.000000000000000000e+00 6.639344262295081567e-01
0.000000000000000000e+00 8.114754098360655865e-01
0.000000000000000000e+00 8.155737704918032405e-01
0.000000000000000000e+00 8.196721311475410054e-01
0.000000000000000000e+00 8.237704918032786594e-01
0.000000000000000000e+00 8.278688524590164244e-01
0.000000000000000000e+00 8.319672131147540783e-01
0.000000000000000000e+00 8.360655737704918433e-01
0.000000000000000000e+00 8.688524590163934080e-01
0.000000000000000000e+00 8.729508196721311730e-01
0.000000000000000000e+00 8.770491803278688270e-01
4.016064257028112081e-03 6.352459016393442459e-01
4.016064257028112081e-03 6.393442622950820109e-01
4.016064257028112081e-03 6.475409836065574298e-01
4.016064257028112081e-03 6.516393442622950838e-01
4.016064257028112081e-03 8.401639344262294973e-01
4.016064257028112081e-03 8.647540983606557541e-01
8.032128514056224161e-03 6.434426229508196649e-01
8.032128514056224161e-03 8.442622950819672623e-01
8.032128514056224161e-03 8.524590163934425702e-01
8.032128514056224161e-03 8.565573770491803351e-01
8.032128514056224161e-03 8.606557377049179891e-01
1.204819277108433798e-02 6.434426229508196649e-01
1.204819277108433798e-02 8.483606557377049162e-01
1.606425702811244832e-02 6.434426229508196649e-01
1.606425702811244832e-02 8.483606557377049162e-01
2.008032128514056214e-02 6.434426229508196649e-01
2.008032128514056214e-02 8.483606557377049162e-01
2.409638554216867595e-02 6.434426229508196649e-01
2.409638554216867595e-02 8.442622950819672623e-01
2.811244979919678630e-02 6.393442622950820109e-01
2.811244979919678630e-02 8.442622950819672623e-01
3.212851405622489664e-02 6.393442622950820109e-01
3.212851405622489664e-02 8.401639344262294973e-01
3.614457831325301046e-02 6.393442622950820109e-01
3.614457831325301046e-02 8.401639344262294973e-01
4.016064257028112428e-02 6.434426229508196649e-01
4.016064257028112428e-02 8.401639344262294973e-01
4.417670682730923809e-02 6.434426229508196649e-01
4.417670682730923809e-02 8.401639344262294973e-01
4.819277108433735191e-02 6.434426229508196649e-01
4.819277108433735191e-02 8.401639344262294973e-01
5.220883534136545878e-02 6.434426229508196649e-01
5.220883534136545878e-02 8.401639344262294973e-01
5.622489959839357260e-02 6.434426229508196649e-01
5.622489959839357260e-02 8.401639344262294973e-01
6.024096385542168641e-02 6.434426229508196649e-01
6.024096385542168641e-02 8.401639344262294973e-01
6.425702811244979329e-02 6.475409836065574298e-01
6.425702811244979329e-02 8.401639344262294973e-01
6.827309236947791404e-02 6.475409836065574298e-01
6.827309236947791404e-02 8.401639344262294973e-01
7.228915662650602092e-02 6.475409836065574298e-01
7.228915662650602092e-02 8.442622950819672623e-01
7.630522088353414167e-02 6.475409836065574298e-01
7.630522088353414167e-02 8.442622950819672623e-01
8.032128514056224855e-02 6.475409836065574298e-01
8.032128514056224855e-02 8.442622950819672623e-01
8.433734939759035543e-02 6.475409836065574298e-01
8.433734939759035543e-02 8.442622950819672623e-01
8.835341365461847618e-02 6.475409836065574298e-01
8.835341365461847618e-02 8.483606557377049162e-01
9.236947791164658306e-02 6.475409836065574298e-01
9.236947791164658306e-02 8.483606557377049162e-01
9.638554216867470381e-02 6.516393442622950838e-01
9.638554216867470381e-02 8.483606557377049162e-01
1.004016064257028107e-01 6.516393442622950838e-01
1.004016064257028107e-01 8.483606557377049162e-01
1.044176706827309176e-01 6.516393442622950838e-01
1.044176706827309176e-01 8.524590163934425702e-01
1.084337349397590383e-01 6.516393442622950838e-01
1.084337349397590383e-01 8.524590163934425702e-01
1.124497991967871452e-01 6.516393442622950838e-01
1.124497991967871452e-01 8.524590163934425702e-01
1.164658634538152659e-01 6.516393442622950838e-01
1.164658634538152659e-01 8.524590163934425702e-01
1.204819277108433728e-01 6.516393442622950838e-01
1.204819277108433728e-01 8.524590163934425702e-01
1.244979919678714797e-01 6.516393442622950838e-01
1.244979919678714797e-01 8.524590163934425702e-01
1.285140562248995866e-01 6.516393442622950838e-01
1.285140562248995866e-01 8.524590163934425702e-01
1.325301204819277212e-01 6.475409836065574298e-01
1.325301204819277212e-01 8.565573770491803351e-01
1.365461847389558281e-01 6.475409836065574298e-01
1.365461847389558281e-01 8.565573770491803351e-01
1.405622489959839350e-01 6.475409836065574298e-01
1.405622489959839350e-01 8.565573770491803351e-01
1.445783132530120418e-01 6.475409836065574298e-01
1.445783132530120418e-01 8.565573770491803351e-01
1.485943775100401487e-01 6.475409836065574298e-01
1.485943775100401487e-01 8.565573770491803351e-01
1.526104417670682833e-01 6.475409836065574298e-01
1.526104417670682833e-01 8.565573770491803351e-01
1.566265060240963902e-01 6.475409836065574298e-01
1.566265060240963902e-01 8.565573770491803351e-01
1.606425702811244971e-01 6.475409836065574298e-01
1.606425702811244971e-01 8.565573770491803351e-01
1.646586345381526040e-01 6.475409836065574298e-01
1.646586345381526040e-01 8.606557377049179891e-01
1.686746987951807109e-01 6.475409836065574298e-01
1.686746987951807109e-01 8.606557377049179891e-01
1.726907630522088455e-01 6.434426229508196649e-01
1.726907630522088455e-01 8.606557377049179891e-01
1.767068273092369524e-01 4.467213114754098324e-01
1.767068273092369524e-01 6.434426229508196649e-01
1.767068273092369524e-01 8.606557377049179891e-01
1.807228915662650592e-01 4.467213114754098324e-01
1.807228915662650592e-01 6.434426229508196649e-01
1.807228915662650592e-01 8.606557377049179891e-01
1.847389558232931661e-01 4.467213114754098324e-01
1.847389558232931661e-01 6.434426229508196649e-01
1.847389558232931661e-01 8.606557377049179891e-01
1.887550200803212730e-01 4.467213114754098324e-01
1.887550200803212730e-01 6.434426229508196649e-01
1.887550200803212730e-01 8.606557377049179891e-01
1.927710843373494076e-01 4.467213114754098324e-01
1.927710843373494076e-01 6.434426229508196649e-01
1.927710843373494076e-01 8.606557377049179891e-01
1.967871485943775145e-01 2.827868852459016202e-01
1.967871485943775145e-01 4.467213114754098324e-01
1.967871485943775145e-01 6.434426229508196649e-01
1.967871485943775145e-01 8.606557377049179891e-01
2.008032128514056214e-01 2.827868852459016202e-01
2.008032128514056214e-01 4.467213114754098324e-01
2.008032128514056214e-01 6.434426229508196649e-01
2.008032128514056214e-01 8.606557377049179891e-01
2.048192771084337283e-01 2.827868852459016202e-01
2.048192771084337283e-01 4.508196721311475419e-01
2.048192771084337283e-01 6.434426229508196649e-01
2.048192771084337283e-01 8.606557377049179891e-01
2.088353413654618351e-01 2.827868852459016202e-01
2.088353413654618351e-01 4.508196721311475419e-01
2.088353413654618351e-01 6.434426229508196649e-01
2.088353413654618351e-01 8.606557377049179891e-01
2.128514056224899698e-01 2.827868852459016202e-01
2.128514056224899698e-01 4.508196721311475419e-01
2.128514056224899698e-01 6.434426229508196649e-01
2.128514056224899698e-01 8.606557377049179891e-01
2.168674698795180766e-01 2.827868852459016202e-01
2.168674698795180766e-01 4.508196721311475419e-01
2.168674698795180766e-01 6.434426229508196649e-01
2.168674698795180766e-01 8.606557377049179891e-01
2.208835341365461835e-01 2.827868852459016202e-01
2.208835341365461835e-01 4.508196721311475419e-01
2.208835341365461835e-01 6.434426229508196649e-01
2.208835341365461835e-01 8.606557377049179891e-01
2.248995983935742904e-01 2.827868852459016202e-01
2.248995983935742904e-01 4.549180327868852514e-01
2.248995983935742904e-01 6.434426229508196649e-01
2.248995983935742904e-01 8.606557377049179891e-01
2.289156626506023973e-01 2.827868852459016202e-01
2.289156626506023973e-01 4.549180327868852514e-01
2.289156626506023973e-01 6.434426229508196649e-01
2.289156626506023973e-01 8.606557377049179891e-01
2.329317269076305319e-01 2.827868852459016202e-01
2.329317269076305319e-01 4.549180327868852514e-01
2.329317269076305319e-01 6.434426229508196649e-01
2.329317269076305319e-01 8.606557377049179891e-01
2.369477911646586388e-01 2.827868852459016202e-01
2.369477911646586388e-01 4.549180327868852514e-01
2.369477911646586388e-01 6.434426229508196649e-01
2.369477911646586388e-01 8.606557377049179891e-01
2.409638554216867457e-01 2.827868852459016202e-01
2.409638554216867457e-01 4.549180327868852514e-01
2.409638554216867457e-01 6.434426229508196649e-01
2.409638554216867457e-01 8.606557377049179891e-01
2.449799196787148525e-01 2.827868852459016202e-01
2.449799196787148525e-01 4.549180327868852514e-01
2.449799196787148525e-01 6.475409836065574298e-01
2.449799196787148525e-01 8.647540983606557541e-01
2.489959839357429594e-01 2.827868852459016202e-01
2.489959839357429594e-01 4.590163934426229608e-01
2.489959839357429594e-01 6.475409836065574298e-01
2.489959839357429594e-01 8.073770491803278215e-01
2.489959839357429594e-01 8.647540983606557541e-01
2.530120481927710663e-01 2.827868852459016202e-01
2.530120481927710663e-01 4.590163934426229608e-01
2.530120481927710663e-01 6.475409836065574298e-01
2.530120481927710663e-01 8.073770491803278215e-01
2.530120481927710663e-01 8.606557377049179891e-01
2.570281124497991732e-01 2.827868852459016202e-01
2.570281124497991732e-01 4.631147540983606703e-01
2.570281124497991732e-01 6.475409836065574298e-01
2.570281124497991732e-01 8.114754098360655865e-01
2.570281124497991732e-01 8.606557377049179891e-01
2.610441767068273355e-01 2.827868852459016202e-01
2.610441767068273355e-01 4.631147540983606703e-01
2.610441767068273355e-01 6.475409836065574298e-01
2.610441767068273355e-01 8.155737704918032405e-01
2.610441767068273355e-01 8.606557377049179891e-01
2.650602409638554424e-01 2.827868852459016202e-01
2.650602409638554424e-01 4.631147540983606703e-01
2.650602409638554424e-01 6.475409836065574298e-01
2.650602409638554424e-01 8.196721311475410054e-01
2.650602409638554424e-01 8.606557377049179891e-01
2.690763052208835493e-01 2.827868852459016202e-01
2.690763052208835493e-01 4.631147540983606703e-01
2.690763052208835493e-01 6.434426229508196649e-01
2.690763052208835493e-01 8.237704918032786594e-01
2.690763052208835493e-01 8.606557377049179891e-01
2.730923694779116562e-01 2.827868852459016202e-01
2.730923694779116562e-01 4.631147540983606703e-01
2.730923694779116562e-01 6.434426229508196649e-01
2.730923694779116562e-01 8.278688524590164244e-01
2.730923694779116562e-01 8.606557377049179891e-01
2.771084337349397630e-01 2.827868852459016202e-01
2.771084337349397630e-01 4.631147540983606703e-01
2.771084337349397630e-01 6.434426229508196649e-01
2.771084337349397630e-01 8.319672131147540783e-01
2.771084337349397630e-01 8.606557377049179891e-01
2.811244979919678699e-01 2.827868852459016202e-01
2.811244979919678699e-01 4.631147540983606703e-01
2.811244979919678699e-01 6.434426229508196649e-01
2.811244979919678699e-01 8.360655737704918433e-01
2.811244979919678699e-01 8.401639344262294973e-01
2.811244979919678699e-01 8.565573770491803351e-01
2.851405622489959768e-01 2.868852459016393297e-01
2.851405622489959768e-01 4.631147540983606703e-01
2.851405622489959768e-01 6.434426229508196649e-01
2.851405622489959768e-01 8.442622950819672623e-01
2.851405622489959768e-01 8.483606557377049162e-01
2.851405622489959768e-01 8.524590163934425702e-01
2.851405622489959768e-01 8.565573770491803351e-01
2.891566265060240837e-01 2.827868852459016202e-01
2.891566265060240837e-01 4.631147540983606703e-01
2.891566265060240837e-01 6.434426229508196649e-01
2.891566265060240837e-01 8.565573770491803351e-01
2.931726907630521906e-01 2.827868852459016202e-01
2.931726907630521906e-01 4.631147540983606703e-01
2.931726907630521906e-01 5.942622950819672623e-01
2.931726907630521906e-01 6.434426229508196649e-01
2.931726907630521906e-01 8.565573770491803351e-01
2.971887550200802974e-01 2.827868852459016202e-01
2.971887550200802974e-01 4.631147540983606703e-01
2.971887550200802974e-01 5.983606557377049162e-01
2.971887550200802974e-01 6.024590163934425702e-01
2.971887550200802974e-01 6.065573770491803351e-01
2.971887550200802974e-01 6.393442622950820109e-01
2.971887550200802974e-01 8.606557377049179891e-01
3.012048192771084598e-01 2.827868852459016202e-01
3.012048192771084598e-01 4.672131147540983798e-01
3.012048192771084598e-01 6.106557377049179891e-01
3.012048192771084598e-01 6.147540983606557541e-01
3.012048192771084598e-01 6.352459016393442459e-01
3.012048192771084598e-01 8.606557377049179891e-01
3.012048192771084598e-01 9.959016393442623460e-01
3.052208835341365667e-01 2.827868852459016202e-01
3.052208835341365667e-01 4.672131147540983798e-01
3.052208835341365667e-01 6.188524590163934080e-01
3.052208835341365667e-01 6.229508196721311730e-01
3.052208835341365667e-01 6.270491803278688270e-01
3.052208835341365667e-01 6.311475409836065920e-01
3.052208835341365667e-01 8.606557377049179891e-01
3.052208835341365667e-01 9.918032786885245811e-01
3.092369477911646736e-01 2.827868852459016202e-01
3.092369477911646736e-01 4.672131147540983798e-01
3.092369477911646736e-01 6.311475409836065920e-01
3.092369477911646736e-01 8.606557377049179891e-01
3.092369477911646736e-01 9.795081967213115082e-01
3.092369477911646736e-01 9.836065573770491621e-01
3.092369477911646736e-01 9.877049180327869271e-01
3.132530120481927804e-01 2.827868852459016202e-01
3.132530120481927804e-01 4.672131147540983798e-01
3.132530120481927804e-01 6.352459016393442459e-01
3.132530120481927804e-01 8.647540983606557541e-01
3.132530120481927804e-01 9.590163934426229053e-01
3.132530120481927804e-01 9.631147540983606703e-01
3.132530120481927804e-01 9.672131147540983243e-01
3.132530120481927804e-01 9.713114754098360892e-01
3.132530120481927804e-01 9.754098360655737432e-01
3.172690763052208873e-01 2.827868852459016202e-01
3.172690763052208873e-01 4.672131147540983798e-01
3.172690763052208873e-01 6.352459016393442459e-01
3.172690763052208873e-01 8.647540983606557541e-01
3.172690763052208873e-01 9.426229508196721785e-01
3.172690763052208873e-01 9.467213114754098324e-01
3.172690763052208873e-01 9.508196721311474864e-01
3.172690763052208873e-01 9.549180327868852514e-01
3.212851405622489942e-01 2.827868852459016202e-01
3.212851405622489942e-01 4.672131147540983798e-01
3.212851405622489942e-01 6.393442622950820109e-01
3.212851405622489942e-01 8.647540983606557541e-01
3.212851405622489942e-01 9.344262295081967595e-01
3.212851405622489942e-01 9.385245901639344135e-01
3.253012048192771011e-01 2.827868852459016202e-01
3.253012048192771011e-01 4.672131147540983798e-01
3.253012048192771011e-01 6.393442622950820109e-01
3.253012048192771011e-01 8.647540983606557541e-01
3.253012048192771011e-01 9.303278688524589946e-01
3.293172690763052080e-01 2.827868852459016202e-01
3.293172690763052080e-01 4.672131147540983798e-01
3.293172690763052080e-01 6.393442622950820109e-01
3.293172690763052080e-01 8.647540983606557541e-01
3.293172690763052080e-01 9.262295081967213406e-01
3.333333333333333148e-01 2.827868852459016202e-01
3.333333333333333148e-01 4.672131147540983798e-01
3.333333333333333148e-01 6.393442622950820109e-01
3.333333333333333148e-01 8.647540983606557541e-01
3.333333333333333148e-01 9.262295081967213406e-01
3.373493975903614217e-01 2.827868852459016202e-01
3.373493975903614217e-01 4.672131147540983798e-01
3.373493975903614217e-01 6.393442622950820109e-01
3.373493975903614217e-01 6.967213114754098324e-01
3.373493975903614217e-01 8.647540983606557541e-01
3.373493975903614217e-01 9.221311475409835756e-01
3.413654618473895841e-01 2.827868852459016202e-01
3.413654618473895841e-01 4.672131147540983798e-01
3.413654618473895841e-01 6.393442622950820109e-01
3.413654618473895841e-01 6.926229508196721785e-01
3.413654618473895841e-01 8.647540983606557541e-01
3.413654618473895841e-01 9.180327868852459217e-01
3.453815261044176910e-01 2.827868852459016202e-01
3.453815261044176910e-01 4.672131147540983798e-01
3.453815261044176910e-01 6.393442622950820109e-01
3.453815261044176910e-01 6.885245901639344135e-01
3.453815261044176910e-01 8.647540983606557541e-01
3.453815261044176910e-01 9.139344262295081567e-01
3.493975903614457978e-01 2.827868852459016202e-01
3.493975903614457978e-01 4.672131147540983798e-01
3.493975903614457978e-01 6.393442622950820109e-01
3.493975903614457978e-01 6.885245901639344135e-01
3.493975903614457978e-01 8.647540983606557541e-01
3.493975903614457978e-01 9.057377049180327377e-01
3.493975903614457978e-01 9.098360655737705027e-01
3.534136546184739047e-01 2.868852459016393297e-01
3.534136546184739047e-01 4.672131147540983798e-01
3.534136546184739047e-01 6.393442622950820109e-01
3.534136546184739047e-01 6.844262295081967595e-01
3.534136546184739047e-01 8.647540983606557541e-01
3.534136546184739047e-01 9.016393442622950838e-01
3.574297188755020116e-01 2.868852459016393297e-01
3.574297188755020116e-01 4.672131147540983798e-01
3.574297188755020116e-01 6.393442622950820109e-01
3.574297188755020116e-01 6.844262295081967595e-01
3.574297188755020116e-01 8.647540983606557541e-01
3.574297188755020116e-01 8.975409836065574298e-01
3.614457831325301185e-01 2.868852459016393297e-01
3.614457831325301185e-01 4.672131147540983798e-01
3.614457831325301185e-01 6.393442622950820109e-01
3.614457831325301185e-01 6.844262295081967595e-01
3.614457831325301185e-01 8.647540983606557541e-01
3.614457831325301185e-01 8.893442622950820109e-01
3.614457831325301185e-01 8.934426229508196649e-01
3.654618473895582254e-01 2.868852459016393297e-01
3.654618473895582254e-01 4.672131147540983798e-01
3.654618473895582254e-01 6.393442622950820109e-01
3.654618473895582254e-01 6.844262295081967595e-01
3.654618473895582254e-01 8.688524590163934080e-01
3.654618473895582254e-01 8.729508196721311730e-01
3.654618473895582254e-01 8.770491803278688270e-01
3.654618473895582254e-01 8.811475409836065920e-01
3.654618473895582254e-01 8.852459016393442459e-01
3.694779116465863322e-01 2.868852459016393297e-01
3.694779116465863322e-01 4.672131147540983798e-01
3.694779116465863322e-01 6.393442622950820109e-01
3.694779116465863322e-01 6.844262295081967595e-01
3.694779116465863322e-01 8.688524590163934080e-01
3.734939759036144391e-01 2.868852459016393297e-01
3.734939759036144391e-01 4.631147540983606703e-01
3.734939759036144391e-01 6.393442622950820109e-01
3.734939759036144391e-01 6.803278688524589946e-01
3.734939759036144391e-01 8.647540983606557541e-01
3.775100401606425460e-01 2.909836065573770392e-01
3.775100401606425460e-01 4.631147540983606703e-01
3.775100401606425460e-01 6.393442622950820109e-01
3.775100401606425460e-01 6.803278688524589946e-01
3.775100401606425460e-01 8.647540983606557541e-01
3.815261044176707084e-01 2.909836065573770392e-01
3.815261044176707084e-01 4.631147540983606703e-01
3.815261044176707084e-01 6.393442622950820109e-01
3.815261044176707084e-01 6.762295081967213406e-01
3.815261044176707084e-01 8.647540983606557541e-01
3.815261044176707084e-01 9.672131147540983243e-01
3.815261044176707084e-01 9.713114754098360892e-01
3.855421686746988152e-01 2.868852459016393297e-01
3.855421686746988152e-01 4.631147540983606703e-01
3.855421686746988152e-01 6.393442622950820109e-01
3.855421686746988152e-01 6.762295081967213406e-01
3.855421686746988152e-01 8.647540983606557541e-01
3.855421686746988152e-01 9.549180327868852514e-01
3.855421686746988152e-01 9.590163934426229053e-01
3.855421686746988152e-01 9.631147540983606703e-01
3.855421686746988152e-01 9.754098360655737432e-01
3.855421686746988152e-01 9.795081967213115082e-01
3.855421686746988152e-01 9.836065573770491621e-01
3.895582329317269221e-01 2.868852459016393297e-01
3.895582329317269221e-01 4.631147540983606703e-01
3.895582329317269221e-01 6.393442622950820109e-01
3.895582329317269221e-01 6.762295081967213406e-01
3.895582329317269221e-01 8.647540983606557541e-01
3.895582329317269221e-01 9.508196721311474864e-01
3.895582329317269221e-01 9.877049180327869271e-01
3.935742971887550290e-01 2.868852459016393297e-01
3.935742971887550290e-01 4.631147540983606703e-01
3.935742971887550290e-01 6.393442622950820109e-01
3.935742971887550290e-01 6.721311475409835756e-01
3.935742971887550290e-01 8.647540983606557541e-01
3.935742971887550290e-01 9.426229508196721785e-01
3.935742971887550290e-01 9.467213114754098324e-01
3.975903614457831359e-01 2.868852459016393297e-01
3.975903614457831359e-01 4.631147540983606703e-01
3.975903614457831359e-01 6.393442622950820109e-01
3.975903614457831359e-01 6.721311475409835756e-01
3.975903614457831359e-01 8.647540983606557541e-01
3.975903614457831359e-01 9.385245901639344135e-01
4.016064257028112428e-01 2.827868852459016202e-01
4.016064257028112428e-01 4.631147540983606703e-01
4.016064257028112428e-01 5.245901639344262568e-01
4.016064257028112428e-01 6.393442622950820109e-01
4.016064257028112428e-01 6.680327868852459217e-01
4.016064257028112428e-01 8.647540983606557541e-01
4.016064257028112428e-01 9.344262295081967595e-01
4.056224899598393496e-01 2.827868852459016202e-01
4.056224899598393496e-01 4.631147540983606703e-01
4.056224899598393496e-01 5.204918032786884918e-01
4.056224899598393496e-01 6.393442622950820109e-01
4.056224899598393496e-01 6.639344262295081567e-01
4.056224899598393496e-01 8.647540983606557541e-01
4.056224899598393496e-01 9.303278688524589946e-01
4.096385542168674565e-01 2.827868852459016202e-01
4.096385542168674565e-01 4.180327868852459217e-01
4.096385542168674565e-01 4.221311475409836311e-01
4.096385542168674565e-01 4.631147540983606703e-01
4.096385542168674565e-01 5.163934426229508379e-01
4.096385542168674565e-01 6.434426229508196649e-01
4.096385542168674565e-01 6.557377049180327377e-01
4.096385542168674565e-01 6.598360655737705027e-01
4.096385542168674565e-01 8.647540983606557541e-01
4.096385542168674565e-01 9.262295081967213406e-01
4.136546184738955634e-01 2.827868852459016202e-01
4.136546184738955634e-01 4.262295081967212851e-01
4.136546184738955634e-01 4.631147540983606703e-01
4.136546184738955634e-01 5.163934426229508379e-01
4.136546184738955634e-01 6.475409836065574298e-01
4.136546184738955634e-01 6.516393442622950838e-01
4.136546184738955634e-01 8.647540983606557541e-01
4.136546184738955634e-01 9.262295081967213406e-01
4.176706827309236703e-01 2.827868852459016202e-01
4.176706827309236703e-01 4.303278688524589946e-01
4.176706827309236703e-01 4.631147540983606703e-01
4.176706827309236703e-01 5.122950819672130729e-01
4.176706827309236703e-01 6.434426229508196649e-01
4.176706827309236703e-01 8.647540983606557541e-01
4.176706827309236703e-01 9.221311475409835756e-01
4.216867469879518326e-01 2.827868852459016202e-01
4.216867469879518326e-01 4.344262295081967040e-01
4.216867469879518326e-01 5.122950819672130729e-01
4.216867469879518326e-01 6.393442622950820109e-01
4.216867469879518326e-01 8.647540983606557541e-01
4.216867469879518326e-01 9.180327868852459217e-01
4.257028112449799395e-01 2.827868852459016202e-01
4.257028112449799395e-01 4.344262295081967040e-01
4.257028112449799395e-01 5.122950819672130729e-01
4.257028112449799395e-01 5.901639344262294973e-01
4.257028112449799395e-01 6.393442622950820109e-01
4.257028112449799395e-01 8.647540983606557541e-01
4.257028112449799395e-01 9.139344262295081567e-01
4.297188755020080464e-01 2.827868852459016202e-01
4.297188755020080464e-01 4.385245901639344135e-01
4.297188755020080464e-01 5.081967213114754189e-01
4.297188755020080464e-01 5.942622950819672623e-01
4.297188755020080464e-01 6.393442622950820109e-01
4.297188755020080464e-01 8.647540983606557541e-01
4.297188755020080464e-01 9.139344262295081567e-01
4.337349397590361533e-01 2.827868852459016202e-01
4.337349397590361533e-01 4.385245901639344135e-01
4.337349397590361533e-01 5.040983606557376540e-01
4.337349397590361533e-01 5.942622950819672623e-01
4.337349397590361533e-01 6.352459016393442459e-01
4.337349397590361533e-01 8.647540983606557541e-01
4.337349397590361533e-01 9.057377049180327377e-01
4.337349397590361533e-01 9.098360655737705027e-01
4.377510040160642601e-01 2.827868852459016202e-01
4.377510040160642601e-01 4.426229508196721230e-01
4.377510040160642601e-01 5.040983606557376540e-01
4.377510040160642601e-01 5.983606557377049162e-01
4.377510040160642601e-01 6.352459016393442459e-01
4.377510040160642601e-01 8.647540983606557541e-01
4.377510040160642601e-01 9.016393442622950838e-01
4.417670682730923670e-01 2.827868852459016202e-01
4.417670682730923670e-01 4.467213114754098324e-01
4.417670682730923670e-01 4.508196721311475419e-01
4.417670682730923670e-01 4.918032786885245811e-01
4.417670682730923670e-01 4.959016393442622905e-01
4.417670682730923670e-01 5.000000000000000000e-01
4.417670682730923670e-01 5.983606557377049162e-01
4.417670682730923670e-01 6.352459016393442459e-01
4.417670682730923670e-01 8.647540983606557541e-01
4.417670682730923670e-01 8.934426229508196649e-01
4.417670682730923670e-01 8.975409836065574298e-01
4.417670682730923670e-01 9.959016393442623460e-01
4.457831325301204739e-01 2.827868852459016202e-01
4.457831325301204739e-01 4.549180327868852514e-01
4.457831325301204739e-01 4.590163934426229608e-01
4.457831325301204739e-01 4.631147540983606703e-01
4.457831325301204739e-01 4.672131147540983798e-01
4.457831325301204739e-01 4.713114754098360892e-01
4.457831325301204739e-01 4.754098360655737432e-01
4.457831325301204739e-01 4.877049180327868716e-01
4.457831325301204739e-01 6.024590163934425702e-01
4.457831325301204739e-01 6.065573770491803351e-01
4.457831325301204739e-01 6.106557377049179891e-01
4.457831325301204739e-01 6.147540983606557541e-01
4.457831325301204739e-01 6.188524590163934080e-01
4.457831325301204739e-01 6.311475409836065920e-01
4.457831325301204739e-01 8.688524590163934080e-01
4.457831325301204739e-01 8.729508196721311730e-01
4.457831325301204739e-01 8.770491803278688270e-01
4.457831325301204739e-01 8.811475409836065920e-01
4.457831325301204739e-01 8.852459016393442459e-01
4.457831325301204739e-01 8.893442622950820109e-01
4.457831325301204739e-01 9.918032786885245811e-01
4.497991967871485808e-01 2.786885245901639108e-01
4.497991967871485808e-01 4.795081967213114527e-01
4.497991967871485808e-01 4.836065573770491621e-01
4.497991967871485808e-01 5.860655737704918433e-01
4.497991967871485808e-01 5.901639344262294973e-01
4.497991967871485808e-01 5.942622950819672623e-01
4.497991967871485808e-01 5.983606557377049162e-01
4.497991967871485808e-01 6.229508196721311730e-01
4.497991967871485808e-01 6.270491803278688270e-01
4.497991967871485808e-01 8.688524590163934080e-01
4.497991967871485808e-01 9.918032786885245811e-01
4.538152610441766877e-01 2.377049180327868716e-01
4.538152610441766877e-01 2.418032786885245811e-01
4.538152610441766877e-01 2.459016393442622905e-01
4.538152610441766877e-01 2.786885245901639108e-01
4.538152610441766877e-01 4.836065573770491621e-01
4.538152610441766877e-01 6.270491803278688270e-01
4.538152610441766877e-01 8.688524590163934080e-01
4.538152610441766877e-01 9.713114754098360892e-01
4.538152610441766877e-01 9.754098360655737432e-01
4.538152610441766877e-01 9.795081967213115082e-01
4.538152610441766877e-01 9.836065573770491621e-01
4.538152610441766877e-01 9.918032786885245811e-01
4.578313253012047945e-01 2.500000000000000000e-01
4.578313253012047945e-01 2.540983606557377095e-01
4.578313253012047945e-01 2.581967213114754189e-01
4.578313253012047945e-01 2.622950819672131284e-01
4.578313253012047945e-01 2.663934426229508379e-01
4.578313253012047945e-01 2.704918032786885473e-01
4.578313253012047945e-01 2.745901639344262568e-01
4.578313253012047945e-01 2.786885245901639108e-01
4.578313253012047945e-01 4.836065573770491621e-01
4.578313253012047945e-01 6.311475409836065920e-01
4.578313253012047945e-01 8.688524590163934080e-01
4.578313253012047945e-01 9.672131147540983243e-01
4.578313253012047945e-01 9.877049180327869271e-01
4.618473895582329569e-01 2.786885245901639108e-01
4.618473895582329569e-01 4.836065573770491621e-01
4.618473895582329569e-01 6.311475409836065920e-01
4.618473895582329569e-01 8.688524590163934080e-01
4.618473895582329569e-01 9.631147540983606703e-01
4.618473895582329569e-01 9.877049180327869271e-01
4.658634538152610638e-01 2.786885245901639108e-01
4.658634538152610638e-01 4.836065573770491621e-01
4.658634538152610638e-01 6.311475409836065920e-01
4.658634538152610638e-01 8.688524590163934080e-01
4.658634538152610638e-01 9.590163934426229053e-01
4.658634538152610638e-01 9.877049180327869271e-01
4.698795180722891707e-01 2.827868852459016202e-01
4.698795180722891707e-01 4.836065573770491621e-01
4.698795180722891707e-01 6.311475409836065920e-01
4.698795180722891707e-01 8.688524590163934080e-01
4.698795180722891707e-01 9.303278688524589946e-01
4.698795180722891707e-01 9.344262295081967595e-01
4.698795180722891707e-01 9.385245901639344135e-01
4.698795180722891707e-01 9.426229508196721785e-01
4.698795180722891707e-01 9.467213114754098324e-01
4.698795180722891707e-01 9.508196721311474864e-01
4.698795180722891707e-01 9.549180327868852514e-01
4.698795180722891707e-01 9.877049180327869271e-01
4.738955823293172775e-01 2.827868852459016202e-01
4.738955823293172775e-01 4.836065573770491621e-01
4.738955823293172775e-01 6.352459016393442459e-01
4.738955823293172775e-01 8.688524590163934080e-01
4.738955823293172775e-01 9.221311475409835756e-01
4.738955823293172775e-01 9.262295081967213406e-01
4.738955823293172775e-01 9.590163934426229053e-01
4.738955823293172775e-01 9.631147540983606703e-01
4.738955823293172775e-01 9.672131147540983243e-01
4.738955823293172775e-01 9.713114754098360892e-01
4.738955823293172775e-01 9.754098360655737432e-01
4.738955823293172775e-01 9.795081967213115082e-01
4.738955823293172775e-01 9.836065573770491621e-01
4.779116465863453844e-01 2.868852459016393297e-01
4.779116465863453844e-01 4.836065573770491621e-01
4.779116465863453844e-01 6.393442622950820109e-01
4.779116465863453844e-01 8.688524590163934080e-01
4.779116465863453844e-01 8.729508196721311730e-01
4.779116465863453844e-01 8.770491803278688270e-01
4.779116465863453844e-01 8.811475409836065920e-01
4.779116465863453844e-01 8.852459016393442459e-01
4.779116465863453844e-01 8.893442622950820109e-01
4.779116465863453844e-01 8.934426229508196649e-01
4.779116465863453844e-01 8.975409836065574298e-01
4.779116465863453844e-01 9.016393442622950838e-01
4.779116465863453844e-01 9.057377049180327377e-01
4.779116465863453844e-01 9.098360655737705027e-01
4.779116465863453844e-01 9.139344262295081567e-01
4.779116465863453844e-01 9.180327868852459217e-01
4.819277108433734913e-01 2.868852459016393297e-01
4.819277108433734913e-01 4.836065573770491621e-01
4.819277108433734913e-01 6.393442622950820109e-01
4.819277108433734913e-01 8.647540983606557541e-01
4.859437751004015982e-01 2.868852459016393297e-01
4.859437751004015982e-01 4.836065573770491621e-01
4.859437751004015982e-01 6.434426229508196649e-01
4.859437751004015982e-01 8.237704918032786594e-01
4.859437751004015982e-01 8.278688524590164244e-01
4.859437751004015982e-01 8.319672131147540783e-01
4.859437751004015982e-01 8.360655737704918433e-01
4.859437751004015982e-01 8.401639344262294973e-01
4.859437751004015982e-01 8.442622950819672623e-01
4.859437751004015982e-01 8.483606557377049162e-01
4.859437751004015982e-01 8.524590163934425702e-01
4.859437751004015982e-01 8.565573770491803351e-01
4.859437751004015982e-01 8.606557377049179891e-01
4.899598393574297051e-01 2.868852459016393297e-01
4.899598393574297051e-01 4.836065573770491621e-01
4.899598393574297051e-01 4.877049180327868716e-01
4.899598393574297051e-01 4.918032786885245811e-01
4.899598393574297051e-01 6.434426229508196649e-01
4.899598393574297051e-01 7.991803278688525136e-01
4.899598393574297051e-01 8.032786885245901676e-01
4.899598393574297051e-01 8.073770491803278215e-01
4.899598393574297051e-01 8.114754098360655865e-01
4.899598393574297051e-01 8.155737704918032405e-01
4.899598393574297051e-01 8.196721311475410054e-01
4.899598393574297051e-01 8.606557377049179891e-01
4.939759036144578119e-01 1.639344262295082053e-02
4.939759036144578119e-01 2.049180327868852305e-02
4.939759036144578119e-01 2.868852459016393297e-01
4.939759036144578119e-01 4.795081967213114527e-01
4.939759036144578119e-01 4.959016393442622905e-01
4.939759036144578119e-01 5.000000000000000000e-01
4.939759036144578119e-01 5.040983606557376540e-01
4.939759036144578119e-01 5.081967213114754189e-01
4.939759036144578119e-01 5.122950819672130729e-01
4.939759036144578119e-01 5.163934426229508379e-01
4.939759036144578119e-01 5.204918032786884918e-01
4.939759036144578119e-01 5.245901639344262568e-01
4.939759036144578119e-01 5.286885245901639108e-01
4.939759036144578119e-01 5.327868852459016757e-01
4.939759036144578119e-01 5.368852459016393297e-01
4.939759036144578119e-01 5.409836065573770947e-01
4.939759036144578119e-01 5.450819672131147486e-01
4.939759036144578119e-01 6.434426229508196649e-01
4.939759036144578119e-01 7.745901639344262568e-01
4.939759036144578119e-01 7.786885245901639108e-01
4.939759036144578119e-01 7.827868852459016757e-01
4.939759036144578119e-01 7.868852459016393297e-01
4.939759036144578119e-01 7.909836065573770947e-01
4.939759036144578119e-01 7.950819672131147486e-01
4.939759036144578119e-01 8.606557377049179891e-01
4.979919678714859188e-01 4.098360655737705131e-03
4.979919678714859188e-01 8.196721311475410263e-03
4.979919678714859188e-01 1.229508196721311453e-02
4.979919678714859188e-01 2.459016393442622905e-02
4.979919678714859188e-01 2.868852459016393505e-02
4.979919678714859188e-01 3.278688524590164105e-02
4.979919678714859188e-01 3.688524590163934358e-02
4.979919678714859188e-01 4.098360655737704611e-02
4.979919678714859188e-01 4.508196721311475558e-02
4.979919678714859188e-01 1.516393442622950838e-01
4.979919678714859188e-01 2.868852459016393297e-01
4.979919678714859188e-01 4.303278688524589946e-01
4.979919678714859188e-01 4.344262295081967040e-01
4.979919678714859188e-01 4.385245901639344135e-01
4.979919678714859188e-01 4.426229508196721230e-01
4.979919678714859188e-01 4.467213114754098324e-01
4.979919678714859188e-01 4.508196721311475419e-01
4.979919678714859188e-01 4.549180327868852514e-01
4.979919678714859188e-01 4.590163934426229608e-01
4.979919678714859188e-01 4.631147540983606703e-01
4.979919678714859188e-01 4.672131147540983798e-01
4.979919678714859188e-01 4.713114754098360892e-01
4.979919678714859188e-01 4.754098360655737432e-01
4.979919678714859188e-01 5.491803278688525136e-01
4.979919678714859188e-01 5.532786885245901676e-01
4.979919678714859188e-01 5.573770491803278215e-01
4.979919678714859188e-01 5.614754098360655865e-01
4.979919678714859188e-01 6.475409836065574298e-01
4.979919678714859188e-01 6.516393442622950838e-01
4.979919678714859188e-01 6.557377049180327377e-01
4.979919678714859188e-01 6.598360655737705027e-01
4.979919678714859188e-01 6.639344262295081567e-01
4.979919678714859188e-01 6.680327868852459217e-01
4.979919678714859188e-01 6.721311475409835756e-01
4.979919678714859188e-01 6.762295081967213406e-01
4.979919678714859188e-01 6.803278688524589946e-01
4.979919678714859188e-01 6.844262295081967595e-01
4.979919678714859188e-01 6.885245901639344135e-01
4.979919678714859188e-01 6.926229508196721785e-01
4.979919678714859188e-01 6.967213114754098324e-01
4.979919678714859188e-01 7.008196721311474864e-01
4.979919678714859188e-01 7.049180327868852514e-01
4.979919678714859188e-01 7.090163934426229053e-01
4.979919678714859188e-01 7.131147540983606703e-01
4.979919678714859188e-01 7.172131147540983243e-01
4.979919678714859188e-01 7.213114754098360892e-01
4.979919678714859188e-01 7.254098360655737432e-01
4.979919678714859188e-01 7.295081967213115082e-01
4.979919678714859188e-01 7.336065573770491621e-01
4.979919678714859188e-01 7.377049180327869271e-01
4.979919678714859188e-01 7.418032786885245811e-01
4.979919678714859188e-01 7.459016393442623460e-01
4.979919678714859188e-01 7.500000000000000000e-01
4.979919678714859188e-01 7.540983606557376540e-01
4.979919678714859188e-01 7.581967213114754189e-01
4.979919678714859188e-01 7.622950819672130729e-01
4.979919678714859188e-01 7.663934426229508379e-01
4.979919678714859188e-01 7.704918032786884918e-01
4.979919678714859188e-01 8.647540983606557541e-01
5.020080321285140812e-01 0.000000000000000000e+00
5.020080321285140812e-01 4.918032786885245811e-02
5.020080321285140812e-01 5.327868852459016064e-02
5.020080321285140812e-01 5.737704918032787010e-02
5.020080321285140812e-01 6.147540983606557263e-02
5.020080321285140812e-01 6.557377049180328210e-02
5.020080321285140812e-01 6.967213114754097769e-02
5.020080321285140812e-01 7.377049180327868716e-02
5.020080321285140812e-01 7.786885245901639663e-02
5.020080321285140812e-01 8.196721311475409222e-02
5.020080321285140812e-01 8.606557377049180169e-02
5.020080321285140812e-01 9.016393442622951115e-02
5.020080321285140812e-01 9.426229508196720674e-02
5.020080321285140812e-01 9.836065573770491621e-02
5.020080321285140812e-01 1.024590163934426257e-01
5.020080321285140812e-01 1.065573770491803213e-01
5.020080321285140812e-01 1.106557377049180307e-01
5.020080321285140812e-01 1.147540983606557402e-01
5.020080321285140812e-01 1.188524590163934358e-01
5.020080321285140812e-01 1.229508196721311453e-01
5.020080321285140812e-01 1.270491803278688547e-01
5.020080321285140812e-01 1.311475409836065642e-01
5.020080321285140812e-01 1.352459016393442737e-01
5.020080321285140812e-01 1.393442622950819554e-01
5.020080321285140812e-01 1.434426229508196649e-01
5.020080321285140812e-01 1.475409836065573743e-01
5.020080321285140812e-01 1.557377049180327933e-01
5.020080321285140812e-01 1.598360655737705027e-01
5.020080321285140812e-01 1.639344262295081844e-01
5.020080321285140812e-01 1.680327868852458939e-01
5.020080321285140812e-01 1.721311475409836034e-01
5.020080321285140812e-01 1.762295081967213128e-01
5.020080321285140812e-01 1.803278688524590223e-01
5.020080321285140812e-01 2.868852459016393297e-01
5.020080321285140812e-01 2.909836065573770392e-01
5.020080321285140812e-01 3.196721311475410054e-01
5.020080321285140812e-01 3.237704918032787149e-01
5.020080321285140812e-01 3.278688524590163689e-01
5.020080321285140812e-01 3.319672131147540783e-01
5.020080321285140812e-01 3.360655737704917878e-01
5.020080321285140812e-01 3.401639344262294973e-01
5.020080321285140812e-01 3.442622950819672067e-01
5.020080321285140812e-01 3.483606557377049162e-01
5.020080321285140812e-01 3.524590163934426257e-01
5.020080321285140812e-01 3.565573770491803351e-01
5.020080321285140812e-01 3.606557377049180446e-01
5.020080321285140812e-01 3.647540983606557541e-01
5.020080321285140812e-01 3.688524590163934636e-01
5.020080321285140812e-01 3.729508196721311730e-01
5.020080321285140812e-01 3.770491803278688270e-01
5.020080321285140812e-01 3.811475409836065364e-01
5.020080321285140812e-01 3.852459016393442459e-01
5.020080321285140812e-01 3.893442622950819554e-01
5.020080321285140812e-01 3.934426229508196649e-01
5.020080321285140812e-01 3.975409836065573743e-01
5.020080321285140812e-01 4.098360655737705027e-01
5.020080321285140812e-01 4.139344262295082122e-01
5.020080321285140812e-01 4.180327868852459217e-01
5.020080321285140812e-01 4.221311475409836311e-01
5.020080321285140812e-01 4.262295081967212851e-01
5.020080321285140812e-01 5.655737704918032405e-01
5.020080321285140812e-01 5.696721311475410054e-01
5.020080321285140812e-01 5.737704918032786594e-01
5.020080321285140812e-01 5.778688524590164244e-01
5.020080321285140812e-01 5.819672131147540783e-01
5.020080321285140812e-01 6.475409836065574298e-01
5.020080321285140812e-01 8.647540983606557541e-01
5.060240963855421326e-01 1.844262295081967318e-01
5.060240963855421326e-01 1.885245901639344135e-01
5.060240963855421326e-01 1.926229508196721230e-01
5.060240963855421326e-01 1.967213114754098324e-01
5.060240963855421326e-01 2.008196721311475419e-01
5.060240963855421326e-01 2.049180327868852514e-01
5.060240963855421326e-01 2.090163934426229608e-01
5.060240963855421326e-01 2.131147540983606425e-01
5.060240963855421326e-01 2.172131147540983520e-01
5.060240963855421326e-01 2.213114754098360615e-01
5.060240963855421326e-01 2.254098360655737709e-01
5.060240963855421326e-01 2.295081967213114804e-01
5.060240963855421326e-01 2.336065573770491899e-01
5.060240963855421326e-01 2.377049180327868716e-01
5.060240963855421326e-01 2.418032786885245811e-01
5.060240963855421326e-01 2.459016393442622905e-01
5.060240963855421326e-01 2.500000000000000000e-01
5.060240963855421326e-01 2.540983606557377095e-01
5.060240963855421326e-01 2.581967213114754189e-01
5.060240963855421326e-01 2.622950819672131284e-01
5.060240963855421326e-01 2.663934426229508379e-01
5.060240963855421326e-01 2.704918032786885473e-01
5.060240963855421326e-01 2.745901639344262568e-01
5.060240963855421326e-01 2.786885245901639108e-01
5.060240963855421326e-01 2.827868852459016202e-01
5.060240963855421326e-01 2.950819672131147486e-01
5.060240963855421326e-01 2.991803278688524581e-01
5.060240963855421326e-01 3.032786885245901676e-01
5.060240963855421326e-01 3.073770491803278770e-01
5.060240963855421326e-01 3.114754098360655865e-01
5.060240963855421326e-01 3.155737704918032960e-01
5.060240963855421326e-01 4.016393442622950838e-01
5.060240963855421326e-01 4.057377049180327933e-01
5.060240963855421326e-01 5.860655737704918433e-01
5.060240963855421326e-01 5.901639344262294973e-01
5.060240963855421326e-01 5.942622950819672623e-01
5.060240963855421326e-01 5.983606557377049162e-01
5.060240963855421326e-01 6.024590163934425702e-01
5.060240963855421326e-01 6.065573770491803351e-01
5.060240963855421326e-01 6.106557377049179891e-01
5.060240963855421326e-01 6.147540983606557541e-01
5.060240963855421326e-01 6.188524590163934080e-01
5.060240963855421326e-01 6.229508196721311730e-01
5.060240963855421326e-01 6.270491803278688270e-01
5.060240963855421326e-01 6.311475409836065920e-01
5.060240963855421326e-01 6.475409836065574298e-01
5.060240963855421326e-01 8.647540983606557541e-01
5.100401606425702949e-01 4.016393442622950838e-01
5.100401606425702949e-01 6.352459016393442459e-01
5.100401606425702949e-01 6.393442622950820109e-01
5.100401606425702949e-01 6.434426229508196649e-01
5.100401606425702949e-01 6.475409836065574298e-01
5.100401606425702949e-01 8.647540983606557541e-01
5.100401606425702949e-01 9.180327868852459217e-01
5.100401606425702949e-01 9.221311475409835756e-01
5.100401606425702949e-01 9.262295081967213406e-01
5.100401606425702949e-01 9.303278688524589946e-01
5.140562248995983463e-01 4.016393442622950838e-01
5.140562248995983463e-01 6.475409836065574298e-01
5.140562248995983463e-01 8.688524590163934080e-01
5.140562248995983463e-01 9.139344262295081567e-01
5.180722891566265087e-01 4.016393442622950838e-01
5.180722891566265087e-01 6.475409836065574298e-01
5.180722891566265087e-01 8.688524590163934080e-01
5.180722891566265087e-01 9.098360655737705027e-01
5.220883534136546711e-01 4.016393442622950838e-01
5.220883534136546711e-01 6.475409836065574298e-01
5.220883534136546711e-01 8.729508196721311730e-01
5.220883534136546711e-01 9.057377049180327377e-01
5.261044176706827225e-01 4.016393442622950838e-01
5.261044176706827225e-01 6.475409836065574298e-01
5.261044176706827225e-01 8.770491803278688270e-01
5.261044176706827225e-01 8.811475409836065920e-01
5.261044176706827225e-01 8.852459016393442459e-01
5.261044176706827225e-01 8.893442622950820109e-01
5.261044176706827225e-01 8.934426229508196649e-01
5.261044176706827225e-01 8.975409836065574298e-01
5.261044176706827225e-01 9.016393442622950838e-01
5.261044176706827225e-01 9.057377049180327377e-01
5.301204819277108848e-01 4.016393442622950838e-01
5.301204819277108848e-01 6.475409836065574298e-01
5.301204819277108848e-01 8.729508196721311730e-01
5.301204819277108848e-01 8.770491803278688270e-01
5.301204819277108848e-01 9.057377049180327377e-01
5.341365461847389362e-01 4.016393442622950838e-01
5.341365461847389362e-01 4.057377049180327933e-01
5.341365461847389362e-01 6.475409836065574298e-01
5.341365461847389362e-01 8.688524590163934080e-01
5.341365461847389362e-01 8.770491803278688270e-01
5.341365461847389362e-01 9.057377049180327377e-01
5.381526104417670986e-01 3.975409836065573743e-01
5.381526104417670986e-01 4.098360655737705027e-01
5.381526104417670986e-01 4.139344262295082122e-01
5.381526104417670986e-01 6.475409836065574298e-01
5.381526104417670986e-01 6.516393442622950838e-01
5.381526104417670986e-01 6.557377049180327377e-01
5.381526104417670986e-01 6.598360655737705027e-01
5.381526104417670986e-01 6.639344262295081567e-01
5.381526104417670986e-01 6.680327868852459217e-01
5.381526104417670986e-01 6.721311475409835756e-01
5.381526104417670986e-01 6.762295081967213406e-01
5.381526104417670986e-01 8.688524590163934080e-01
5.381526104417670986e-01 8.729508196721311730e-01
5.381526104417670986e-01 9.098360655737705027e-01
5.421686746987951500e-01 3.893442622950819554e-01
5.421686746987951500e-01 3.934426229508196649e-01
5.421686746987951500e-01 4.180327868852459217e-01
5.421686746987951500e-01 6.434426229508196649e-01
5.421686746987951500e-01 6.803278688524589946e-01
5.421686746987951500e-01 8.688524590163934080e-01
5.421686746987951500e-01 9.139344262295081567e-01
5.461847389558233123e-01 3.852459016393442459e-01
5.461847389558233123e-01 4.221311475409836311e-01
5.461847389558233123e-01 4.262295081967212851e-01
5.461847389558233123e-01 4.303278688524589946e-01
5.461847389558233123e-01 6.434426229508196649e-01
5.461847389558233123e-01 6.844262295081967595e-01
5.461847389558233123e-01 8.688524590163934080e-01
5.461847389558233123e-01 9.139344262295081567e-01
5.502008032128513637e-01 3.852459016393442459e-01
5.502008032128513637e-01 4.344262295081967040e-01
5.502008032128513637e-01 6.434426229508196649e-01
5.502008032128513637e-01 6.844262295081967595e-01
5.502008032128513637e-01 8.688524590163934080e-01
5.502008032128513637e-01 9.180327868852459217e-01
5.542168674698795261e-01 3.811475409836065364e-01
5.542168674698795261e-01 4.385245901639344135e-01
5.542168674698795261e-01 6.434426229508196649e-01
5.542168674698795261e-01 6.844262295081967595e-01
5.542168674698795261e-01 8.688524590163934080e-01
5.542168674698795261e-01 9.221311475409835756e-01
5.542168674698795261e-01 1.000000000000000000e+00
5.582329317269075775e-01 3.811475409836065364e-01
5.582329317269075775e-01 4.426229508196721230e-01
5.582329317269075775e-01 6.434426229508196649e-01
5.582329317269075775e-01 6.844262295081967595e-01
5.582329317269075775e-01 8.647540983606557541e-01
5.582329317269075775e-01 9.262295081967213406e-01
5.582329317269075775e-01 9.303278688524589946e-01
5.582329317269075775e-01 9.959016393442623460e-01
5.622489959839357399e-01 3.770491803278688270e-01
5.622489959839357399e-01 4.426229508196721230e-01
5.622489959839357399e-01 6.434426229508196649e-01
5.622489959839357399e-01 6.885245901639344135e-01
5.622489959839357399e-01 8.647540983606557541e-01
5.622489959839357399e-01 9.344262295081967595e-01
5.622489959839357399e-01 9.959016393442623460e-01
5.662650602409639022e-01 3.770491803278688270e-01
5.662650602409639022e-01 4.467213114754098324e-01
5.662650602409639022e-01 6.434426229508196649e-01
5.662650602409639022e-01 6.885245901639344135e-01
5.662650602409639022e-01 8.647540983606557541e-01
5.662650602409639022e-01 9.385245901639344135e-01
5.662650602409639022e-01 9.918032786885245811e-01
5.702811244979919536e-01 3.770491803278688270e-01
5.702811244979919536e-01 4.508196721311475419e-01
5.702811244979919536e-01 6.434426229508196649e-01
5.702811244979919536e-01 6.885245901639344135e-01
5.702811244979919536e-01 8.647540983606557541e-01
5.702811244979919536e-01 9.426229508196721785e-01
5.702811244979919536e-01 9.467213114754098324e-01
5.702811244979919536e-01 9.918032786885245811e-01
5.742971887550201160e-01 3.729508196721311730e-01
5.742971887550201160e-01 4.508196721311475419e-01
5.742971887550201160e-01 6.434426229508196649e-01
5.742971887550201160e-01 6.885245901639344135e-01
5.742971887550201160e-01 8.647540983606557541e-01
5.742971887550201160e-01 9.508196721311474864e-01
5.742971887550201160e-01 9.918032786885245811e-01
5.783132530120481674e-01 3.688524590163934636e-01
5.783132530120481674e-01 4.549180327868852514e-01
5.783132530120481674e-01 6.434426229508196649e-01
5.783132530120481674e-01 6.885245901639344135e-01
5.783132530120481674e-01 8.647540983606557541e-01
5.783132530120481674e-01 9.549180327868852514e-01
5.783132530120481674e-01 9.590163934426229053e-01
5.783132530120481674e-01 9.877049180327869271e-01
5.823293172690763297e-01 3.688524590163934636e-01
5.823293172690763297e-01 4.590163934426229608e-01
5.823293172690763297e-01 6.434426229508196649e-01
5.823293172690763297e-01 6.885245901639344135e-01
5.823293172690763297e-01 8.647540983606557541e-01
5.823293172690763297e-01 9.631147540983606703e-01
5.823293172690763297e-01 9.672131147540983243e-01
5.823293172690763297e-01 9.713114754098360892e-01
5.823293172690763297e-01 9.877049180327869271e-01
5.863453815261043811e-01 3.688524590163934636e-01
5.863453815261043811e-01 4.631147540983606703e-01
5.863453815261043811e-01 6.475409836065574298e-01
5.863453815261043811e-01 6.885245901639344135e-01
5.863453815261043811e-01 8.647540983606557541e-01
5.863453815261043811e-01 9.754098360655737432e-01
5.863453815261043811e-01 9.795081967213115082e-01
5.863453815261043811e-01 9.836065573770491621e-01
5.903614457831325435e-01 3.647540983606557541e-01
5.903614457831325435e-01 6.475409836065574298e-01
5.903614457831325435e-01 6.516393442622950838e-01
5.903614457831325435e-01 6.557377049180327377e-01
5.903614457831325435e-01 6.598360655737705027e-01
5.903614457831325435e-01 6.639344262295081567e-01
5.903614457831325435e-01 6.680327868852459217e-01
5.903614457831325435e-01 6.721311475409835756e-01
5.903614457831325435e-01 6.762295081967213406e-01
5.903614457831325435e-01 6.803278688524589946e-01
5.903614457831325435e-01 6.885245901639344135e-01
5.903614457831325435e-01 8.647540983606557541e-01
5.943775100401605949e-01 3.606557377049180446e-01
5.943775100401605949e-01 6.434426229508196649e-01
5.943775100401605949e-01 6.844262295081967595e-01
5.943775100401605949e-01 6.885245901639344135e-01
5.943775100401605949e-01 8.688524590163934080e-01
5.983935742971887572e-01 3.606557377049180446e-01
5.983935742971887572e-01 6.393442622950820109e-01
5.983935742971887572e-01 6.885245901639344135e-01
5.983935742971887572e-01 8.688524590163934080e-01
6.024096385542169196e-01 3.565573770491803351e-01
6.024096385542169196e-01 6.393442622950820109e-01
6.024096385542169196e-01 6.926229508196721785e-01
6.024096385542169196e-01 8.688524590163934080e-01
6.064257028112449710e-01 3.524590163934426257e-01
6.064257028112449710e-01 6.393442622950820109e-01
6.064257028112449710e-01 6.926229508196721785e-01
6.064257028112449710e-01 8.688524590163934080e-01
6.104417670682731334e-01 3.524590163934426257e-01
6.104417670682731334e-01 6.393442622950820109e-01
6.104417670682731334e-01 6.926229508196721785e-01
6.104417670682731334e-01 8.729508196721311730e-01
6.144578313253011848e-01 3.524590163934426257e-01
6.144578313253011848e-01 6.393442622950820109e-01
6.144578313253011848e-01 6.967213114754098324e-01
6.144578313253011848e-01 8.729508196721311730e-01
6.184738955823293471e-01 3.524590163934426257e-01
6.184738955823293471e-01 6.393442622950820109e-01
6.184738955823293471e-01 6.967213114754098324e-01
6.184738955823293471e-01 8.770491803278688270e-01
6.224899598393573985e-01 3.524590163934426257e-01
6.224899598393573985e-01 6.393442622950820109e-01
6.224899598393573985e-01 7.008196721311474864e-01
6.224899598393573985e-01 8.770491803278688270e-01
6.265060240963855609e-01 3.524590163934426257e-01
6.265060240963855609e-01 6.393442622950820109e-01
6.265060240963855609e-01 7.049180327868852514e-01
6.265060240963855609e-01 8.770491803278688270e-01
6.265060240963855609e-01 8.811475409836065920e-01
6.305220883534136123e-01 3.524590163934426257e-01
6.305220883534136123e-01 6.393442622950820109e-01
6.305220883534136123e-01 7.090163934426229053e-01
6.305220883534136123e-01 8.729508196721311730e-01
6.305220883534136123e-01 8.852459016393442459e-01
6.305220883534136123e-01 8.893442622950820109e-01
6.345381526104417746e-01 3.524590163934426257e-01
6.345381526104417746e-01 6.393442622950820109e-01
6.345381526104417746e-01 7.131147540983606703e-01
6.345381526104417746e-01 8.729508196721311730e-01
6.345381526104417746e-01 8.934426229508196649e-01
6.345381526104417746e-01 8.975409836065574298e-01
6.385542168674698260e-01 3.524590163934426257e-01
6.385542168674698260e-01 6.393442622950820109e-01
6.385542168674698260e-01 7.172131147540983243e-01
6.385542168674698260e-01 7.213114754098360892e-01
6.385542168674698260e-01 7.254098360655737432e-01
6.385542168674698260e-01 7.295081967213115082e-01
6.385542168674698260e-01 8.729508196721311730e-01
6.385542168674698260e-01 9.016393442622950838e-01
6.425702811244979884e-01 3.524590163934426257e-01
6.425702811244979884e-01 6.434426229508196649e-01
6.425702811244979884e-01 8.729508196721311730e-01
6.425702811244979884e-01 9.057377049180327377e-01
6.465863453815261508e-01 3.483606557377049162e-01
6.465863453815261508e-01 6.434426229508196649e-01
6.465863453815261508e-01 8.729508196721311730e-01
6.465863453815261508e-01 9.098360655737705027e-01
6.506024096385542022e-01 3.442622950819672067e-01
6.506024096385542022e-01 6.434426229508196649e-01
6.506024096385542022e-01 8.729508196721311730e-01
6.506024096385542022e-01 9.139344262295081567e-01
6.546184738955823645e-01 3.442622950819672067e-01
6.546184738955823645e-01 6.434426229508196649e-01
6.546184738955823645e-01 8.729508196721311730e-01
6.546184738955823645e-01 9.180327868852459217e-01
6.586345381526104159e-01 3.442622950819672067e-01
6.586345381526104159e-01 6.434426229508196649e-01
6.586345381526104159e-01 8.729508196721311730e-01
6.586345381526104159e-01 9.221311475409835756e-01
6.626506024096385783e-01 3.401639344262294973e-01
6.626506024096385783e-01 6.434426229508196649e-01
6.626506024096385783e-01 8.729508196721311730e-01
6.626506024096385783e-01 9.262295081967213406e-01
6.626506024096385783e-01 9.303278688524589946e-01
6.626506024096385783e-01 9.672131147540983243e-01
6.626506024096385783e-01 9.713114754098360892e-01
6.666666666666666297e-01 3.401639344262294973e-01
6.666666666666666297e-01 6.475409836065574298e-01
6.666666666666666297e-01 8.729508196721311730e-01
6.666666666666666297e-01 9.344262295081967595e-01
6.666666666666666297e-01 9.549180327868852514e-01
6.666666666666666297e-01 9.590163934426229053e-01
6.666666666666666297e-01 9.631147540983606703e-01
6.706827309236947920e-01 3.401639344262294973e-01
6.706827309236947920e-01 6.475409836065574298e-01
6.706827309236947920e-01 8.729508196721311730e-01
6.706827309236947920e-01 9.385245901639344135e-01
6.706827309236947920e-01 9.426229508196721785e-01
6.706827309236947920e-01 9.467213114754098324e-01
6.706827309236947920e-01 9.508196721311474864e-01
6.746987951807228434e-01 3.401639344262294973e-01
6.746987951807228434e-01 6.516393442622950838e-01
6.746987951807228434e-01 8.729508196721311730e-01
6.787148594377510058e-01 3.401639344262294973e-01
6.787148594377510058e-01 6.475409836065574298e-01
6.787148594377510058e-01 6.516393442622950838e-01
6.787148594377510058e-01 6.557377049180327377e-01
6.787148594377510058e-01 6.598360655737705027e-01
6.787148594377510058e-01 6.639344262295081567e-01
6.787148594377510058e-01 8.729508196721311730e-01
6.827309236947791682e-01 3.360655737704917878e-01
6.827309236947791682e-01 6.434426229508196649e-01
6.827309236947791682e-01 6.680327868852459217e-01
6.827309236947791682e-01 8.729508196721311730e-01
6.867469879518072196e-01 3.360655737704917878e-01
6.867469879518072196e-01 6.434426229508196649e-01
6.867469879518072196e-01 6.721311475409835756e-01
6.867469879518072196e-01 8.729508196721311730e-01
6.907630522088353819e-01 3.319672131147540783e-01
6.907630522088353819e-01 6.434426229508196649e-01
6.907630522088353819e-01 6.721311475409835756e-01
6.907630522088353819e-01 8.729508196721311730e-01
6.947791164658634333e-01 3.319672131147540783e-01
6.947791164658634333e-01 6.434426229508196649e-01
6.947791164658634333e-01 6.721311475409835756e-01
6.947791164658634333e-01 8.770491803278688270e-01
6.987951807228915957e-01 3.278688524590163689e-01
6.987951807228915957e-01 6.434426229508196649e-01
6.987951807228915957e-01 6.721311475409835756e-01
6.987951807228915957e-01 8.770491803278688270e-01
7.028112449799196471e-01 3.237704918032787149e-01
7.028112449799196471e-01 6.434426229508196649e-01
7.028112449799196471e-01 6.762295081967213406e-01
7.028112449799196471e-01 8.770491803278688270e-01
7.068273092369478094e-01 3.237704918032787149e-01
7.068273092369478094e-01 6.434426229508196649e-01
7.068273092369478094e-01 6.762295081967213406e-01
7.068273092369478094e-01 8.770491803278688270e-01
7.108433734939758608e-01 3.237704918032787149e-01
7.108433734939758608e-01 6.434426229508196649e-01
7.108433734939758608e-01 6.803278688524589946e-01
7.108433734939758608e-01 8.770491803278688270e-01
7.148594377510040232e-01 3.237704918032787149e-01
7.148594377510040232e-01 6.434426229508196649e-01
7.148594377510040232e-01 6.803278688524589946e-01
7.148594377510040232e-01 8.770491803278688270e-01
7.188755020080320746e-01 3.196721311475410054e-01
7.188755020080320746e-01 6.434426229508196649e-01
7.188755020080320746e-01 6.762295081967213406e-01
7.188755020080320746e-01 8.770491803278688270e-01
7.228915662650602370e-01 3.196721311475410054e-01
7.228915662650602370e-01 6.434426229508196649e-01
7.228915662650602370e-01 8.770491803278688270e-01
7.269076305220883993e-01 3.155737704918032960e-01
7.269076305220883993e-01 6.434426229508196649e-01
7.269076305220883993e-01 8.770491803278688270e-01
7.309236947791164507e-01 3.114754098360655865e-01
7.309236947791164507e-01 6.434426229508196649e-01
7.309236947791164507e-01 8.770491803278688270e-01
7.349397590361446131e-01 3.073770491803278770e-01
7.349397590361446131e-01 6.434426229508196649e-01
7.349397590361446131e-01 8.770491803278688270e-01
7.389558232931726645e-01 3.032786885245901676e-01
7.389558232931726645e-01 6.434426229508196649e-01
7.389558232931726645e-01 8.770491803278688270e-01
7.429718875502008268e-01 2.991803278688524581e-01
7.429718875502008268e-01 6.434426229508196649e-01
7.429718875502008268e-01 8.770491803278688270e-01
7.469879518072288782e-01 2.950819672131147486e-01
7.469879518072288782e-01 6.475409836065574298e-01
7.469879518072288782e-01 8.770491803278688270e-01
7.510040160642570406e-01 2.950819672131147486e-01
7.510040160642570406e-01 6.475409836065574298e-01
7.510040160642570406e-01 8.770491803278688270e-01
7.550200803212850920e-01 2.950819672131147486e-01
7.550200803212850920e-01 6.475409836065574298e-01
7.550200803212850920e-01 8.770491803278688270e-01
7.590361445783132543e-01 2.950819672131147486e-01
7.590361445783132543e-01 6.516393442622950838e-01
7.590361445783132543e-01 8.770491803278688270e-01
7.630522088353414167e-01 2.909836065573770392e-01
7.630522088353414167e-01 6.516393442622950838e-01
7.630522088353414167e-01 8.770491803278688270e-01
7.670682730923694681e-01 2.909836065573770392e-01
7.670682730923694681e-01 6.516393442622950838e-01
7.670682730923694681e-01 8.770491803278688270e-01
7.710843373493976305e-01 2.868852459016393297e-01
7.710843373493976305e-01 6.516393442622950838e-01
7.710843373493976305e-01 8.770491803278688270e-01
7.751004016064256819e-01 2.827868852459016202e-01
7.751004016064256819e-01 6.516393442622950838e-01
7.751004016064256819e-01 8.770491803278688270e-01
7.791164658634538442e-01 2.786885245901639108e-01
7.791164658634538442e-01 6.516393442622950838e-01
7.791164658634538442e-01 8.770491803278688270e-01
7.831325301204818956e-01 2.786885245901639108e-01
7.831325301204818956e-01 6.516393442622950838e-01
7.831325301204818956e-01 8.770491803278688270e-01
7.871485943775100580e-01 2.745901639344262568e-01
7.871485943775100580e-01 6.516393442622950838e-01
7.871485943775100580e-01 8.770491803278688270e-01
7.911646586345381094e-01 6.516393442622950838e-01
7.911646586345381094e-01 8.811475409836065920e-01
7.951807228915662717e-01 6.516393442622950838e-01
7.951807228915662717e-01 8.811475409836065920e-01
7.991967871485943231e-01 6.516393442622950838e-01
7.991967871485943231e-01 8.811475409836065920e-01
8.032128514056224855e-01 6.516393442622950838e-01
8.032128514056224855e-01 8.811475409836065920e-01
8.072289156626506479e-01 6.516393442622950838e-01
8.072289156626506479e-01 8.811475409836065920e-01
8.112449799196786993e-01 6.516393442622950838e-01
8.112449799196786993e-01 8.811475409836065920e-01
8.152610441767068616e-01 6.516393442622950838e-01
8.152610441767068616e-01 8.811475409836065920e-01
8.192771084337349130e-01 6.516393442622950838e-01
8.192771084337349130e-01 8.811475409836065920e-01
8.232931726907630754e-01 6.516393442622950838e-01
8.232931726907630754e-01 8.811475409836065920e-01
8.273092369477911268e-01 6.516393442622950838e-01
8.273092369477911268e-01 8.811475409836065920e-01
8.313253012048192891e-01 6.516393442622950838e-01
8.313253012048192891e-01 8.811475409836065920e-01
8.353413654618473405e-01 6.516393442622950838e-01
8.353413654618473405e-01 8.811475409836065920e-01
8.393574297188755029e-01 6.516393442622950838e-01
8.393574297188755029e-01 8.811475409836065920e-01
8.433734939759036653e-01 6.516393442622950838e-01
8.433734939759036653e-01 8.770491803278688270e-01
8.473895582329317167e-01 6.516393442622950838e-01
8.473895582329317167e-01 8.770491803278688270e-01
8.514056224899598790e-01 6.516393442622950838e-01
8.514056224899598790e-01 8.770491803278688270e-01
8.554216867469879304e-01 6.516393442622950838e-01
8.554216867469879304e-01 8.770491803278688270e-01
8.594377510040160928e-01 6.516393442622950838e-01
8.594377510040160928e-01 8.770491803278688270e-01
8.634538152610441442e-01 6.516393442622950838e-01
8.634538152610441442e-01 8.770491803278688270e-01
8.674698795180723065e-01 6.516393442622950838e-01
8.674698795180723065e-01 8.770491803278688270e-01
8.714859437751003579e-01 6.516393442622950838e-01
8.714859437751003579e-01 8.770491803278688270e-01
8.755020080321285203e-01 6.557377049180327377e-01
8.755020080321285203e-01 8.770491803278688270e-01
8.795180722891565717e-01 6.557377049180327377e-01
8.795180722891565717e-01 8.811475409836065920e-01
8.835341365461847341e-01 6.557377049180327377e-01
8.835341365461847341e-01 8.811475409836065920e-01
8.875502008032128964e-01 6.557377049180327377e-01
8.875502008032128964e-01 8.770491803278688270e-01
8.915662650602409478e-01 6.557377049180327377e-01
8.915662650602409478e-01 8.729508196721311730e-01
8.955823293172691102e-01 6.557377049180327377e-01
8.955823293172691102e-01 8.688524590163934080e-01
8.995983935742971616e-01 6.557377049180327377e-01
8.995983935742971616e-01 8.688524590163934080e-01
9.036144578313253239e-01 6.557377049180327377e-01
9.036144578313253239e-01 8.688524590163934080e-01
9.076305220883533753e-01 6.557377049180327377e-01
9.076305220883533753e-01 8.688524590163934080e-01
9.116465863453815377e-01 6.557377049180327377e-01
9.116465863453815377e-01 8.688524590163934080e-01
9.156626506024095891e-01 6.557377049180327377e-01
9.156626506024095891e-01 8.688524590163934080e-01
9.196787148594377514e-01 6.557377049180327377e-01
9.196787148594377514e-01 8.688524590163934080e-01
9.236947791164659138e-01 6.557377049180327377e-01
9.236947791164659138e-01 8.688524590163934080e-01
9.277108433734939652e-01 6.557377049180327377e-01
9.277108433734939652e-01 8.647540983606557541e-01
9.317269076305221276e-01 6.557377049180327377e-01
9.317269076305221276e-01 8.647540983606557541e-01
9.357429718875501790e-01 6.557377049180327377e-01
9.357429718875501790e-01 8.647540983606557541e-01
9.397590361445783413e-01 6.557377049180327377e-01
9.397590361445783413e-01 8.647540983606557541e-01
9.437751004016063927e-01 6.557377049180327377e-01
9.437751004016063927e-01 8.647540983606557541e-01
9.477911646586345551e-01 6.557377049180327377e-01
9.477911646586345551e-01 8.647540983606557541e-01
9.518072289156626065e-01 6.516393442622950838e-01
9.518072289156626065e-01 8.647540983606557541e-01
9.558232931726907688e-01 6.516393442622950838e-01
9.558232931726907688e-01 8.647540983606557541e-01
9.598393574297188202e-01 6.516393442622950838e-01
9.598393574297188202e-01 8.647540983606557541e-01
9.638554216867469826e-01 6.516393442622950838e-01
9.638554216867469826e-01 8.606557377049179891e-01
9.678714859437751450e-01 6.516393442622950838e-01
9.678714859437751450e-01 8.606557377049179891e-01
9.718875502008031964e-01 6.516393442622950838e-01
9.718875502008031964e-01 8.647540983606557541e-01
9.759036144578313587e-01 6.475409836065574298e-01
9.759036144578313587e-01 8.647540983606557541e-01
9.799196787148594101e-01 6.475409836065574298e-01
9.799196787148594101e-01 8.688524590163934080e-01
9.839357429718875725e-01 6.475409836065574298e-01
9.839357429718875725e-01 8.319672131147540783e-01
9.879518072289156239e-01 6.475409836065574298e-01
9.919678714859437862e-01 6.475409836065574298e-01
9.959839357429718376e-01 6.475409836065574298e-01
1.000000000000000000e+00 6.434426229508196649e-01
