7.459355983883142471e-03 6.415812316060555132e-01
4.900124855339527130e-03 6.535059484599737845e-01
2.771788276731967926e-03 6.543255234976894652e-01
1.922663650475442410e-03 6.548235386945917558e-01
1.427188981324434280e-04 8.194437806387661061e-01
1.871490094345062971e-04 8.202174449660127875e-01
6.700824014842510223e-04 8.234227876461370776e-01
1.513105118647217751e-03 8.269917803595117078e-01
2.745717065408825874e-03 8.304585583248466074e-01
3.717346349731087685e-03 8.333674435671724057e-01
0.000000000000000000e+00 8.360655737704918433e-01
3.985675983130931854e-03 8.674086481390032022e-01
2.333099488168954849e-03 8.681880076202090901e-01
1.339107868261635303e-03 8.691783599769238311e-01
6.685517412277469304e-03 6.429680465858002014e-01
9.221132062973985341e-03 6.421173683932570597e-01
8.842262589039811757e-03 6.470347608928187499e-01
5.759251453580865529e-03 6.465855390749505327e-01
4.016064257028112081e-03 8.401639344262294973e-01
6.260412429126510289e-03 8.593985991415064030e-01
1.060035226054968291e-02 6.442674266701167163e-01
8.032128514056224161e-03 8.442622950819672623e-01
8.032128514056224161e-03 8.524590163934425702e-01
8.032128514056224161e-03 8.565573770491803351e-01
6.883446659227032000e-03 8.543014737212510923e-01
1.168774759343612149e-02 6.439666276975137826e-01
1.204819277108433798e-02 8.483606557377049162e-01
1.481025132124338256e-02 6.435769807986750912e-01
1.606425702811244832e-02 8.483606557377049162e-01
1.818629149646763810e-02 6.429542365777840551e-01
2.008032128514056214e-02 8.483606557377049162e-01
2.409638554216867595e-02 6.434426229508196649e-01
2.409638554216867595e-02 8.442622950819672623e-01
2.811244979919678630e-02 6.393442622950820109e-01
2.811244979919678630e-02 8.442622950819672623e-01
3.212851405622489664e-02 6.393442622950820109e-01
3.212851405622489664e-02 8.401639344262294973e-01
3.614457831325301046e-02 6.393442622950820109e-01
3.614457831325301046e-02 8.401639344262294973e-01
4.016064257028112428e-02 6.434426229508196649e-01
4.016064257028112428e-02 8.401639344262294973e-01
4.457534021774146177e-02 6.426742983577375945e-01
4.433683212980932958e-02 8.409122047338970507e-01
4.826606897220327153e-02 6.433308213209918414e-01
4.825708081441544561e-02 8.407486102984622622e-01
5.209247530954043415e-02 6.438478372411871042e-01
5.220188899008816608e-02 8.406956565774381662e-01
5.576841786293870035e-02 6.445596624226843652e-01
5.612603552342251140e-02 8.407907963007092977e-01
5.826575091075017476e-02 6.460997472578262624e-01
6.000744128275062317e-02 8.410827849035487080e-01
6.629555213291302151e-02 6.446478982478930364e-01
6.367662718545749612e-02 8.417006979322396720e-01
6.877759487221361823e-02 6.462318019265859137e-01
6.613108676944272346e-02 8.432622467259280885e-01
7.245936793421046962e-02 6.469504289351953874e-01
7.417929302115576495e-02 8.419386201125921287e-01
7.635017495473389593e-02 6.473647780739321123e-01
7.656836098382141520e-02 8.437615584402696767e-01
8.027633108755238833e-02 6.477171891391827474e-01
7.993952044667806955e-02 8.450212647144103029e-01
8.416713814809356764e-02 6.481315382779194723e-01
8.229225699183900788e-02 8.468818537944348135e-01
8.786549899646690920e-02 6.488082298100544820e-01
9.039850606036982372e-02 8.457410970252373650e-01
9.037172928897581337e-02 6.503391797677232633e-01
9.275124260553076205e-02 8.476016861052618756e-01
9.838917977681541083e-02 6.487949805784604118e-01
9.612240206838743029e-02 8.488613923794025018e-01
1.008982690550054018e-01 6.502197570850706265e-01
9.849488201184594671e-02 8.507262660671391918e-01
1.046016698282508373e-01 6.507553768794617222e-01
1.065450393843528076e-01 8.494668778940485110e-01
1.085022233323304913e-01 6.509733520549355612e-01
1.089857108540361746e-01 8.511094921478451480e-01
1.124497991959087922e-01 6.510342492590291963e-01
1.126372517591733152e-01 8.518888808531136503e-01
1.163973750466918977e-01 6.509733520549355612e-01
1.164824512765715303e-01 8.524170809860897036e-01
1.202979285798753684e-01 6.507553768794617222e-01
1.203352506772168984e-01 8.529342627944805910e-01
1.240013293385688886e-01 6.502197570850706265e-01
1.240238651329834685e-01 8.536451967875854363e-01
1.265104186167588796e-01 6.487949805784604118e-01
1.265250555151721801e-01 8.551972065098033537e-01
1.345337580900684282e-01 6.503853472903921018e-01
1.345444568909749672e-01 8.537172452951247159e-01
1.370487365283513392e-01 6.489144033775283704e-01
1.370340993971073951e-01 8.552901308456832830e-01
1.407549960107914722e-01 6.482726101902863691e-01
1.407324603182402989e-01 8.559668223778182927e-01
1.446605894833989658e-01 6.479135631897571246e-01
1.446232674260752027e-01 8.563811715165550176e-01
1.486179117659282289e-01 6.476562918914333666e-01
1.485494234788581613e-01 8.567335825818056527e-01
1.525869075111802031e-01 6.474256753216814930e-01
1.524402304448119194e-01 8.571479317205423776e-01
1.565442297937094662e-01 6.471684040233577351e-01
1.561385913659448232e-01 8.578246232526773873e-01
1.604498232808688751e-01 6.468093570228284905e-01
1.586448216584537274e-01 8.593555732103461686e-01
1.641560827487570928e-01 6.461675638355864892e-01
1.666622721462933110e-01 8.578113740210833171e-01
1.666710611870400038e-01 6.446966199227227579e-01
1.691772505845762220e-01 8.592823179339470485e-01
1.746944006603495525e-01 6.462869866346543368e-01
1.728893992562131332e-01 8.598779437731431941e-01
1.846894659737805811e-01 4.468274849482962718e-01
1.772093790986324635e-01 6.448160427217906054e-01
1.768037405981082444e-01 8.601769846706597278e-01
1.857492488146905429e-01 4.469085507212706698e-01
1.809215278575808383e-01 6.442204168825944599e-01
1.807748507839365970e-01 8.603531901741812149e-01
1.882705324232189226e-01 4.470238590061466066e-01
1.848358691994759495e-01 6.439213759850779262e-01
1.847673808469222634e-01 8.604684984590571517e-01
1.912608119195334522e-01 4.472000645096680937e-01
1.888069792979928108e-01 6.437451704815564391e-01
1.887696572415785423e-01 8.605495642320315497e-01
1.944229420841144251e-01 4.475410408254514305e-01
1.927995092791239817e-01 6.436298621966805023e-01
1.927769734687932446e-01 8.606095703459581969e-01
2.047844229931812254e-01 2.827868852459016202e-01
1.975224045421797303e-01 4.481896203274640111e-01
1.968017856746897554e-01 6.435487964237061043e-01
1.967871485089716654e-01 8.606557377049179891e-01
2.058579954617922314e-01 2.827868852459016202e-01
1.995098935739402779e-01 4.497290186614530949e-01
2.008091020642492341e-01 6.434887903097794570e-01
2.008032128882358547e-01 8.606557377049179891e-01
2.084028133589505005e-01 2.827868852459016202e-01
2.071328781943498898e-01 4.483240235589261435e-01
2.048192771530942258e-01 6.434426229508196649e-01
2.048192771938395773e-01 8.606557377049179891e-01
2.114380463989578574e-01 2.827868852459016202e-01
2.092409798150543510e-01 4.499250055399540149e-01
2.088353414101223327e-01 6.434426229508196649e-01
2.088353414101223327e-01 8.606557377049179891e-01
2.147184873596357513e-01 2.827868852459016202e-01
2.128514055826229712e-01 4.508196721194242529e-01
2.128455164096463570e-01 6.434887903097794570e-01
2.128455164096463570e-01 8.607019050638777813e-01
2.181460530727159230e-01 2.827868852459016202e-01
2.164452435853414236e-01 4.517562741988155328e-01
2.168528326773335457e-01 6.435487964237061043e-01
2.168528326773335457e-01 8.607619111778044285e-01
2.216717018958566376e-01 2.827868852459016202e-01
2.188910800827121028e-01 4.534563769578750514e-01
2.208551091129170862e-01 6.436298621966805023e-01
2.208609984421760208e-01 8.607968095881810555e-01
2.252674100417494107e-01 2.827868852459016202e-01
2.269360725730507899e-01 4.521395003377292054e-01
2.248476392559382864e-01 6.437451704815564391e-01
2.248622763908202093e-01 8.608521117700442815e-01
2.289156626952628670e-01 2.827868852459016202e-01
2.293662551677566885e-01 4.538471606048587459e-01
2.288187493617311052e-01 6.439213759850779262e-01
2.288471743089626476e-01 8.609472515369711587e-01
2.329317269115456501e-01 2.827868852459016202e-01
2.329721885406648152e-01 4.547404003662122163e-01
2.327330906163147528e-01 6.442204168825944599e-01
2.327850498740040575e-01 8.611309841059560100e-01
2.369477911199981413e-01 2.827868852459016202e-01
2.367077003231147780e-01 4.554710221547465521e-01
2.364511285353560477e-01 6.447698751991217669e-01
2.365421527441699534e-01 8.615504042961115161e-01
2.409638554177716274e-01 2.827868852459016202e-01
2.402678912166079650e-01 4.563644609135407704e-01
2.389748547119593391e-01 6.461808130671804484e-01
2.391588537847196827e-01 8.627223073405625442e-01
2.449799197233753500e-01 2.827868852459016202e-01
2.425507226020067741e-01 4.581078284374270337e-01
2.469551326233863642e-01 6.445093807787253271e-01
2.464810057302906920e-01 8.605363149058501415e-01
2.489959839804034569e-01 2.827868852459016202e-01
2.505378455015265793e-01 4.574505607979219568e-01
2.494465765111049116e-01 6.458650160138114105e-01
2.548779178968065828e-01 8.093141945475925692e-01
2.474783099813753218e-01 8.604943793129603558e-01
2.530061590613272293e-01 2.828330526048614124e-01
2.515275499275717030e-01 4.604454018790122283e-01
2.531137711297319348e-01 6.462844366696282039e-01
2.533607675244397561e-01 8.107357040910263546e-01
2.530120481927710663e-01 8.606557377049179891e-01
2.570193645059329901e-01 2.828468913525523099e-01
2.594857344228070906e-01 4.597377190709908135e-01
2.569263895783219231e-01 6.462844366696282039e-01
2.580032163822320035e-01 8.133215116695730051e-01
2.570281124497991732e-01 8.606557377049179891e-01
2.610303888389985394e-01 2.828679510188760182e-01
2.617921000968358447e-01 4.613657784991760380e-01
2.605935841314653834e-01 6.458650160138114105e-01
2.620358080060846140e-01 8.169802504679432031e-01
2.610441767068273355e-01 8.606557377049179891e-01
2.650367066825015105e-01 2.829021935380535147e-01
2.653972450724427223e-01 4.620830116671372778e-01
2.630684402328074545e-01 6.444674451858355413e-01
2.656487623834141165e-01 8.206125253861098479e-01
2.650602409638554424e-01 8.606557377049179891e-01
2.690313510623723037e-01 2.829630907785269378e-01
2.692451785527423258e-01 4.625188245897975392e-01
2.710340810129905353e-01 6.460327041396474179e-01
2.695137043605113636e-01 8.249415151553503023e-01
2.690763052208835493e-01 8.606557377049179891e-01
2.729906465191229148e-01 2.830859260852104931e-01
2.731704670312533056e-01 4.628234908793915636e-01
2.734953243506092480e-01 6.444530740674188074e-01
2.730923694779116562e-01 8.278688524590164244e-01
2.730923694779116562e-01 8.606557377049179891e-01
2.768045181495485396e-01 2.833825110268901049e-01
2.771250216795683174e-01 4.630728186800938673e-01
2.771084337349397630e-01 6.434426229508196649e-01
2.771084337349397630e-01 8.319672131147540783e-01
2.771084337349397630e-01 8.606557377049179891e-01
2.796234119403920304e-01 2.842578290423500298e-01
2.810871759128162339e-01 4.633111281634869627e-01
2.811244979919678699e-01 6.434426229508196649e-01
2.811244979919678699e-01 8.360655737704918433e-01
2.811244979919678699e-01 8.401639344262294973e-01
2.811244979919678699e-01 8.565573770491803351e-01
2.851405622694678788e-01 2.787573227781008356e-01
2.850495381493214353e-01 4.635473397845730759e-01
2.851405622489959768e-01 6.434426229508196649e-01
2.851405622489959768e-01 8.442622950819672623e-01
2.851405622489959768e-01 8.483606557377049162e-01
2.851405622489959768e-01 8.524590163934425702e-01
2.851405622489959768e-01 8.565573770491803351e-01
2.906577125575999232e-01 2.842578290423500298e-01
2.889579902147083046e-01 4.638925480301354654e-01
2.891566265060240837e-01 6.434426229508196649e-01
2.891566265060240837e-01 8.565573770491803351e-01
2.934766063484434140e-01 2.833825110268901049e-01
2.926701389736566794e-01 4.644881738693316109e-01
2.976196154271323335e-01 6.018646775332631149e-01
2.931726907630521906e-01 6.434426229508196649e-01
2.931726907630521906e-01 8.565573770491803351e-01
2.972904779788690388e-01 2.830859260852104931e-01
2.951851174119395904e-01 4.659591177821953423e-01
2.967161508393941216e-01 6.045436020024487211e-01
2.984171863762197785e-01 6.060012710723475804e-01
3.004666316672695570e-01 6.076743859038153950e-01
2.971887550200802974e-01 6.393442622950820109e-01
2.971887550200802974e-01 8.606557377049179891e-01
3.012497733446702353e-01 2.829630907785269378e-01
3.032084568852491668e-01 4.643687510702637078e-01
3.001998522534899405e-01 6.152636377507301191e-01
3.012048192771084598e-01 6.147540983606557541e-01
3.012048192771084598e-01 6.352459016393442459e-01
3.012048192771084598e-01 8.606557377049179891e-01
3.061710969062454990e-01 9.892898385916821802e-01
3.052444177245410284e-01 2.829021935380535147e-01
3.057234353235320778e-01 4.658396949831274392e-01
3.052208835341365667e-01 6.188524590163934080e-01
3.052208835341365667e-01 6.229508196721311730e-01
3.052208835341365667e-01 6.270491803278688270e-01
3.052208835341365667e-01 6.311475409836065920e-01
3.052208835341365667e-01 8.606557377049179891e-01
3.076014299493612381e-01 9.857045500615581046e-01
3.092507356589934697e-01 2.828679510188760182e-01
3.094355839951689613e-01 4.664353208223235847e-01
3.092369477911646736e-01 6.311475409836065920e-01
3.092369477911646736e-01 8.606557377049179891e-01
3.116185088823343885e-01 9.793870060793630206e-01
3.096305782913490456e-01 9.809325651884017727e-01
3.078218360845725310e-01 9.821588934979356145e-01
3.132617600402621827e-01 2.828468913525523099e-01
3.133499254243755638e-01 4.667343617198401184e-01
3.132530120481927804e-01 6.352459016393442459e-01
3.132530120481927804e-01 8.647540983606557541e-01
3.159277234506984167e-01 9.613719010175983959e-01
3.141905392684233300e-01 9.635286676109631188e-01
3.132303525916025899e-01 9.667991212932736111e-01
3.123202995328423492e-01 9.700340323883002158e-01
3.106546821353216581e-01 9.720649121092540534e-01
3.172749654366647243e-01 2.828330526048614124e-01
3.173210354828746582e-01 4.669105672233616056e-01
3.172690763052208873e-01 6.352459016393442459e-01
3.172690763052208873e-01 8.647540983606557541e-01
3.203221812758250686e-01 9.460024643292437307e-01
3.184223442252381298e-01 9.478145171220215826e-01
3.169228162181219610e-01 9.510667255257072572e-01
3.150624588045878860e-01 9.531566902716476219e-01
3.212792514308051572e-01 2.828330526048614124e-01
3.213135654640058014e-01 4.670258755082375424e-01
3.212851405622489942e-01 6.393442622950820109e-01
3.215245522659091471e-01 8.638814152313823991e-01
3.238092198515363229e-01 9.382614144734794381e-01
3.204171915784530533e-01 9.384901792208900639e-01
3.252865676170925702e-01 2.828930587187880596e-01
3.253158418995893419e-01 4.671069412812119404e-01
3.253012048192771011e-01 6.393442622950820109e-01
3.254147060545959369e-01 8.642334099372345202e-01
3.269587118523644143e-01 9.328492070265785863e-01
3.292888441345306338e-01 2.829741244917624576e-01
3.293231582077490449e-01 4.671669473951385876e-01
3.293172690763052080e-01 6.393442622950820109e-01
3.293692282139412120e-01 8.644515508299189799e-01
3.316678255076433990e-01 9.287545332440831913e-01
3.332813741556795439e-01 2.830894327766383944e-01
3.333333333779938124e-01 4.672131147540983798e-01
3.333333333333333148e-01 6.393442622950820109e-01
3.333333333333333148e-01 8.647540983606557541e-01
3.305549256814022674e-01 9.254369739897274627e-01
3.372524843014901297e-01 2.832656382801598816e-01
3.373493976350219192e-01 4.672131147540983798e-01
3.373493975903614217e-01 6.393442622950820109e-01
3.441894054356737787e-01 6.913557721332448391e-01
3.373493975903614217e-01 8.647540983606557541e-01
3.357417614841609055e-01 9.221564978122275269e-01
3.411668255560738050e-01 2.835646791776764153e-01
3.413595726345459713e-01 4.671669473951385876e-01
3.414104746537571788e-01 6.391150876455062857e-01
3.471859257245608621e-01 6.898500316845039837e-01
3.413654618473895841e-01 8.647540983606557541e-01
3.406849408914507382e-01 9.174705781805955196e-01
3.448623864704380426e-01 2.842022402605163811e-01
3.453668889431604216e-01 4.671069412812119404e-01
3.453961632247476987e-01 6.392380888221955715e-01
3.506733638376566264e-01 6.892626970647605100e-01
3.453815261044176910e-01 8.647540983606557541e-01
3.447399277382167671e-01 9.126668993486701797e-01
3.473531771226819886e-01 2.857261378944042085e-01
3.493691654596889906e-01 4.670258755082375424e-01
3.494034794928896348e-01 6.392980949361222187e-01
3.505085526042651667e-01 6.865339924688221851e-01
3.493975903614457978e-01 8.647540983606557541e-01
3.511734750130247606e-01 9.074385623394159994e-01
3.477246216273900403e-01 9.071094499343670403e-01
3.553947567814459974e-01 2.841819543047945373e-01
3.533616954008023670e-01 4.669105672233616056e-01
3.534136546960495173e-01 6.393442622950820109e-01
3.575750776906927997e-01 6.869065613165253881e-01
3.534136546184739047e-01 8.647540983606557541e-01
3.534136546184739047e-01 9.016393442622950838e-01
3.578949485530040775e-01 2.857082002685542577e-01
3.573328054993192282e-01 4.667343617198401184e-01
3.574297188794171576e-01 6.393442622950820109e-01
3.592516059728234623e-01 6.852386918646039549e-01
3.574297188755020116e-01 8.647540983606557541e-01
3.574297188755020116e-01 8.975409836065574298e-01
3.615759310239984869e-01 2.863989658601253652e-01
3.612471468412143394e-01 4.664353208223235847e-01
3.614457830878696210e-01 6.393442622950820109e-01
3.622044747069769755e-01 6.842395155428199205e-01
3.614457831325301185e-01 8.647540983606557541e-01
3.614457831325301185e-01 8.893442622950820109e-01
3.614457831325301185e-01 8.934426229508196649e-01
3.654120837139246403e-01 2.868817392165778912e-01
3.649592956001627142e-01 4.658396949831274392e-01
3.654618473856430794e-01 6.393442622950820109e-01
3.652095137452463502e-01 6.831965750926861647e-01
3.654618473895582254e-01 8.688524590163934080e-01
3.654618473895582254e-01 8.729508196721311730e-01
3.654618473895582254e-01 8.770491803278688270e-01
3.654618473895582254e-01 8.811475409836065920e-01
3.654618473895582254e-01 8.852459016393442459e-01
3.691183431636229639e-01 2.874311976722578876e-01
3.674742740384456252e-01 4.643687510702637078e-01
3.694779116097560712e-01 6.393442622950820109e-01
3.667071941579845284e-01 6.814790201052779439e-01
3.694779116465863322e-01 8.688524590163934080e-01
3.717027623809492365e-01 2.886584023601512783e-01
3.754976135117551461e-01 4.659591177821953423e-01
3.734939759482749366e-01 6.393442622950820109e-01
3.745791568092620150e-01 6.817896180503741910e-01
3.734939759036144391e-01 8.647540983606557541e-01
3.789740524724140580e-01 2.865075901700336325e-01
3.780125919500380571e-01 4.644881738693316109e-01
3.775100401606425460e-01 6.393442622950820109e-01
3.753348459493383582e-01 6.785453768164591004e-01
3.775100401606425460e-01 8.647540983606557541e-01
3.799032382769921834e-01 2.864699391266483652e-01
3.817247406216749961e-01 4.638925480301354654e-01
3.815261044176707084e-01 6.393442622950820109e-01
3.815261044176707084e-01 6.762295081967213406e-01
3.815261044176707084e-01 8.647540983606557541e-01
3.860293382415959651e-01 9.681125894727062864e-01
3.857430874007234389e-01 9.685063762857472058e-01
3.872502567681360697e-01 2.884730621828834884e-01
3.856390819635701073e-01 4.635935071326189316e-01
3.855421686746988152e-01 6.393442622950820109e-01
3.855421686746988152e-01 6.762295081967213406e-01
3.855421686746988152e-01 8.647540983606557541e-01
3.886595991642091130e-01 9.586982366583142179e-01
3.865318092719528531e-01 9.600677719954248124e-01
3.847209926896605348e-01 9.614660552813534267e-01
3.840515668705913876e-01 9.745029150155281039e-01
3.853953959622297143e-01 9.760481240418663607e-01
3.865979982509154533e-01 9.772520130652873060e-01
3.897652352791785568e-01 2.870021185756099769e-01
3.892423805557930216e-01 4.634173016290974445e-01
3.895582329317269221e-01 6.393442622950820109e-01
3.895582329317269221e-01 6.762295081967213406e-01
3.895582329317269221e-01 8.647540983606557541e-01
3.900705501039785639e-01 9.528051906257684056e-01
3.853405309676465884e-01 9.794031700699544762e-01
3.932184223602264161e-01 2.859870726481217318e-01
3.928145545003673966e-01 4.633019933442215077e-01
3.935742971887550290e-01 6.393442622950820109e-01
3.935742971887550290e-01 6.721311475409835756e-01
3.935742971887550290e-01 8.647540983606557541e-01
3.953397204102686580e-01 9.459740068366537802e-01
3.919444638238958056e-01 9.458644709580379395e-01
3.956552122520417547e-01 2.843323961953769796e-01
3.963264153838292336e-01 4.632209275712471097e-01
3.975903614457831359e-01 6.393442622950820109e-01
3.975903614457831359e-01 6.721311475409835756e-01
3.975903614457831359e-01 8.647540983606557541e-01
3.980642329818703806e-01 9.404145896541656890e-01
4.037076559050539748e-01 2.857903083481016515e-01
3.997452329511353986e-01 4.631609214573204625e-01
4.079320715407440678e-01 5.193591839404868571e-01
4.016064257028112428e-01 6.393442622950820109e-01
4.016064257028112428e-01 6.680327868852459217e-01
4.016123148751823413e-01 8.648002657196155463e-01
4.020527927221330122e-01 9.355803296813497427e-01
4.061863030422475096e-01 2.842817133918526529e-01
4.031953809083435591e-01 4.628011644579332895e-01
4.108071413123045024e-01 5.177243009484449043e-01
4.056224899598393496e-01 6.393442622950820109e-01
4.056224899598393496e-01 6.639344262295081567e-01
4.056224899966696107e-01 8.647540983606557541e-01
4.069505346472371277e-01 9.309224094098174085e-01
4.098779659205276094e-01 2.836595683751749752e-01
4.119723384599593974e-01 4.242492630909823204e-01
4.135111632156578398e-01 4.228299206149474521e-01
4.096385542168674565e-01 4.631147540983606703e-01
4.144024619697985745e-01 5.169702060367973306e-01
4.096385542168674565e-01 6.434426229508196649e-01
4.096385542168674565e-01 6.557377049180327377e-01
4.096385542168674565e-01 6.598360655737705027e-01
4.096385542536977176e-01 8.647540983606557541e-01
4.124122600867805577e-01 9.278004562470787420e-01
4.137681197092143992e-01 2.833075736693228541e-01
4.165817939640811818e-01 4.274785764969610269e-01
4.136546184738955634e-01 4.631147540983606703e-01
4.140766364428538071e-01 5.141382573485435703e-01
4.136546184738955634e-01 6.475409836065574298e-01
4.136546184738955634e-01 6.516393442622950838e-01
4.136546184738955634e-01 8.647540983606557541e-01
4.115168787969133990e-01 9.245845600485527171e-01
4.177167527593984575e-01 2.830432653994887082e-01
4.207879728235558447e-01 4.327970895168111731e-01
4.176706827309236703e-01 4.631147540983606703e-01
4.213174781359986243e-01 5.137014402893417264e-01
4.176706827309236703e-01 6.434426229508196649e-01
4.176706827309236703e-01 8.647540983606557541e-01
4.170481282233514664e-01 9.217433056471578956e-01
4.217005348121248831e-01 2.828679510188760182e-01
4.248523911158273991e-01 4.346960535359790101e-01
4.221195501670892414e-01 5.115554806429006840e-01
4.216867469879518326e-01 6.393442622950820109e-01
4.216867469879518326e-01 8.647540983606557541e-01
4.227005341020132478e-01 9.174393564643964494e-01
4.257028112449799395e-01 2.827868852459016202e-01
4.242958480288390732e-01 4.375253942008817121e-01
4.229980188218061543e-01 5.091439445854210044e-01
4.357771212496910906e-01 5.960261150354855264e-01
4.257028112449799395e-01 6.393442622950820109e-01
4.257028112449799395e-01 8.647540983606557541e-01
4.281454030686174250e-01 9.146818834925680708e-01
4.297188755020080464e-01 2.827868852459016202e-01
4.309857687342493193e-01 4.389944242129338869e-01
4.287764122139243739e-01 5.069454387918145288e-01
4.373972170881508248e-01 5.951946942072713354e-01
4.297188755020080464e-01 6.393442622950820109e-01
4.297188755020080464e-01 8.647540983606557541e-01
4.271540901984600680e-01 9.109772207085653495e-01
4.337349397590361533e-01 2.827868852459016202e-01
4.301940601779125628e-01 4.417393971807094255e-01
4.337349397590361533e-01 5.040983606557376540e-01
4.370468625327549872e-01 5.979796065071018019e-01
4.337349397590361533e-01 6.352459016393442459e-01
4.337349397590361533e-01 8.647540983606557541e-01
4.345829998835898933e-01 9.074331631132049880e-01
4.311346407974116501e-01 9.067000437901950871e-01
4.377510040160642601e-01 2.827868852459016202e-01
4.349861724861340262e-01 4.465808384654829655e-01
4.377510040160642601e-01 5.040983606557376540e-01
4.377510040160642601e-01 5.983606557377049162e-01
4.377510040160642601e-01 6.352459016393442459e-01
4.377510040160642601e-01 8.647540983606557541e-01
4.377510040160642601e-01 9.016393442622950838e-01
4.417670682730923670e-01 2.827868852459016202e-01
4.383344859077434319e-01 4.510739192397135167e-01
4.417670682730923670e-01 4.508196721311475419e-01
4.417670682730923670e-01 4.918032786885245811e-01
4.417670682730923670e-01 4.959016393442622905e-01
4.417670682730923670e-01 5.000000000000000000e-01
4.417670682730923670e-01 5.983606557377049162e-01
4.417670682730923670e-01 6.352459016393442459e-01
4.417670682730923670e-01 8.647540983606557541e-01
4.417670682730923670e-01 8.934426229508196649e-01
4.417670682730923670e-01 8.975409836065574298e-01
4.520051774295817393e-01 9.882682317440383279e-01
4.457831325301204739e-01 2.827868852459016202e-01
4.457831325301204739e-01 4.549180327868852514e-01
4.457831325301204739e-01 4.590163934426229608e-01
4.457831325301204739e-01 4.631147540983606703e-01
4.457831325301204739e-01 4.672131147540983798e-01
4.457831325301204739e-01 4.713114754098360892e-01
4.457831325301204739e-01 4.754098360655737432e-01
4.457831325301204739e-01 4.877049180327868716e-01
4.457831325301204739e-01 6.024590163934425702e-01
4.457831325301204739e-01 6.065573770491803351e-01
4.457831325301204739e-01 6.106557377049179891e-01
4.457831325301204739e-01 6.147540983606557541e-01
4.457831325301204739e-01 6.188524590163934080e-01
4.457831325301204739e-01 6.311475409836065920e-01
4.457831325301204739e-01 8.688524590163934080e-01
4.457831325301204739e-01 8.729508196721311730e-01
4.457831325301204739e-01 8.770491803278688270e-01
4.457831325301204739e-01 8.811475409836065920e-01
4.457831325301204739e-01 8.852459016393442459e-01
4.457831325301204739e-01 8.893442622950820109e-01
4.544278074347649632e-01 9.889609708992733728e-01
4.497991967871485808e-01 2.786885245901639108e-01
4.497991967871485808e-01 4.795081967213114527e-01
4.497991967871485808e-01 4.836065573770491621e-01
4.468017895631192782e-01 5.957577583975479651e-01
4.458913626074491598e-01 5.965534545572810377e-01
4.446876710205970862e-01 5.985829454434455910e-01
4.497991967871485808e-01 5.983606557377049162e-01
4.497991967871485808e-01 6.229508196721311730e-01
4.497991967871485808e-01 6.270491803278688270e-01
4.497991967871485808e-01 8.688524590163934080e-01
4.548000851571260550e-01 9.863436929957910548e-01
4.545659474936410982e-01 2.455179600625252978e-01
4.551472511632465023e-01 2.463890118600770007e-01
4.566588123818956513e-01 2.486518921834401374e-01
4.538152610441766877e-01 2.786885245901639108e-01
4.538152610441766877e-01 4.836065573770491621e-01
4.538152610441766877e-01 6.270491803278688270e-01
4.538152610441766877e-01 8.688524590163934080e-01
4.538152610441766877e-01 9.713114754098360892e-01
4.538152610441766877e-01 9.754098360655737432e-01
4.538152610441766877e-01 9.795081967213115082e-01
4.538152610441766877e-01 9.836065573770491621e-01
4.538152610441766877e-01 9.918032786885245811e-01
4.554895863991724192e-01 2.556598307564854622e-01
4.578313253012047945e-01 2.540983606557377095e-01
4.578313253012047945e-01 2.581967213114754189e-01
4.578313253012047945e-01 2.622950819672131284e-01
4.578313253012047945e-01 2.663934426229508379e-01
4.578313253012047945e-01 2.704918032786885473e-01
4.578313253012047945e-01 2.745901639344262568e-01
4.578313253012047945e-01 2.786885245901639108e-01
4.578313253012047945e-01 4.836065573770491621e-01
4.578313253012047945e-01 6.311475409836065920e-01
4.578313253012047945e-01 8.688524590163934080e-01
4.578313253012047945e-01 9.672131147540983243e-01
4.578313253012047945e-01 9.877049180327869271e-01
4.618473895582329569e-01 2.786885245901639108e-01
4.618473895582329569e-01 4.836065573770491621e-01
4.618473895582329569e-01 6.311475409836065920e-01
4.618473895582329569e-01 8.688524590163934080e-01
4.618473895582329569e-01 9.631147540983606703e-01
4.618473895582329569e-01 9.877049180327869271e-01
4.658634538152610638e-01 2.786885245901639108e-01
4.658634538152610638e-01 4.836065573770491621e-01
4.658634538152610638e-01 6.311475409836065920e-01
4.658634538152610638e-01 8.688524590163934080e-01
4.658634538152610638e-01 9.590163934426229053e-01
4.658634538152610638e-01 9.877049180327869271e-01
4.698795180722891707e-01 2.827868852459016202e-01
4.698795180722891707e-01 4.836065573770491621e-01
4.698795180722891707e-01 6.311475409836065920e-01
4.698795180722891707e-01 8.688524590163934080e-01
4.731697324152856488e-01 9.334126653332934787e-01
4.698795180722891707e-01 9.344262295081967595e-01
4.698795180722891707e-01 9.385245901639344135e-01
4.698795180722891707e-01 9.426229508196721785e-01
4.698795180722891707e-01 9.467213114754098324e-01
4.698795180722891707e-01 9.508196721311474864e-01
4.698795180722891707e-01 9.549180327868852514e-01
4.698795180722891707e-01 9.877049180327869271e-01
4.738955823293172775e-01 2.827868852459016202e-01
4.738955823293172775e-01 4.836065573770491621e-01
4.738955823293172775e-01 6.352459016393442459e-01
4.738955823293172775e-01 8.688524590163934080e-01
4.738955823293172775e-01 9.221311475409835756e-01
4.738955823293172775e-01 9.262295081967213406e-01
4.738955823293172775e-01 9.590163934426229053e-01
4.738955823293172775e-01 9.631147540983606703e-01
4.738955823293172775e-01 9.672131147540983243e-01
4.738955823293172775e-01 9.713114754098360892e-01
4.738955823293172775e-01 9.754098360655737432e-01
4.738955823293172775e-01 9.795081967213115082e-01
4.738955823293172775e-01 9.836065573770491621e-01
4.779116465863453844e-01 2.868852459016393297e-01
4.779116465863453844e-01 4.836065573770491621e-01
4.779116465863453844e-01 6.393442622950820109e-01
4.779116465863453844e-01 8.688524590163934080e-01
4.779116465863453844e-01 8.729508196721311730e-01
4.779116465863453844e-01 8.770491803278688270e-01
4.779116465863453844e-01 8.811475409836065920e-01
4.779116465863453844e-01 8.852459016393442459e-01
4.779116465863453844e-01 8.893442622950820109e-01
4.779116465863453844e-01 8.934426229508196649e-01
4.779116465863453844e-01 8.975409836065574298e-01
4.779116465863453844e-01 9.016393442622950838e-01
4.779116465863453844e-01 9.057377049180327377e-01
4.779116465863453844e-01 9.098360655737705027e-01
4.779116465863453844e-01 9.139344262295081567e-01
4.779116465863453844e-01 9.180327868852459217e-01
4.819277108433734913e-01 2.868852459016393297e-01
4.819277108433734913e-01 4.836065573770491621e-01
4.819277108433734913e-01 6.393442622950820109e-01
4.819277108433734913e-01 8.647540983606557541e-01
4.859437751004015982e-01 2.868852459016393297e-01
4.859437751004015982e-01 4.836065573770491621e-01
4.859437751004015982e-01 6.434426229508196649e-01
4.888387473186021626e-01 8.257188115280396090e-01
4.874457750122537791e-01 8.290626510718196451e-01
4.859437751004015982e-01 8.319672131147540783e-01
4.859437751004015982e-01 8.360655737704918433e-01
4.859437751004015982e-01 8.401639344262294973e-01
4.859437751004015982e-01 8.442622950819672623e-01
4.859437751004015982e-01 8.483606557377049162e-01
4.859437751004015982e-01 8.524590163934425702e-01
4.859437751004015982e-01 8.565573770491803351e-01
4.859437751004015982e-01 8.606557377049179891e-01
4.899598393574297051e-01 2.868852459016393297e-01
4.899598393574297051e-01 4.836065573770491621e-01
4.899598393574297051e-01 4.877049180327868716e-01
4.899598393574297051e-01 4.918032786885245811e-01
4.899598393574297051e-01 6.434426229508196649e-01
4.926746970493286470e-01 8.011023902341907199e-01
4.910412619108274201e-01 8.037150998220046194e-01
4.902493309098235885e-01 8.074716087260147557e-01
4.896703477759319911e-01 8.113808502103431186e-01
4.889190343426480512e-01 8.151527466805895683e-01
4.873370207831203560e-01 8.177879322835504006e-01
4.899598393574297051e-01 8.606557377049179891e-01
4.979809017470442911e-01 1.973927694708719691e-02
4.981116333594882151e-01 2.032146548573690939e-02
4.939759036144578119e-01 2.868852459016393297e-01
4.939759036144578119e-01 4.795081967213114527e-01
4.939759036144578119e-01 4.959016393442622905e-01
4.939759036144578119e-01 5.000000000000000000e-01
4.939759036144578119e-01 5.040983606557376540e-01
4.939759036144578119e-01 5.081967213114754189e-01
4.939759036144578119e-01 5.122950819672130729e-01
4.939759036144578119e-01 5.163934426229508379e-01
4.939759036175701001e-01 5.204918031880396700e-01
4.941116313796128368e-01 5.245693434706660829e-01
4.942670887187459727e-01 5.286404992026499938e-01
4.944777160501444002e-01 5.326818233501637856e-01
4.948186288322658499e-01 5.366631483286523618e-01
4.954666645583101769e-01 5.404421551702697224e-01
4.970264902888202330e-01 5.430425020911898715e-01
4.939759036144578119e-01 6.434426229508196649e-01
4.965987221887671610e-01 7.764743627984168617e-01
4.950167086292394658e-01 7.791095484595852438e-01
4.942653952250593563e-01 7.828814448134164827e-01
4.936864120620639285e-01 7.867906863559523956e-01
4.928944810610600968e-01 7.905471952599626428e-01
4.912610459225588699e-01 7.931599048477765423e-01
4.939759036144578119e-01 8.606557377049179891e-01
4.990034101481350959e-01 1.045834156302887993e-02
4.977024762608843744e-01 1.168569781985439281e-02
4.962292121906566322e-01 1.326612411085974219e-02
4.961978492044645250e-01 2.709103769195250755e-02
4.974700717555160523e-01 2.939576489973019444e-02
4.980380486647399962e-01 3.283885625062451380e-02
4.984615744740503729e-01 3.676442888739030190e-02
4.991348741293686331e-01 4.054906634522265768e-02
5.006591735125320852e-01 4.319233128793354554e-02
5.058975377303349674e-01 1.516178005792619965e-01
4.979919678714859188e-01 2.868852459016393297e-01
4.979919678714859188e-01 4.303278688524589946e-01
4.979919678714859188e-01 4.344262295081967040e-01
4.987832719177740515e-01 4.387242115762554073e-01
4.984531627103487850e-01 4.427126252219332758e-01
4.982387657344142795e-01 4.467638999217864448e-01
4.979919678714859188e-01 4.508196721311475419e-01
4.979919678714859188e-01 4.549180327868852514e-01
4.979919678714859188e-01 4.590163934426229608e-01
4.979919678714859188e-01 4.631147540983606703e-01
4.979919678714859188e-01 4.672131147540983798e-01
4.979919678714859188e-01 4.713114754098360892e-01
4.979919678714859188e-01 4.754098360655737432e-01
4.956502289694535435e-01 5.510011097191085394e-01
4.974512819151195586e-01 5.535481164201361270e-01
4.986653103094349504e-01 5.570543701808181591e-01
5.004924777147161663e-01 5.595822259211210570e-01
4.979919678714859188e-01 6.475409836065574298e-01
4.979919678714859188e-01 6.516393442622950838e-01
4.979919678714859188e-01 6.557377049180327377e-01
4.979919678714859188e-01 6.598360655737705027e-01
4.979919678714859188e-01 6.639344262295081567e-01
4.979919678714859188e-01 6.680327868852459217e-01
4.979919678714859188e-01 6.721311475409835756e-01
4.979919678714859188e-01 6.762295081967213406e-01
4.979919678714859188e-01 6.803278688524589946e-01
4.979919678714859188e-01 6.844262295450269651e-01
4.979919678714859188e-01 6.885245901271042079e-01
4.979919678714859188e-01 6.926229507750116809e-01
4.979919678714859188e-01 6.967213114385796269e-01
4.979919678714859188e-01 7.008196721758079839e-01
4.979919678714859188e-01 7.049180327500550458e-01
4.979919678714859188e-01 7.090163934057926998e-01
4.979919678714859188e-01 7.131147541022757608e-01
4.979919678714859188e-01 7.172131147580134147e-01
4.979919678714859188e-01 7.213114754466662948e-01
4.979919678714859188e-01 7.254098360287435376e-01
4.979919678714859188e-01 7.295081966359057146e-01
4.979919678714859188e-01 7.336065572916433686e-01
4.979919678714859188e-01 7.377049179881264296e-01
4.979475806192121823e-01 7.417978417000935520e-01
4.978898665920050703e-01 7.458881230397280682e-01
4.978118528504191787e-01 7.499737425368948607e-01
4.977007827671977580e-01 7.540503352282059701e-01
4.975307730326230526e-01 7.581070468291787323e-01
4.972412814220215083e-01 7.621108479828851978e-01
4.966193600973847211e-01 7.659090058143311897e-01
4.950969956532853544e-01 7.685434835539275422e-01
4.979919678714859188e-01 8.647540983606557541e-01
4.977903301644337475e-01 8.301747962832450867e-03
4.991130599103135168e-01 5.112864759361340772e-02
5.006354243544128835e-01 5.376312533320980885e-02
5.012573456790496707e-01 5.756128316465574518e-02
5.015468372896512150e-01 6.156508423832672550e-02
5.017168470242259204e-01 6.562179591933496592e-02
5.018279171074473410e-01 6.969838865066388389e-02
5.019059308490332327e-01 7.378400802686793658e-02
5.019636448762403447e-01 7.787428940697491142e-02
5.020080321285140812e-01 8.196721315941457586e-02
5.020080321285140812e-01 8.606557372583131804e-02
5.020080321285140812e-01 9.016393438156902751e-02
5.020080321285140812e-01 9.426229512662769039e-02
5.020080321285140812e-01 9.836065574162003444e-02
5.020080321285140812e-01 1.024590163973577439e-01
5.020080321285140812e-01 1.065573770938408049e-01
5.020080321285140812e-01 1.106557376273424320e-01
5.020080321285140812e-01 1.147540982752499050e-01
5.019636448762403447e-01 1.188470220684349210e-01
5.019503181049449481e-01 1.229427404415203984e-01
5.019300183869281895e-01 1.270364392165917178e-01
5.018969620307407453e-01 1.311257729718862952e-01
5.018380223793874606e-01 1.352042526027691649e-01
5.017185405179125368e-01 1.392497028658103431e-01
5.014267285753239989e-01 1.431578075690729257e-01
5.005370883320656716e-01 1.460995768219782165e-01
5.006391895751667320e-01 1.571655953016712348e-01
5.016068435672869086e-01 1.600946234505753463e-01
5.020097256490307913e-01 1.639809603549393924e-01
5.022992172328022420e-01 1.679847614577142101e-01
5.026476484656532406e-01 1.719686815483671138e-01
5.032620084987220466e-01 1.757732001238227759e-01
5.047532518676680624e-01 1.784254918523804634e-01
5.020080321285140812e-01 2.868852459016393297e-01
5.020080321285140812e-01 2.909836065573770392e-01
5.020080321285140812e-01 3.196721311475410054e-01
5.032956349480164349e-01 3.242341041518184697e-01
5.027587185779784917e-01 3.280530864433442439e-01
5.024692269673769474e-01 3.320568875970507650e-01
5.022992172328022420e-01 3.361135992380412385e-01
5.021881471495808213e-01 3.401901918474978803e-01
5.021101334079949297e-01 3.442758113865014846e-01
5.020524193807878177e-01 3.483660927261359452e-01
5.020080321285140812e-01 3.524590163895274797e-01
5.020080321285140812e-01 3.565573770045198376e-01
5.020080321285140812e-01 3.606557377417483057e-01
5.020080321285140812e-01 3.647540983159952566e-01
5.020080321285140812e-01 3.688524590163934636e-01
5.020080321285140812e-01 3.729508196721311730e-01
5.020080321285140812e-01 3.770491803278688270e-01
5.020080321285140812e-01 3.811475409836065364e-01
5.020080321285140812e-01 3.852459016393442459e-01
5.020080321285140812e-01 3.893442622950819554e-01
5.020080321285140812e-01 3.934426229508196649e-01
5.020080321285140812e-01 3.975409836065573743e-01
5.020080321285140812e-01 4.098360655737705027e-01
5.020080321285140812e-01 4.139344262295082122e-01
5.020080321285140812e-01 4.180327868852459217e-01
5.020080321285140812e-01 4.221311475409836311e-01
5.020080321285140812e-01 4.262295081967212851e-01
4.992486304420244991e-01 5.675652103353535649e-01
5.009784660817322433e-01 5.701239081905948858e-01
5.019159932655830048e-01 5.738083553846617946e-01
5.028382097536896467e-01 5.775048650832671493e-01
5.045197807069135010e-01 5.801047821697152829e-01
5.020080321285140812e-01 6.475409836065574298e-01
5.020080321285140812e-01 8.647540983606557541e-01
5.031805450478231689e-01 1.863520730431878769e-01
5.046921062664723179e-01 1.889936394863532820e-01
5.052734099360777220e-01 1.928071848039999980e-01
5.055629015466792664e-01 1.968109858776709853e-01
5.057329112812539718e-01 2.008676976387147595e-01
5.058439813644753924e-01 2.049442902499903907e-01
5.059219951060612841e-01 2.090299097071394718e-01
5.059797091332683960e-01 2.131201911277189331e-01
5.060240963855421326e-01 2.172131147987588218e-01
5.060240963855421326e-01 2.213114753730058282e-01
5.060240963855421326e-01 2.254098359879981861e-01
5.060240963855421326e-01 2.295081967252265986e-01
5.060240963855421326e-01 2.336065573809643081e-01
5.060240963855421326e-01 2.377049180774473414e-01
5.060240963855421326e-01 2.418032787331850786e-01
5.060240963855421326e-01 2.459016392996017930e-01
5.060240963855421326e-01 2.499999999145941509e-01
5.060240963855421326e-01 2.540983606557377095e-01
5.060240963855421326e-01 2.581967213114754189e-01
5.060240963855421326e-01 2.622950819672131284e-01
5.060240963855421326e-01 2.663934426229508379e-01
5.060240963855421326e-01 2.704918032786885473e-01
5.060240963855421326e-01 2.745901639344262568e-01
5.060240963855421326e-01 2.786885245901639108e-01
5.060240963855421326e-01 2.827868852459016202e-01
5.060240963855421326e-01 2.950819672131147486e-01
5.060240963855421326e-01 2.991803278688524581e-01
5.060240963855421326e-01 3.032786885245901676e-01
5.060240963855421326e-01 3.073770491803278770e-01
5.060240963855421326e-01 3.114754098360655865e-01
5.060240963855421326e-01 3.155737704918032960e-01
5.060240963855421326e-01 4.016393442622950838e-01
5.060240963855421326e-01 4.057377049180327933e-01
5.030623916452413580e-01 5.880484319421783734e-01
5.046000674981286904e-01 5.906708472499959672e-01
5.052327923392539999e-01 5.944619164942882561e-01
5.055629015466792664e-01 5.984503301399660691e-01
5.057772985226137719e-01 6.025016048616470554e-01
5.059460826439562409e-01 6.065701181968372602e-01
5.060240963855421326e-01 6.106557377049179891e-01
5.060240963855421326e-01 6.147540983606557541e-01
5.060240963855421326e-01 6.188524590163934080e-01
5.060240963855421326e-01 6.229508196721311730e-01
5.060240963855421326e-01 6.270491803278688270e-01
5.060240963855421326e-01 6.311475409836065920e-01
5.060240963855421326e-01 6.475409836065574298e-01
5.060240963855421326e-01 8.647540983606557541e-01
5.100401606425702949e-01 4.016393442622950838e-01
5.100401606425702949e-01 6.352459016393442459e-01
5.100401606425702949e-01 6.393442622950820109e-01
5.100401606425702949e-01 6.434426229508196649e-01
5.100401606425702949e-01 6.475409836065574298e-01
5.100401606425702949e-01 8.647540983606557541e-01
5.100401606425702949e-01 9.180327868852459217e-01
5.100401606425702949e-01 9.221311475409835756e-01
5.100401606425702949e-01 9.262295081967213406e-01
5.109204898719735821e-01 9.222504746352062632e-01
5.140562248995983463e-01 4.016393442622950838e-01
5.140562248995983463e-01 6.475409836065574298e-01
5.140562248995983463e-01 8.688524590163934080e-01
5.140562248995983463e-01 9.139344262295081567e-01
5.180722891566265087e-01 4.016393442622950838e-01
5.180722891566265087e-01 6.475409836065574298e-01
5.180722891566265087e-01 8.688524590163934080e-01
5.180722891566265087e-01 9.098360655737705027e-01
5.220883534136546711e-01 4.016393442622950838e-01
5.220883534136546711e-01 6.475409836065574298e-01
5.220883534136546711e-01 8.729508196721311730e-01
5.220883534136546711e-01 9.057377049180327377e-01
5.261044176706827225e-01 4.016393442622950838e-01
5.261044176706827225e-01 6.475409836065574298e-01
5.261044176706827225e-01 8.770491803278688270e-01
5.261044176706827225e-01 8.811475409836065920e-01
5.261044176706827225e-01 8.852459016393442459e-01
5.261044176706827225e-01 8.893442622950820109e-01
5.261044176706827225e-01 8.934426229508196649e-01
5.261044176706827225e-01 8.975409836065574298e-01
5.261044176706827225e-01 9.016393442622950838e-01
5.261044176706827225e-01 9.057377049180327377e-01
5.301204819277108848e-01 4.016393442622950838e-01
5.301204819277108848e-01 6.475409836065574298e-01
5.301204819277108848e-01 8.729508196721311730e-01
5.301204819277108848e-01 8.770491803278688270e-01
5.301204819277108848e-01 9.057377049180327377e-01
5.341365461847389362e-01 4.016393442622950838e-01
5.341365461847389362e-01 4.057377049180327933e-01
5.341365461847389362e-01 6.475409836065574298e-01
5.341365461847389362e-01 8.688524590163934080e-01
5.341365461847389362e-01 8.770491803278688270e-01
5.341365461847389362e-01 9.057377049180327377e-01
5.381526104417670986e-01 3.975409836065573743e-01
5.381526104417670986e-01 4.098360655737705027e-01
5.381526104417670986e-01 4.139344262295082122e-01
5.381526104417670986e-01 6.475409836065574298e-01
5.381526104417670986e-01 6.516393442622950838e-01
5.381526104417670986e-01 6.557377049180327377e-01
5.381526104417670986e-01 6.598360655737705027e-01
5.381526104417670986e-01 6.639344262295081567e-01
5.381526104417670986e-01 6.680327868852459217e-01
5.381526104417670986e-01 6.721311475409835756e-01
5.381526104417670986e-01 6.762295081967213406e-01
5.381526104417670986e-01 8.688524590163934080e-01
5.381526104417670986e-01 8.729508196721311730e-01
5.381526104417670986e-01 9.098360655737705027e-01
5.421686746987951500e-01 3.893442622950819554e-01
5.421686746987951500e-01 3.934426229508196649e-01
5.421686746987951500e-01 4.180327868852459217e-01
5.421686746987951500e-01 6.434426229508196649e-01
5.421686746987951500e-01 6.803278688524589946e-01
5.421686746987951500e-01 8.688524590163934080e-01
5.421686746987951500e-01 9.139344262295081567e-01
5.461847389558233123e-01 3.852459016393442459e-01
5.461847389558233123e-01 4.221311475409836311e-01
5.461847389558233123e-01 4.262295081967212851e-01
5.486175290750242572e-01 4.261602031250224520e-01
5.461847389558233123e-01 6.434426229508196649e-01
5.506700802104450565e-01 6.797875110670680288e-01
5.461847389558233123e-01 8.688524590163934080e-01
5.461847389558233123e-01 9.139344262295081567e-01
5.502008032128513637e-01 3.852459016393442459e-01
5.513265461270064893e-01 4.320273062359297200e-01
5.502008032128513637e-01 6.434426229508196649e-01
5.518057785304562035e-01 6.820276491954678777e-01
5.502008032128513637e-01 8.688524590163934080e-01
5.467478982247711006e-01 9.179508749475048246e-01
5.563597506086106481e-01 3.839140030265342785e-01
5.556053460283900680e-01 4.368495121006624737e-01
5.542168674698795261e-01 6.434426229508196649e-01
5.542168674698795261e-01 6.844262295081967595e-01
5.542168674698795261e-01 8.688524590163934080e-01
5.527832063787381234e-01 9.232060478095606149e-01
5.615169393538261833e-01 9.951717071235179901e-01
5.568002301308486723e-01 3.799470135652017189e-01
5.609016293467182779e-01 4.405325679642865810e-01
5.582329317269075775e-01 6.434426229508196649e-01
5.582329317269075775e-01 6.844262295081967595e-01
5.582329317269075775e-01 8.647540983606557541e-01
5.562751147237766647e-01 9.286490614281692757e-01
5.597633398876685762e-01 9.282467163351104666e-01
5.640816742827344799e-01 9.956090294910580063e-01
5.644937120284511112e-01 3.795555069790694791e-01
5.600632233451677822e-01 4.437508372891480479e-01
5.622489959839357399e-01 6.434426229508196649e-01
5.622489959839357399e-01 6.885245901639344135e-01
5.622489959839357399e-01 8.647540983606557541e-01
5.623673411443804726e-01 9.338768607150519374e-01
5.639595182053370737e-01 9.926709737666867817e-01
5.660348866169596649e-01 3.769372201840284209e-01
5.655167861497983894e-01 4.458890484443667201e-01
5.662650602409639022e-01 6.434426229508196649e-01
5.662650602409639022e-01 6.885245901639344135e-01
5.662650602409639022e-01 8.647540983606557541e-01
5.662380336745781451e-01 9.397541930074574390e-01
5.709305905276932380e-01 9.920868811099293749e-01
5.671802936692209585e-01 3.745836425786379653e-01
5.715911068825469954e-01 4.486785617649372004e-01
5.702811244979919536e-01 6.434426229508196649e-01
5.702811244979919536e-01 6.885245901639344135e-01
5.700042782688932164e-01 8.655081933925355964e-01
5.686293701280327184e-01 9.453343269949565641e-01
5.720546511572273118e-01 9.452157862747820882e-01
5.717775509098963482e-01 9.895742470474883090e-01
5.741320340777864573e-01 3.728297105281839219e-01
5.708125075063552600e-01 4.516766494365225815e-01
5.742971887550201160e-01 6.434426229508196649e-01
5.742971887550201160e-01 6.885245901639344135e-01
5.742971888373892275e-01 8.653591933639216416e-01
5.742595510666550496e-01 9.517581435960533742e-01
5.724011287995498520e-01 9.873321643175526630e-01
5.808499121410121147e-01 3.712721568356711077e-01
5.749637956102658931e-01 4.532584927930328744e-01
5.783132530120481674e-01 6.434426229508196649e-01
5.783132530120481674e-01 6.885245901639344135e-01
5.782281767603406619e-01 8.654620260444897406e-01
5.763197339908500139e-01 9.586250230624172586e-01
5.794159417343606178e-01 9.594880206950321400e-01
5.789706728025619809e-01 9.862922433645419096e-01
5.821598628210348236e-01 3.687381584734749640e-01
5.786952726013704362e-01 4.560687605207633388e-01
5.823293172690763297e-01 6.434426229508196649e-01
5.823293172690763297e-01 6.885245901639344135e-01
5.821045426530043754e-01 8.657329549409876757e-01
5.790494310606016937e-01 9.670770650607396490e-01
5.809044579911722961e-01 9.684986239604529423e-01
5.825146803219548586e-01 9.706641036585798021e-01
5.775475206721319976e-01 9.832463262251532887e-01
5.831497394981004501e-01 3.663649343709904360e-01
5.809957622120298648e-01 4.579967412044156916e-01
5.863453815261043811e-01 6.475409836065574298e-01
5.863453815261043811e-01 6.885245901639344135e-01
5.857463625877306068e-01 8.663717020631264143e-01
5.810319217423118854e-01 9.773987671589386972e-01
5.814302996302165294e-01 9.789174552033579335e-01
5.803069141263283992e-01 9.796614726226715586e-01
5.903506347096525442e-01 3.642724275800827138e-01
5.903614457831325435e-01 6.475409836065574298e-01
5.903614457831325435e-01 6.516393442622950838e-01
5.903614457831325435e-01 6.557377049180327377e-01
5.903614457831325435e-01 6.598360655737705027e-01
5.903614457831325435e-01 6.639344262295081567e-01
5.903614457831325435e-01 6.680327868852459217e-01
5.903614457831325435e-01 6.721311475409835756e-01
5.903614457831325435e-01 6.762295081967213406e-01
5.903614457831325435e-01 6.803278688524589946e-01
5.903614457831325435e-01 6.885245901639344135e-01
5.881603736099394464e-01 8.679284484919588261e-01
5.969250155846591577e-01 3.623831122083070455e-01
5.943775100401605949e-01 6.434426229508196649e-01
5.943775100401605949e-01 6.844262295081967595e-01
5.943775100401605949e-01 6.885245901639344135e-01
5.965272125556136951e-01 8.667729677456873505e-01
5.969153728203316911e-01 3.590758292836549459e-01
5.983935742971887572e-01 6.393442622950820109e-01
5.983935742971887572e-01 6.885245901639344135e-01
5.983935742971887572e-01 8.688524590163934080e-01
6.040094324586778862e-01 3.575245872660937074e-01
6.024096385542169196e-01 6.393442622950820109e-01
6.024096385542169196e-01 6.926229508196721785e-01
6.024096385542169196e-01 8.688524590163934080e-01
6.101244187513628070e-01 3.561759292125152299e-01
6.064257028112449710e-01 6.393442622950820109e-01
6.064257028112449710e-01 6.926229508196721785e-01
6.064257028112449710e-01 8.688524590163934080e-01
6.119980953332695428e-01 3.544816920976536223e-01
6.104417670682731334e-01 6.393442622950820109e-01
6.104417670682731334e-01 6.926229508196721785e-01
6.104417670682731334e-01 8.729508196721311730e-01
6.153654618103180374e-01 3.535970804724292704e-01
6.144578313253011848e-01 6.393442622950820109e-01
6.144578313253011848e-01 6.967213114754098324e-01
6.144578313253011848e-01 8.729508196721311730e-01
6.190578455468228602e-01 3.529968717694664249e-01
6.184738955823293471e-01 6.393442622950820109e-01
6.184738955823293471e-01 6.967213114754098324e-01
6.184738955823293471e-01 8.770491803278688270e-01
6.225750749592304789e-01 3.526774521806891882e-01
6.224899598393573985e-01 6.393442622950820109e-01
6.195391627490505204e-01 7.013726605094785516e-01
6.224899598393573985e-01 8.770491803278688270e-01
6.264454162061945386e-01 3.522752534400587776e-01
6.264149999967110194e-01 6.398691826482822975e-01
6.250787986770653948e-01 7.053748000018130737e-01
6.265060240963855609e-01 8.770491803278688270e-01
6.265060240963855609e-01 8.811475409836065920e-01
6.302935248260698176e-01 3.518397507933350155e-01
6.303234520620978332e-01 6.401220562268568059e-01
6.290567441339450783e-01 7.093166806825749182e-01
6.305220883534136123e-01 8.729508196721311730e-01
6.305220883534136123e-01 8.852459016393442459e-01
6.305220883534136123e-01 8.893442622950820109e-01
6.340409677420054679e-01 3.512757957424418875e-01
6.340190129764621263e-01 6.407596173096967718e-01
6.328531245296132868e-01 7.139538434910450704e-01
6.345381526104417746e-01 8.729508196721311730e-01
6.345381526104417746e-01 8.934426229508196649e-01
6.345381526104417746e-01 8.975409836065574298e-01
6.374881704497790125e-01 3.504278656538026282e-01
6.365098036287060168e-01 6.422835149435845992e-01
6.349051339013209727e-01 7.189332221474376006e-01
6.366467846484562543e-01 7.197724940755297895e-01
6.374924019138967779e-01 7.216780572427344831e-01
6.378112930498724964e-01 7.221940367207786426e-01
6.385542168674698260e-01 8.729508196721311730e-01
6.385542168674698260e-01 9.016393442622950838e-01
6.394801043931499507e-01 3.487609090726273009e-01
6.445289060499623801e-01 6.408274340038722094e-01
6.425702811244979884e-01 8.729508196721311730e-01
6.425702811244979884e-01 9.057377049180327377e-01
6.462357640449925000e-01 3.478240702782192662e-01
6.465863453815261508e-01 6.434426229508196649e-01
6.465863453815261508e-01 8.729508196721311730e-01
6.466317293854233483e-01 9.096234382853507494e-01
6.532914352362010346e-01 3.469594469347388466e-01
6.506024096385542022e-01 6.434426229508196649e-01
6.506024096385542022e-01 8.729508196721311730e-01
6.505790240850498618e-01 9.140777441135752301e-01
6.550316830954877600e-01 3.447000774026268144e-01
6.546184738955823645e-01 6.434426229508196649e-01
6.546184738955823645e-01 8.729508196721311730e-01
6.547544386968845442e-01 9.190453935479440117e-01
6.569725519236004896e-01 3.423732647492901404e-01
6.586345381526104159e-01 6.434426229508196649e-01
6.586345381526104159e-01 8.729508196721311730e-01
6.588861122742588616e-01 9.248784501830756843e-01
6.649928044118211812e-01 3.431676434444599355e-01
6.626506024096385783e-01 6.434426229508196649e-01
6.626506024096385783e-01 8.729508196721311730e-01
6.610597966993452257e-01 9.299395245721289172e-01
6.640693995924891180e-01 9.296698887550012280e-01
6.657812136747167653e-01 9.642831685792532248e-01
6.642302456367985553e-01 9.639122591155474540e-01
6.672178267423684028e-01 3.412395926749669517e-01
6.666666666666666297e-01 6.475409836065574298e-01
6.666520294644820988e-01 8.730569931450176124e-01
6.653911673153439787e-01 9.366917007747793678e-01
6.684981813111031679e-01 9.548188183017954911e-01
6.668456452268097800e-01 9.564906217073868566e-01
6.652186172238240269e-01 9.579811508645166285e-01
6.703013848884117332e-01 3.401961052874613589e-01
6.706827309236947920e-01 6.475409836065574298e-01
6.706543060219379848e-01 8.731380589179920104e-01
6.665969521992926028e-01 9.423189012440623680e-01
6.680555565537039664e-01 9.438259719706858508e-01
6.681441704996947673e-01 9.462648978720220594e-01
6.671856132590298083e-01 9.480976628131980721e-01
6.736435559466031897e-01 3.389923922110684718e-01
6.746987951807228434e-01 6.516393442622950838e-01
6.746468360030690725e-01 8.732533672028679472e-01
6.757259929073922144e-01 3.370147977581583465e-01
6.787148594377510058e-01 6.475409836065574298e-01
6.787148594377510058e-01 6.516393442622950838e-01
6.787148594377510058e-01 6.557377049180327377e-01
6.787148594377510058e-01 6.598360655737705027e-01
6.787148594377510058e-01 6.639344262295081567e-01
6.786179461488797138e-01 8.734295727063894343e-01
6.838785599071877108e-01 3.371430789483100265e-01
6.827309236947791682e-01 6.434426229508196649e-01
6.827309236947791682e-01 6.680327868852459217e-01
6.825322874034633891e-01 8.737286136039059681e-01
6.842061571962009259e-01 3.340411672032758683e-01
6.867469879518072196e-01 6.434426229508196649e-01
6.867469879518072196e-01 6.721311475409835756e-01
6.862444361624117084e-01 8.743242394431021136e-01
6.922295792079736776e-01 3.333967915205590105e-01
6.907630522088353819e-01 6.434426229508196649e-01
6.907630522088353819e-01 6.721311475409835756e-01
6.887594146006946749e-01 8.757951833559658450e-01
6.921924522995619444e-01 3.301970235007188892e-01
6.947791164658634333e-01 6.434426229508196649e-01
6.947791164658634333e-01 6.721311475409835756e-01
6.967827540740041403e-01 8.742048166440341550e-01
6.989689918979371530e-01 3.285927948748051386e-01
6.987951807228915957e-01 6.434426229508196649e-01
6.987951807228915957e-01 6.721311475409835756e-01
6.992977325122871068e-01 8.756757605568978864e-01
7.058804115396456469e-01 3.268658280616901224e-01
7.028112449799196471e-01 6.434426229508196649e-01
7.028112449799196471e-01 6.762295081967213406e-01
7.030098811839239348e-01 8.762713863960940319e-01
7.075232586572807181e-01 3.247010072704679673e-01
7.068273092369478094e-01 6.434426229508196649e-01
7.068273092369478094e-01 6.762295081967213406e-01
7.069242225258191015e-01 8.765704272936105657e-01
7.100563166860816011e-01 3.232434882561019962e-01
7.108433734939758608e-01 6.434426229508196649e-01
7.097934381419186423e-01 6.764019455943928172e-01
7.108953327116473986e-01 8.767466327971320528e-01
7.115373582061170765e-01 3.211711425578496759e-01
7.148594377510040232e-01 6.434426229508196649e-01
7.090759999997704455e-01 6.770732766666189839e-01
7.148878627746331205e-01 8.768619410820079896e-01
7.193325043237023264e-01 3.208355815665124844e-01
7.188755020080320746e-01 6.434426229508196649e-01
7.101023623300902754e-01 6.762485981521795253e-01
7.188901391692893439e-01 8.769430068549823876e-01
7.188249699917274027e-01 3.179262778072877715e-01
7.228915662650602370e-01 6.434426229508196649e-01
7.228974553965040739e-01 8.770030129689090348e-01
7.246445187612485794e-01 3.151874565490765945e-01
7.267557854776319770e-01 6.441271253689726528e-01
7.269076304774279018e-01 8.770491803278688270e-01
7.302643285826293518e-01 3.112879507689733094e-01
7.307860059105537598e-01 6.440162651534726557e-01
7.309236948237769482e-01 8.770491803278688270e-01
7.351237232425160695e-01 3.074567085689031143e-01
7.346632736072320480e-01 6.443837607340490159e-01
7.349397590729748186e-01 8.770491803278688270e-01
7.404160702677750061e-01 3.033867347707588369e-01
7.383149035700903307e-01 6.450699911048238810e-01
7.389558232563424589e-01 8.770491803278688270e-01
7.456859454688388178e-01 2.999648748206157900e-01
7.407228781086164782e-01 6.466625424628680285e-01
7.429718874647950333e-01 8.770491803278688270e-01
7.511393589708190710e-01 2.978452625264581544e-01
7.487929534441959412e-01 6.454744139709128747e-01
7.469879518111439687e-01 8.770491803278688270e-01
7.523128408148518353e-01 2.959564885985274119e-01
7.510040161466261521e-01 6.475409835948341408e-01
7.510040160195965431e-01 8.770491803278688270e-01
7.550298515631060914e-01 2.943034186772238714e-01
7.532150786843180290e-01 6.496075532422019849e-01
7.550200803659455895e-01 8.770491803278688270e-01
7.561751616759652128e-01 2.924514063214119775e-01
7.612851540198976030e-01 6.484194247502467201e-01
7.590302554468694174e-01 8.770953476868286192e-01
7.636739305659089316e-01 2.922158172205243098e-01
7.636931285584237505e-01 6.500119761082908676e-01
7.630375716740841474e-01 8.771553538007552664e-01
7.634908910214257549e-01 2.891335627846572387e-01
7.673447584339705418e-01 6.506982064790657327e-01
7.670398481087581377e-01 8.772364195737296644e-01
7.684221410596496771e-01 2.873319996817640387e-01
7.712220262179603214e-01 6.510657020596420930e-01
7.710323781317260927e-01 8.773517278586056012e-01
7.734040758842751773e-01 2.843725930128368495e-01
7.751689486504914628e-01 6.512948613423953370e-01
7.750034882302428985e-01 8.775279333621270883e-01
7.791177566621040329e-01 2.818439700373555068e-01
7.791448908470651746e-01 6.514521050164342464e-01
7.789178295721380652e-01 8.778269742596436220e-01
7.782527704958814851e-01 2.792974865029672626e-01
7.831471672817391649e-01 6.515331707894086444e-01
7.826299783310863845e-01 8.784226000988397676e-01
7.808169699143094888e-01 2.794396383458840338e-01
7.871544835089538950e-01 6.515931769033352916e-01
7.851449567693693510e-01 8.798935440117034990e-01
7.911646585977079038e-01 6.516393442622950838e-01
7.931682962426788164e-01 8.783031772997719200e-01
7.951807229362267693e-01 6.516393442622950838e-01
7.956832746809617829e-01 8.797741212126356514e-01
7.991967871932548206e-01 6.516393442622950838e-01
7.993954234399101022e-01 8.803697470518317969e-01
8.032128513687922799e-01 6.516393442622950838e-01
8.033097647818052689e-01 8.806687879493483306e-01
8.072289156179901504e-01 6.516393442622950838e-01
8.072808748403044188e-01 8.808449934528698178e-01
8.112449798421030867e-01 6.516393442622950838e-01
8.112675156704375334e-01 8.809141343751479836e-01
8.152610442542824742e-01 6.516393442622950838e-01
8.152610441368398631e-01 8.809351940378337131e-01
8.192771084783954105e-01 6.516393442622950838e-01
8.192545727029849623e-01 8.809141343751479836e-01
8.232931727275932809e-01 6.516393442622950838e-01
8.232412134730915376e-01 8.808449934528698178e-01
8.273092369109609212e-01 6.516393442622950838e-01
8.272123235716083434e-01 8.806687879493483306e-01
8.313253012416494947e-01 6.516393442622950838e-01
8.311266649135035101e-01 8.803697470518317969e-01
8.353413655065078380e-01 6.516393442622950838e-01
8.348388136724518294e-01 8.797741212126356514e-01
8.393574297149604124e-01 6.516393442622950838e-01
8.373537921107347959e-01 8.783031772997719200e-01
8.433676047630600525e-01 6.516855116212548760e-01
8.453771315840443723e-01 8.798935440117034990e-01
8.473749211126017089e-01 6.517455177351815232e-01
8.478862208622343077e-01 8.784687675050932842e-01
8.513771975882030718e-01 6.518265835081559212e-01
8.515896215336163921e-01 8.779331477107021886e-01
8.553697276093519264e-01 6.519418917930318580e-01
8.554960643505840068e-01 8.776690051871824938e-01
8.593408377151448008e-01 6.521180972965533451e-01
8.594464989933570109e-01 8.775019345611341226e-01
8.632551790570398564e-01 6.524171381940698788e-01
8.633825268326001945e-01 8.773798244928017187e-01
8.669673277286767954e-01 6.530127640332660244e-01
8.672686392488379026e-01 8.773484718093655932e-01
8.694823061669596509e-01 6.544837079461297558e-01
8.709563861921780781e-01 8.775241229431245404e-01
8.775056456402692273e-01 6.528933412341980658e-01
8.734617252089831307e-01 8.783830481096643883e-01
8.800206240785520828e-01 6.543642851470617972e-01
8.802594655945178426e-01 8.761586298875999601e-01
8.837327727501890218e-01 6.549599109862579427e-01
8.806367044722339665e-01 8.759846253030491026e-01
8.876471140920841885e-01 6.552589518837744764e-01
8.859796202760265027e-01 8.749770085541073161e-01
8.916182243215682313e-01 6.554351573872959635e-01
8.925024574041837688e-01 8.733751116397783232e-01
8.956107542590436843e-01 6.555504656721719003e-01
8.987904969354096885e-01 8.724145606450247614e-01
8.996130307355544309e-01 6.556315314451462983e-01
9.007364907152352052e-01 8.707657730031269638e-01
9.036203470036964225e-01 6.556915375590729456e-01
9.041569015426359490e-01 8.699237577441590874e-01
9.076305220107777627e-01 6.557377049180327377e-01
9.078988468905173637e-01 8.693729999416018872e-01
9.116465863007210402e-01 6.557377049180327377e-01
9.117385477921235992e-01 8.689156354942452198e-01
9.156626506470700866e-01 6.557377049180327377e-01
9.155577221259064702e-01 8.683914663036330639e-01
9.196728256870666529e-01 6.556915375590729456e-01
9.192073880458703217e-01 8.676271482893708198e-01
9.236801419552086445e-01 6.556315314451462983e-01
9.216970304937951441e-01 8.660542628552275746e-01
9.276824184317193911e-01 6.555504656721719003e-01
9.297144809816346722e-01 8.675984620444904261e-01
9.316749484928861236e-01 6.554351573872959635e-01
9.322235702598247187e-01 8.660813506089578562e-01
9.356460585986788869e-01 6.552589518837744764e-01
9.359269710330700986e-01 8.654257188413719826e-01
9.395603999405740536e-01 6.549599109862579427e-01
9.398334136681388840e-01 8.650917795698586099e-01
9.432559607676267444e-01 6.543223499034179769e-01
9.437897374819186336e-01 8.648602718335421935e-01
9.457467514198707459e-01 6.527984522695301495e-01
9.477452121004954488e-01 8.646959911261472564e-01
9.537824418603341181e-01 6.542964685693016813e-01
9.512986294085058470e-01 8.644450315136890106e-01
9.562738857480527210e-01 6.527102164443215893e-01
9.546215883297209936e-01 8.639866648686546080e-01
9.599410803666796888e-01 6.519383851307077871e-01
9.567322383109240214e-01 8.628028370535428815e-01
9.637536988516495207e-01 6.513403033938823805e-01
9.634343813154537806e-01 8.646925810159595827e-01
9.674043055238290556e-01 6.505265367202094362e-01
9.638315916199791111e-01 8.642382939712556222e-01
9.695262272148411631e-01 6.489754338733485506e-01
9.698051001182775854e-01 8.632831545642073445e-01
9.771460722304364799e-01 6.503991706785364757e-01
9.698366830462074040e-01 8.649903560385535650e-01
9.791367009252189835e-01 6.488410304090558300e-01
9.718070544272541245e-01 8.643902653187024443e-01
9.822223433129766423e-01 6.481425719474992464e-01
9.818161512794250090e-01 8.373183835465766167e-01
9.853442923799830000e-01 6.477206958597144792e-01
9.881323794170421282e-01 6.472479053272018890e-01
9.894564923265551926e-01 6.462572791869370947e-01
9.914946882054209709e-01 6.476421594680821237e-01
