5.322970915585756302e-03 6.160257812278966405e-01
3.617751412093639374e-03 6.143674726908405770e-01
2.143535530194640160e-03 8.373700902486841402e-01
3.095539519563317299e-03 8.379380692106982442e-01
5.242804531008005142e-03 8.386368695413694008e-01
3.570292377844452858e-03 8.959957492964653047e-01
1.885074889287352562e-03 8.972858277615159972e-01
1.110560260713100433e-03 8.994738709802428955e-01
7.025437662377953529e-04 9.004840302591522461e-01
9.841517820954322898e-03 6.124189554509940070e-01
8.622308071702718818e-03 8.451352830665807003e-01
4.617682060692459428e-03 8.892196242852757893e-01
1.342498147115111368e-02 6.115833757755656519e-01
1.236509866267442720e-02 8.501995859046777015e-01
8.000000000000000167e-03 8.708333333333333481e-01
8.000000000000000167e-03 8.750000000000000000e-01
8.308435875922441649e-03 8.776047162401179325e-01
6.997494811192155051e-03 8.814591117280845545e-01
5.286795405671000647e-03 8.833080514334141764e-01
1.464336052350699927e-02 6.104870209780831614e-01
1.200000000000000025e-02 8.499999999999999778e-01
1.200000000000000025e-02 8.583333333333332815e-01
1.200000000000000025e-02 8.625000000000000444e-01
1.200000000000000025e-02 8.666666666666666963e-01
1.739687571208924088e-02 6.102684023169179239e-01
1.600000000000000033e-02 8.541666666666666297e-01
2.030268038972280961e-02 6.106915741072346249e-01
2.000000000000000042e-02 8.541666666666666297e-01
2.209836980421096136e-02 6.121543675505866089e-01
2.400000000000000050e-02 8.499999999999999778e-01
2.973954886849969684e-02 6.109475238015875664e-01
2.800000000000000058e-02 8.499999999999999778e-01
3.149912255397066541e-02 6.130062087439001051e-01
3.200000000000000067e-02 8.499999999999999778e-01
3.387813518196344104e-02 6.150190641172230688e-01
3.599999999999999728e-02 8.499999999999999778e-01
4.211568339727819049e-02 6.141950755535314777e-01
4.000000000000000083e-02 8.499999999999999778e-01
4.412710456212516619e-02 6.164504687020477824e-01
4.399999999999999745e-02 8.499999999999999778e-01
4.617865120712667804e-02 6.186862769226233461e-01
4.801536151285108744e-02 8.501091637313947791e-01
5.433794399537145853e-02 6.177219054506470908e-01
5.200618142030361685e-02 8.500474730077257624e-01
5.657174800895154593e-02 6.195764585708578576e-01
5.600000003896055123e-02 8.499999999999999778e-01
6.004490388528210820e-02 6.206040797541694243e-01
6.000000000178481313e-02 8.499999999999999778e-01
6.335635237488895788e-02 6.213025548049093683e-01
6.399999999821517904e-02 8.499999999999999778e-01
6.673702717013657582e-02 6.223526573584725607e-01
6.799999999821518260e-02 8.499999999999999778e-01
6.875789312459527902e-02 6.242377944135417689e-01
7.200000000178481685e-02 8.499999999999999778e-01
7.660101004783063938e-02 6.240168116055428982e-01
7.600000000178482040e-02 8.499999999999999778e-01
7.686989816837012934e-02 6.272524609230458736e-01
7.999999996103945854e-02 8.499999999999999778e-01
8.383571149641648457e-02 6.293492893610770356e-01
8.399999999821518293e-02 8.499999999999999778e-01
9.061533027514814820e-02 6.312351532125224374e-01
8.800000000178481718e-02 8.499999999999999778e-01
9.080288273561745727e-02 6.345529799892877243e-01
9.200000003896054157e-02 8.499999999999999778e-01
9.898256380483508310e-02 6.348681897390633377e-01
9.599999996103945887e-02 8.499999999999999778e-01
1.006659251521341558e-01 6.372917119035264033e-01
9.999381857969638632e-02 8.500474730077257624e-01
1.024642510535195422e-01 6.397116301115601811e-01
1.039846384871489088e-01 8.501091637313947791e-01
1.105915871374309051e-01 6.391657568203906736e-01
1.079701738834119157e-01 8.501924798416439222e-01
1.125276346928440058e-01 6.414560592859440691e-01
1.119454967437486653e-01 8.503109301324002223e-01
1.142468549860641419e-01 6.435539294655124865e-01
1.158984011763241201e-01 8.504917771439067797e-01
1.223851369041949466e-01 6.424864750200262042e-01
1.197920219175284684e-01 8.507981492672115342e-01
1.246882738089188924e-01 6.441806538108115765e-01
1.234755537481978527e-01 8.514057680964469688e-01
1.282740074996836510e-01 6.449773663965364667e-01
1.259319479316473034e-01 8.528876294381916301e-01
1.321144386696978534e-01 6.454369244359744462e-01
1.340680520683527055e-01 8.512790372284749774e-01
1.360000000245163709e-01 6.458333333342002325e-01
1.365244462518021562e-01 8.527608985702196387e-01
1.460602603480219974e-01 3.803887874819338322e-01
1.398855613303021661e-01 6.462297422597961249e-01
1.402079780824715405e-01 8.533685173994550732e-01
1.485758113265037428e-01 3.822096516533444177e-01
1.437259925003163408e-01 6.466893002701302740e-01
1.441015988236758749e-01 8.536748895227598277e-01
1.527359862364828513e-01 3.846687208007400494e-01
1.473117261910810993e-01 6.474860128558551642e-01
1.480545032562513297e-01 8.538557365342663852e-01
1.571460666581988297e-01 3.856112980749458186e-01
1.496148630958050452e-01 6.491801916466405364e-01
1.520236447558563631e-01 8.540216598291104910e-01
1.579022817723453043e-01 3.872504709172062687e-01
1.577786829266697166e-01 6.480775013100356086e-01
1.560000000227286798e-01 8.541666666664428087e-01
1.601699864224065128e-01 3.886532532516867033e-01
1.598555291094817254e-01 6.502591484808363242e-01
1.599763552405056577e-01 8.543116735042227683e-01
1.612674534656107495e-01 3.906529455445706955e-01
1.618843166027218172e-01 6.524715911131352408e-01
1.639281303316820482e-01 8.545205473007323471e-01
1.673347884737886593e-01 3.921935695727976623e-01
1.701156833972782001e-01 6.516950755535314554e-01
1.678557351937051967e-01 8.547555554347733286e-01
1.741353631746023756e-01 3.941173126998667731e-01
1.721444709778297555e-01 6.539075181858303720e-01
1.717106309747323256e-01 8.551317973566862074e-01
1.740664555914699929e-01 3.975507781918470873e-01
1.742039505848660963e-01 6.561321158582965607e-01
1.753310827412642436e-01 8.558315833021575836e-01
1.815706376871094041e-01 3.985197713831439836e-01
1.823697752039879494e-01 6.550956388314564949e-01
1.776763385348021917e-01 8.574364065813521174e-01
1.811288186497986286e-01 4.018017237307504042e-01
1.846472626118920712e-01 6.568686112373446351e-01
1.858600738840177624e-01 8.562438531623531857e-01
1.877646853007609029e-01 4.042715618847675385e-01
1.881921997609315444e-01 6.577762442834985679e-01
1.880000000180166997e-01 8.583333333080912508e-01
1.941217660978436510e-01 4.066622128089268928e-01
1.919357370179495814e-01 6.584384392777186124e-01
1.901399261159822385e-01 8.604228135043133774e-01
1.933819104488939122e-01 4.098855347915862923e-01
1.956579452999867574e-01 6.591138688459371453e-01
1.983174800444394426e-01 8.592777328565717188e-01
1.993632488767616562e-01 4.122863020689692126e-01
1.988143069203943125e-01 6.599295447890957123e-01
2.006535556749440841e-01 8.609442471759394255e-01
2.059473448628559578e-01 4.150646089498574720e-01
2.009216070603579152e-01 6.617360896275689131e-01
2.042595428959466386e-01 8.617273491225205806e-01
2.050739814452826881e-01 4.182358464847008572e-01
2.088698990568518543e-01 6.613581114448606746e-01
2.080897615609574036e-01 8.622220413642935899e-01
2.103338528545573294e-01 4.208478589432464445e-01
2.094306924268603265e-01 6.646061522420495526e-01
2.119702708646509504e-01 8.626378965243930441e-01
2.156470258920453464e-01 4.250633081799605750e-01
2.176451363917440152e-01 6.651544231378162531e-01
2.158218480905052250e-01 8.631056693964638260e-01
2.204109312721993785e-01 4.290792494992880513e-01
2.177267421782016765e-01 6.683622015795359639e-01
2.194909153319895279e-01 8.637966042850167003e-01
2.258040328286588239e-01 4.332527173891624894e-01
2.258900940194726037e-01 6.690892573057983794e-01
2.219207629803568171e-01 8.653831069357693639e-01
2.311006955541670405e-01 4.358172335196286440e-01
2.262410885859280907e-01 6.724720488380019345e-01
2.300526903681457125e-01 8.638882010399053790e-01
2.303474614564329503e-01 4.389752084389328957e-01
2.343992988280952094e-01 6.731882320716977564e-01
2.324946200642734884e-01 8.654533784991751411e-01
2.373188387965783352e-01 4.414502301379494842e-01
2.348303824793547268e-01 6.765581673942506757e-01
2.361534748153062413e-01 8.661794475609592148e-01
2.433398850355297238e-01 4.433376894177248340e-01
2.428043850325047881e-01 6.766198770763973691e-01
2.400000000180166904e-01 8.666666666617972581e-01
2.442554428647272236e-01 4.456597828995048638e-01
2.445210639210417813e-01 6.790781277794546433e-01
2.438465251992456562e-01 8.671538857723741778e-01
2.455509308278560621e-01 4.482625241236140590e-01
2.460287875514477474e-01 6.813791093571732738e-01
2.475053799357265216e-01 8.678799548341582515e-01
2.531099838884547371e-01 4.487767097773030511e-01
2.544697559420019406e-01 6.810279113550981034e-01
2.499299430269747990e-01 8.694880827950934865e-01
2.530160394441336447e-01 4.521501958835870139e-01
2.560614753880654515e-01 6.832562148910559241e-01
2.580700569730252081e-01 8.680119172049065579e-01
2.588029084634035915e-01 4.546232063187441441e-01
2.579657076764851897e-01 6.856379427326222409e-01
2.604946200642734855e-01 8.696200451658417929e-01
2.645196071579121178e-01 4.582069244400675534e-01
2.661344926208257800e-01 6.850484020542353392e-01
2.641534748007543509e-01 8.703461142276258666e-01
2.730190966576337974e-01 8.990595846747358177e-02
2.703911066818982523e-01 4.607730195624754055e-01
2.680630799841019485e-01 6.874078330874908715e-01
2.679999999819833167e-01 8.708333333382027863e-01
2.744716225452721314e-01 9.287564139813184183e-02
2.698844318538904385e-01 4.641570020234212501e-01
2.696936825551092820e-01 6.896331058815121651e-01
2.718291587980929958e-01 8.713635029116024722e-01
2.748939934410155050e-01 9.658131829152503955e-02
2.769174114675261311e-01 9.760898573634525788e-02
2.791257115770131580e-01 9.864072457421571571e-02
2.761104506009142145e-01 4.666303758417295056e-01
2.778189833499491446e-01 6.889300255725780975e-01
2.754627139531076185e-01 8.721437330668171395e-01
2.808095529628917841e-01 1.047814131403962817e-01
2.822899892646819620e-01 4.691072685023148781e-01
2.801388493546983494e-01 6.912560675564842771e-01
2.778659185580909519e-01 8.737787804411103476e-01
2.823725624624639496e-01 1.107106797241916296e-01
2.856827990766614422e-01 1.107306616147980122e-01
2.818017434477805838e-01 4.725295864123230105e-01
2.828682165276258931e-01 6.926623020709181677e-01
2.877690047174691901e-01 7.738662984532614919e-01
2.862278283722698435e-01 7.761630358640104754e-01
2.855960885211825118e-01 7.793969793924285794e-01
2.857937249504029498e-01 7.833912403152983872e-01
2.865372772943228230e-01 7.865699519985355215e-01
2.879559132419526324e-01 7.885209132606784133e-01
2.860309153478592381e-01 8.723803502507507801e-01
2.865497347079217216e-01 1.180381744323919235e-01
2.900236293785273811e-01 1.182829448798050492e-01
2.880579570551053403e-01 4.749758909998490486e-01
2.846710493899881622e-01 6.948253468299905311e-01
2.905126836262643120e-01 7.656945628579705510e-01
2.875021790382452092e-01 7.660398340124326966e-01
2.886503820768557271e-01 7.964800113656868019e-01
2.920501067414879581e-01 7.967770921066403833e-01
2.884228473699185780e-01 8.740860091056674719e-01
2.923377427929080841e-01 1.241885203635320067e-01
2.946558756362646636e-01 4.775217970988402949e-01
2.923083999326918092e-01 6.950381435764332316e-01
2.925716682062484142e-01 7.597523455352832578e-01
2.919999999999999818e-01 8.041666666666666963e-01
2.919999999999999818e-01 8.750000000000000000e-01
2.956622571779880526e-01 1.299781463031346729e-01
2.939740274138748499e-01 4.807802072415749417e-01
2.921701128631830069e-01 6.984177665164073012e-01
2.959635364365530985e-01 7.532563905852536212e-01
2.959999999999999853e-01 8.083333333333333481e-01
2.959999999999999853e-01 8.750000000000000000e-01
2.980059517547488102e-01 1.358470463038732590e-01
3.015008159680291899e-01 1.360399106517434231e-01
3.010275735985487588e-01 4.831746054512526256e-01
2.977176934480667003e-01 7.022277496755122694e-01
2.999999999999999889e-01 7.416666666666666963e-01
2.999999999999999889e-01 7.458333333333333481e-01
2.989266949705779441e-01 7.456496679224073887e-01
2.999999999999999889e-01 8.125000000000000000e-01
2.999999999999999889e-01 8.750000000000000000e-01
3.024258009353652521e-01 1.432758693738530043e-01
3.057364725936204120e-01 1.432201001637925797e-01
3.072380577176809235e-01 4.853006680030375608e-01
3.039999999999999925e-01 7.041666666666667185e-01
3.039999999999999925e-01 7.375000000000000444e-01
3.039999999999999925e-01 8.125000000000000000e-01
3.039999999999999925e-01 8.791666666666666519e-01
3.078771792161278387e-01 1.492734741535969023e-01
3.073674405850470026e-01 4.886228814255446085e-01
3.079999999999999960e-01 7.083333333333333703e-01
3.079999999999999960e-01 7.125000000000000222e-01
3.079999999999999960e-01 7.375000000000000444e-01
3.079999999999999960e-01 8.125000000000000000e-01
3.079999999999999960e-01 8.791666666666666519e-01
3.102048484962433572e-01 1.556130357707540268e-01
3.136856547445058818e-01 1.554665182561923986e-01
3.151678052619099613e-01 4.886419176744917769e-01
3.119999999999999996e-01 7.166666666666666741e-01
3.119999999999999996e-01 7.208333333333333259e-01
3.119999999999999996e-01 7.333333333333332815e-01
3.119999999999999996e-01 8.166666666666666519e-01
3.119999999999999996e-01 8.791666666666666519e-01
3.161522872771602155e-01 1.607272561173886116e-01
3.170199354728683860e-01 4.907938288214305778e-01
3.160000000000000031e-01 7.249999999999999778e-01
3.160000000000000031e-01 7.291666666666666297e-01
3.160000000000000031e-01 8.125000000000000000e-01
3.160000000000000031e-01 8.166666666666666519e-01
3.160000000000000031e-01 8.208333333333333037e-01
3.160000000000000031e-01 8.249999999999999556e-01
3.160000000000000031e-01 8.291666666666667185e-01
3.160000000000000031e-01 8.791666666666666519e-01
3.198513039026875115e-01 1.657083999404373176e-01
3.200575199519516967e-01 4.923505914319927235e-01
3.200000000000000067e-01 7.249999999999999778e-01
3.200000000000000067e-01 8.083333333333333481e-01
3.200000000000000067e-01 8.333333333333333703e-01
3.200000000000000067e-01 8.375000000000000222e-01
3.200000000000000067e-01 8.416666666666666741e-01
3.200000000000000067e-01 8.791666666666666519e-01
3.237521431359928203e-01 1.702917476611522374e-01
3.214853401072323424e-01 4.942013420785466571e-01
3.240000000000000102e-01 7.291666666666666297e-01
3.240000000000000102e-01 8.083333333333333481e-01
3.240000000000000102e-01 8.458333333333333259e-01
3.240000000000000102e-01 8.499999999999999778e-01
3.240000000000000102e-01 8.541666666666666297e-01
3.240000000000000102e-01 8.583333333333332815e-01
3.240000000000000102e-01 8.750000000000000000e-01
3.279738897931820385e-01 1.751420503394910955e-01
3.301817621309310335e-01 4.938695125592251767e-01
3.280000000000000138e-01 7.291666666666666297e-01
3.280000000000000138e-01 8.041666666666666963e-01
3.280000000000000138e-01 8.625000000000000444e-01
3.280000000000000138e-01 8.666666666666666963e-01
3.280000000000000138e-01 8.708333333333333481e-01
3.280000000000000138e-01 8.750000000000000000e-01
3.318978752264520327e-01 1.796570978748301683e-01
3.317375443053897643e-01 4.961396986754456062e-01
3.320000000000000173e-01 7.291666666666666297e-01
3.320000000000000173e-01 8.000000000000000444e-01
3.320000000000000173e-01 8.750000000000000000e-01
3.360071151198426587e-01 1.848426580972348521e-01
3.331973306965083093e-01 4.984214864516010035e-01
3.360000000000000209e-01 7.291666666666666297e-01
3.360000000000000209e-01 8.000000000000000444e-01
3.360000000000000209e-01 8.791666666666666519e-01
3.385784898744896299e-01 1.900186734274029732e-01
3.418387263407930976e-01 1.894053896112988522e-01
3.415076681738719588e-01 4.985600210493430495e-01
3.475980997644365078e-01 5.613197399070486426e-01
3.400000000000000244e-01 7.291666666666666297e-01
3.400000000000000244e-01 7.958333333333332815e-01
3.400000000000000244e-01 8.791666666666666519e-01
3.446460816948674344e-01 1.946552627797548951e-01
3.416944865193217717e-01 5.017624904867261648e-01
3.481001336649059974e-01 5.605552666820585728e-01
3.439999999999999725e-01 7.291666666666666297e-01
3.439999999999999725e-01 7.916666666666666297e-01
3.439999999999999725e-01 8.791666666666666519e-01
3.490933417361229418e-01 1.996716248861048482e-01
3.499223496783524512e-01 5.023556350652749192e-01
3.486180969066917656e-01 5.589400937315076590e-01
3.479999999999999760e-01 7.333333333333332815e-01
3.479999999999999760e-01 7.916666666666666297e-01
3.479999999999999760e-01 8.791666666666666519e-01
3.537629011999815498e-01 2.038859257920800361e-01
3.504040946001186763e-01 5.056978815856079112e-01
3.556167327780276333e-01 5.575611988742215086e-01
3.519999999999999796e-01 7.333333333333332815e-01
3.519999999999999796e-01 7.375000000000000444e-01
3.519999999999999796e-01 7.416666666666666963e-01
3.519999999999999796e-01 7.458333333333333481e-01
3.519999999999999796e-01 7.500000000000000000e-01
3.519999999999999796e-01 7.541666666666666519e-01
3.519999999999999796e-01 7.583333333333333037e-01
3.519999999999999796e-01 7.624999999999999556e-01
3.519999999999999796e-01 7.874999999999999778e-01
3.519999999999999796e-01 8.833333333333333037e-01
3.588228794690221379e-01 2.067302917906393700e-01
3.586753265410661529e-01 5.059424529628206990e-01
3.606447194181382487e-01 5.570043802416573264e-01
3.559999999999999831e-01 7.291666666666666297e-01
3.559999999999999831e-01 7.666666666666667185e-01
3.559999999999999831e-01 7.708333333333333703e-01
3.559999999999999831e-01 7.833333333333333259e-01
3.559999999999999831e-01 8.833333333333333037e-01
3.578056193795055018e-01 2.099275905250882202e-01
3.600434957255492785e-01 5.083445608671657290e-01
3.620749957766383753e-01 5.554271110721553661e-01
3.599999999999999867e-01 7.291666666666666297e-01
3.599999999999999867e-01 7.750000000000000222e-01
3.599999999999999867e-01 7.791666666666666741e-01
3.598273568344302342e-01 8.828041901307490669e-01
3.633462471175007424e-01 2.127670714166015331e-01
3.616924390066414974e-01 5.109031400953729651e-01
3.649939023293554685e-01 5.545250402627668329e-01
3.639999999999999902e-01 7.333333333333332815e-01
3.639999999999999902e-01 7.791666666666666741e-01
3.639109871714608646e-01 8.835967549258687548e-01
3.690115943150594768e-01 2.170190222600164587e-01
3.701825097501277861e-01 5.114830532576888356e-01
3.685915369256399510e-01 5.532749470711375572e-01
3.679999999999999938e-01 7.333333333333332815e-01
3.679999999999999938e-01 7.791666666666666741e-01
3.675300570153631208e-01 8.844281712391723893e-01
3.744507243651896689e-01 2.196989591543873077e-01
3.705100951744243476e-01 5.151228812057524475e-01
3.717235843329690370e-01 5.524262728557611801e-01
3.719999999999999973e-01 7.333333333333332815e-01
3.719999999999999973e-01 7.750000000000000222e-01
3.699617742355912897e-01 8.860284828425695203e-01
3.733528971895575532e-01 2.229611416192104345e-01
3.760000000000000009e-01 5.166666666666667185e-01
3.749380507031455645e-01 5.509114609720806577e-01
3.760000000000000009e-01 7.333333333333332815e-01
3.760000000000000009e-01 7.750000000000000222e-01
3.781107180509716281e-01 8.845152592286467108e-01
3.783685190090909645e-01 2.265075608389452155e-01
3.800000000000000044e-01 5.166666666666667185e-01
3.764006762020289942e-01 5.489303283082942464e-01
3.800000000000000044e-01 7.333333333333332815e-01
3.800000000000000044e-01 7.750000000000000222e-01
3.805418126820586666e-01 8.860512814018874916e-01
3.822839588774368247e-01 2.317460651199022836e-01
3.857991954227909526e-01 2.309377791204800245e-01
3.840000000000000080e-01 5.166666666666667185e-01
3.840000000000000080e-01 5.500000000000000444e-01
3.840000000000000080e-01 7.333333333333332815e-01
3.840000000000000080e-01 7.708333333333333703e-01
3.842017966762650838e-01 8.867493237368762049e-01
3.891644319165498134e-01 2.360237144865095504e-01
3.880000000000000115e-01 5.208333333333333703e-01
3.880000000000000115e-01 5.250000000000000222e-01
3.880000000000000115e-01 5.458333333333332815e-01
3.880000000000000115e-01 7.333333333333332815e-01
3.880000000000000115e-01 7.666666666666667185e-01
3.880862373344716731e-01 8.871173865511081669e-01
3.945444529019296320e-01 2.405651161369557200e-01
3.920000000000000151e-01 5.291666666666666741e-01
3.920000000000000151e-01 5.374999999999999778e-01
3.920000000000000151e-01 5.416666666666666297e-01
3.920000000000000151e-01 7.375000000000000444e-01
3.920000000000000151e-01 7.666666666666667185e-01
3.920246771669481101e-01 8.873815497092436555e-01
3.997409523501992412e-01 2.433611503647019336e-01
3.960000000000000187e-01 5.333333333333333259e-01
3.960000000000000187e-01 7.416666666666666963e-01
3.960000000000000187e-01 7.458333333333333481e-01
3.960000000000000187e-01 7.541666666666666519e-01
3.960000000000000187e-01 7.583333333333333037e-01
3.960000000000000187e-01 7.624999999999999556e-01
3.959753228803456482e-01 8.876184502907562557e-01
3.996500725974329038e-01 2.467128133129638801e-01
4.000000000000000222e-01 5.333333333333333259e-01
4.074945753440261109e-01 6.026637870042274026e-01
4.000000000000000222e-01 7.500000000000000000e-01
3.999137626655283606e-01 8.878826134488917443e-01
4.072646872568875809e-01 2.469464256428182125e-01
4.122855774089694281e-01 3.327785703353584035e-01
4.040000000000000258e-01 5.333333333333333259e-01
4.069205144383013506e-01 6.010768200891712931e-01
4.040000000000000258e-01 7.458333333333333481e-01
4.125936430841684599e-01 8.274672489535684905e-01
4.037982033237349500e-01 8.882506762631237063e-01
4.086855397950857616e-01 2.490479904809035361e-01
4.144311227761208749e-01 3.340170454660740806e-01
4.079999999999999738e-01 5.333333333333333259e-01
4.133753037936985231e-01 6.016814384143799321e-01
4.079999999999999738e-01 7.458333333333333481e-01
4.120362128056585527e-01 8.251194658834719586e-01
4.082207715297117567e-01 8.303530137830724689e-01
4.084668984620365983e-01 8.300371524877846463e-01
4.074755537481978274e-01 8.889057680964469466e-01
4.112996462970040512e-01 2.505276443553157151e-01
4.153870546612888348e-01 3.324922335644562854e-01
4.119999999999999774e-01 5.333333333333333259e-01
4.148379873838275445e-01 6.002199962764279695e-01
4.119999999999999774e-01 7.458333333333333481e-01
4.151591991428285611e-01 8.209798851331773228e-01
4.099319479316472781e-01 8.903876294381916079e-01
4.133769090138375568e-01 2.529474725015461445e-01
4.166193292792886305e-01 3.306549643942465200e-01
4.159999999999999809e-01 5.333333333333333259e-01
4.176216703224926996e-01 5.993528029299340920e-01
4.159999999999999809e-01 7.458333333333333481e-01
4.193654316794127035e-01 8.182805527622500907e-01
4.180680520683526802e-01 8.887790372284750662e-01
4.211653536930680120e-01 2.529874042530233513e-01
4.239596147835254514e-01 3.316308980031559828e-01
4.199999999999999845e-01 5.333333333333333259e-01
4.201451348653063023e-01 5.985106058884411828e-01
4.199999999999999845e-01 7.458333333333333481e-01
4.182944411458447420e-01 8.150341495793933522e-01
4.205244462518021309e-01 8.902608985702197275e-01
4.211912193577736496e-01 2.562105662810305606e-01
4.257494122730567931e-01 3.300640801937940183e-01
4.202006078567355751e-01 5.369356767119218832e-01
4.217399033959954857e-01 5.966898465063422696e-01
4.239999999999999880e-01 7.458333333333333481e-01
4.240725871723261542e-01 8.124114135498530231e-01
4.242079780824715152e-01 8.908685173994551620e-01
4.287554877083748495e-01 2.569865287824844580e-01
4.288173296228051101e-01 3.292315273831870059e-01
4.288525326265953397e-01 5.364010619465261476e-01
4.292811498017981564e-01 5.970088292456542378e-01
4.279999999999999916e-01 7.500000000000000000e-01
4.298808830063789999e-01 8.097253513832887162e-01
4.280954174684011293e-01 8.912223624977438918e-01
4.283396640960127066e-01 2.601339150297766190e-01
4.317558784234570290e-01 3.286563752374301317e-01
4.294306924268603276e-01 5.396061522420495526e-01
4.294733581766486119e-01 5.938242926572759872e-01
4.319999999999999951e-01 7.500000000000000000e-01
4.286000202111899804e-01 8.062273000677426804e-01
4.320391417233913622e-01 8.914649002583853177e-01
4.336470931433141218e-01 2.625056521121223452e-01
4.348159100757911788e-01 3.277033494707817796e-01
4.372830075575038777e-01 5.400572700115541247e-01
4.373489859411492930e-01 5.933398057163382644e-01
4.359999999999999987e-01 7.500000000000000000e-01
4.367882592617534088e-01 8.026208148337901083e-01
4.329593363348394619e-01 8.018949110681812265e-01
4.360000000180166979e-01 8.916666666668905394e-01
4.397056127758696698e-01 2.668095978481384578e-01
4.368405815307050966e-01 3.258014564091960552e-01
4.375908116903156064e-01 5.434364776980752376e-01
4.376863018237054370e-01 5.899426252503569001e-01
4.400000000000000022e-01 7.541666666666666519e-01
4.395299558795522921e-01 7.973422100146611013e-01
4.399608582766086351e-01 8.918684330749481193e-01
4.448137244149111269e-01 2.707535676793971224e-01
4.452395475059747754e-01 3.255907573504373542e-01
4.453104728423059044e-01 5.441850261374686637e-01
4.440000000000000058e-01 5.875000000000000222e-01
4.440000000000000058e-01 7.541666666666666519e-01
4.441434064033674134e-01 7.916440373070751102e-01
4.439045825315988680e-01 8.921109708355895451e-01
4.504532526731491182e-01 2.738368814811110719e-01
4.458991455864161346e-01 3.219641971401870362e-01
4.457237845305353496e-01 5.482583476075281181e-01
4.480000000000000093e-01 5.875000000000000222e-01
4.480000000000000093e-01 7.541666666666666519e-01
4.480000000000000093e-01 7.874999999999999778e-01
4.477920219175284822e-01 8.924648159338782749e-01
4.493910341504961381e-01 2.770362765062600596e-01
4.520000000000000129e-01 3.208333333333333592e-01
4.520000000000000129e-01 5.500000000000000444e-01
4.520000000000000129e-01 5.833333333333333703e-01
4.520000000000000129e-01 7.541666666666666519e-01
4.520000000000000129e-01 7.833333333333333259e-01
4.514755537481978664e-01 8.930724347631137094e-01
4.549856163738295600e-01 2.817662748197714562e-01
4.560000000000000164e-01 3.208333333333333592e-01
4.560000000000000164e-01 5.500000000000000444e-01
4.560000000000000164e-01 5.833333333333333703e-01
4.560000000000000164e-01 7.541666666666666519e-01
4.560000000000000164e-01 7.791666666666666741e-01
4.539319479316473172e-01 8.945542961048583708e-01
4.597234655602369657e-01 2.876689602931340461e-01
4.600000000000000200e-01 3.166666666666666519e-01
4.600000000000000200e-01 5.541666666666666963e-01
4.600000000000000200e-01 5.791666666666667185e-01
4.600000000000000200e-01 7.583333333333333037e-01
4.600000000000000200e-01 7.624999999999999556e-01
4.600000000000000200e-01 7.708333333333333703e-01
4.600000000000000200e-01 7.750000000000000222e-01
4.620680520683527193e-01 8.929457038951417180e-01
4.640000000000000235e-01 2.874999999999999778e-01
4.640000000000000235e-01 2.916666666666666852e-01
4.640000000000000235e-01 3.125000000000000000e-01
4.640000000000000235e-01 5.583333333333333481e-01
4.640000000000000235e-01 5.791666666666667185e-01
4.640000000000000235e-01 7.666666666666667185e-01
4.645244462518021700e-01 8.944275652368863794e-01
4.680000000000000271e-01 2.958333333333333370e-01
4.680000000000000271e-01 2.999999999999999889e-01
4.680000000000000271e-01 3.041666666666666408e-01
4.680000000000000271e-01 3.083333333333333481e-01
4.680000000000000271e-01 5.625000000000000000e-01
4.680000000000000271e-01 5.666666666666666519e-01
4.680000000000000271e-01 5.749999999999999556e-01
4.680000000000000271e-01 7.666666666666667185e-01
4.682079780824715542e-01 8.950351840661218139e-01
4.719999999999999751e-01 3.083333333333333481e-01
4.719999999999999751e-01 5.708333333333333037e-01
4.719999999999999751e-01 5.749999999999999556e-01
4.719999999999999751e-01 7.666666666666667185e-01
4.721015988236758609e-01 8.953415561894265684e-01
4.759999999999999787e-01 3.083333333333333481e-01
4.759999999999999787e-01 5.749999999999999556e-01
4.759999999999999787e-01 7.666666666666667185e-01
4.759999999999999787e-01 8.958333333333333703e-01
4.799999999999999822e-01 3.083333333333333481e-01
4.799999999999999822e-01 5.749999999999999556e-01
4.799999999999999822e-01 7.708333333333333703e-01
4.799999999999999822e-01 8.958333333333333703e-01
4.839999999999999858e-01 3.125000000000000000e-01
4.839999999999999858e-01 5.749999999999999556e-01
4.839999999999999858e-01 7.708333333333333703e-01
4.839999999999999858e-01 8.958333333333333703e-01
4.879999999999999893e-01 3.125000000000000000e-01
4.879999999999999893e-01 5.749999999999999556e-01
4.879999999999999893e-01 7.708333333333333703e-01
4.879999999999999893e-01 8.958333333333333703e-01
4.919999999999999929e-01 3.125000000000000000e-01
4.919999999999999929e-01 5.749999999999999556e-01
4.919999999999999929e-01 7.708333333333333703e-01
4.919999999999999929e-01 8.958333333333333703e-01
4.959999999999999964e-01 3.125000000000000000e-01
4.959999999999999964e-01 5.749999999999999556e-01
4.959999999999999964e-01 7.708333333333333703e-01
4.959999999999999964e-01 8.958333333333333703e-01
5.000000000000000000e-01 3.125000000000000000e-01
5.000000000000000000e-01 5.749999999999999556e-01
5.000000000000000000e-01 7.458333333333333481e-01
5.000000000000000000e-01 7.708333333333333703e-01
5.000000000000000000e-01 8.958333333333333703e-01
5.040000000000000036e-01 3.125000000000000000e-01
5.040000000000000036e-01 5.749999999999999556e-01
5.040000000000000036e-01 5.791666666666667185e-01
5.040000000000000036e-01 5.833333333333333703e-01
5.040000000000000036e-01 5.875000000000000222e-01
5.040000000000000036e-01 5.916666666666666741e-01
5.040000000000000036e-01 5.958333333333333259e-01
5.040000000000000036e-01 5.999999999999999778e-01
5.040000000000000036e-01 6.041666666666666297e-01
5.045372741143219208e-01 6.070953311243404427e-01
5.054130742056295311e-01 6.120067790732719448e-01
5.069613142833113706e-01 6.147172775507594444e-01
5.040000000000000036e-01 7.500000000000000000e-01
5.040000000000000036e-01 7.541666666666666519e-01
5.040000000000000036e-01 7.750000000000000222e-01
5.040000000000000036e-01 8.958333333333333703e-01
5.080000000000000071e-01 3.125000000000000000e-01
5.080000000000000071e-01 3.166666666666666519e-01
5.080000000000000071e-01 3.208333333333333592e-01
5.080000000000000071e-01 3.250000000000000111e-01
5.080000000000000071e-01 3.291666666666666630e-01
5.111710029579699111e-01 5.187696719697366676e-01
5.095681294025853347e-01 5.214152787424003455e-01
5.089008712368086051e-01 5.252490828628652020e-01
5.085474883946590197e-01 5.292903271251513386e-01
5.083281559620518308e-01 5.333947809272406859e-01
5.081780257152859193e-01 5.375254258702625298e-01
5.078547364521073249e-01 5.423533048403138546e-01
5.080000000000000071e-01 5.458333333333332815e-01
5.080000000000000071e-01 5.500000000000000444e-01
5.080000000000000071e-01 5.541666666666666963e-01
5.080000000000000071e-01 5.583333333333333481e-01
5.080000000000000071e-01 5.625000000000000000e-01
5.080000000000000071e-01 5.666666666666666519e-01
5.080000000000000071e-01 5.708333333333333037e-01
5.054842742085456919e-01 6.226658678924044121e-01
5.071746922605671060e-01 6.253546303487382829e-01
5.080913318363018405e-01 6.291299106824832510e-01
5.090232956847176027e-01 6.328934360082105748e-01
5.107621129993349385e-01 6.355419846251606497e-01
5.080000000000000071e-01 7.583333333333333037e-01
5.080000000000000071e-01 7.750000000000000222e-01
5.080000000000000071e-01 8.874999999999999556e-01
5.080000000000000071e-01 8.916666666666667185e-01
5.080000000000000071e-01 8.958333333333333703e-01
5.111588585115969252e-01 9.722677929171671396e-01
5.098868781626224589e-01 9.745086289127357082e-01
5.097770258709788394e-01 9.776465839628750709e-01
5.108036038856953454e-01 9.797459705111880579e-01
5.113148743677884411e-01 9.913163473829627037e-01
5.120000000000000107e-01 2.916666666666666852e-01
5.120000000000000107e-01 2.958333333333333370e-01
5.120000000000000107e-01 2.999999999999999889e-01
5.120000000000000107e-01 3.041666666666666408e-01
5.120000000000000107e-01 3.083333333333333481e-01
5.120000000000000107e-01 3.333333333333333148e-01
5.120000000000000107e-01 3.375000000000000222e-01
5.120000000000000107e-01 3.416666666666666741e-01
5.113415395729243862e-01 3.452414222488490170e-01
5.117121221094858008e-01 3.500465175035060161e-01
5.118219742847140985e-01 3.541920925369292372e-01
5.118990983804105888e-01 3.583464193877565207e-01
5.119561387121502882e-01 3.625052633931772905e-01
5.120000000000000107e-01 3.666666666684514353e-01
5.120000000000000107e-01 3.708333332943727911e-01
5.120000000000000107e-01 3.749999999982152055e-01
5.120000000000000107e-01 3.791666666684514464e-01
5.120000000000000107e-01 3.833333333315485647e-01
5.120000000000000107e-01 3.874999999982152166e-01
5.120000000000000107e-01 3.916666666277061060e-01
5.120000000000000107e-01 3.958333333351181094e-01
5.120000000000000107e-01 3.999999999982152277e-01
5.120000000000000107e-01 4.041666666648818795e-01
5.120000000000000107e-01 4.083333333351181205e-01
5.120000000000000107e-01 4.125000000017847723e-01
5.120438612878497331e-01 4.166614032734893835e-01
5.121009016195894326e-01 4.208202473198374149e-01
5.121780257152859228e-01 4.249745741297374368e-01
5.122878778905142205e-01 4.291201491631606024e-01
5.124561565874610203e-01 4.332464289463435758e-01
5.129454651735723125e-01 4.380000695819035172e-01
5.120000000000000107e-01 4.416666666666666519e-01
5.120000000000000107e-01 4.458333333333333592e-01
5.142627464495599376e-01 5.051881573318193208e-01
5.120000000005118235e-01 5.083333333443472712e-01
5.099395573027432071e-01 5.107996939215808663e-01
5.094948428571224319e-01 6.435291513955841980e-01
5.113703651125542926e-01 6.461328782509857538e-01
5.126296348874457287e-01 6.497004550823476388e-01
5.145051571428775894e-01 6.523041819377491946e-01
5.120000000000000107e-01 7.624999999999999556e-01
5.120000000000000107e-01 7.791666666666666741e-01
5.120000000000000107e-01 7.874999999999999778e-01
5.120000000000000107e-01 7.916666666666666297e-01
5.120000000000000107e-01 7.958333333333332815e-01
5.120000000000000107e-01 8.000000000000000444e-01
5.120000000000000107e-01 8.041666666666666963e-01
5.120000000000000107e-01 8.083333333333333481e-01
5.120000000000000107e-01 8.125000000000000000e-01
5.122461651747580724e-01 8.159931145647230100e-01
5.120000000000000107e-01 8.208333332943728022e-01
5.120000000000000107e-01 8.250000000017847501e-01
5.120000000000000107e-01 8.291666666648819239e-01
5.120000000000000107e-01 8.333333333315485758e-01
5.120000000000000107e-01 8.375000000389605237e-01
5.120000000000000107e-01 8.416666667056271756e-01
5.120000000000000107e-01 8.458333333722938274e-01
5.120000000000000107e-01 8.499999999982151833e-01
5.119561387121502882e-01 8.541614033139618423e-01
5.118990983804105888e-01 8.583202473198373594e-01
5.116196704159956532e-01 8.631533896084875312e-01
5.120000000000000107e-01 8.666666666666666963e-01
5.120000000000000107e-01 8.708333333333333481e-01
5.120000000000000107e-01 8.750000000000000000e-01
5.120000000000000107e-01 8.791666666666666519e-01
5.120000000000000107e-01 8.833333333333333037e-01
5.120000000000000107e-01 9.000000000000000222e-01
5.120000000000000107e-01 9.041666666666666741e-01
5.120000000000000107e-01 9.083333333333333259e-01
5.120000000000000107e-01 9.124999999999999778e-01
5.120000000000000107e-01 9.166666666666666297e-01
5.120000000000000107e-01 9.208333333333332815e-01
5.120000000000000107e-01 9.250000000000000444e-01
5.117538348252419489e-01 9.284931145647230544e-01
5.120000000000000107e-01 9.333333333351181427e-01
5.119561387121502882e-01 9.374947366068226984e-01
5.118990983804105888e-01 9.416535806531707298e-01
5.118219742847140985e-01 9.458079074630707517e-01
5.117121221094858008e-01 9.499534824964939173e-01
5.115877046894747870e-01 9.540850256346554703e-01
5.113577404529787707e-01 9.581676734427068132e-01
5.108562833750620591e-01 9.620689610368572398e-01
5.094404128734022486e-01 9.648288686216498489e-01
5.091972692292183744e-01 9.866170249413699356e-01
5.102777021359652387e-01 9.882075881740699508e-01
5.098758788201958048e-01 9.894809105743964661e-01
5.183474472109228515e-01 2.767921476392075641e-01
5.164201385600026839e-01 2.797576904335680181e-01
5.148046681974083327e-01 2.839951975697961872e-01
5.160000000000000142e-01 2.874999999999999778e-01
5.160000000000000142e-01 4.500000000000000111e-01
5.160000000000000142e-01 4.541666666666666630e-01
5.160000000000000142e-01 4.583333333333333148e-01
5.160000000000000142e-01 4.625000000000000222e-01
5.160000000000000142e-01 4.666666666666666741e-01
5.160000000000000142e-01 4.708333333333333259e-01
5.160000000000000142e-01 4.749999999999999778e-01
5.160000000000000142e-01 4.791666666666666852e-01
5.160000000000000142e-01 4.833333333333333370e-01
5.160000000000000142e-01 4.874999999999999889e-01
5.160000000000000142e-01 4.916666666666666408e-01
5.160000000000000142e-01 4.958333333333333481e-01
5.160000000000000142e-01 5.000000000000000000e-01
5.132378870006650828e-01 6.602913487081726318e-01
5.149767043152824186e-01 6.629398974124341981e-01
5.159086681491462656e-01 6.667034228145590768e-01
5.168253077394329154e-01 6.704787030719064900e-01
5.185157257914543294e-01 6.731674654409289804e-01
5.160000000000000142e-01 7.666666666666667185e-01
5.160000000000000142e-01 7.791666666666666741e-01
5.160000000000000142e-01 7.833333333333333259e-01
5.227597427833825527e-01 2.435404552069182216e-01
5.212208407279104172e-01 2.462767121750706056e-01
5.205651355022564708e-01 2.501533200411358848e-01
5.201682786969468175e-01 2.542070535610643223e-01
5.197914432606194346e-01 2.582780163703622400e-01
5.193435326614417313e-01 2.623099239019211493e-01
5.186214493401348768e-01 2.661529508225309315e-01
5.169938700087368666e-01 2.688340640937288417e-01
5.200000000000000178e-01 4.708333333333333259e-01
5.170825470518320977e-01 6.811107922966281869e-01
5.186878274939954458e-01 6.838134683338770170e-01
5.193945864844136118e-01 6.876682501024333760e-01
5.198317213030532180e-01 6.917070535392364494e-01
5.201682786969468175e-01 6.957929464607635062e-01
5.206054135155864238e-01 6.998317498539108339e-01
5.213121725060045897e-01 7.036865316661230496e-01
5.229174529481679379e-01 7.063892077033718797e-01
5.200000000000000178e-01 7.666666666666667185e-01
5.200000000000000178e-01 7.708333333333333703e-01
5.200000000000000178e-01 7.750000000000000222e-01
5.200000000000000178e-01 7.833333333333333259e-01
5.271710029579699253e-01 1.812696719697366177e-01
5.255681294025853489e-01 1.839152787424002955e-01
5.249008712368086194e-01 1.877490828628651798e-01
5.245474883946590339e-01 1.917903271251513442e-01
5.243281559620518451e-01 1.958947809272406915e-01
5.241780257152859335e-01 2.000254258702625632e-01
5.241009016195894432e-01 2.041797527210898466e-01
5.239999999994882085e-01 2.083333333223194028e-01
5.238990983804105994e-01 2.124869139865040724e-01
5.238219742847141092e-01 2.166412407964041220e-01
5.237121221094858114e-01 2.207868158298272876e-01
5.235438434125390117e-01 2.249130956130102332e-01
5.232568387533538257e-01 2.289879207770960934e-01
5.226782575724646662e-01 2.328768684489962992e-01
5.211963961143046831e-01 2.356209479738026746e-01
5.240000000000000213e-01 4.708333333333333259e-01
5.214842742085457061e-01 7.143325345590710862e-01
5.231344142472371672e-01 7.170362270184947873e-01
5.235553867192939137e-01 7.213788207232331162e-01
5.240000000000000213e-01 7.249999999999999778e-01
5.240000000000000213e-01 7.291666666666666297e-01
5.240000000000000213e-01 7.624999999999999556e-01
5.240000000000000213e-01 7.833333333333333259e-01
5.300604426972568284e-01 1.683669727450857467e-01
5.280000000056050968e-01 1.708333333443472768e-01
5.259395573027432214e-01 1.732996939215808996e-01
5.280000000000000249e-01 4.708333333333333259e-01
5.280000000000000249e-01 7.333333333333332815e-01
5.280000000000000249e-01 7.375000000000000444e-01
5.280000000000000249e-01 7.416666666666666963e-01
5.280000000000000249e-01 7.458333333333333481e-01
5.280000000000000249e-01 7.500000000000000000e-01
5.280000000000000249e-01 7.541666666666666519e-01
5.280000000000000249e-01 7.583333333333333037e-01
5.280000000000000249e-01 7.833333333333333259e-01
5.349613142833113955e-01 1.102827224492405889e-01
5.334130742056295560e-01 1.129932209267281024e-01
5.327834392599761770e-01 1.168603426611904694e-01
5.324561565874610380e-01 1.209202377203231066e-01
5.322878778905142383e-01 1.250465175035060383e-01
5.321780257152859406e-01 1.291920925369292317e-01
5.320570403353777067e-01 1.333411560054931499e-01
5.319429596646223501e-01 1.374921772869129311e-01
5.318219742847141163e-01 1.416412407964041109e-01
5.316718440379482047e-01 1.457718857394259826e-01
5.314525116053410159e-01 1.498763395415153299e-01
5.310991287631914304e-01 1.539175838038014943e-01
5.304318705974147008e-01 1.577513879242663508e-01
5.288289970420301245e-01 1.603969946969300564e-01
5.320000000000000284e-01 4.708333333333333259e-01
5.320000000000000284e-01 7.833333333333333259e-01
5.388831250965595565e-01 8.955648783594369333e-02
5.371119728442281804e-01 9.216170768874386299e-02
5.361577100483700953e-01 9.590367021931646418e-02
5.352257460253313504e-01 9.966719569056295414e-02
5.335245522800833307e-01 1.023490621397892680e-01
5.360000000000000320e-01 4.708333333333333259e-01
5.360000000000000320e-01 7.833333333333333259e-01
5.420604426972568390e-01 7.670030607841908654e-02
5.399086681636982021e-01 7.912991068248326210e-02
5.377818473707884905e-01 8.156269016520430182e-02
5.400000000000000355e-01 4.708333333333333259e-01
5.400000000000000355e-01 7.833333333333333259e-01
5.467027025353163872e-01 4.769929934603472227e-02
5.451437166249379906e-01 5.043103902135044614e-02
5.444150052554905805e-01 5.428396492595008449e-02
5.439086681491462905e-01 5.829657726911439963e-02
5.433870066246018204e-01 6.229743463336490095e-02
5.426098964000121150e-01 6.611014706237862415e-02
5.409298986252397690e-01 6.874341404375930442e-02
5.440000000000000391e-01 4.708333333333333259e-01
5.440000000000000391e-01 7.833333333333333259e-01
5.480000000000000426e-01 8.061689324676990509e-03
5.480000000000000426e-01 9.262161577741304108e-03
5.480000000000000426e-01 1.194573196892937013e-02
5.479561387121503202e-01 1.511840480379760335e-02
5.478990983804106207e-01 1.853570045592884200e-02
5.478219742847141305e-01 2.209678882112105572e-02
5.477121221094858328e-01 2.574799836147576709e-02
5.475438434125390330e-01 2.945053637765037563e-02
5.472568387533538470e-01 3.315458744376276884e-02
5.466782575724646875e-01 3.704353511566296081e-02
5.451561178099364469e-01 3.977268449186036753e-02
5.480000000000000426e-01 4.708333333333333259e-01
5.480000000000000426e-01 7.833333333333333259e-01
5.520000000000000462e-01 4.708333333333333259e-01
5.520000000000000462e-01 7.833333333333333259e-01
5.560000000000000497e-01 4.666666666666666741e-01
5.560000000000000497e-01 4.749999999999999778e-01
5.560000000000000497e-01 4.791666666666666852e-01
5.560000000000000497e-01 4.833333333333333370e-01
5.560000000000000497e-01 4.874999999999999889e-01
5.560000000000000497e-01 7.416666666666666963e-01
5.560000000000000497e-01 7.458333333333333481e-01
5.560000000000000497e-01 7.500000000000000000e-01
5.560000000000000497e-01 7.541666666666666519e-01
5.560000000000000497e-01 7.583333333333333037e-01
5.560000000000000497e-01 7.624999999999999556e-01
5.560000000000000497e-01 7.666666666666667185e-01
5.560000000000000497e-01 7.708333333333333703e-01
5.560000000000000497e-01 7.750000000000000222e-01
5.560000000000000497e-01 7.791666666666666741e-01
5.600000000000000533e-01 4.625000000000000222e-01
5.600000000000000533e-01 4.916666666666666408e-01
5.614958743704483446e-01 4.907198964928587426e-01
5.600000000000000533e-01 7.791666666666666741e-01
5.639999999999999458e-01 4.583333333333333148e-01
5.641449367700842599e-01 4.964208723977208138e-01
5.639999999999999458e-01 7.750000000000000222e-01
5.639999999999999458e-01 7.791666666666666741e-01
5.639999999999999458e-01 7.833333333333333259e-01
5.639999999999999458e-01 7.874999999999999778e-01
5.639999999999999458e-01 7.916666666666666297e-01
5.639999999999999458e-01 7.958333333333332815e-01
5.639999999999999458e-01 8.000000000000000444e-01
5.639999999999999458e-01 8.041666666666666963e-01
5.679999999999999494e-01 4.583333333333333148e-01
5.689951852262019605e-01 5.030965963533768903e-01
5.679999999999999494e-01 7.708333333333333703e-01
5.679999999999999494e-01 8.083333333333333481e-01
5.719999999999999529e-01 4.583333333333333148e-01
5.735383553691207892e-01 5.075327704854619704e-01
5.719999999999999529e-01 7.708333333333333703e-01
5.719999999999999529e-01 8.083333333333333481e-01
5.759999999999999565e-01 4.583333333333333148e-01
5.786331485714762968e-01 5.106202675262465629e-01
5.759999999999999565e-01 7.375000000000000444e-01
5.759999999999999565e-01 7.416666666666666963e-01
5.759999999999999565e-01 7.458333333333333481e-01
5.759999999999999565e-01 7.500000000000000000e-01
5.759999999999999565e-01 7.541666666666666519e-01
5.759999999999999565e-01 7.583333333333333037e-01
5.759999999999999565e-01 7.708333333333333703e-01
5.793056305255740446e-01 8.075081412680447102e-01
5.799999999999999600e-01 4.583333333333333148e-01
5.775685216486453610e-01 5.138472802238538417e-01
5.799999999999999600e-01 7.624999999999999556e-01
5.799999999999999600e-01 7.666666666666667185e-01
5.812220371281727749e-01 8.092974014580249786e-01
5.833044206057674819e-01 4.582491890808644830e-01
5.833425072170793646e-01 5.168591660078770689e-01
5.839999999999999636e-01 7.624999999999999556e-01
5.839999999999999636e-01 8.125000000000000000e-01
5.875144630956928848e-01 4.571271525540699376e-01
5.892694916222244172e-01 5.215328062962120148e-01
5.879999999999999671e-01 7.624999999999999556e-01
5.879999999999999671e-01 8.125000000000000000e-01
5.899534910526126330e-01 4.556023407106598033e-01
5.945775288231670563e-01 5.241956787416711672e-01
5.919999999999999707e-01 7.624999999999999556e-01
5.919999999999999707e-01 8.125000000000000000e-01
5.980382257644086819e-01 4.572467758009831074e-01
5.932270149737596254e-01 5.272150634322315677e-01
5.959999999999999742e-01 7.624999999999999556e-01
5.959999999999999742e-01 8.125000000000000000e-01
5.999999999999999778e-01 4.541666666666666630e-01
5.982013147091492788e-01 5.312255035309741968e-01
5.999999999999999778e-01 7.583333333333333037e-01
5.999999999999999778e-01 8.125000000000000000e-01
6.039999999999999813e-01 4.541666666666666630e-01
6.020332993436604552e-01 5.363612702426810985e-01
6.039999999999999813e-01 7.541666666666666519e-01
6.039999999999999813e-01 7.874999999999999778e-01
6.039999999999999813e-01 8.125000000000000000e-01
6.079999999999999849e-01 4.541666666666666630e-01
6.043321848772466032e-01 5.413939530495553987e-01
6.059851923417299835e-01 5.425590984911347059e-01
6.070946783800609259e-01 5.454050057121396788e-01
6.078838245955994202e-01 5.481130977394059745e-01
6.094793056761845795e-01 5.500161014186839559e-01
6.107954210527241079e-01 5.578557013223568450e-01
6.079999999999999849e-01 7.500000000000000000e-01
6.079999999999999849e-01 8.125000000000000000e-01
6.119999999999999885e-01 4.541666666666666630e-01
6.085032378677278642e-01 5.567748806051289190e-01
6.090710391644388322e-01 5.564974844455718994e-01
6.148438821900635842e-01 7.018939821748062524e-01
6.133217424275353435e-01 7.046231315510037563e-01
6.127431612466461841e-01 7.085120792229039344e-01
6.127023217622190598e-01 7.136312306160107477e-01
6.119999999999999885e-01 7.166666666666666741e-01
6.119999999999999885e-01 7.208333333333333259e-01
6.119999999999999885e-01 7.249999999999999778e-01
6.119999999999999885e-01 7.291666666666666297e-01
6.119999999999999885e-01 7.333333333333332815e-01
6.119999999999999885e-01 7.375000000000000444e-01
6.119999999999999885e-01 7.416666666666666963e-01
6.119999999999999885e-01 7.458333333333333481e-01
6.119999999999999885e-01 8.125000000000000000e-01
6.159999999999999920e-01 4.541666666666666630e-01
6.185358360726386229e-01 6.746333741427709141e-01
6.170543678654357711e-01 6.767496380023658720e-01
6.164207599267829130e-01 6.801139057769129970e-01
6.160071924941948884e-01 6.837206700428699602e-01
6.155849947445094505e-01 6.873827017188887112e-01
6.148562833750620404e-01 6.912356277035238694e-01
6.132972974646836439e-01 6.939673673206319116e-01
6.159999999999999920e-01 7.458333333333333481e-01
6.159999999999999920e-01 8.125000000000000000e-01
6.199999999999999956e-01 4.583333333333333148e-01
6.307500413432717279e-01 4.881856525006393333e-01
6.207387001533061222e-01 6.646726696131129986e-01
6.192568387533537999e-01 6.659336531534790771e-01
6.174431225564330772e-01 6.674881940513538447e-01
6.199999999999999956e-01 7.458333333333333481e-01
6.199999999999999956e-01 8.125000000000000000e-01
6.239999999999999991e-01 4.583333333333333148e-01
6.239999999999999991e-01 4.916666666666666408e-01
6.196042994745075694e-01 6.624266988287369484e-01
6.239999999999999991e-01 7.458333333333333481e-01
6.239999999999999991e-01 7.500000000000000000e-01
6.239999999999999991e-01 7.541666666666666519e-01
6.239999999999999991e-01 7.583333333333333037e-01
6.239999999999999991e-01 7.624999999999999556e-01
6.239999999999999991e-01 7.666666666666667185e-01
6.239999999999999991e-01 7.708333333333333703e-01
6.239999999999999991e-01 7.750000000000000222e-01
6.239999999999999991e-01 7.791666666666666741e-01
6.239999999999999991e-01 7.833333333333333259e-01
6.239999999999999991e-01 7.874999999999999778e-01
6.239999999999999991e-01 7.916666666666666297e-01
6.239999999999999991e-01 7.958333333333332815e-01
6.239999999999999991e-01 8.000000000000000444e-01
6.239999999999999991e-01 8.041666666666666963e-01
6.239999999999999991e-01 8.083333333333333481e-01
6.239999999999999991e-01 8.125000000000000000e-01
6.239999999999999991e-01 8.166666666666666519e-01
6.280000000000000027e-01 4.583333333333333148e-01
6.280000000000000027e-01 4.916666666666666408e-01
6.280000000000000027e-01 7.458333333333333481e-01
6.280000000000000027e-01 8.208333333333333037e-01
6.320000000000000062e-01 4.541666666666666630e-01
6.320000000000000062e-01 4.583333333333333148e-01
6.320000000000000062e-01 4.625000000000000222e-01
6.320000000000000062e-01 4.666666666666666741e-01
6.320000000000000062e-01 4.708333333333333259e-01
6.320000000000000062e-01 4.749999999999999778e-01
6.320000000000000062e-01 4.916666666666666408e-01
6.320000000000000062e-01 7.458333333333333481e-01
6.320000000000000062e-01 8.208333333333333037e-01
6.360000000000000098e-01 4.500000000000000111e-01
6.360000000000000098e-01 4.791666666666666852e-01
6.360000000000000098e-01 4.833333333333333370e-01
6.360000000000000098e-01 4.916666666666666408e-01
6.360000000000000098e-01 7.458333333333333481e-01
6.360000000000000098e-01 8.249999999999999556e-01
6.400000000000000133e-01 4.500000000000000111e-01
6.400000000000000133e-01 4.874999999999999889e-01
6.400000000000000133e-01 4.916666666666666408e-01
6.400000000000000133e-01 7.458333333333333481e-01
6.400000000000000133e-01 8.291666666666667185e-01
6.440000000000000169e-01 4.500000000000000111e-01
6.440000000000000169e-01 4.958333333333333481e-01
6.440000000000000169e-01 7.458333333333333481e-01
6.440000000000000169e-01 8.291666666666667185e-01
6.480000000000000204e-01 4.500000000000000111e-01
6.480000000000000204e-01 5.000000000000000000e-01
6.480000000000000204e-01 7.458333333333333481e-01
6.507458523400128092e-01 8.294634207462271425e-01
6.520000000000000240e-01 4.500000000000000111e-01
6.520000000000000240e-01 5.000000000000000000e-01
6.520000000000000240e-01 7.458333333333333481e-01
6.529649262065068127e-01 8.316652335536977025e-01
6.560000000000000275e-01 4.500000000000000111e-01
6.537010432630777634e-01 4.995438518526498228e-01
6.560000000000000275e-01 7.416666666666666963e-01
6.565793846794404365e-01 8.329692178134185943e-01
6.600000000000000311e-01 4.500000000000000111e-01
6.557282156683504892e-01 5.022020337637513876e-01
6.605244462518021775e-01 7.430724347631136872e-01
6.595088524301536692e-01 8.336062128558600071e-01
6.656621312825009573e-01 4.483977954679479461e-01
6.635533204928506512e-01 5.024775974607715856e-01
6.642079780824715618e-01 7.424648159338782527e-01
6.628667474826798189e-01 8.347072535737728449e-01
6.683164681838825727e-01 4.464409521043611329e-01
6.635315771512687588e-01 5.057759904457876932e-01
6.680000000000000382e-01 7.416666666666666963e-01
6.654925203714520121e-01 8.363103003551562997e-01
6.716835318452213377e-01 4.452257144458902638e-01
6.688320354819298208e-01 5.080554142206286095e-01
6.720000000000000417e-01 7.416666666666666963e-01
6.732857202673331320e-01 8.355660685105249508e-01
6.740335468426347232e-01 4.434374810972561698e-01
6.733064386285841918e-01 5.113787355832755122e-01
6.760000000000000453e-01 7.416666666666666963e-01
6.736601616945118165e-01 8.381879512802697940e-01
6.822125230170786869e-01 4.448134442946563016e-01
6.769863409642130625e-01 5.150102963127817235e-01
6.800000000000000488e-01 7.416666666666666963e-01
6.805480197141878795e-01 8.387162763314942593e-01
6.845996558465995419e-01 4.431919432400415193e-01
6.799703073836863565e-01 5.198134494324525567e-01
6.817909498848021554e-01 5.186994933523237927e-01
6.840000000000000524e-01 7.416666666666666963e-01
6.802664609774947690e-01 8.412068929096373493e-01
6.882352824812987269e-01 4.424527637466477703e-01
6.879999999999999449e-01 7.416666666666666963e-01
6.846329471208154605e-01 8.420937607375283962e-01
6.920891390955075106e-01 4.420089144996988129e-01
6.919999999999999485e-01 7.416666666666666963e-01
6.908163162488489828e-01 8.455548602156340854e-01
6.959999999772712442e-01 4.416666666715360345e-01
6.959999999999999520e-01 7.416666666666666963e-01
6.959999999999999520e-01 7.958333333333332815e-01
6.959999999999999520e-01 8.000000000000000444e-01
6.959999999999999520e-01 8.041666666666666963e-01
6.959999999999999520e-01 8.083333333333333481e-01
6.959999999999999520e-01 8.125000000000000000e-01
6.895853253118693349e-01 8.472197683528065459e-01
6.999282272692652906e-01 4.413673693352999639e-01
6.999999999999999556e-01 7.416666666666666963e-01
6.999999999999999556e-01 7.916666666666666297e-01
6.999999999999999556e-01 8.166666666666666519e-01
6.968736432492732558e-01 8.156801197056968711e-01
7.038073834576643595e-01 4.409776811526777696e-01
7.039999999999999591e-01 7.375000000000000444e-01
7.039999999999999591e-01 7.416666666666666963e-01
7.039999999999999591e-01 7.458333333333333481e-01
7.039999999999999591e-01 7.500000000000000000e-01
7.039999999999999591e-01 7.541666666666666519e-01
7.039999999999999591e-01 7.583333333333333037e-01
7.039999999999999591e-01 7.624999999999999556e-01
7.039999999999999591e-01 7.666666666666667185e-01
7.039999999999999591e-01 7.708333333333333703e-01
7.039999999999999591e-01 7.874999999999999778e-01
7.074643687386996671e-01 4.402654210726419937e-01
7.079999999999999627e-01 7.375000000000000444e-01
7.079999999999999627e-01 7.750000000000000222e-01
7.079999999999999627e-01 7.791666666666666741e-01
7.079999999999999627e-01 7.833333333333333259e-01
7.098892819490283390e-01 4.386819258953134071e-01
7.119999999999999662e-01 7.333333333333332815e-01
7.119999999999999662e-01 7.833333333333333259e-01
7.180208593923598226e-01 4.401521990075707436e-01
7.159999999999999698e-01 7.333333333333332815e-01
7.159999999999999698e-01 7.833333333333333259e-01
7.204272770602255793e-01 4.384977263398468494e-01
7.199999999999999734e-01 7.291666666666666297e-01
7.199999999999999734e-01 7.833333333333333259e-01
7.240249882486968769e-01 4.376393905695294961e-01
7.239999999999999769e-01 7.291666666666666297e-01
7.239999999999999769e-01 7.874999999999999778e-01
7.239999999999999769e-01 7.916666666666666297e-01
7.277491498070303155e-01 4.369344794540666044e-01
7.297520803958177371e-01 7.280197431333362834e-01
7.279999999999999805e-01 7.958333333333332815e-01
7.312744475603103478e-01 4.360230511520057917e-01
7.315730508526321341e-01 7.251560172968311013e-01
7.319999999999999840e-01 8.000000000000000444e-01
7.319999999999999840e-01 8.041666666666666963e-01
7.334908586591482038e-01 4.342658855020999908e-01
7.329841591082513208e-01 7.225736970081925170e-01
7.327484297230839605e-01 8.081999775885682080e-01
7.355012278086505706e-01 8.083943710662424564e-01
7.370992193128913517e-01 8.119229772438605330e-01
7.415862715663388283e-01 4.349123062410702456e-01
7.407005116785876364e-01 7.209007041315392827e-01
7.331517718359827906e-01 8.116327866601447116e-01
7.424737606719136185e-01 4.318944224932541598e-01
7.473660989720374292e-01 7.196531403965006346e-01
7.505389676447957736e-01 4.325932610935220857e-01
7.490783758480101806e-01 7.175549146408836121e-01
7.527738742860965449e-01 4.309070725847656269e-01
7.517450072260107863e-01 7.161361662942605788e-01
7.563370874328538829e-01 4.301148005450765033e-01
7.537071026805788332e-01 7.139909978645543331e-01
7.601357972214464187e-01 4.295899950064873685e-01
7.617591856885701507e-01 7.142703702906146868e-01
7.639999999837709943e-01 4.291666666657997786e-01
7.625178697388619309e-01 7.110952570568770392e-01
7.678386648221640076e-01 4.287081023484157760e-01
7.708502612840384405e-01 7.113575058368345472e-01
7.716014372154604839e-01 4.281414142732197781e-01
7.726613289006054597e-01 7.095675596113627526e-01
7.751123504587449364e-01 4.272997887727493782e-01
7.760630800059298284e-01 7.084255002603944140e-01
7.772683743108064203e-01 4.255575937839845557e-01
7.794885345804505317e-01 7.072919393734385940e-01
7.852879961868748371e-01 4.260997505160048493e-01
7.817120324037969414e-01 7.053945167766263458e-01
7.859599411599338392e-01 4.229439377784728893e-01
7.898856117967516521e-01 7.062913827287654600e-01
7.939718550611287728e-01 4.227570482141648767e-01
7.918981949829613232e-01 7.040046298245822287e-01
7.946306129721925071e-01 4.195666012198974726e-01
7.939016832076013497e-01 7.017380260551969728e-01
8.026771221309900728e-01 4.199648093587408648e-01
8.021156833972782341e-01 7.024715911131351742e-01
8.047748656207696083e-01 4.180462899773071395e-01
8.041444710069336477e-01 7.002591484517324272e-01
8.081632803323446357e-01 4.169058219801324294e-01
8.062213170733303347e-01 6.980775013100355419e-01
8.115771526300814553e-01 4.157526757723341571e-01
8.143851369041950061e-01 6.991801916466404698e-01
8.138231708519160224e-01 4.138508123966554986e-01
8.166944552296772075e-01 6.975334858599429033e-01
8.219919909536838043e-01 4.149310881271958129e-01
8.202893690252676118e-01 6.967984640233528815e-01
8.241891251740743884e-01 4.129103458777535485e-01
8.241442648062947685e-01 6.964222221014400027e-01
8.273838134687393486e-01 4.114761023316532151e-01
8.280656883130431689e-01 6.961397409633112154e-01
8.294488567095249509e-01 4.094387105666100757e-01
8.319970981723435743e-01 6.958736989491929315e-01
8.375180676709860217e-01 4.097799587839593416e-01
8.359428694354719136e-01 6.956529056207121364e-01
8.382207005377858566e-01 4.065592242482428675e-01
8.398447491961996692e-01 6.953676587164712153e-01
8.463110732436179839e-01 4.067052489767472023e-01
8.436924548177048289e-01 6.950052893099685214e-01
8.481111385281546733e-01 4.042896290261220882e-01
8.471009490331634639e-01 6.946522607778509162e-01
8.499673123452812229e-01 4.018771055775384182e-01
8.504498515259474312e-01 6.938032743365813992e-01
8.581480673458427022e-01 4.024310813751071914e-01
8.522727325037121604e-01 6.921030804825325511e-01
8.600614753880654328e-01 4.000771184641053191e-01
8.585773049993440376e-01 6.908063677993292462e-01
8.619912454728037021e-01 3.977306264918297751e-01
8.661527709905058048e-01 6.891949090640991926e-01
8.701771586034446893e-01 3.983820428450902118e-01
8.663426192775368628e-01 6.858916666824370623e-01
8.721700088905636195e-01 3.961277177925997539e-01
8.741855335216969225e-01 6.853334375036259640e-01
8.742213170733302841e-01 3.939108346433689012e-01
8.746235144315287480e-01 6.819987149055426467e-01
8.823851369041949555e-01 3.950135249799738291e-01
8.828984630480408713e-01 6.818123997344325282e-01
8.846944552296772679e-01 3.933668191932762626e-01
8.846501222960651001e-01 6.794111148318431326e-01
8.879185949272941913e-01 3.926317973566862407e-01
8.865230898018926498e-01 6.770286454974363544e-01
8.913497489485889824e-01 3.922555554347733620e-01
8.946575261726975592e-01 6.777787757571787086e-01
8.947829884048551508e-01 3.920205473007323804e-01
8.965050480249338039e-01 6.759009351488203254e-01
8.981477062683552726e-01 3.918591465083106073e-01
8.997477948199957831e-01 6.744974870933220235e-01
9.013916935268789787e-01 3.917758303980614643e-01
9.019692839551717300e-01 6.724990419577807632e-01
9.043937825523317153e-01 3.917141396743924475e-01
9.101408917382359798e-01 6.736073053286720791e-01
9.069045050889253945e-01 3.916666666666666630e-01
9.124228473699186326e-01 6.717473242276658096e-01
9.079383106753230459e-01 3.916666666666666630e-01
9.158981949393055766e-01 6.706712964621449613e-01
9.193389095761813623e-01 6.695801821149264255e-01
9.215155361462384898e-01 6.677176690970857420e-01
9.296249965410680050e-01 6.683155096058422950e-01
9.304990602824837476e-01 6.652819167744988826e-01
9.385645054411143606e-01 6.659618303179740684e-01
9.407800557068548564e-01 6.642878789221867697e-01
9.443524490166455010e-01 6.635572976898401754e-01
9.481829898101277188e-01 6.631587586831301229e-01
9.520909878363017498e-01 6.628605686943046527e-01
9.560144646000989788e-01 6.625833161175250785e-01
9.599428694354719127e-01 6.623195722873788105e-01
9.638447491961996683e-01 6.620343253831378894e-01
9.673707664543762519e-01 6.617976154899224417e-01
9.710605086204595615e-01 6.612904210574924724e-01
9.740816141469403888e-01 6.606271080905571358e-01
9.755498347990214647e-01 6.591624681837856548e-01
9.807122287489473678e-01 6.582974741072878944e-01
9.877324808209668738e-01 6.566557282271484608e-01
9.870675540603697229e-01 6.538886076518489743e-01
9.905350522175431216e-01 6.531524314545095189e-01
9.938516472466289997e-01 6.512560237509509298e-01
