0.000000000000000000e+00 5.551020408163265252e-01
0.000000000000000000e+00 5.591836734693877986e-01
0.000000000000000000e+00 5.632653061224489610e-01
0.000000000000000000e+00 5.673469387755102344e-01
1.626016260162601798e-02 5.591836734693877986e-01
2.032520325203251987e-02 5.591836734693877986e-01
2.439024390243902524e-02 5.591836734693877986e-01
2.439024390243902524e-02 7.591836734693877542e-01
2.845528455284552713e-02 5.632653061224489610e-01
2.845528455284552713e-02 7.591836734693877542e-01
3.252032520325203596e-02 5.632653061224489610e-01
3.252032520325203596e-02 7.591836734693877542e-01
3.658536585365853439e-02 5.632653061224489610e-01
3.658536585365853439e-02 7.591836734693877542e-01
4.065040650406503975e-02 5.673469387755102344e-01
4.065040650406503975e-02 7.591836734693877542e-01
4.471544715447154511e-02 5.673469387755102344e-01
4.471544715447154511e-02 7.551020408163264808e-01
4.878048780487805047e-02 5.673469387755102344e-01
4.878048780487805047e-02 7.551020408163264808e-01
5.284552845528455584e-02 5.673469387755102344e-01
5.284552845528455584e-02 7.551020408163264808e-01
5.691056910569105426e-02 5.673469387755102344e-01
5.691056910569105426e-02 7.551020408163264808e-01
6.097560975609755962e-02 5.673469387755102344e-01
6.097560975609755962e-02 7.551020408163264808e-01
6.504065040650407192e-02 5.673469387755102344e-01
6.504065040650407192e-02 7.591836734693877542e-01
6.910569105691057035e-02 5.632653061224489610e-01
6.910569105691057035e-02 7.591836734693877542e-01
7.317073170731706877e-02 5.632653061224489610e-01
7.317073170731706877e-02 7.591836734693877542e-01
7.723577235772358107e-02 5.673469387755102344e-01
7.723577235772358107e-02 7.591836734693877542e-01
8.130081300813007950e-02 5.673469387755102344e-01
8.130081300813007950e-02 7.591836734693877542e-01
8.536585365853659180e-02 5.673469387755102344e-01
8.536585365853659180e-02 7.591836734693877542e-01
8.943089430894309022e-02 5.673469387755102344e-01
8.943089430894309022e-02 7.591836734693877542e-01
9.349593495934958864e-02 5.673469387755102344e-01
9.349593495934958864e-02 7.591836734693877542e-01
9.756097560975610095e-02 5.673469387755102344e-01
9.756097560975610095e-02 7.591836734693877542e-01
1.016260162601625994e-01 5.673469387755102344e-01
1.016260162601625994e-01 7.591836734693877542e-01
1.056910569105691117e-01 5.673469387755102344e-01
1.056910569105691117e-01 7.591836734693877542e-01
1.097560975609756101e-01 5.714285714285713969e-01
1.097560975609756101e-01 7.591836734693877542e-01
1.138211382113821085e-01 5.714285714285713969e-01
1.138211382113821085e-01 7.591836734693877542e-01
1.178861788617886208e-01 5.755102040816326703e-01
1.178861788617886208e-01 7.591836734693877542e-01
1.219512195121951192e-01 5.755102040816326703e-01
1.219512195121951192e-01 7.591836734693877542e-01
1.260162601626016177e-01 5.755102040816326703e-01
1.260162601626016177e-01 7.591836734693877542e-01
1.300813008130081438e-01 5.755102040816326703e-01
1.300813008130081438e-01 7.591836734693877542e-01
1.341463414634146423e-01 5.755102040816326703e-01
1.341463414634146423e-01 7.591836734693877542e-01
1.382113821138211407e-01 5.755102040816326703e-01
1.382113821138211407e-01 7.591836734693877542e-01
1.422764227642276391e-01 5.755102040816326703e-01
1.422764227642276391e-01 7.591836734693877542e-01
1.463414634146341375e-01 5.755102040816326703e-01
1.463414634146341375e-01 7.591836734693877542e-01
1.504065040650406637e-01 5.755102040816326703e-01
1.504065040650406637e-01 7.591836734693877542e-01
1.544715447154471621e-01 5.795918367346938327e-01
1.544715447154471621e-01 7.591836734693877542e-01
1.585365853658536606e-01 5.795918367346938327e-01
1.585365853658536606e-01 7.591836734693877542e-01
1.626016260162601590e-01 5.795918367346938327e-01
1.626016260162601590e-01 7.591836734693877542e-01
1.666666666666666574e-01 5.836734693877551061e-01
1.666666666666666574e-01 7.551020408163264808e-01
1.707317073170731836e-01 5.877551020408163795e-01
1.707317073170731836e-01 7.551020408163264808e-01
1.747967479674796820e-01 3.428571428571428603e-01
1.747967479674796820e-01 5.877551020408163795e-01
1.747967479674796820e-01 7.551020408163264808e-01
1.788617886178861804e-01 3.428571428571428603e-01
1.788617886178861804e-01 5.918367346938775420e-01
1.788617886178861804e-01 7.551020408163264808e-01
1.829268292682926789e-01 3.469387755102040782e-01
1.829268292682926789e-01 5.918367346938775420e-01
1.829268292682926789e-01 7.551020408163264808e-01
1.869918699186991773e-01 3.469387755102040782e-01
1.869918699186991773e-01 5.959183673469388154e-01
1.869918699186991773e-01 7.551020408163264808e-01
1.910569105691057035e-01 3.510204081632652962e-01
1.910569105691057035e-01 5.959183673469388154e-01
1.910569105691057035e-01 7.551020408163264808e-01
1.951219512195122019e-01 3.510204081632652962e-01
1.951219512195122019e-01 5.959183673469388154e-01
1.951219512195122019e-01 7.551020408163264808e-01
1.991869918699187003e-01 3.510204081632652962e-01
1.991869918699187003e-01 5.999999999999999778e-01
1.991869918699187003e-01 7.551020408163264808e-01
2.032520325203251987e-01 3.510204081632652962e-01
2.032520325203251987e-01 5.999999999999999778e-01
2.032520325203251987e-01 7.551020408163264808e-01
2.073170731707316972e-01 3.510204081632652962e-01
2.073170731707316972e-01 6.040816326530612512e-01
2.073170731707316972e-01 7.591836734693877542e-01
2.113821138211382233e-01 3.510204081632652962e-01
2.113821138211382233e-01 6.040816326530612512e-01
2.113821138211382233e-01 7.551020408163264808e-01
2.154471544715447218e-01 3.551020408163265141e-01
2.154471544715447218e-01 6.040816326530612512e-01
2.154471544715447218e-01 7.551020408163264808e-01
2.195121951219512202e-01 3.551020408163265141e-01
2.195121951219512202e-01 6.081632653061224136e-01
2.195121951219512202e-01 7.591836734693877542e-01
2.235772357723577186e-01 3.591836734693877320e-01
2.235772357723577186e-01 6.081632653061224136e-01
2.235772357723577186e-01 7.591836734693877542e-01
2.276422764227642170e-01 3.591836734693877320e-01
2.276422764227642170e-01 6.081632653061224136e-01
2.276422764227642170e-01 7.591836734693877542e-01
2.317073170731707432e-01 3.591836734693877320e-01
2.317073170731707432e-01 6.081632653061224136e-01
2.317073170731707432e-01 7.551020408163264808e-01
2.357723577235772416e-01 3.632653061224490054e-01
2.357723577235772416e-01 6.081632653061224136e-01
2.357723577235772416e-01 7.551020408163264808e-01
2.398373983739837401e-01 3.673469387755102233e-01
2.398373983739837401e-01 6.122448979591836871e-01
2.398373983739837401e-01 7.551020408163264808e-01
2.439024390243902385e-01 3.673469387755102233e-01
2.439024390243902385e-01 6.122448979591836871e-01
2.439024390243902385e-01 7.551020408163264808e-01
2.479674796747967369e-01 3.673469387755102233e-01
2.479674796747967369e-01 6.122448979591836871e-01
2.479674796747967369e-01 7.551020408163264808e-01
2.520325203252032353e-01 1.591836734693877486e-01
2.520325203252032353e-01 3.714285714285714413e-01
2.520325203252032353e-01 6.122448979591836871e-01
2.520325203252032353e-01 7.551020408163264808e-01
2.560975609756097615e-01 1.632653061224489666e-01
2.560975609756097615e-01 3.714285714285714413e-01
2.560975609756097615e-01 6.122448979591836871e-01
2.560975609756097615e-01 7.142857142857143016e-01
2.560975609756097615e-01 7.183673469387754640e-01
2.560975609756097615e-01 7.551020408163264808e-01
2.601626016260162877e-01 1.673469387755102122e-01
2.601626016260162877e-01 3.714285714285714413e-01
2.601626016260162877e-01 6.122448979591836871e-01
2.601626016260162877e-01 7.551020408163264808e-01
2.642276422764227584e-01 1.673469387755102122e-01
2.642276422764227584e-01 3.755102040816326592e-01
2.642276422764227584e-01 6.122448979591836871e-01
2.642276422764227584e-01 7.551020408163264808e-01
2.682926829268292845e-01 1.673469387755102122e-01
2.682926829268292845e-01 3.795918367346938771e-01
2.682926829268292845e-01 6.122448979591836871e-01
2.682926829268292845e-01 7.551020408163264808e-01
2.723577235772357552e-01 1.714285714285714302e-01
2.723577235772357552e-01 3.795918367346938771e-01
2.723577235772357552e-01 6.122448979591836871e-01
2.723577235772357552e-01 7.551020408163264808e-01
2.764227642276422814e-01 1.755102040816326481e-01
2.764227642276422814e-01 3.795918367346938771e-01
2.764227642276422814e-01 6.122448979591836871e-01
2.764227642276422814e-01 7.551020408163264808e-01
2.804878048780488076e-01 1.795918367346938660e-01
2.804878048780488076e-01 3.836734693877550950e-01
2.804878048780488076e-01 6.122448979591836871e-01
2.804878048780488076e-01 7.551020408163264808e-01
2.845528455284552782e-01 1.795918367346938660e-01
2.845528455284552782e-01 3.836734693877550950e-01
2.845528455284552782e-01 6.122448979591836871e-01
2.845528455284552782e-01 7.551020408163264808e-01
2.886178861788618044e-01 1.795918367346938660e-01
2.886178861788618044e-01 3.877551020408163129e-01
2.886178861788618044e-01 6.122448979591836871e-01
2.886178861788618044e-01 7.551020408163264808e-01
2.926829268292682751e-01 1.795918367346938660e-01
2.926829268292682751e-01 3.877551020408163129e-01
2.926829268292682751e-01 6.122448979591836871e-01
2.926829268292682751e-01 7.551020408163264808e-01
2.967479674796748013e-01 1.836734693877551117e-01
2.967479674796748013e-01 3.918367346938775309e-01
2.967479674796748013e-01 6.122448979591836871e-01
2.967479674796748013e-01 7.591836734693877542e-01
2.967479674796748013e-01 7.918367346938774975e-01
2.967479674796748013e-01 7.959183673469387710e-01
3.008130081300813274e-01 1.877551020408163296e-01
3.008130081300813274e-01 3.959183673469387488e-01
3.008130081300813274e-01 6.122448979591836871e-01
3.008130081300813274e-01 7.591836734693877542e-01
3.008130081300813274e-01 7.877551020408163351e-01
3.048780487804877981e-01 1.918367346938775475e-01
3.048780487804877981e-01 3.959183673469387488e-01
3.048780487804877981e-01 6.122448979591836871e-01
3.048780487804877981e-01 7.591836734693877542e-01
3.048780487804877981e-01 7.795918367346938993e-01
3.048780487804877981e-01 7.836734693877550617e-01
3.089430894308943243e-01 1.918367346938775475e-01
3.089430894308943243e-01 4.000000000000000222e-01
3.089430894308943243e-01 6.122448979591836871e-01
3.089430894308943243e-01 6.530612244897958663e-01
3.089430894308943243e-01 7.632653061224490276e-01
3.089430894308943243e-01 7.673469387755101900e-01
3.089430894308943243e-01 7.714285714285714635e-01
3.089430894308943243e-01 7.755102040816326259e-01
3.130081300813007950e-01 1.959183673469387654e-01
3.130081300813007950e-01 4.000000000000000222e-01
3.130081300813007950e-01 6.122448979591836871e-01
3.130081300813007950e-01 6.530612244897958663e-01
3.130081300813007950e-01 7.591836734693877542e-01
3.130081300813007950e-01 7.632653061224490276e-01
3.130081300813007950e-01 7.673469387755101900e-01
3.170731707317073211e-01 2.000000000000000111e-01
3.170731707317073211e-01 4.000000000000000222e-01
3.170731707317073211e-01 6.122448979591836871e-01
3.170731707317073211e-01 6.530612244897958663e-01
3.170731707317073211e-01 7.346938775510204467e-01
3.170731707317073211e-01 7.387755102040816091e-01
3.170731707317073211e-01 7.428571428571428825e-01
3.170731707317073211e-01 7.469387755102040449e-01
3.170731707317073211e-01 7.510204081632653184e-01
3.170731707317073211e-01 7.551020408163264808e-01
3.170731707317073211e-01 7.673469387755101900e-01
3.211382113821138473e-01 2.040816326530612290e-01
3.211382113821138473e-01 4.040816326530612401e-01
3.211382113821138473e-01 6.122448979591836871e-01
3.211382113821138473e-01 6.489795918367347038e-01
3.211382113821138473e-01 7.306122448979591733e-01
3.211382113821138473e-01 7.673469387755101900e-01
3.252032520325203180e-01 2.081632653061224469e-01
3.252032520325203180e-01 4.081632653061224580e-01
3.252032520325203180e-01 6.081632653061224136e-01
3.252032520325203180e-01 6.489795918367347038e-01
3.252032520325203180e-01 7.265306122448980108e-01
3.252032520325203180e-01 7.673469387755101900e-01
3.292682926829268442e-01 2.122448979591836649e-01
3.292682926829268442e-01 4.081632653061224580e-01
3.292682926829268442e-01 6.040816326530612512e-01
3.292682926829268442e-01 6.489795918367347038e-01
3.292682926829268442e-01 7.265306122448980108e-01
3.292682926829268442e-01 7.673469387755101900e-01
3.333333333333333148e-01 2.163265306122449105e-01
3.333333333333333148e-01 4.122448979591836760e-01
3.333333333333333148e-01 6.040816326530612512e-01
3.333333333333333148e-01 6.489795918367347038e-01
3.333333333333333148e-01 7.265306122448980108e-01
3.373983739837398410e-01 2.204081632653061285e-01
3.373983739837398410e-01 4.163265306122448939e-01
3.373983739837398410e-01 5.918367346938775420e-01
3.373983739837398410e-01 5.959183673469388154e-01
3.373983739837398410e-01 5.999999999999999778e-01
3.373983739837398410e-01 6.040816326530612512e-01
3.373983739837398410e-01 6.081632653061224136e-01
3.373983739837398410e-01 6.489795918367347038e-01
3.373983739837398410e-01 7.265306122448980108e-01
3.414634146341463672e-01 2.204081632653061285e-01
3.414634146341463672e-01 4.204081632653061118e-01
3.414634146341463672e-01 5.795918367346938327e-01
3.414634146341463672e-01 5.836734693877551061e-01
3.414634146341463672e-01 5.877551020408163795e-01
3.414634146341463672e-01 6.122448979591836871e-01
3.414634146341463672e-01 6.489795918367347038e-01
3.414634146341463672e-01 7.265306122448980108e-01
3.455284552845528379e-01 2.244897959183673464e-01
3.455284552845528379e-01 4.204081632653061118e-01
3.455284552845528379e-01 5.714285714285713969e-01
3.455284552845528379e-01 5.755102040816326703e-01
3.455284552845528379e-01 6.163265306122448495e-01
3.455284552845528379e-01 6.489795918367347038e-01
3.455284552845528379e-01 7.265306122448980108e-01
3.495934959349593640e-01 2.285714285714285643e-01
3.495934959349593640e-01 4.244897959183673297e-01
3.495934959349593640e-01 5.632653061224489610e-01
3.495934959349593640e-01 5.673469387755102344e-01
3.495934959349593640e-01 6.204081632653061229e-01
3.495934959349593640e-01 6.489795918367347038e-01
3.495934959349593640e-01 7.265306122448980108e-01
3.536585365853658347e-01 2.285714285714285643e-01
3.536585365853658347e-01 4.244897959183673297e-01
3.536585365853658347e-01 6.244897959183673963e-01
3.536585365853658347e-01 6.285714285714285587e-01
3.536585365853658347e-01 6.326530612244898322e-01
3.536585365853658347e-01 6.367346938775509946e-01
3.536585365853658347e-01 6.408163265306122680e-01
3.536585365853658347e-01 6.448979591836734304e-01
3.536585365853658347e-01 6.489795918367347038e-01
3.536585365853658347e-01 7.265306122448980108e-01
3.577235772357723609e-01 2.285714285714285643e-01
3.577235772357723609e-01 4.244897959183673297e-01
3.577235772357723609e-01 6.489795918367347038e-01
3.577235772357723609e-01 7.265306122448980108e-01
3.617886178861788871e-01 2.326530612244897822e-01
3.617886178861788871e-01 4.244897959183673297e-01
3.617886178861788871e-01 6.489795918367347038e-01
3.617886178861788871e-01 7.265306122448980108e-01
3.658536585365853577e-01 2.326530612244897822e-01
3.658536585365853577e-01 4.244897959183673297e-01
3.658536585365853577e-01 6.489795918367347038e-01
3.658536585365853577e-01 7.265306122448980108e-01
3.699186991869918839e-01 2.367346938775510279e-01
3.699186991869918839e-01 4.244897959183673297e-01
3.699186991869918839e-01 6.489795918367347038e-01
3.699186991869918839e-01 7.265306122448980108e-01
3.699186991869918839e-01 8.163265306122449161e-01
3.739837398373983546e-01 2.408163265306122458e-01
3.739837398373983546e-01 4.244897959183673297e-01
3.739837398373983546e-01 6.489795918367347038e-01
3.739837398373983546e-01 7.265306122448980108e-01
3.739837398373983546e-01 8.163265306122449161e-01
3.780487804878048808e-01 2.408163265306122458e-01
3.780487804878048808e-01 6.489795918367347038e-01
3.780487804878048808e-01 7.306122448979591733e-01
3.780487804878048808e-01 8.122448979591836427e-01
3.821138211382114069e-01 2.448979591836734637e-01
3.821138211382114069e-01 6.489795918367347038e-01
3.821138211382114069e-01 7.306122448979591733e-01
3.821138211382114069e-01 8.122448979591836427e-01
3.861788617886178776e-01 2.448979591836734637e-01
3.861788617886178776e-01 3.877551020408163129e-01
3.861788617886178776e-01 3.918367346938775309e-01
3.861788617886178776e-01 6.489795918367347038e-01
3.861788617886178776e-01 7.306122448979591733e-01
3.861788617886178776e-01 8.081632653061224802e-01
3.902439024390244038e-01 2.448979591836734637e-01
3.902439024390244038e-01 3.959183673469387488e-01
3.902439024390244038e-01 5.020408163265306367e-01
3.902439024390244038e-01 6.489795918367347038e-01
3.902439024390244038e-01 7.306122448979591733e-01
3.902439024390244038e-01 8.040816326530612068e-01
3.943089430894308745e-01 2.448979591836734637e-01
3.943089430894308745e-01 4.000000000000000222e-01
3.943089430894308745e-01 4.979591836734693633e-01
3.943089430894308745e-01 6.489795918367347038e-01
3.943089430894308745e-01 7.306122448979591733e-01
3.943089430894308745e-01 8.040816326530612068e-01
3.983739837398374006e-01 2.448979591836734637e-01
3.983739837398374006e-01 4.040816326530612401e-01
3.983739837398374006e-01 4.979591836734693633e-01
3.983739837398374006e-01 6.448979591836734304e-01
3.983739837398374006e-01 7.346938775510204467e-01
3.983739837398374006e-01 7.387755102040816091e-01
3.983739837398374006e-01 7.428571428571428825e-01
3.983739837398374006e-01 8.040816326530612068e-01
4.024390243902439268e-01 2.489795918367346816e-01
4.024390243902439268e-01 4.081632653061224580e-01
4.024390243902439268e-01 4.938775510204081454e-01
4.024390243902439268e-01 6.448979591836734304e-01
4.024390243902439268e-01 7.469387755102040449e-01
4.024390243902439268e-01 7.510204081632653184e-01
4.024390243902439268e-01 8.000000000000000444e-01
4.065040650406503975e-01 2.489795918367346816e-01
4.065040650406503975e-01 4.122448979591836760e-01
4.065040650406503975e-01 4.897959183673469274e-01
4.065040650406503975e-01 6.448979591836734304e-01
4.065040650406503975e-01 7.551020408163264808e-01
4.065040650406503975e-01 8.000000000000000444e-01
4.105691056910569237e-01 2.530612244897958996e-01
4.105691056910569237e-01 4.163265306122448939e-01
4.105691056910569237e-01 4.204081632653061118e-01
4.105691056910569237e-01 4.897959183673469274e-01
4.105691056910569237e-01 6.448979591836734304e-01
4.105691056910569237e-01 7.591836734693877542e-01
4.105691056910569237e-01 8.000000000000000444e-01
4.146341463414633943e-01 2.530612244897958996e-01
4.146341463414633943e-01 4.244897959183673297e-01
4.146341463414633943e-01 4.285714285714285476e-01
4.146341463414633943e-01 4.897959183673469274e-01
4.146341463414633943e-01 6.448979591836734304e-01
4.146341463414633943e-01 7.591836734693877542e-01
4.146341463414633943e-01 8.000000000000000444e-01
4.186991869918699205e-01 2.571428571428571175e-01
4.186991869918699205e-01 4.326530612244898211e-01
4.186991869918699205e-01 4.367346938775510390e-01
4.186991869918699205e-01 4.857142857142857095e-01
4.186991869918699205e-01 6.448979591836734304e-01
4.186991869918699205e-01 7.632653061224490276e-01
4.186991869918699205e-01 8.000000000000000444e-01
4.227642276422764467e-01 2.571428571428571175e-01
4.227642276422764467e-01 3.183673469387754973e-01
4.227642276422764467e-01 3.224489795918367152e-01
4.227642276422764467e-01 4.408163265306122569e-01
4.227642276422764467e-01 4.816326530612244916e-01
4.227642276422764467e-01 6.448979591836734304e-01
4.227642276422764467e-01 7.632653061224490276e-01
4.227642276422764467e-01 7.959183673469387710e-01
4.268292682926829174e-01 2.612244897959183909e-01
4.268292682926829174e-01 4.448979591836734748e-01
4.268292682926829174e-01 4.775510204081632737e-01
4.268292682926829174e-01 6.448979591836734304e-01
4.268292682926829174e-01 7.673469387755101900e-01
4.268292682926829174e-01 7.959183673469387710e-01
4.268292682926829174e-01 8.775510204081632404e-01
4.308943089430894435e-01 2.612244897959183909e-01
4.308943089430894435e-01 3.061224489795918435e-01
4.308943089430894435e-01 4.489795918367346927e-01
4.308943089430894435e-01 4.530612244897959107e-01
4.308943089430894435e-01 4.734693877551020558e-01
4.308943089430894435e-01 6.408163265306122680e-01
4.308943089430894435e-01 7.673469387755101900e-01
4.308943089430894435e-01 7.959183673469387710e-01
4.308943089430894435e-01 8.816326530612245138e-01
4.349593495934959142e-01 2.653061224489796088e-01
4.349593495934959142e-01 4.571428571428571286e-01
4.349593495934959142e-01 4.612244897959183465e-01
4.349593495934959142e-01 4.653061224489795644e-01
4.349593495934959142e-01 4.693877551020408379e-01
4.349593495934959142e-01 5.999999999999999778e-01
4.349593495934959142e-01 6.040816326530612512e-01
4.349593495934959142e-01 6.081632653061224136e-01
4.349593495934959142e-01 6.408163265306122680e-01
4.349593495934959142e-01 7.673469387755101900e-01
4.349593495934959142e-01 7.959183673469387710e-01
4.390243902439024404e-01 2.653061224489796088e-01
4.390243902439024404e-01 4.612244897959183465e-01
4.390243902439024404e-01 4.653061224489795644e-01
4.390243902439024404e-01 6.122448979591836871e-01
4.390243902439024404e-01 6.163265306122448495e-01
4.390243902439024404e-01 6.204081632653061229e-01
4.390243902439024404e-01 6.244897959183673963e-01
4.390243902439024404e-01 6.408163265306122680e-01
4.390243902439024404e-01 7.714285714285714635e-01
4.390243902439024404e-01 7.755102040816326259e-01
4.390243902439024404e-01 7.959183673469387710e-01
4.430894308943089666e-01 2.693877551020408267e-01
4.430894308943089666e-01 2.938775510204081898e-01
4.430894308943089666e-01 4.612244897959183465e-01
4.430894308943089666e-01 4.693877551020408379e-01
4.430894308943089666e-01 6.285714285714285587e-01
4.430894308943089666e-01 6.326530612244898322e-01
4.430894308943089666e-01 6.367346938775509946e-01
4.430894308943089666e-01 7.795918367346938993e-01
4.430894308943089666e-01 7.959183673469387710e-01
4.471544715447154372e-01 2.693877551020408267e-01
4.471544715447154372e-01 4.612244897959183465e-01
4.471544715447154372e-01 4.734693877551020558e-01
4.471544715447154372e-01 6.367346938775509946e-01
4.471544715447154372e-01 7.836734693877550617e-01
4.471544715447154372e-01 7.959183673469387710e-01
4.512195121951219634e-01 2.693877551020408267e-01
4.512195121951219634e-01 4.612244897959183465e-01
4.512195121951219634e-01 4.775510204081632737e-01
4.512195121951219634e-01 4.816326530612244916e-01
4.512195121951219634e-01 6.367346938775509946e-01
4.512195121951219634e-01 7.877551020408163351e-01
4.512195121951219634e-01 7.918367346938774975e-01
4.512195121951219634e-01 7.959183673469387710e-01
4.512195121951219634e-01 8.000000000000000444e-01
4.552845528455284341e-01 2.693877551020408267e-01
4.552845528455284341e-01 4.612244897959183465e-01
4.552845528455284341e-01 6.367346938775509946e-01
4.552845528455284341e-01 7.918367346938774975e-01
4.552845528455284341e-01 8.000000000000000444e-01
4.552845528455284341e-01 8.040816326530612068e-01
4.552845528455284341e-01 8.081632653061224802e-01
4.552845528455284341e-01 8.122448979591836427e-01
4.552845528455284341e-01 8.163265306122449161e-01
4.552845528455284341e-01 8.204081632653060785e-01
4.552845528455284341e-01 8.244897959183673519e-01
4.552845528455284341e-01 8.285714285714286254e-01
4.552845528455284341e-01 8.326530612244897878e-01
4.552845528455284341e-01 8.367346938775510612e-01
4.552845528455284341e-01 8.408163265306122236e-01
4.552845528455284341e-01 8.448979591836734970e-01
4.552845528455284341e-01 8.489795918367346594e-01
4.552845528455284341e-01 8.530612244897959329e-01
4.552845528455284341e-01 8.571428571428570953e-01
4.552845528455284341e-01 8.612244897959183687e-01
4.552845528455284341e-01 8.653061224489796421e-01
4.552845528455284341e-01 8.693877551020408045e-01
4.552845528455284341e-01 8.734693877551020780e-01
4.552845528455284341e-01 8.775510204081632404e-01
4.552845528455284341e-01 8.816326530612245138e-01
4.552845528455284341e-01 8.857142857142856762e-01
4.552845528455284341e-01 8.897959183673469497e-01
4.552845528455284341e-01 8.938775510204081121e-01
4.552845528455284341e-01 1.000000000000000000e+00
4.593495934959349603e-01 2.693877551020408267e-01
4.593495934959349603e-01 4.612244897959183465e-01
4.593495934959349603e-01 6.367346938775509946e-01
4.593495934959349603e-01 7.836734693877550617e-01
4.593495934959349603e-01 7.877551020408163351e-01
4.593495934959349603e-01 7.918367346938774975e-01
4.593495934959349603e-01 7.959183673469387710e-01
4.593495934959349603e-01 8.979591836734693855e-01
4.593495934959349603e-01 9.020408163265306589e-01
4.593495934959349603e-01 9.061224489795918213e-01
4.593495934959349603e-01 9.102040816326530948e-01
4.593495934959349603e-01 9.142857142857142572e-01
4.593495934959349603e-01 9.183673469387755306e-01
4.593495934959349603e-01 9.224489795918366930e-01
4.593495934959349603e-01 9.265306122448979664e-01
4.593495934959349603e-01 9.306122448979591288e-01
4.593495934959349603e-01 9.346938775510204023e-01
4.593495934959349603e-01 9.387755102040816757e-01
4.593495934959349603e-01 9.428571428571428381e-01
4.593495934959349603e-01 9.469387755102041115e-01
4.593495934959349603e-01 9.510204081632652739e-01
4.593495934959349603e-01 9.551020408163265474e-01
4.593495934959349603e-01 9.591836734693877098e-01
4.593495934959349603e-01 9.632653061224489832e-01
4.593495934959349603e-01 9.673469387755102566e-01
4.593495934959349603e-01 9.714285714285714191e-01
4.593495934959349603e-01 9.755102040816326925e-01
4.593495934959349603e-01 9.795918367346938549e-01
4.593495934959349603e-01 9.836734693877551283e-01
4.593495934959349603e-01 9.877551020408162907e-01
4.593495934959349603e-01 9.918367346938775642e-01
4.593495934959349603e-01 9.959183673469387266e-01
4.634146341463414864e-01 2.693877551020408267e-01
4.634146341463414864e-01 4.612244897959183465e-01
4.634146341463414864e-01 6.326530612244898322e-01
4.634146341463414864e-01 6.367346938775509946e-01
4.634146341463414864e-01 6.408163265306122680e-01
4.634146341463414864e-01 6.448979591836734304e-01
4.634146341463414864e-01 6.489795918367347038e-01
4.634146341463414864e-01 7.795918367346938993e-01
4.634146341463414864e-01 9.428571428571428381e-01
4.674796747967479571e-01 2.734693877551020447e-01
4.674796747967479571e-01 4.612244897959183465e-01
4.674796747967479571e-01 6.285714285714285587e-01
4.674796747967479571e-01 6.530612244897958663e-01
4.674796747967479571e-01 6.571428571428571397e-01
4.674796747967479571e-01 7.795918367346938993e-01
4.674796747967479571e-01 9.428571428571428381e-01
4.715447154471544833e-01 1.306122448979591955e-01
4.715447154471544833e-01 1.346938775510204134e-01
4.715447154471544833e-01 1.387755102040816313e-01
4.715447154471544833e-01 1.428571428571428492e-01
4.715447154471544833e-01 1.469387755102040949e-01
4.715447154471544833e-01 1.510204081632653128e-01
4.715447154471544833e-01 1.551020408163265307e-01
4.715447154471544833e-01 1.591836734693877486e-01
4.715447154471544833e-01 1.632653061224489666e-01
4.715447154471544833e-01 1.673469387755102122e-01
4.715447154471544833e-01 2.775510204081632626e-01
4.715447154471544833e-01 4.612244897959183465e-01
4.715447154471544833e-01 5.877551020408163795e-01
4.715447154471544833e-01 5.918367346938775420e-01
4.715447154471544833e-01 5.959183673469388154e-01
4.715447154471544833e-01 5.999999999999999778e-01
4.715447154471544833e-01 6.040816326530612512e-01
4.715447154471544833e-01 6.081632653061224136e-01
4.715447154471544833e-01 6.122448979591836871e-01
4.715447154471544833e-01 6.163265306122448495e-01
4.715447154471544833e-01 6.204081632653061229e-01
4.715447154471544833e-01 6.244897959183673963e-01
4.715447154471544833e-01 6.612244897959184131e-01
4.715447154471544833e-01 6.653061224489795755e-01
4.715447154471544833e-01 6.693877551020408490e-01
4.715447154471544833e-01 6.734693877551020114e-01
4.715447154471544833e-01 6.775510204081632848e-01
4.715447154471544833e-01 6.816326530612244472e-01
4.715447154471544833e-01 6.857142857142857206e-01
4.715447154471544833e-01 6.897959183673469941e-01
4.715447154471544833e-01 7.755102040816326259e-01
4.715447154471544833e-01 9.428571428571428381e-01
4.756097560975609539e-01 1.224489795918367319e-01
4.756097560975609539e-01 1.265306122448979498e-01
4.756097560975609539e-01 1.714285714285714302e-01
4.756097560975609539e-01 1.755102040816326481e-01
4.756097560975609539e-01 1.795918367346938660e-01
4.756097560975609539e-01 2.775510204081632626e-01
4.756097560975609539e-01 4.612244897959183465e-01
4.756097560975609539e-01 5.551020408163265252e-01
4.756097560975609539e-01 5.591836734693877986e-01
4.756097560975609539e-01 5.632653061224489610e-01
4.756097560975609539e-01 5.673469387755102344e-01
4.756097560975609539e-01 5.714285714285713969e-01
4.756097560975609539e-01 5.755102040816326703e-01
4.756097560975609539e-01 5.795918367346938327e-01
4.756097560975609539e-01 5.836734693877551061e-01
4.756097560975609539e-01 6.938775510204081565e-01
4.756097560975609539e-01 6.979591836734694299e-01
4.756097560975609539e-01 7.020408163265305923e-01
4.756097560975609539e-01 7.061224489795918657e-01
4.756097560975609539e-01 7.102040816326530281e-01
4.756097560975609539e-01 7.142857142857143016e-01
4.756097560975609539e-01 7.183673469387754640e-01
4.756097560975609539e-01 7.224489795918367374e-01
4.756097560975609539e-01 7.265306122448980108e-01
4.756097560975609539e-01 7.306122448979591733e-01
4.756097560975609539e-01 7.346938775510204467e-01
4.756097560975609539e-01 7.387755102040816091e-01
4.756097560975609539e-01 7.428571428571428825e-01
4.756097560975609539e-01 7.469387755102040449e-01
4.756097560975609539e-01 7.510204081632653184e-01
4.756097560975609539e-01 7.551020408163264808e-01
4.756097560975609539e-01 7.591836734693877542e-01
4.756097560975609539e-01 7.632653061224490276e-01
4.756097560975609539e-01 7.673469387755101900e-01
4.756097560975609539e-01 7.714285714285714635e-01
4.756097560975609539e-01 9.428571428571428381e-01
4.796747967479674801e-01 9.387755102040816479e-02
4.796747967479674801e-01 9.795918367346938271e-02
4.796747967479674801e-01 1.020408163265306145e-01
4.796747967479674801e-01 1.061224489795918324e-01
4.796747967479674801e-01 1.102040816326530642e-01
4.796747967479674801e-01 1.142857142857142821e-01
4.796747967479674801e-01 1.183673469387755139e-01
4.796747967479674801e-01 1.836734693877551117e-01
4.796747967479674801e-01 1.877551020408163296e-01
4.796747967479674801e-01 1.918367346938775475e-01
4.796747967479674801e-01 1.959183673469387654e-01
4.796747967479674801e-01 2.775510204081632626e-01
4.796747967479674801e-01 4.081632653061224580e-01
4.796747967479674801e-01 4.122448979591836760e-01
4.796747967479674801e-01 4.163265306122448939e-01
4.796747967479674801e-01 4.204081632653061118e-01
4.796747967479674801e-01 4.244897959183673297e-01
4.796747967479674801e-01 4.285714285714285476e-01
4.796747967479674801e-01 4.326530612244898211e-01
4.796747967479674801e-01 4.367346938775510390e-01
4.796747967479674801e-01 4.408163265306122569e-01
4.796747967479674801e-01 4.448979591836734748e-01
4.796747967479674801e-01 4.489795918367346927e-01
4.796747967479674801e-01 4.530612244897959107e-01
4.796747967479674801e-01 4.571428571428571286e-01
4.796747967479674801e-01 4.612244897959183465e-01
4.796747967479674801e-01 4.653061224489795644e-01
4.796747967479674801e-01 4.693877551020408379e-01
4.796747967479674801e-01 4.734693877551020558e-01
4.796747967479674801e-01 4.775510204081632737e-01
4.796747967479674801e-01 4.816326530612244916e-01
4.796747967479674801e-01 4.857142857142857095e-01
4.796747967479674801e-01 5.387755102040816535e-01
4.796747967479674801e-01 5.428571428571428159e-01
4.796747967479674801e-01 5.469387755102040893e-01
4.796747967479674801e-01 5.510204081632652517e-01
4.796747967479674801e-01 7.387755102040816091e-01
4.796747967479674801e-01 9.428571428571428381e-01
4.837398373983740063e-01 6.938775510204081565e-02
4.837398373983740063e-01 7.346938775510204744e-02
4.837398373983740063e-01 7.755102040816326536e-02
4.837398373983740063e-01 8.163265306122448328e-02
4.837398373983740063e-01 8.571428571428571508e-02
4.837398373983740063e-01 8.979591836734693300e-02
4.837398373983740063e-01 2.000000000000000111e-01
4.837398373983740063e-01 2.040816326530612290e-01
4.837398373983740063e-01 2.081632653061224469e-01
4.837398373983740063e-01 2.122448979591836649e-01
4.837398373983740063e-01 2.163265306122449105e-01
4.837398373983740063e-01 2.204081632653061285e-01
4.837398373983740063e-01 2.734693877551020447e-01
4.837398373983740063e-01 2.775510204081632626e-01
4.837398373983740063e-01 2.816326530612244805e-01
4.837398373983740063e-01 3.755102040816326592e-01
4.837398373983740063e-01 3.795918367346938771e-01
4.837398373983740063e-01 3.836734693877550950e-01
4.837398373983740063e-01 3.877551020408163129e-01
4.837398373983740063e-01 3.918367346938775309e-01
4.837398373983740063e-01 3.959183673469387488e-01
4.837398373983740063e-01 4.000000000000000222e-01
4.837398373983740063e-01 4.040816326530612401e-01
4.837398373983740063e-01 4.897959183673469274e-01
4.837398373983740063e-01 4.938775510204081454e-01
4.837398373983740063e-01 4.979591836734693633e-01
4.837398373983740063e-01 5.020408163265306367e-01
4.837398373983740063e-01 5.061224489795917991e-01
4.837398373983740063e-01 5.102040816326530726e-01
4.837398373983740063e-01 5.142857142857142350e-01
4.837398373983740063e-01 5.183673469387755084e-01
4.837398373983740063e-01 5.224489795918367818e-01
4.837398373983740063e-01 5.265306122448979442e-01
4.837398373983740063e-01 5.306122448979592177e-01
4.837398373983740063e-01 5.346938775510203801e-01
4.837398373983740063e-01 7.387755102040816091e-01
4.837398373983740063e-01 9.428571428571428381e-01
4.878048780487804770e-01 0.000000000000000000e+00
4.878048780487804770e-01 1.224489795918367284e-02
4.878048780487804770e-01 1.632653061224489943e-02
4.878048780487804770e-01 2.040816326530612082e-02
4.878048780487804770e-01 2.448979591836734568e-02
4.878048780487804770e-01 2.857142857142857054e-02
4.878048780487804770e-01 3.265306122448979886e-02
4.878048780487804770e-01 3.673469387755102372e-02
4.878048780487804770e-01 4.081632653061224164e-02
4.878048780487804770e-01 4.489795918367346650e-02
4.878048780487804770e-01 4.897959183673469136e-02
4.878048780487804770e-01 5.306122448979591621e-02
4.878048780487804770e-01 5.714285714285714107e-02
4.878048780487804770e-01 6.122448979591836593e-02
4.878048780487804770e-01 6.530612244897959773e-02
4.878048780487804770e-01 2.244897959183673464e-01
4.878048780487804770e-01 2.285714285714285643e-01
4.878048780487804770e-01 2.326530612244897822e-01
4.878048780487804770e-01 2.367346938775510279e-01
4.878048780487804770e-01 2.408163265306122458e-01
4.878048780487804770e-01 2.448979591836734637e-01
4.878048780487804770e-01 2.489795918367346816e-01
4.878048780487804770e-01 2.530612244897958996e-01
4.878048780487804770e-01 2.571428571428571175e-01
4.878048780487804770e-01 2.612244897959183909e-01
4.878048780487804770e-01 2.653061224489796088e-01
4.878048780487804770e-01 2.693877551020408267e-01
4.878048780487804770e-01 2.857142857142856984e-01
4.878048780487804770e-01 2.897959183673469163e-01
4.878048780487804770e-01 2.938775510204081898e-01
4.878048780487804770e-01 2.979591836734694077e-01
4.878048780487804770e-01 3.020408163265306256e-01
4.878048780487804770e-01 3.061224489795918435e-01
4.878048780487804770e-01 3.102040816326530615e-01
4.878048780487804770e-01 3.142857142857142794e-01
4.878048780487804770e-01 3.183673469387754973e-01
4.878048780487804770e-01 3.224489795918367152e-01
4.878048780487804770e-01 3.265306122448979331e-01
4.878048780487804770e-01 3.306122448979592066e-01
4.878048780487804770e-01 3.346938775510204245e-01
4.878048780487804770e-01 3.387755102040816424e-01
4.878048780487804770e-01 3.428571428571428603e-01
4.878048780487804770e-01 3.551020408163265141e-01
4.878048780487804770e-01 3.591836734693877320e-01
4.878048780487804770e-01 3.632653061224490054e-01
4.878048780487804770e-01 3.673469387755102233e-01
4.878048780487804770e-01 3.714285714285714413e-01
4.878048780487804770e-01 5.346938775510203801e-01
4.878048780487804770e-01 7.387755102040816091e-01
4.878048780487804770e-01 9.428571428571428381e-01
4.918699186991870032e-01 4.081632653061224858e-03
4.918699186991870032e-01 8.163265306122449716e-03
4.918699186991870032e-01 3.469387755102040782e-01
4.918699186991870032e-01 3.510204081632652962e-01
4.918699186991870032e-01 3.632653061224490054e-01
4.918699186991870032e-01 5.306122448979592177e-01
4.918699186991870032e-01 7.387755102040816091e-01
4.918699186991870032e-01 9.428571428571428381e-01
4.959349593495934738e-01 3.632653061224490054e-01
4.959349593495934738e-01 5.306122448979592177e-01
4.959349593495934738e-01 7.387755102040816091e-01
4.959349593495934738e-01 9.469387755102041115e-01
5.000000000000000000e-01 3.632653061224490054e-01
5.000000000000000000e-01 5.265306122448979442e-01
5.000000000000000000e-01 7.387755102040816091e-01
5.000000000000000000e-01 9.428571428571428381e-01
5.000000000000000000e-01 9.469387755102041115e-01
5.000000000000000000e-01 9.510204081632652739e-01
5.000000000000000000e-01 9.551020408163265474e-01
5.000000000000000000e-01 9.591836734693877098e-01
5.000000000000000000e-01 9.632653061224489832e-01
5.040650406504064707e-01 3.632653061224490054e-01
5.040650406504064707e-01 5.265306122448979442e-01
5.040650406504064707e-01 7.387755102040816091e-01
5.040650406504064707e-01 9.428571428571428381e-01
5.040650406504064707e-01 9.673469387755102566e-01
5.081300813008130524e-01 3.632653061224490054e-01
5.081300813008130524e-01 5.224489795918367818e-01
5.081300813008130524e-01 7.387755102040816091e-01
5.081300813008130524e-01 9.387755102040816757e-01
5.081300813008130524e-01 9.673469387755102566e-01
5.121951219512195230e-01 3.632653061224490054e-01
5.121951219512195230e-01 5.183673469387755084e-01
5.121951219512195230e-01 7.387755102040816091e-01
5.121951219512195230e-01 9.387755102040816757e-01
5.121951219512195230e-01 9.714285714285714191e-01
5.162601626016259937e-01 3.673469387755102233e-01
5.162601626016259937e-01 3.714285714285714413e-01
5.162601626016259937e-01 3.755102040816326592e-01
5.162601626016259937e-01 3.795918367346938771e-01
5.162601626016259937e-01 3.836734693877550950e-01
5.162601626016259937e-01 4.122448979591836760e-01
5.162601626016259937e-01 4.163265306122448939e-01
5.162601626016259937e-01 4.204081632653061118e-01
5.162601626016259937e-01 4.244897959183673297e-01
5.162601626016259937e-01 5.061224489795917991e-01
5.162601626016259937e-01 5.102040816326530726e-01
5.162601626016259937e-01 5.142857142857142350e-01
5.162601626016259937e-01 7.387755102040816091e-01
5.162601626016259937e-01 9.387755102040816757e-01
5.162601626016259937e-01 9.755102040816326925e-01
5.203252032520325754e-01 3.632653061224490054e-01
5.203252032520325754e-01 3.877551020408163129e-01
5.203252032520325754e-01 3.918367346938775309e-01
5.203252032520325754e-01 3.959183673469387488e-01
5.203252032520325754e-01 4.000000000000000222e-01
5.203252032520325754e-01 4.040816326530612401e-01
5.203252032520325754e-01 4.081632653061224580e-01
5.203252032520325754e-01 4.285714285714285476e-01
5.203252032520325754e-01 4.326530612244898211e-01
5.203252032520325754e-01 4.367346938775510390e-01
5.203252032520325754e-01 4.408163265306122569e-01
5.203252032520325754e-01 4.448979591836734748e-01
5.203252032520325754e-01 4.489795918367346927e-01
5.203252032520325754e-01 4.530612244897959107e-01
5.203252032520325754e-01 4.571428571428571286e-01
5.203252032520325754e-01 4.897959183673469274e-01
5.203252032520325754e-01 4.938775510204081454e-01
5.203252032520325754e-01 4.979591836734693633e-01
5.203252032520325754e-01 5.020408163265306367e-01
5.203252032520325754e-01 5.183673469387755084e-01
5.203252032520325754e-01 7.387755102040816091e-01
5.203252032520325754e-01 9.387755102040816757e-01
5.203252032520325754e-01 9.755102040816326925e-01
5.243902439024390461e-01 3.591836734693877320e-01
5.243902439024390461e-01 4.612244897959183465e-01
5.243902439024390461e-01 4.653061224489795644e-01
5.243902439024390461e-01 4.816326530612244916e-01
5.243902439024390461e-01 4.857142857142857095e-01
5.243902439024390461e-01 5.224489795918367818e-01
5.243902439024390461e-01 7.346938775510204467e-01
5.243902439024390461e-01 9.387755102040816757e-01
5.243902439024390461e-01 9.755102040816326925e-01
5.284552845528455167e-01 3.551020408163265141e-01
5.284552845528455167e-01 4.693877551020408379e-01
5.284552845528455167e-01 4.734693877551020558e-01
5.284552845528455167e-01 4.775510204081632737e-01
5.284552845528455167e-01 5.224489795918367818e-01
5.284552845528455167e-01 7.346938775510204467e-01
5.284552845528455167e-01 9.387755102040816757e-01
5.284552845528455167e-01 9.795918367346938549e-01
5.325203252032519874e-01 3.510204081632652962e-01
5.325203252032519874e-01 4.734693877551020558e-01
5.325203252032519874e-01 5.224489795918367818e-01
5.325203252032519874e-01 7.346938775510204467e-01
5.325203252032519874e-01 9.387755102040816757e-01
5.325203252032519874e-01 9.795918367346938549e-01
5.365853658536585691e-01 3.510204081632652962e-01
5.365853658536585691e-01 4.734693877551020558e-01
5.365853658536585691e-01 5.224489795918367818e-01
5.365853658536585691e-01 7.346938775510204467e-01
5.365853658536585691e-01 7.387755102040816091e-01
5.365853658536585691e-01 9.387755102040816757e-01
5.365853658536585691e-01 9.836734693877551283e-01
5.406504065040650397e-01 3.510204081632652962e-01
5.406504065040650397e-01 4.734693877551020558e-01
5.406504065040650397e-01 4.775510204081632737e-01
5.406504065040650397e-01 5.224489795918367818e-01
5.406504065040650397e-01 7.265306122448980108e-01
5.406504065040650397e-01 7.306122448979591733e-01
5.406504065040650397e-01 7.428571428571428825e-01
5.406504065040650397e-01 7.469387755102040449e-01
5.406504065040650397e-01 9.387755102040816757e-01
5.406504065040650397e-01 9.836734693877551283e-01
5.447154471544715104e-01 3.469387755102040782e-01
5.447154471544715104e-01 4.734693877551020558e-01
5.447154471544715104e-01 4.816326530612244916e-01
5.447154471544715104e-01 5.224489795918367818e-01
5.447154471544715104e-01 7.224489795918367374e-01
5.447154471544715104e-01 7.510204081632653184e-01
5.447154471544715104e-01 9.387755102040816757e-01
5.447154471544715104e-01 9.795918367346938549e-01
5.447154471544715104e-01 9.836734693877551283e-01
5.447154471544715104e-01 9.877551020408162907e-01
5.447154471544715104e-01 9.918367346938775642e-01
5.487804878048780921e-01 3.469387755102040782e-01
5.487804878048780921e-01 4.693877551020408379e-01
5.487804878048780921e-01 4.857142857142857095e-01
5.487804878048780921e-01 5.224489795918367818e-01
5.487804878048780921e-01 7.224489795918367374e-01
5.487804878048780921e-01 7.510204081632653184e-01
5.487804878048780921e-01 9.387755102040816757e-01
5.487804878048780921e-01 9.755102040816326925e-01
5.487804878048780921e-01 9.959183673469387266e-01
5.528455284552845628e-01 3.469387755102040782e-01
5.528455284552845628e-01 4.693877551020408379e-01
5.528455284552845628e-01 4.897959183673469274e-01
5.528455284552845628e-01 5.224489795918367818e-01
5.528455284552845628e-01 7.224489795918367374e-01
5.528455284552845628e-01 7.510204081632653184e-01
5.528455284552845628e-01 9.387755102040816757e-01
5.528455284552845628e-01 9.714285714285714191e-01
5.528455284552845628e-01 1.000000000000000000e+00
5.569105691056910334e-01 3.469387755102040782e-01
5.569105691056910334e-01 4.693877551020408379e-01
5.569105691056910334e-01 4.938775510204081454e-01
5.569105691056910334e-01 4.979591836734693633e-01
5.569105691056910334e-01 5.224489795918367818e-01
5.569105691056910334e-01 5.265306122448979442e-01
5.569105691056910334e-01 5.306122448979592177e-01
5.569105691056910334e-01 5.346938775510203801e-01
5.569105691056910334e-01 7.183673469387754640e-01
5.569105691056910334e-01 7.510204081632653184e-01
5.569105691056910334e-01 9.387755102040816757e-01
5.569105691056910334e-01 9.673469387755102566e-01
5.609756097560976151e-01 3.469387755102040782e-01
5.609756097560976151e-01 4.693877551020408379e-01
5.609756097560976151e-01 5.183673469387755084e-01
5.609756097560976151e-01 5.387755102040816535e-01
5.609756097560976151e-01 7.142857142857143016e-01
5.609756097560976151e-01 7.510204081632653184e-01
5.609756097560976151e-01 9.428571428571428381e-01
5.609756097560976151e-01 9.632653061224489832e-01
5.650406504065040858e-01 3.469387755102040782e-01
5.650406504065040858e-01 4.653061224489795644e-01
5.650406504065040858e-01 5.142857142857142350e-01
5.650406504065040858e-01 5.428571428571428159e-01
5.650406504065040858e-01 7.102040816326530281e-01
5.650406504065040858e-01 7.510204081632653184e-01
5.650406504065040858e-01 9.428571428571428381e-01
5.650406504065040858e-01 9.591836734693877098e-01
5.691056910569105565e-01 3.428571428571428603e-01
5.691056910569105565e-01 4.653061224489795644e-01
5.691056910569105565e-01 5.142857142857142350e-01
5.691056910569105565e-01 5.469387755102040893e-01
5.691056910569105565e-01 6.612244897959184131e-01
5.691056910569105565e-01 6.653061224489795755e-01
5.691056910569105565e-01 6.693877551020408490e-01
5.691056910569105565e-01 6.734693877551020114e-01
5.691056910569105565e-01 6.775510204081632848e-01
5.691056910569105565e-01 6.816326530612244472e-01
5.691056910569105565e-01 6.857142857142857206e-01
5.691056910569105565e-01 6.897959183673469941e-01
5.691056910569105565e-01 6.938775510204081565e-01
5.691056910569105565e-01 6.979591836734694299e-01
5.691056910569105565e-01 7.020408163265305923e-01
5.691056910569105565e-01 7.061224489795918657e-01
5.691056910569105565e-01 7.102040816326530281e-01
5.691056910569105565e-01 7.510204081632653184e-01
5.691056910569105565e-01 9.428571428571428381e-01
5.691056910569105565e-01 9.551020408163265474e-01
5.731707317073170271e-01 3.428571428571428603e-01
5.731707317073170271e-01 4.653061224489795644e-01
5.731707317073170271e-01 5.142857142857142350e-01
5.731707317073170271e-01 5.510204081632652517e-01
5.731707317073170271e-01 6.448979591836734304e-01
5.731707317073170271e-01 6.489795918367347038e-01
5.731707317073170271e-01 6.530612244897958663e-01
5.731707317073170271e-01 6.571428571428571397e-01
5.731707317073170271e-01 7.102040816326530281e-01
5.731707317073170271e-01 7.142857142857143016e-01
5.731707317073170271e-01 7.183673469387754640e-01
5.731707317073170271e-01 7.224489795918367374e-01
5.731707317073170271e-01 7.265306122448980108e-01
5.731707317073170271e-01 7.306122448979591733e-01
5.731707317073170271e-01 7.346938775510204467e-01
5.731707317073170271e-01 7.387755102040816091e-01
5.731707317073170271e-01 7.428571428571428825e-01
5.731707317073170271e-01 7.469387755102040449e-01
5.731707317073170271e-01 7.510204081632653184e-01
5.731707317073170271e-01 9.469387755102041115e-01
5.731707317073170271e-01 9.510204081632652739e-01
5.731707317073170271e-01 9.551020408163265474e-01
5.772357723577236088e-01 3.428571428571428603e-01
5.772357723577236088e-01 4.653061224489795644e-01
5.772357723577236088e-01 5.142857142857142350e-01
5.772357723577236088e-01 5.551020408163265252e-01
5.772357723577236088e-01 5.591836734693877986e-01
5.772357723577236088e-01 6.326530612244898322e-01
5.772357723577236088e-01 6.367346938775509946e-01
5.772357723577236088e-01 6.408163265306122680e-01
5.772357723577236088e-01 7.102040816326530281e-01
5.772357723577236088e-01 7.510204081632653184e-01
5.772357723577236088e-01 9.428571428571428381e-01
5.772357723577236088e-01 9.551020408163265474e-01
5.813008130081300795e-01 3.387755102040816424e-01
5.813008130081300795e-01 4.653061224489795644e-01
5.813008130081300795e-01 5.142857142857142350e-01
5.813008130081300795e-01 5.632653061224489610e-01
5.813008130081300795e-01 5.673469387755102344e-01
5.813008130081300795e-01 6.244897959183673963e-01
5.813008130081300795e-01 6.285714285714285587e-01
5.813008130081300795e-01 7.102040816326530281e-01
5.813008130081300795e-01 7.510204081632653184e-01
5.813008130081300795e-01 9.387755102040816757e-01
5.813008130081300795e-01 9.591836734693877098e-01
5.813008130081300795e-01 9.632653061224489832e-01
5.853658536585365502e-01 3.387755102040816424e-01
5.853658536585365502e-01 4.653061224489795644e-01
5.853658536585365502e-01 5.142857142857142350e-01
5.853658536585365502e-01 5.714285714285713969e-01
5.853658536585365502e-01 6.204081632653061229e-01
5.853658536585365502e-01 7.102040816326530281e-01
5.853658536585365502e-01 7.551020408163264808e-01
5.853658536585365502e-01 9.346938775510204023e-01
5.853658536585365502e-01 9.673469387755102566e-01
5.894308943089431319e-01 3.387755102040816424e-01
5.894308943089431319e-01 4.612244897959183465e-01
5.894308943089431319e-01 5.142857142857142350e-01
5.894308943089431319e-01 5.755102040816326703e-01
5.894308943089431319e-01 6.163265306122448495e-01
5.894308943089431319e-01 7.102040816326530281e-01
5.894308943089431319e-01 7.551020408163264808e-01
5.894308943089431319e-01 9.346938775510204023e-01
5.894308943089431319e-01 9.673469387755102566e-01
5.934959349593496025e-01 3.387755102040816424e-01
5.934959349593496025e-01 5.102040816326530726e-01
5.934959349593496025e-01 5.795918367346938327e-01
5.934959349593496025e-01 5.836734693877551061e-01
5.934959349593496025e-01 6.122448979591836871e-01
5.934959349593496025e-01 7.061224489795918657e-01
5.934959349593496025e-01 7.551020408163264808e-01
5.934959349593496025e-01 9.306122448979591288e-01
5.934959349593496025e-01 9.673469387755102566e-01
5.975609756097560732e-01 3.387755102040816424e-01
5.975609756097560732e-01 5.102040816326530726e-01
5.975609756097560732e-01 5.877551020408163795e-01
5.975609756097560732e-01 5.918367346938775420e-01
5.975609756097560732e-01 5.959183673469388154e-01
5.975609756097560732e-01 6.081632653061224136e-01
5.975609756097560732e-01 7.061224489795918657e-01
5.975609756097560732e-01 7.551020408163264808e-01
5.975609756097560732e-01 9.306122448979591288e-01
5.975609756097560732e-01 9.673469387755102566e-01
6.016260162601626549e-01 3.346938775510204245e-01
6.016260162601626549e-01 5.102040816326530726e-01
6.016260162601626549e-01 5.999999999999999778e-01
6.016260162601626549e-01 6.040816326530612512e-01
6.016260162601626549e-01 6.081632653061224136e-01
6.016260162601626549e-01 7.061224489795918657e-01
6.016260162601626549e-01 7.591836734693877542e-01
6.016260162601626549e-01 9.306122448979591288e-01
6.016260162601626549e-01 9.673469387755102566e-01
6.056910569105691255e-01 3.346938775510204245e-01
6.056910569105691255e-01 5.061224489795917991e-01
6.056910569105691255e-01 6.081632653061224136e-01
6.056910569105691255e-01 7.061224489795918657e-01
6.056910569105691255e-01 7.591836734693877542e-01
6.056910569105691255e-01 9.306122448979591288e-01
6.056910569105691255e-01 9.714285714285714191e-01
6.097560975609755962e-01 3.306122448979592066e-01
6.097560975609755962e-01 5.061224489795917991e-01
6.097560975609755962e-01 6.122448979591836871e-01
6.097560975609755962e-01 7.061224489795918657e-01
6.097560975609755962e-01 7.551020408163264808e-01
6.097560975609755962e-01 9.306122448979591288e-01
6.097560975609755962e-01 9.714285714285714191e-01
6.138211382113820669e-01 3.306122448979592066e-01
6.138211382113820669e-01 5.061224489795917991e-01
6.138211382113820669e-01 6.163265306122448495e-01
6.138211382113820669e-01 7.020408163265305923e-01
6.138211382113820669e-01 7.551020408163264808e-01
6.138211382113820669e-01 9.306122448979591288e-01
6.138211382113820669e-01 9.755102040816326925e-01
6.178861788617886486e-01 3.306122448979592066e-01
6.178861788617886486e-01 5.061224489795917991e-01
6.178861788617886486e-01 6.204081632653061229e-01
6.178861788617886486e-01 7.020408163265305923e-01
6.178861788617886486e-01 7.591836734693877542e-01
6.178861788617886486e-01 9.306122448979591288e-01
6.178861788617886486e-01 9.755102040816326925e-01
6.219512195121951192e-01 3.265306122448979331e-01
6.219512195121951192e-01 4.775510204081632737e-01
6.219512195121951192e-01 4.816326530612244916e-01
6.219512195121951192e-01 4.857142857142857095e-01
6.219512195121951192e-01 4.897959183673469274e-01
6.219512195121951192e-01 4.938775510204081454e-01
6.219512195121951192e-01 4.979591836734693633e-01
6.219512195121951192e-01 5.020408163265306367e-01
6.219512195121951192e-01 6.204081632653061229e-01
6.219512195121951192e-01 7.020408163265305923e-01
6.219512195121951192e-01 7.591836734693877542e-01
6.219512195121951192e-01 9.306122448979591288e-01
6.219512195121951192e-01 9.795918367346938549e-01
6.260162601626015899e-01 3.265306122448979331e-01
6.260162601626015899e-01 4.693877551020408379e-01
6.260162601626015899e-01 4.734693877551020558e-01
6.260162601626015899e-01 5.020408163265306367e-01
6.260162601626015899e-01 6.244897959183673963e-01
6.260162601626015899e-01 7.020408163265305923e-01
6.260162601626015899e-01 7.551020408163264808e-01
6.260162601626015899e-01 9.306122448979591288e-01
6.260162601626015899e-01 9.795918367346938549e-01
6.300813008130081716e-01 3.265306122448979331e-01
6.300813008130081716e-01 4.653061224489795644e-01
6.300813008130081716e-01 5.020408163265306367e-01
6.300813008130081716e-01 6.285714285714285587e-01
6.300813008130081716e-01 6.979591836734694299e-01
6.300813008130081716e-01 7.551020408163264808e-01
6.300813008130081716e-01 9.265306122448979664e-01
6.300813008130081716e-01 9.836734693877551283e-01
6.341463414634146423e-01 3.224489795918367152e-01
6.341463414634146423e-01 4.571428571428571286e-01
6.341463414634146423e-01 4.612244897959183465e-01
6.341463414634146423e-01 5.020408163265306367e-01
6.341463414634146423e-01 6.979591836734694299e-01
6.341463414634146423e-01 9.265306122448979664e-01
6.341463414634146423e-01 9.836734693877551283e-01
6.382113821138211129e-01 3.224489795918367152e-01
6.382113821138211129e-01 4.530612244897959107e-01
6.382113821138211129e-01 5.020408163265306367e-01
6.382113821138211129e-01 6.938775510204081565e-01
6.382113821138211129e-01 9.265306122448979664e-01
6.382113821138211129e-01 9.877551020408162907e-01
6.422764227642276946e-01 3.224489795918367152e-01
6.422764227642276946e-01 5.020408163265306367e-01
6.422764227642276946e-01 6.938775510204081565e-01
6.422764227642276946e-01 9.265306122448979664e-01
6.422764227642276946e-01 9.918367346938775642e-01
6.463414634146341653e-01 3.224489795918367152e-01
6.463414634146341653e-01 5.020408163265306367e-01
6.463414634146341653e-01 6.938775510204081565e-01
6.463414634146341653e-01 9.265306122448979664e-01
6.463414634146341653e-01 9.959183673469387266e-01
6.504065040650406360e-01 3.224489795918367152e-01
6.504065040650406360e-01 5.020408163265306367e-01
6.504065040650406360e-01 6.938775510204081565e-01
6.504065040650406360e-01 9.265306122448979664e-01
6.504065040650406360e-01 1.000000000000000000e+00
6.544715447154471066e-01 3.224489795918367152e-01
6.544715447154471066e-01 5.020408163265306367e-01
6.544715447154471066e-01 6.938775510204081565e-01
6.544715447154471066e-01 9.265306122448979664e-01
6.585365853658536883e-01 3.183673469387754973e-01
6.585365853658536883e-01 5.020408163265306367e-01
6.585365853658536883e-01 6.938775510204081565e-01
6.585365853658536883e-01 9.224489795918366930e-01
6.626016260162601590e-01 3.183673469387754973e-01
6.626016260162601590e-01 5.020408163265306367e-01
6.626016260162601590e-01 6.938775510204081565e-01
6.626016260162601590e-01 9.224489795918366930e-01
6.666666666666666297e-01 3.183673469387754973e-01
6.666666666666666297e-01 4.979591836734693633e-01
6.666666666666666297e-01 6.897959183673469941e-01
6.666666666666666297e-01 9.183673469387755306e-01
6.707317073170732113e-01 3.183673469387754973e-01
6.707317073170732113e-01 4.979591836734693633e-01
6.707317073170732113e-01 6.897959183673469941e-01
6.707317073170732113e-01 9.102040816326530948e-01
6.707317073170732113e-01 9.142857142857142572e-01
6.707317073170732113e-01 9.183673469387755306e-01
6.747967479674796820e-01 3.142857142857142794e-01
6.747967479674796820e-01 4.979591836734693633e-01
6.747967479674796820e-01 6.897959183673469941e-01
6.747967479674796820e-01 8.979591836734693855e-01
6.747967479674796820e-01 9.020408163265306589e-01
6.747967479674796820e-01 9.061224489795918213e-01
6.747967479674796820e-01 9.224489795918366930e-01
6.788617886178861527e-01 3.142857142857142794e-01
6.788617886178861527e-01 4.979591836734693633e-01
6.788617886178861527e-01 6.897959183673469941e-01
6.788617886178861527e-01 8.938775510204081121e-01
6.788617886178861527e-01 9.265306122448979664e-01
6.829268292682927344e-01 3.142857142857142794e-01
6.829268292682927344e-01 4.979591836734693633e-01
6.829268292682927344e-01 6.897959183673469941e-01
6.829268292682927344e-01 8.897959183673469497e-01
6.829268292682927344e-01 9.265306122448979664e-01
6.869918699186992050e-01 3.142857142857142794e-01
6.869918699186992050e-01 4.979591836734693633e-01
6.869918699186992050e-01 6.897959183673469941e-01
6.869918699186992050e-01 6.938775510204081565e-01
6.869918699186992050e-01 8.857142857142856762e-01
6.869918699186992050e-01 9.265306122448979664e-01
6.910569105691056757e-01 3.142857142857142794e-01
6.910569105691056757e-01 4.979591836734693633e-01
6.910569105691056757e-01 6.816326530612244472e-01
6.910569105691056757e-01 6.857142857142857206e-01
6.910569105691056757e-01 6.979591836734694299e-01
6.910569105691056757e-01 8.816326530612245138e-01
6.910569105691056757e-01 9.265306122448979664e-01
6.951219512195121464e-01 3.142857142857142794e-01
6.951219512195121464e-01 4.979591836734693633e-01
6.951219512195121464e-01 6.775510204081632848e-01
6.951219512195121464e-01 6.979591836734694299e-01
6.951219512195121464e-01 8.816326530612245138e-01
6.951219512195121464e-01 9.265306122448979664e-01
6.991869918699187281e-01 3.142857142857142794e-01
6.991869918699187281e-01 4.979591836734693633e-01
6.991869918699187281e-01 6.734693877551020114e-01
6.991869918699187281e-01 6.979591836734694299e-01
6.991869918699187281e-01 8.775510204081632404e-01
6.991869918699187281e-01 9.265306122448979664e-01
7.032520325203251987e-01 3.102040816326530615e-01
7.032520325203251987e-01 4.979591836734693633e-01
7.032520325203251987e-01 6.734693877551020114e-01
7.032520325203251987e-01 7.020408163265305923e-01
7.032520325203251987e-01 8.775510204081632404e-01
7.032520325203251987e-01 9.265306122448979664e-01
7.073170731707316694e-01 3.061224489795918435e-01
7.073170731707316694e-01 4.979591836734693633e-01
7.073170731707316694e-01 6.734693877551020114e-01
7.073170731707316694e-01 7.020408163265305923e-01
7.073170731707316694e-01 8.734693877551020780e-01
7.073170731707316694e-01 9.265306122448979664e-01
7.113821138211382511e-01 3.061224489795918435e-01
7.113821138211382511e-01 4.979591836734693633e-01
7.113821138211382511e-01 6.734693877551020114e-01
7.113821138211382511e-01 7.061224489795918657e-01
7.113821138211382511e-01 8.693877551020408045e-01
7.113821138211382511e-01 9.265306122448979664e-01
7.154471544715447218e-01 3.020408163265306256e-01
7.154471544715447218e-01 4.979591836734693633e-01
7.154471544715447218e-01 6.734693877551020114e-01
7.154471544715447218e-01 7.061224489795918657e-01
7.154471544715447218e-01 8.693877551020408045e-01
7.154471544715447218e-01 9.265306122448979664e-01
7.195121951219511924e-01 3.020408163265306256e-01
7.195121951219511924e-01 4.979591836734693633e-01
7.195121951219511924e-01 6.734693877551020114e-01
7.195121951219511924e-01 7.061224489795918657e-01
7.195121951219511924e-01 9.265306122448979664e-01
7.235772357723577741e-01 3.020408163265306256e-01
7.235772357723577741e-01 4.979591836734693633e-01
7.235772357723577741e-01 6.734693877551020114e-01
7.235772357723577741e-01 7.102040816326530281e-01
7.235772357723577741e-01 9.265306122448979664e-01
7.276422764227642448e-01 3.020408163265306256e-01
7.276422764227642448e-01 4.979591836734693633e-01
7.276422764227642448e-01 6.734693877551020114e-01
7.276422764227642448e-01 7.142857142857143016e-01
7.276422764227642448e-01 9.265306122448979664e-01
7.317073170731707155e-01 3.020408163265306256e-01
7.317073170731707155e-01 4.979591836734693633e-01
7.317073170731707155e-01 6.693877551020408490e-01
7.317073170731707155e-01 7.142857142857143016e-01
7.317073170731707155e-01 9.265306122448979664e-01
7.357723577235771861e-01 3.020408163265306256e-01
7.357723577235771861e-01 4.979591836734693633e-01
7.357723577235771861e-01 6.693877551020408490e-01
7.357723577235771861e-01 7.183673469387754640e-01
7.357723577235771861e-01 9.265306122448979664e-01
7.398373983739837678e-01 3.020408163265306256e-01
7.398373983739837678e-01 4.979591836734693633e-01
7.398373983739837678e-01 6.653061224489795755e-01
7.398373983739837678e-01 9.224489795918366930e-01
7.439024390243902385e-01 3.020408163265306256e-01
7.439024390243902385e-01 4.938775510204081454e-01
7.439024390243902385e-01 6.653061224489795755e-01
7.439024390243902385e-01 9.224489795918366930e-01
7.479674796747967092e-01 2.979591836734694077e-01
7.479674796747967092e-01 4.938775510204081454e-01
7.479674796747967092e-01 6.612244897959184131e-01
7.479674796747967092e-01 9.224489795918366930e-01
7.520325203252032908e-01 2.979591836734694077e-01
7.520325203252032908e-01 4.938775510204081454e-01
7.520325203252032908e-01 6.612244897959184131e-01
7.520325203252032908e-01 9.224489795918366930e-01
7.560975609756097615e-01 2.938775510204081898e-01
7.560975609756097615e-01 4.938775510204081454e-01
7.560975609756097615e-01 6.571428571428571397e-01
7.560975609756097615e-01 9.224489795918366930e-01
7.601626016260162322e-01 2.938775510204081898e-01
7.601626016260162322e-01 4.938775510204081454e-01
7.601626016260162322e-01 6.571428571428571397e-01
7.601626016260162322e-01 9.224489795918366930e-01
7.642276422764228139e-01 2.897959183673469163e-01
7.642276422764228139e-01 4.938775510204081454e-01
7.642276422764228139e-01 6.571428571428571397e-01
7.642276422764228139e-01 9.224489795918366930e-01
7.682926829268292845e-01 2.897959183673469163e-01
7.682926829268292845e-01 4.938775510204081454e-01
7.682926829268292845e-01 6.530612244897958663e-01
7.682926829268292845e-01 9.224489795918366930e-01
7.723577235772357552e-01 2.897959183673469163e-01
7.723577235772357552e-01 4.938775510204081454e-01
7.723577235772357552e-01 6.530612244897958663e-01
7.723577235772357552e-01 9.224489795918366930e-01
7.764227642276422259e-01 2.897959183673469163e-01
7.764227642276422259e-01 4.938775510204081454e-01
7.764227642276422259e-01 6.530612244897958663e-01
7.764227642276422259e-01 9.224489795918366930e-01
7.804878048780488076e-01 2.857142857142856984e-01
7.804878048780488076e-01 4.938775510204081454e-01
7.804878048780488076e-01 6.530612244897958663e-01
7.804878048780488076e-01 9.224489795918366930e-01
7.845528455284552782e-01 2.857142857142856984e-01
7.845528455284552782e-01 4.938775510204081454e-01
7.845528455284552782e-01 6.530612244897958663e-01
7.845528455284552782e-01 9.224489795918366930e-01
7.886178861788617489e-01 2.857142857142856984e-01
7.886178861788617489e-01 4.938775510204081454e-01
7.886178861788617489e-01 6.530612244897958663e-01
7.886178861788617489e-01 9.224489795918366930e-01
7.926829268292683306e-01 2.816326530612244805e-01
7.926829268292683306e-01 4.938775510204081454e-01
7.926829268292683306e-01 6.530612244897958663e-01
7.926829268292683306e-01 9.183673469387755306e-01
7.967479674796748013e-01 2.816326530612244805e-01
7.967479674796748013e-01 4.938775510204081454e-01
7.967479674796748013e-01 6.489795918367347038e-01
7.967479674796748013e-01 9.183673469387755306e-01
8.008130081300812719e-01 2.816326530612244805e-01
8.008130081300812719e-01 4.938775510204081454e-01
8.008130081300812719e-01 6.489795918367347038e-01
8.008130081300812719e-01 9.183673469387755306e-01
8.048780487804878536e-01 2.816326530612244805e-01
8.048780487804878536e-01 4.897959183673469274e-01
8.048780487804878536e-01 6.489795918367347038e-01
8.048780487804878536e-01 9.183673469387755306e-01
8.089430894308943243e-01 2.816326530612244805e-01
8.089430894308943243e-01 4.897959183673469274e-01
8.089430894308943243e-01 6.489795918367347038e-01
8.089430894308943243e-01 9.183673469387755306e-01
8.130081300813007950e-01 2.816326530612244805e-01
8.130081300813007950e-01 4.897959183673469274e-01
8.130081300813007950e-01 6.448979591836734304e-01
8.130081300813007950e-01 9.183673469387755306e-01
8.170731707317072656e-01 2.816326530612244805e-01
8.170731707317072656e-01 4.897959183673469274e-01
8.170731707317072656e-01 6.448979591836734304e-01
8.170731707317072656e-01 9.183673469387755306e-01
8.211382113821138473e-01 2.816326530612244805e-01
8.211382113821138473e-01 4.897959183673469274e-01
8.211382113821138473e-01 6.408163265306122680e-01
8.211382113821138473e-01 9.183673469387755306e-01
8.252032520325203180e-01 2.816326530612244805e-01
8.252032520325203180e-01 4.897959183673469274e-01
8.252032520325203180e-01 6.408163265306122680e-01
8.252032520325203180e-01 9.183673469387755306e-01
8.292682926829267887e-01 2.816326530612244805e-01
8.292682926829267887e-01 4.897959183673469274e-01
8.292682926829267887e-01 6.408163265306122680e-01
8.292682926829267887e-01 9.183673469387755306e-01
8.333333333333333703e-01 2.816326530612244805e-01
8.333333333333333703e-01 4.857142857142857095e-01
8.333333333333333703e-01 6.408163265306122680e-01
8.333333333333333703e-01 9.142857142857142572e-01
8.373983739837398410e-01 2.775510204081632626e-01
8.373983739837398410e-01 4.857142857142857095e-01
8.373983739837398410e-01 6.408163265306122680e-01
8.373983739837398410e-01 9.142857142857142572e-01
8.414634146341463117e-01 2.775510204081632626e-01
8.414634146341463117e-01 4.857142857142857095e-01
8.414634146341463117e-01 6.408163265306122680e-01
8.414634146341463117e-01 9.142857142857142572e-01
8.455284552845528934e-01 2.775510204081632626e-01
8.455284552845528934e-01 4.857142857142857095e-01
8.455284552845528934e-01 6.367346938775509946e-01
8.455284552845528934e-01 9.142857142857142572e-01
8.495934959349593640e-01 2.816326530612244805e-01
8.495934959349593640e-01 4.857142857142857095e-01
8.495934959349593640e-01 6.367346938775509946e-01
8.495934959349593640e-01 9.142857142857142572e-01
8.536585365853658347e-01 4.857142857142857095e-01
8.536585365853658347e-01 6.326530612244898322e-01
8.536585365853658347e-01 9.142857142857142572e-01
8.577235772357723054e-01 4.816326530612244916e-01
8.577235772357723054e-01 6.326530612244898322e-01
8.577235772357723054e-01 9.142857142857142572e-01
8.617886178861788871e-01 4.816326530612244916e-01
8.617886178861788871e-01 6.326530612244898322e-01
8.617886178861788871e-01 9.142857142857142572e-01
8.658536585365853577e-01 4.816326530612244916e-01
8.658536585365853577e-01 6.326530612244898322e-01
8.658536585365853577e-01 9.142857142857142572e-01
8.699186991869918284e-01 4.816326530612244916e-01
8.699186991869918284e-01 6.326530612244898322e-01
8.699186991869918284e-01 9.142857142857142572e-01
8.739837398373984101e-01 4.816326530612244916e-01
8.739837398373984101e-01 6.326530612244898322e-01
8.739837398373984101e-01 9.142857142857142572e-01
8.780487804878048808e-01 4.857142857142857095e-01
8.780487804878048808e-01 6.285714285714285587e-01
8.780487804878048808e-01 9.142857142857142572e-01
8.821138211382113514e-01 4.857142857142857095e-01
8.821138211382113514e-01 6.285714285714285587e-01
8.821138211382113514e-01 9.142857142857142572e-01
8.861788617886179331e-01 4.857142857142857095e-01
8.861788617886179331e-01 6.244897959183673963e-01
8.861788617886179331e-01 9.142857142857142572e-01
8.902439024390244038e-01 4.857142857142857095e-01
8.902439024390244038e-01 6.244897959183673963e-01
8.902439024390244038e-01 9.142857142857142572e-01
8.943089430894308745e-01 4.857142857142857095e-01
8.943089430894308745e-01 6.204081632653061229e-01
8.943089430894308745e-01 9.142857142857142572e-01
8.983739837398373451e-01 4.857142857142857095e-01
8.983739837398373451e-01 6.204081632653061229e-01
8.983739837398373451e-01 9.142857142857142572e-01
9.024390243902439268e-01 4.857142857142857095e-01
9.024390243902439268e-01 6.204081632653061229e-01
9.024390243902439268e-01 9.142857142857142572e-01
9.065040650406503975e-01 4.857142857142857095e-01
9.065040650406503975e-01 6.204081632653061229e-01
9.065040650406503975e-01 9.142857142857142572e-01
9.105691056910568681e-01 6.163265306122448495e-01
9.105691056910568681e-01 9.102040816326530948e-01
9.146341463414634498e-01 6.163265306122448495e-01
9.146341463414634498e-01 9.102040816326530948e-01
9.186991869918699205e-01 6.163265306122448495e-01
9.186991869918699205e-01 9.102040816326530948e-01
9.227642276422763912e-01 6.163265306122448495e-01
9.227642276422763912e-01 9.102040816326530948e-01
9.268292682926829729e-01 6.163265306122448495e-01
9.268292682926829729e-01 9.102040816326530948e-01
9.308943089430894435e-01 6.163265306122448495e-01
9.308943089430894435e-01 9.102040816326530948e-01
9.349593495934959142e-01 6.163265306122448495e-01
9.349593495934959142e-01 9.102040816326530948e-01
9.390243902439023849e-01 6.163265306122448495e-01
9.390243902439023849e-01 9.102040816326530948e-01
9.430894308943089666e-01 6.122448979591836871e-01
9.430894308943089666e-01 9.102040816326530948e-01
9.471544715447154372e-01 6.122448979591836871e-01
9.471544715447154372e-01 9.102040816326530948e-01
9.512195121951219079e-01 6.122448979591836871e-01
9.512195121951219079e-01 9.102040816326530948e-01
9.552845528455284896e-01 6.122448979591836871e-01
9.552845528455284896e-01 9.102040816326530948e-01
9.593495934959349603e-01 6.122448979591836871e-01
9.593495934959349603e-01 9.061224489795918213e-01
9.634146341463414309e-01 9.061224489795918213e-01
9.674796747967480126e-01 9.061224489795918213e-01
9.715447154471544833e-01 9.061224489795918213e-01
9.756097560975609539e-01 9.061224489795918213e-01
9.796747967479674246e-01 9.061224489795918213e-01
9.837398373983740063e-01 9.061224489795918213e-01
9.878048780487804770e-01 9.061224489795918213e-01
9.918699186991869476e-01 9.061224489795918213e-01
9.959349593495935293e-01 9.061224489795918213e-01
1.000000000000000000e+00 9.061224489795918213e-01
