1.981556648388504982e-03 7.190751849763816761e-01
2.847288502380251884e-03 7.201061866606676132e-01
3.849430708214640617e-03 7.220844621469657554e-01
6.022347602993249893e-03 7.234103217225281712e-01
9.002457372844219208e-03 7.668602467897618347e-01
7.279877550899982452e-03 7.669819452754792488e-01
5.397044122219085693e-03 7.689910389242633482e-01
3.523469204083085060e-03 7.717648119695724729e-01
2.267373958602547646e-03 7.743064780088682042e-01
1.481552026234567165e-03 7.756484450411892384e-01
9.454467949124583867e-03 7.312688592130378584e-01
4.016064257028112081e-03 7.620967741935483764e-01
8.032128514056224161e-03 7.298387096774193727e-01
8.032128514056224161e-03 7.459677419354838745e-01
8.032128514056224161e-03 7.500000000000000000e-01
8.032128514056224161e-03 7.540322580645161255e-01
8.032128514056224161e-03 7.580645161290322509e-01
8.032128514056224161e-03 7.620967741935483764e-01
8.032128514056224161e-03 7.661290322580645018e-01
2.835759260957259470e-03 7.641626318405952967e-01
2.568144184802789026e-03 7.643509179113372465e-01
1.204819277108433798e-02 7.338709677419354982e-01
1.204819277108433798e-02 7.379032258064516236e-01
1.204819277108433798e-02 7.419354838709677491e-01
1.606425702811244832e-02 7.379032258064516236e-01
2.008032128514056214e-02 7.379032258064516236e-01
2.008032128514056214e-02 9.908173073668994357e-01
2.008032128514056214e-02 9.890214023105199370e-01
2.409638554216867595e-02 7.379032258064516236e-01
2.811244979919678630e-02 7.379032258064516236e-01
3.212851405622489664e-02 7.338709677419354982e-01
3.614457831325301046e-02 7.338709677419354982e-01
4.016064257028112428e-02 7.338709677419354982e-01
4.516879098216842331e-02 7.334029053848597490e-01
4.821456851275425504e-02 7.316333330048608863e-01
5.194559235903752070e-02 7.309926131086784684e-01
5.638088358589073840e-02 7.304947455225873076e-01
6.871946752969040895e-02 6.367370598421867589e-01
6.032652645396399671e-02 7.302352079235377991e-01
6.977827061925187535e-02 6.365650338233418415e-01
6.429841055793791837e-02 7.300366978846385413e-01
7.223945225675003357e-02 6.362726869523495088e-01
6.828147913662711843e-02 7.298659918772999466e-01
7.499086683761911620e-02 6.356884647506259034e-01
7.226753508708848306e-02 7.297011432341194981e-01
7.681550660841990341e-02 6.342314357283495019e-01
7.624697383422412988e-02 7.295163567863299781e-01
8.412252293233890565e-02 6.356826373451058831e-01
8.020450388899902361e-02 7.292755138872552001e-01
8.620323252258260682e-02 6.343046675976966586e-01
8.410387653426171228e-02 7.289131948303791964e-01
8.951810238336822823e-02 6.337789525353019204e-01
8.780339060736498669e-02 7.282771382991585218e-01
9.307771304834551451e-02 6.335316128172581163e-01
9.032085951862774131e-02 7.267529953781876051e-01
9.673079075214610634e-02 6.333952641655360427e-01
9.828275684772216914e-02 7.283120758140519957e-01
1.004357649876053971e-01 6.333117334363651540e-01
1.007927372852007453e-01 7.266830207438268463e-01
1.044385995928203414e-01 6.332326741906018075e-01
1.044176706690864986e-01 7.258064516086378815e-01
1.084462719758865074e-01 6.331741670148931522e-01
1.080426040220534428e-01 7.249298824819796483e-01
1.124566876619099015e-01 6.331291598037369628e-01
1.105554929217248822e-01 7.233297938721314768e-01
1.164687717491158514e-01 6.330934824457090659e-01
1.185075933194109643e-01 7.249245516460148808e-01
1.204819277150951384e-01 6.330645161290322509e-01
1.210223221050362175e-01 7.234164493594078538e-01
1.244979919636197141e-01 6.330645161290322509e-01
1.247174243866882026e-01 7.228032226877046940e-01
1.285140562206478210e-01 6.330645161290322509e-01
1.286121242300721224e-01 7.225039220967089948e-01
1.325301204861794868e-01 6.330645161290322509e-01
1.325594361464334237e-01 7.223527464403530773e-01
1.365461847432075937e-01 6.330645161290322509e-01
1.365145732569833237e-01 7.223059339185936567e-01
1.405622490121048451e-01 6.330645161290322509e-01
1.404392477829148611e-01 7.224356909019632456e-01
1.445783132368911317e-01 6.330645161290322509e-01
1.441928309522406415e-01 7.228250571962205884e-01
1.485943775057883831e-01 6.330645161290322509e-01
1.468325361551484909e-01 7.239897391728816745e-01
1.526104417305746974e-01 6.330645161290322509e-01
1.540913659654722379e-01 7.217299279065862994e-01
1.566265059876028043e-01 6.330645161290322509e-01
1.551977605699191298e-01 7.217800209539071421e-01
1.606425702650035869e-01 6.330645161290322509e-01
1.623420145369161016e-01 7.241751589782295939e-01
1.646586344812863145e-01 6.330645161290322509e-01
1.649498368428045647e-01 7.231825029913095948e-01
1.686746987909289452e-01 6.330645161290322509e-01
1.686095633166729835e-01 7.230899360466508385e-01
1.726907630157152596e-01 6.330645161290322509e-01
1.722457126610731082e-01 7.235274478763101813e-01
1.767068273253578625e-01 6.330645161290322509e-01
1.747529816983948436e-01 7.249325158510117051e-01
1.807228916112621764e-01 6.330645161290322509e-01
1.826343046072085030e-01 7.232468377107814650e-01
1.847389558190414005e-01 6.330645161290322509e-01
1.851847245551722365e-01 7.247199074838370780e-01
1.887550201049457144e-01 6.330645161290322509e-01
1.888933015756316391e-01 7.253581195611567001e-01
1.927710843534703178e-01 6.330645161290322509e-01
1.927767329642880445e-01 7.257614444017470579e-01
1.967871485986292801e-01 6.330645161290322509e-01
1.966641474104122711e-01 7.261316327851325969e-01
2.008032128267811800e-01 6.330645161290322509e-01
2.003804706045226314e-01 7.267203265575752358e-01
2.048192771041819626e-01 6.330645161290322509e-01
2.029429909938677001e-01 7.281439176069632868e-01
2.088353413493409250e-01 6.330645161290322509e-01
2.107250784555577128e-01 7.263402029451343500e-01
2.128514055859963838e-01 6.330645161290322509e-01
2.131644555905891913e-01 7.275458912875863993e-01
2.168674698837698422e-01 6.330645161290322509e-01
2.165825676519412546e-01 7.275790310044202291e-01
2.208835341934124452e-01 6.330645161290322509e-01
2.190294994137635121e-01 7.264416307255986416e-01
2.248995983893225248e-01 6.330645161290322509e-01
2.267968130726217557e-01 7.283120758140519957e-01
2.289156626463506317e-01 6.330645161290322509e-01
2.293725635103196769e-01 7.269675438067004780e-01
2.329317269118822975e-01 6.330645161290322509e-01
2.331085685626781423e-01 7.264623808798440496e-01
2.369477911892830801e-01 6.330645161290322509e-01
2.370322744403725035e-01 7.261995747751150976e-01
2.409638554259385113e-01 6.330645161290322509e-01
2.410068272382700494e-01 7.260368786294073562e-01
2.449799196744630869e-01 6.330645161290322509e-01
2.449986328687168702e-01 7.259150517340693387e-01
2.506093134496727437e-01 3.016683956788432375e-01
2.515171744952344746e-01 3.019715422283738016e-01
2.530392217075818628e-01 3.020147489057102841e-01
2.489959839196220492e-01 6.330645161290322509e-01
2.489959839290147026e-01 7.258064516146220946e-01
2.555443601407873522e-01 3.070848305304084147e-01
2.530120481885193007e-01 6.330645161290322509e-01
2.529904266533535284e-01 7.256688851550514574e-01
2.592727851878148249e-01 3.113412641086465427e-01
2.570281124455474075e-01 6.330645161290322509e-01
2.569782521712763446e-01 7.255113809435222993e-01
2.631677868233687212e-01 3.150616814983227543e-01
2.610441767110791011e-01 6.330645161290322509e-01
2.609471563886195389e-01 7.253036775866583685e-01
2.674071938753218025e-01 3.186114779147770082e-01
2.650602409681072080e-01 6.330645161290322509e-01
2.648624703659765989e-01 7.249823643717043797e-01
2.722742091985905777e-01 3.217484742729744274e-01
2.690763052251353149e-01 6.330645161290322509e-01
2.685852458356434713e-01 7.243981421699807743e-01
2.771394387108225277e-01 3.235202186755956055e-01
2.730923694821634218e-01 6.330645161290322509e-01
2.711384065204251459e-01 7.229411131477043728e-01
2.782361462799248786e-01 3.257440602887541892e-01
2.771084337306879974e-01 6.330645161290322509e-01
2.790594884048563928e-01 7.246105655532090184e-01
2.798466378543338906e-01 3.282645702842743041e-01
2.811244979877161043e-01 6.330645161290322509e-01
2.816086689662001263e-01 7.231178593093289253e-01
2.877649694267869762e-01 3.279875967005688175e-01
2.851405622532477424e-01 6.330645161290322509e-01
2.850372959722857757e-01 7.225175962404107866e-01
2.897645159426751049e-01 3.301521956041875705e-01
2.891566264899031458e-01 6.330645161290322509e-01
2.886273196234973581e-01 7.222024195099009392e-01
2.925268465554412556e-01 3.315896412410262450e-01
2.931697824472879743e-01 6.330934824457090659e-01
2.924445896427217972e-01 7.225096861103309509e-01
2.942044864292723827e-01 3.336142400099385008e-01
2.971818665549575411e-01 6.331291598037369628e-01
2.965678212466185681e-01 7.232788176944239256e-01
3.022947524558288745e-01 7.737615729171422041e-01
3.004596916842741661e-01 7.748038883662722309e-01
2.997105302173180275e-01 7.772403866082669976e-01
2.991913465201390676e-01 7.801517423077095614e-01
2.992729282821995906e-01 7.827499505703247040e-01
3.000489730737639360e-01 7.843010558656626774e-01
3.017868090986207119e-01 3.336242662832861750e-01
3.020309721335701636e-01 6.333108893088665869e-01
3.003020298068344585e-01 7.236530141409246442e-01
3.053887454310365013e-01 7.694677584954807692e-01
2.989988725615598253e-01 7.901161056192170795e-01
3.000976014167003325e-01 7.900430090244738857e-01
3.020782188594670625e-01 3.369422361344819872e-01
3.061262551544563504e-01 6.333699738099840548e-01
3.037210231030689211e-01 7.237547136347500798e-01
3.091628129676313730e-01 7.640048063007153223e-01
3.082198005816693676e-01 3.389715433539446932e-01
3.107526118350009692e-01 6.337114634300251570e-01
3.068161712675149810e-01 7.236453951073570368e-01
3.085681066680494022e-01 7.609901316576607178e-01
3.151278265566755943e-01 3.411761568558792646e-01
3.132530120481927804e-01 6.330645161290322509e-01
3.087709839736302309e-01 7.229422621631754753e-01
3.154686743208398036e-01 7.594746922916402188e-01
3.149680473755701038e-01 3.445650745115633184e-01
3.172690763052208873e-01 6.330645161290322509e-01
3.147408684629602882e-01 7.232732977417688502e-01
3.166534602672448906e-01 7.570096158963297572e-01
3.212524524350004462e-01 3.467986466685913927e-01
3.212851405622489942e-01 6.330645161290322509e-01
3.146598789388366235e-01 7.223100629334728850e-01
3.177341274930216564e-01 7.548165700939153400e-01
3.275741383079888158e-01 3.490092481726840834e-01
3.253012048192771011e-01 6.330645161290322509e-01
3.235886508012639218e-01 7.520858169338034971e-01
3.273813291896979782e-01 3.524180335000217656e-01
3.293172690763052080e-01 6.330645161290322509e-01
3.306217330253596876e-01 7.509542403859086335e-01
3.341787898874220564e-01 3.547395262897724555e-01
3.333333333333333148e-01 6.370967741935483764e-01
3.321442635109027042e-01 7.487349448492750525e-01
3.403274333048387223e-01 3.568191015942683286e-01
3.373493975903614217e-01 6.370967741935483764e-01
3.338567695989980155e-01 7.465064884163439274e-01
3.405085593388588183e-01 3.602053170175021357e-01
3.413654618473895841e-01 6.330645161290322509e-01
3.413654618473895841e-01 6.370967741935483764e-01
3.413654618473895841e-01 6.411290322580645018e-01
3.413654618473895841e-01 6.451612903225806273e-01
3.414987847775858842e-01 7.465445123924573378e-01
3.480635812182548139e-01 3.604979765255965640e-01
3.453815261044176910e-01 6.330645161290322509e-01
3.453815261044176910e-01 6.491935483870967527e-01
3.453815261044176910e-01 6.532258064516128782e-01
3.453815261044176910e-01 6.572580645161290036e-01
3.421055661190869901e-01 7.434310092320365326e-01
3.494502490933203420e-01 3.628680249272410174e-01
3.493975903614457978e-01 6.330645161290322509e-01
3.493975903614457978e-01 6.612903225806451291e-01
3.493474284362722004e-01 7.427209156955922875e-01
3.510925724511465007e-01 3.653763070357062270e-01
3.534136546184739047e-01 6.330645161290322509e-01
3.534136546184739047e-01 6.653225806451612545e-01
3.497369598006328517e-01 7.396787984687234196e-01
3.587260499337583397e-01 3.655963911366979513e-01
3.574297188755020116e-01 6.330645161290322509e-01
3.587671615390002344e-01 6.643604882241737064e-01
3.547605697970732663e-01 7.371558574264899244e-01
3.590265817081847444e-01 3.689502107370044026e-01
3.614457831325301185e-01 6.330645161290322509e-01
3.646441711651453033e-01 6.705399377256511251e-01
3.600312063543417707e-01 7.335978491023378290e-01
3.660594429759996826e-01 3.708612725857810544e-01
3.654618473895582254e-01 6.330645161290322509e-01
3.640559350545274908e-01 6.747148042064039508e-01
3.647379250554124708e-01 7.292321244416187787e-01
3.724840269695189332e-01 3.726610857993364334e-01
3.782039413034137820e-01 4.226720409257517796e-01
3.694779116465863322e-01 6.290322580645161255e-01
3.718059479995783900e-01 6.799799689812765502e-01
3.701804445861991977e-01 7.233486934339687924e-01
3.729093839086210505e-01 3.759145493968389928e-01
3.801050120403608457e-01 4.236329407299748717e-01
3.734939759036144391e-01 6.290322580645161255e-01
3.734939759036144391e-01 6.814516129032257563e-01
3.749911483049011007e-01 7.171742418750880477e-01
3.804877487480655129e-01 3.764431850323753936e-01
3.806122870653882440e-01 4.214740900074943064e-01
3.849072620276376422e-01 5.976243334251546413e-01
3.775100401606425460e-01 6.290322580645161255e-01
3.775100401606425460e-01 6.814516129032257563e-01
3.775100401606425460e-01 7.137096774193548709e-01
3.775100401606425460e-01 7.177419354838709964e-01
3.822780955336468334e-01 3.785963229057679458e-01
3.876966361524948890e-01 4.204559544281613603e-01
3.870180349434206302e-01 5.973823023659567966e-01
3.815261044176707084e-01 6.290322580645161255e-01
3.815261044176707084e-01 6.854838709677418818e-01
3.815261044176707084e-01 7.096774193548387455e-01
3.852927098194479649e-01 3.799307860937269909e-01
3.898888127148959493e-01 4.189035648427483216e-01
3.855676295659643538e-01 6.001688665409963264e-01
3.855421686746988152e-01 6.290322580645161255e-01
3.855421686746988152e-01 6.895161290322581182e-01
3.855421686746988152e-01 7.056451612903226200e-01
3.882267906631616250e-01 3.809404020468073471e-01
3.931667914915171758e-01 4.185250411805276349e-01
3.899117187141248331e-01 6.060293671644984004e-01
3.895582329317269221e-01 6.290322580645161255e-01
3.895582329317269221e-01 6.935483870967742437e-01
3.895582329317269221e-01 6.975806451612903691e-01
3.895582329317269221e-01 7.016129032258064946e-01
3.900162016441783841e-01 3.826305946605580433e-01
3.962525709001085694e-01 4.190915779158052579e-01
3.935742971887550290e-01 6.008064516129032473e-01
3.935742971887550290e-01 6.048387096774193727e-01
3.935742971887550290e-01 6.088709677419354982e-01
3.935742971887550290e-01 6.290322580645161255e-01
3.935742971887550290e-01 6.975806451612903691e-01
3.974981588447019099e-01 3.826691043580086049e-01
3.975903614457831359e-01 4.193548387096774355e-01
3.975903614457831359e-01 6.129032258064516236e-01
3.975903614457831359e-01 6.169354838709677491e-01
3.975903614457831359e-01 6.250000000000000000e-01
3.975903614457831359e-01 6.975806451612903691e-01
3.994875727819809930e-01 3.849792861221958962e-01
4.068094841803023831e-01 4.204497868645816205e-01
4.016064257028112428e-01 6.209677419354838745e-01
4.016064257028112428e-01 6.250000000000000000e-01
4.016064257028112428e-01 6.975806451612903691e-01
4.019396209389898833e-01 3.860976500511770215e-01
4.056224899598393496e-01 4.233870967741935609e-01
4.056224899598393496e-01 6.250000000000000000e-01
4.056224899598393496e-01 6.935483870967742437e-01
4.056224899598393496e-01 6.975806451612903691e-01
4.100650099338028487e-01 7.675913610878670745e-01
4.084811124251220282e-01 7.680352622598048962e-01
4.076931548536751326e-01 7.695651601759656568e-01
4.070359748787242826e-01 7.702327071719111684e-01
4.033147477410194970e-01 3.873435899224733081e-01
4.096385542168674565e-01 4.233870967741935609e-01
4.096385542168674565e-01 6.250000000000000000e-01
4.096385542168674565e-01 6.895161290322581182e-01
4.096385542168674565e-01 7.016129032258064946e-01
4.137410939536450005e-01 7.618986196433862323e-01
4.057582901289544242e-01 3.894310881263546298e-01
4.136546184738955634e-01 4.274193548387096864e-01
4.136546184738955634e-01 6.250000000000000000e-01
4.136546184738955634e-01 6.854838709677418818e-01
4.136546184738955634e-01 7.056451612903226200e-01
4.183603539561710494e-01 7.571187908254233268e-01
4.176706827309236703e-01 4.233870967741935609e-01
4.176706827309236703e-01 4.274193548387096864e-01
4.176706827309236703e-01 4.314516129032258118e-01
4.176706827309236703e-01 6.250000000000000000e-01
4.176706827309236703e-01 6.854838709677418818e-01
4.176706827309236703e-01 7.096774193548387455e-01
4.230498151917264638e-01 7.542663370296659453e-01
4.216867469879518326e-01 4.193548387096774355e-01
4.216867469879518326e-01 4.354838709677419373e-01
4.216867469879518326e-01 6.290322580645161255e-01
4.216867469879518326e-01 6.814516129032257563e-01
4.216867469879518326e-01 7.137096774193548709e-01
4.236304645822103199e-01 7.516606542086529119e-01
4.341729274281416751e-01 2.261934481568694533e-01
4.257028112449799395e-01 4.153225806451613100e-01
4.257028112449799395e-01 4.395161290322580627e-01
4.225546787754748679e-01 6.299507871773394330e-01
4.257028112449799395e-01 6.814516129032257563e-01
4.257028112449799395e-01 7.137096774193548709e-01
4.242370380350504733e-01 7.489787718551533802e-01
4.352203567407606499e-01 2.263986137470290483e-01
4.297188755020080464e-01 4.153225806451613100e-01
4.297188755020080464e-01 4.435483870967741882e-01
4.322405221767304795e-01 6.311821629135538902e-01
4.311591798334895032e-01 6.808027319399819755e-01
4.297188755020080464e-01 7.177419354838709964e-01
4.297188755020080464e-01 7.217741935483871218e-01
4.297188755020080464e-01 7.500000000000000000e-01
4.376655969297491011e-01 2.267319664599433959e-01
4.337349397590361533e-01 4.112903225806451846e-01
4.337349397590361533e-01 4.435483870967741882e-01
4.337349397590361533e-01 6.330645161290322509e-01
4.337349397590361533e-01 6.774193548387096309e-01
4.337349397590361533e-01 7.258064516129032473e-01
4.337349397590361533e-01 7.459677419354838745e-01
4.403937503323333003e-01 2.273680229911640704e-01
4.377510040160642601e-01 4.112903225806451846e-01
4.377510040160642601e-01 4.435483870967741882e-01
4.377510040160642601e-01 6.330645161290322509e-01
4.388047278719396926e-01 6.710249570183335344e-01
4.377510040160642601e-01 7.298387096774193727e-01
4.377510040160642601e-01 7.459677419354838745e-01
4.421826989990032541e-01 2.288921659121349872e-01
4.417670682730923670e-01 4.112903225806451846e-01
4.417670682730923670e-01 4.435483870967741882e-01
4.417670682730923670e-01 6.330645161290322509e-01
4.417670682730923670e-01 6.693548387096773800e-01
4.417670682730923670e-01 7.338709677419354982e-01
4.417670682730923670e-01 7.379032258064516236e-01
4.417670682730923670e-01 7.419354838709677491e-01
4.495276218106274424e-01 2.275803027253958388e-01
4.457831325301204739e-01 4.072580645161290591e-01
4.457831325301204739e-01 4.435483870967741882e-01
4.457831325301204739e-01 6.330645161290322509e-01
4.457831325301204739e-01 6.653225806451612545e-01
4.457831325301204739e-01 7.338709677419354982e-01
4.515651513281910279e-01 2.291302985207538112e-01
4.483705515665634134e-01 4.103633778004516786e-01
4.497991967871485808e-01 4.435483870967741882e-01
4.497991967871485808e-01 6.330645161290322509e-01
4.497991967871485808e-01 6.653225806451612545e-01
4.497991967871485808e-01 7.338709677419354982e-01
4.547821792332552571e-01 2.299483605632802463e-01
4.566260826798252959e-01 4.108570100769640687e-01
4.526470436506070394e-01 4.395835261731859123e-01
4.538152610441766877e-01 6.330645161290322509e-01
4.538152610441766877e-01 6.653225806451612545e-01
4.538152610441766877e-01 7.338709677419354982e-01
4.580485010381117328e-01 2.307799224903236135e-01
4.584066876566531001e-01 4.100354117371382001e-01
4.578313253012047945e-01 4.435483870967741882e-01
4.578313253012047945e-01 6.330645161290322509e-01
4.578313253012047945e-01 6.653225806451612545e-01
4.578313253012047945e-01 7.338709677419354982e-01
4.602386746312450705e-01 2.323733001061144277e-01
4.603268902040045796e-01 4.109688940488042119e-01
4.618473895582329569e-01 4.435483870967741882e-01
4.618473895582329569e-01 6.370967741935483764e-01
4.618473895582329569e-01 6.411290322580645018e-01
4.618473895582329569e-01 6.612903225806451291e-01
4.618473895582329569e-01 7.338709677419354982e-01
4.687691849046742298e-01 2.308415018337508229e-01
4.658634538152610638e-01 4.072580645161290591e-01
4.658634538152610638e-01 4.435483870967741882e-01
4.658634538152610638e-01 6.451612903225806273e-01
4.658634538152610638e-01 6.572580645161290036e-01
4.658634538152610638e-01 6.653225806451612545e-01
4.658634538152610638e-01 7.298387096774193727e-01
4.658634538152610638e-01 7.338709677419354982e-01
4.719006293874054569e-01 2.323219647946496991e-01
4.698795180722891707e-01 4.072580645161290591e-01
4.698795180722891707e-01 4.395161290322580627e-01
4.698795180722891707e-01 6.491935483870967527e-01
4.698795180722891707e-01 6.532258064516128782e-01
4.698795180722891707e-01 6.693548387096773800e-01
4.698795180722891707e-01 6.733870967741935054e-01
4.698795180722891707e-01 7.298387096774193727e-01
4.698795180722891707e-01 7.379032258064516236e-01
4.764984724631750046e-01 2.329626488931206552e-01
4.738955823293172775e-01 4.072580645161290591e-01
4.738955823293172775e-01 4.395161290322580627e-01
4.738955823293172775e-01 6.491935483870967527e-01
4.738955823293172775e-01 7.298387096774193727e-01
4.738955823293172775e-01 7.419354838709677491e-01
4.779116465863453844e-01 2.338709677419354704e-01
4.779116465863453844e-01 4.112903225806451846e-01
4.779116465863453844e-01 4.395161290322580627e-01
4.779116465863453844e-01 6.491935483870967527e-01
4.779116465863453844e-01 7.298387096774193727e-01
4.779116465863453844e-01 7.459677419354838745e-01
4.819277108433734913e-01 2.338709677419354704e-01
4.819277108433734913e-01 4.153225806451613100e-01
4.819277108433734913e-01 4.354838709677419373e-01
4.819277108433734913e-01 6.491935483870967527e-01
4.819277108433734913e-01 7.258064516129032473e-01
4.819277108433734913e-01 7.500000000000000000e-01
4.859437751004015982e-01 2.338709677419354704e-01
4.859437751004015982e-01 4.193548387096774355e-01
4.859437751004015982e-01 4.314516129032258118e-01
4.859437751004015982e-01 6.491935483870967527e-01
4.859437751004015982e-01 7.258064516129032473e-01
4.859437751004015982e-01 7.500000000000000000e-01
4.899598393574297051e-01 2.338709677419354704e-01
4.899598393574297051e-01 4.233870967741935609e-01
4.899598393574297051e-01 4.274193548387096864e-01
4.899598393574297051e-01 6.451612903225806273e-01
4.899598393574297051e-01 6.491935483870967527e-01
4.899598393574297051e-01 6.532258064516128782e-01
4.899598393574297051e-01 7.258064516129032473e-01
4.899598393574297051e-01 7.500000000000000000e-01
4.899598393574297051e-01 7.782258064516128782e-01
4.899598393574297051e-01 7.822580645161290036e-01
4.899598393574297051e-01 7.862903225806451291e-01
4.935169847201495985e-01 7.888318386770063473e-01
4.949319940976738552e-01 7.920283506804656204e-01
4.939759036144578119e-01 2.338709677419354704e-01
4.939759036144578119e-01 4.274193548387096864e-01
4.939759036144578119e-01 6.129032258064516236e-01
4.939759036144578119e-01 6.169354838709677491e-01
4.939759036144578119e-01 6.209677419354838745e-01
4.939759036144578119e-01 6.250000000000000000e-01
4.939759036144578119e-01 6.290322580645161255e-01
4.939759036144578119e-01 6.370967741935483764e-01
4.939759036144578119e-01 6.411290322580645018e-01
4.939759036144578119e-01 6.572580645161290036e-01
4.939759036144578119e-01 7.177419354838709964e-01
4.939759036144578119e-01 7.217741935483871218e-01
4.939759036144578119e-01 7.258064516129032473e-01
4.939759036144578119e-01 7.298387096774193727e-01
4.939759036144578119e-01 7.338709677419354982e-01
4.939759036144578119e-01 7.379032258064516236e-01
4.939759036144578119e-01 7.419354838709677491e-01
4.939759036144578119e-01 7.459677419354838745e-01
4.939759036144578119e-01 7.500000000000000000e-01
4.939759036144578119e-01 7.540322580645161255e-01
4.939759036144578119e-01 7.580645161290322509e-01
4.939759036144578119e-01 7.620967741935483764e-01
4.939759036144578119e-01 7.661290322580645018e-01
4.939759036144578119e-01 7.701612903225806273e-01
4.939759036144578119e-01 7.741935483870967527e-01
4.939759036144578119e-01 7.983870967741935054e-01
4.951307273088359495e-01 8.020207982823898130e-01
4.958716699704864284e-01 8.055232753920849031e-01
4.964612650303506514e-01 8.092167183621635784e-01
4.976197930602693220e-01 8.118850824558326851e-01
4.968325952152126690e-01 9.922821178296280520e-01
4.953755660765209456e-01 9.919491168111562729e-01
4.979919678714859188e-01 2.338709677419354704e-01
4.979919678714859188e-01 4.233870967741935609e-01
4.979919678714859188e-01 4.274193548387096864e-01
4.979919678714859188e-01 5.040322580645161255e-01
4.979919678714859188e-01 5.080645161290322509e-01
4.979919678714859188e-01 5.120967741935483764e-01
4.979919678714859188e-01 5.161290322580645018e-01
4.979919678714859188e-01 5.201612903225806273e-01
4.979919678714859188e-01 5.241935483870967527e-01
4.979919678714859188e-01 5.282258064516128782e-01
4.979919678714859188e-01 5.322580645161290036e-01
4.979919678714859188e-01 5.362903225806451291e-01
4.979919678714859188e-01 5.403225806451612545e-01
5.001045238875585497e-01 5.428474304912190851e-01
4.993954498038428724e-01 5.474284824318131903e-01
4.986267507608781457e-01 5.518926830752001189e-01
4.979919678714859188e-01 5.564516128989740462e-01
4.979919678714859188e-01 5.604838709634900606e-01
4.979919678714859188e-01 5.645161290365099394e-01
4.979919678714859188e-01 5.685483871010259538e-01
4.979632291685911483e-01 5.725777828489050369e-01
4.979278308508137130e-01 5.766061235326120915e-01
4.978831733731121645e-01 5.806328218310051748e-01
4.978251164845923782e-01 5.846568193853360906e-01
4.977466568359441013e-01 5.886760533347467073e-01
4.978282369099824578e-01 5.935252869666944875e-01
4.979571290948578977e-01 5.981185181036351439e-01
4.979919678714859188e-01 6.008064516129032473e-01
4.979919678714859188e-01 6.048387096774193727e-01
4.979919678714859188e-01 6.088709677419354982e-01
4.979919678714859188e-01 6.330645161290322509e-01
4.979919678714859188e-01 6.612903225806451291e-01
4.979919678714859188e-01 6.653225806451612545e-01
4.979919678714859188e-01 6.693548387096773800e-01
4.979919678714859188e-01 6.733870967741935054e-01
4.979919678714859188e-01 6.774193548387096309e-01
4.979919678714859188e-01 6.814516129032257563e-01
4.958095885065185726e-01 6.843796369484475006e-01
4.964675240169080794e-01 6.895767389233374844e-01
4.979919678714859188e-01 6.935483870967742437e-01
4.979919678714859188e-01 6.975806451612903691e-01
4.979919678714859188e-01 7.016129032258064946e-01
4.979919678714859188e-01 7.056451612903226200e-01
4.979919678714859188e-01 7.096774193548387455e-01
4.979919678714859188e-01 7.137096774193548709e-01
4.966043649890261591e-01 8.196523244898286098e-01
4.982265114356332347e-01 8.222503704985889561e-01
4.999296453731867373e-01 8.249073576429979404e-01
5.008486594722407759e-01 9.253226430605976383e-01
4.993916303335490525e-01 9.279037237771966540e-01
4.988102226468535960e-01 9.316464456149391449e-01
4.985197519833954871e-01 9.355822688866605175e-01
4.983489432904670835e-01 9.395719962904555134e-01
4.982372789070277364e-01 9.435820111813824074e-01
4.981588192583794594e-01 9.476012451307930240e-01
4.981007623698596731e-01 9.516252426851239399e-01
4.980273661910823435e-01 9.556490786427099815e-01
4.979565695555274729e-01 9.596735019851709847e-01
4.979119120741879456e-01 9.634087921247908026e-01
4.978892535125405416e-01 9.671129202169757022e-01
4.978554513343178556e-01 9.707734536815194604e-01
4.978018438393982947e-01 9.743754317525834541e-01
4.977094948242219985e-01 9.778925028907495820e-01
4.975306884859955758e-01 9.812677532749911613e-01
4.971200894049170316e-01 9.843244849358715465e-01
4.959535309296834171e-01 9.860306398402298722e-01
5.020080321285140812e-01 2.338709677419354704e-01
5.020080321285140812e-01 4.193548387096774355e-01
5.020080321285140812e-01 4.314516129032258118e-01
5.020080321285140812e-01 4.677419354838709409e-01
5.020080321285140812e-01 4.717741935483871218e-01
5.020080321285140812e-01 4.758064516129032473e-01
5.020080321285140812e-01 4.798387096774193727e-01
5.020080321285140812e-01 4.838709677419354982e-01
5.020080321285140812e-01 4.879032258064516236e-01
5.020080321285140812e-01 4.919354838709677491e-01
5.020080321285140812e-01 4.959677419354838745e-01
5.020080321285140812e-01 5.000000000000000000e-01
5.020080321285140812e-01 6.330645161290322509e-01
4.991037986058008968e-01 8.336191660078663412e-01
5.004770165126037895e-01 8.362456044039479064e-01
5.014771731387090981e-01 8.405377866827973277e-01
5.020080321285140812e-01 8.427419354838709964e-01
5.020080321285140812e-01 8.467741935483871218e-01
5.020080321285140812e-01 8.508064516129032473e-01
5.020080321285140812e-01 8.548387096774193727e-01
5.020080321285140812e-01 8.588709677419354982e-01
5.020080321285140812e-01 8.629032258064516236e-01
5.020080321285140812e-01 8.669354838709677491e-01
5.020080321285140812e-01 8.709677419354838745e-01
5.020080321285140812e-01 8.750000000000000000e-01
5.020080321285140812e-01 8.790322580645161255e-01
5.020080321285140812e-01 8.830645161290322509e-01
5.020080321285140812e-01 8.870967741935483764e-01
5.020080321285140812e-01 8.911290322580645018e-01
5.020080321285140812e-01 8.951612903225806273e-01
5.020080321285140812e-01 8.991935483870967527e-01
5.020080321285140812e-01 9.032258064516128782e-01
5.023446289872017800e-01 9.052442540715057717e-01
5.016112911855534762e-01 9.097405061230904311e-01
5.006083696664509475e-01 9.148382117066742314e-01
4.991513405277592241e-01 9.174192924232732471e-01
5.060240963855421326e-01 2.298387096774193450e-01
5.060240963855421326e-01 2.338709677419354704e-01
5.060240963855421326e-01 2.379032258064516236e-01
5.060240963855421326e-01 2.419354838709677491e-01
5.060240963855421326e-01 4.153225806451613100e-01
5.060240963855421326e-01 4.354838709677419373e-01
5.060240963855421326e-01 4.395161290322580627e-01
5.060240963855421326e-01 4.435483870967741882e-01
5.060240963855421326e-01 4.475806451612903136e-01
5.060240963855421326e-01 4.516129032258064391e-01
5.060240963855421326e-01 4.556451612903225645e-01
5.060240963855421326e-01 4.596774193548386900e-01
5.060240963855421326e-01 4.637096774193548154e-01
5.060240963855421326e-01 5.000000000000000000e-01
5.060240963855421326e-01 6.330645161290322509e-01
5.060240963855421326e-01 8.709677419354838745e-01
5.147821124658048531e-01 1.184413974331090941e-01
5.148212499000192066e-01 1.194634499223602431e-01
5.100401606425702949e-01 2.096774193548387177e-01
5.100401606425702949e-01 2.137096774193548432e-01
5.100401606425702949e-01 2.177419354838709686e-01
5.100401606425702949e-01 2.217741935483870941e-01
5.100401606425702949e-01 2.258064516129032195e-01
5.100401606425702949e-01 2.459677419354838745e-01
5.100401606425702949e-01 2.500000000000000000e-01
5.100401606425702949e-01 2.540322580645161255e-01
5.100401606425702949e-01 2.580645161290322509e-01
5.100401606425702949e-01 2.620967741935483764e-01
5.100401606425702949e-01 3.306451612903225645e-01
5.100401606425702949e-01 3.346774193548386900e-01
5.100401606425702949e-01 3.387096774193548154e-01
5.100401606425702949e-01 3.427419354838709409e-01
5.100401606425702949e-01 3.467741935483871218e-01
5.100401606425702949e-01 3.508064516129032473e-01
5.100401606425702949e-01 3.548387096774193727e-01
5.120939031723946711e-01 3.569843701402386493e-01
5.111960607130140444e-01 3.617860046102695515e-01
5.102753146013537799e-01 3.667570045724841687e-01
5.100401606425702949e-01 3.709677419312321089e-01
5.109144507689461490e-01 3.756046077469363809e-01
5.116336548483059188e-01 3.800323087526785715e-01
5.113028770094797393e-01 3.843248151317839589e-01
5.109309804058693727e-01 3.882849625191621135e-01
5.100401606425702949e-01 3.911290322580645018e-01
5.100401606425702949e-01 3.951612903225806273e-01
5.100401606425702949e-01 3.991935483870967527e-01
5.100401606425702949e-01 4.032258064516128782e-01
5.100401606425702949e-01 4.072580645161290591e-01
5.100401606425702949e-01 4.112903225806451846e-01
5.100401606425702949e-01 5.000000000000000000e-01
5.100401606425702949e-01 6.330645161290322509e-01
5.100401606425702949e-01 8.709677419354838745e-01
5.155132539218747478e-01 1.110460667780810776e-02
5.146376327027091246e-01 1.251818217156875496e-02
5.143466955921602857e-01 1.538597851721269436e-02
5.142270335779748347e-01 1.863581199769771823e-02
5.141678892684857782e-01 2.206496640123547029e-02
5.141346845555225809e-01 2.560232500470573797e-02
5.141142817735662174e-01 2.921352223793585376e-02
5.141008823809378736e-01 3.287881924282579083e-02
5.140916232191947710e-01 3.658564811226942132e-02
5.141137023053878874e-01 4.032258063340236204e-02
5.141203619202705521e-01 4.434805901648301851e-02
5.141650193979721006e-01 4.837475735580336333e-02
5.142230762864918869e-01 5.239875482737026829e-02
5.143015359351401639e-01 5.641798881861764120e-02
5.143844616247796875e-01 6.043086604580411025e-02
5.145198719981116664e-01 6.442451078516070462e-02
5.147656851911441844e-01 6.836589385620167603e-02
5.152890361493909221e-01 7.211687620503888507e-02
5.166388666837000709e-01 7.470811852404186937e-02
5.163851325048589569e-01 1.026436000604242504e-01
5.148564954285965722e-01 1.051606510403460953e-01
5.139579437015917573e-01 1.086607101455991792e-01
5.126173227906682950e-01 1.112335316025682003e-01
5.126668133886986833e-01 1.266556126065552235e-01
5.139799807291118849e-01 1.292583467039812861e-01
5.146843672844105821e-01 1.328997209859681394e-01
5.154488065161266785e-01 1.364878837015449653e-01
5.170244251491957765e-01 1.388749235925535175e-01
5.170153773503833872e-01 1.795308018824265939e-01
5.154673273789220911e-01 1.820282271890450443e-01
5.147882243033954364e-01 1.857189036217600786e-01
5.143251387923946094e-01 1.896002344238372772e-01
5.138462281899982553e-01 1.937890860046477814e-01
5.130887025732071560e-01 1.982140002167603332e-01
5.119149790259533983e-01 2.024142022259653451e-01
5.140562248995983463e-01 2.056451612903225923e-01
5.103989700435185295e-01 2.670685048947381013e-01
5.125306568222576242e-01 2.703680851015134445e-01
5.135056860742615026e-01 2.746406432059067537e-01
5.139981035497320772e-01 2.788274786697940710e-01
5.144602572252032768e-01 2.836239531471003716e-01
5.140562248995983463e-01 2.862903225806451846e-01
5.140562248995983463e-01 2.903225806451613100e-01
5.140562248995983463e-01 2.943548387096774355e-01
5.140562248995983463e-01 2.983870967741935609e-01
5.140562248995983463e-01 3.024193548387096864e-01
5.140562248995983463e-01 3.064516129032258118e-01
5.140562248995983463e-01 3.104838709677419373e-01
5.140562248995983463e-01 3.145161290322580627e-01
5.140562248995983463e-01 3.185483870967741882e-01
5.140562248995983463e-01 3.225806451612903136e-01
5.140562248995983463e-01 3.266129032258064391e-01
5.140562248995983463e-01 5.000000000000000000e-01
5.140562248995983463e-01 6.330645161290322509e-01
5.140562248995983463e-01 8.709677419354838745e-01
5.140404214364397983e-01 9.314671158790588379e-03
5.147986099802810411e-01 8.250537789952490375e-02
5.160711770624775152e-01 8.503648166398276864e-02
5.163434997414160232e-01 8.867104673376044466e-02
5.160265338820326786e-01 9.229784592659392994e-02
5.147031249691653709e-01 9.480173219626228387e-02
5.160311816473412971e-01 1.467141141371441082e-01
5.187424026992093484e-01 1.478587994577303111e-01
5.193376311547044377e-01 1.669985205310607068e-01
5.175213688964876990e-01 1.693113121668096410e-01
5.156197347425777178e-01 1.716056358286990879e-01
5.180722891566265087e-01 3.225806451612903136e-01
5.180722891566265087e-01 5.040322580645161255e-01
5.180722891566265087e-01 5.080645161290322509e-01
5.180722891566265087e-01 6.330645161290322509e-01
5.180722891566265087e-01 8.750000000000000000e-01
5.175470052133632759e-01 1.553674814321341080e-01
5.185009456551952223e-01 1.573900889643775891e-01
5.176538311723006824e-01 1.594601337903089056e-01
5.220883534136546711e-01 3.225806451612903136e-01
5.220883534136546711e-01 5.120967741935483764e-01
5.220883534136546711e-01 5.161290322580645018e-01
5.220883534136546711e-01 6.330645161290322509e-01
5.220883534136546711e-01 8.750000000000000000e-01
5.261044176706827225e-01 3.225806451612903136e-01
5.261044176706827225e-01 5.201612903225806273e-01
5.232606893816745819e-01 6.367252605090353290e-01
5.228733045926100553e-01 7.859484273039044622e-01
5.233878891860849203e-01 7.867773371117730008e-01
5.240557522458738626e-01 7.888973319542503804e-01
5.257228413076854290e-01 7.898209423085884584e-01
5.261044176706827225e-01 8.750000000000000000e-01
5.301204819277108848e-01 3.225806451612903136e-01
5.301204819277108848e-01 5.241935483870967527e-01
5.239827257625938595e-01 6.398572247820876191e-01
5.275147060908557117e-01 7.960039119183596190e-01
5.301204819277108848e-01 8.750000000000000000e-01
5.341365461847389362e-01 3.225806451612903136e-01
5.324157911729643367e-01 4.041145701532162238e-01
5.341365461847389362e-01 5.241935483870967527e-01
5.341365461847389362e-01 5.282258064516128782e-01
5.341365461847389362e-01 5.322580645161290036e-01
5.310566391474211834e-01 6.419547461705552571e-01
5.330126226092333219e-01 8.006966314729182521e-01
5.341365461847389362e-01 8.709677419354838745e-01
5.381526104417670986e-01 2.983870967741935609e-01
5.381526104417670986e-01 3.024193548387096864e-01
5.381526104417670986e-01 3.266129032258064391e-01
5.359114874397445938e-01 4.010271020534058040e-01
5.381526104417670986e-01 5.000000000000000000e-01
5.381526104417670986e-01 5.201612903225806273e-01
5.381526104417670986e-01 5.362903225806451291e-01
5.387153115250211677e-01 6.451588503781705564e-01
5.377294683955651244e-01 8.054678967943594836e-01
5.381526104417670986e-01 8.709677419354838745e-01
5.421686746987951500e-01 3.306451612903225645e-01
5.421686746987951500e-01 3.346774193548386900e-01
5.421686746987951500e-01 3.387096774193548154e-01
5.394972110509378416e-01 3.969667804457487348e-01
5.421686746987951500e-01 5.040322580645161255e-01
5.421686746987951500e-01 5.080645161290322509e-01
5.421686746987951500e-01 5.120967741935483764e-01
5.421686746987951500e-01 5.161290322580645018e-01
5.421686746987951500e-01 5.362903225806451291e-01
5.453682303770882589e-01 6.483364195089726945e-01
5.391790624118847353e-01 8.107448628232363230e-01
5.410820986719308001e-01 8.121546749588882674e-01
5.424976646311087114e-01 8.148566662294475238e-01
5.444073690443737013e-01 8.173239991940077775e-01
5.421686746987951500e-01 8.669354838709677491e-01
5.461847389558233123e-01 3.225806451612903136e-01
5.461847389558233123e-01 3.266129032258064391e-01
5.461847389558233123e-01 3.427419354838709409e-01
5.452864495780221921e-01 3.941005079729121841e-01
5.426504801468826633e-01 3.938184872029288908e-01
5.461847389558233123e-01 5.040322580645161255e-01
5.461847389558233123e-01 5.362903225806451291e-01
5.510655030118204456e-01 6.500188267354162219e-01
5.440137205621130567e-01 8.254844798451109744e-01
5.464106806209446665e-01 8.278507159106553992e-01
5.487362005257881981e-01 8.304501222324512932e-01
5.461847389558233123e-01 8.629032258064516236e-01
5.502008032128513637e-01 3.185483870967741882e-01
5.502008032128513637e-01 3.266129032258064391e-01
5.502008032128513637e-01 3.467741935483871218e-01
5.502008032128513637e-01 3.508064516129032473e-01
5.493794400901832464e-01 3.867970769173435519e-01
5.464814391527623716e-01 3.872039318234929972e-01
5.502008032128513637e-01 5.040322580645161255e-01
5.502008032128513637e-01 5.362903225806451291e-01
5.529158692881763759e-01 6.522898483935052338e-01
5.487188123008535090e-01 8.389320263729220795e-01
5.502008032128513637e-01 8.387096774193548709e-01
5.502008032128513637e-01 8.588709677419354982e-01
5.542168674698795261e-01 3.185483870967741882e-01
5.542168674698795261e-01 3.225806451612903136e-01
5.542168674698795261e-01 3.548387096774193727e-01
5.517170388891126098e-01 3.582012661931766040e-01
5.524421314882810297e-01 3.623899615955569198e-01
5.528561189246128382e-01 3.665006771259340379e-01
5.528444647031600656e-01 3.706015887399835007e-01
5.525784620956282200e-01 3.743277156027033925e-01
5.520667465577597799e-01 3.775592224011498077e-01
5.506271269812013092e-01 3.794810958281760183e-01
5.542168674698795261e-01 5.040322580645161255e-01
5.542168674698795261e-01 5.403225806451612545e-01
5.548886876028726878e-01 6.546968684096129421e-01
5.542168674698795261e-01 8.427419354838709964e-01
5.542168674698795261e-01 8.467741935483871218e-01
5.542168674698795261e-01 8.508064516129032473e-01
5.542168674698795261e-01 8.548387096774193727e-01
5.542168674698795261e-01 8.588709677419354982e-01
5.582329317269075775e-01 3.145161290322580627e-01
5.582329317269075775e-01 5.080645161290322509e-01
5.582329317269075775e-01 5.403225806451612545e-01
5.633617260766375923e-01 6.537228501702267991e-01
5.582329317269075775e-01 8.588709677419354982e-01
5.622489959839357399e-01 3.145161290322580627e-01
5.622489959839357399e-01 5.080645161290322509e-01
5.622489959839357399e-01 5.403225806451612545e-01
5.658840848970784210e-01 6.552420456728507148e-01
5.622489959839357399e-01 8.629032258064516236e-01
5.662650602409639022e-01 3.145161290322580627e-01
5.662650602409639022e-01 5.120967741935483764e-01
5.662650602409639022e-01 5.403225806451612545e-01
5.662650602409639022e-01 6.572580645161290036e-01
5.662650602409639022e-01 8.669354838709677491e-01
5.702811244979919536e-01 3.145161290322580627e-01
5.702811244979919536e-01 5.120967741935483764e-01
5.702811244979919536e-01 5.403225806451612545e-01
5.702811244979919536e-01 5.443548387096773800e-01
5.702811244979919536e-01 5.483870967741935054e-01
5.702811244979919536e-01 5.524193548387096309e-01
5.702811244979919536e-01 6.572580645161290036e-01
5.702811244979919536e-01 8.669354838709677491e-01
5.718046030699159843e-01 3.162273332146146587e-01
5.742971887550201160e-01 5.161290322580645018e-01
5.742971887550201160e-01 5.362903225806451291e-01
5.742971887550201160e-01 5.564516129032257563e-01
5.735100532503683013e-01 5.478688151906093706e-01
5.742971887550201160e-01 6.572580645161290036e-01
5.742971887550201160e-01 8.669354838709677491e-01
5.764280180516933028e-01 3.158021973814034156e-01
5.783132530120481674e-01 5.201612903225806273e-01
5.783132530120481674e-01 5.322580645161290036e-01
5.783132530120481674e-01 6.532258064516128782e-01
5.783132530120481674e-01 6.572580645161290036e-01
5.783132530120481674e-01 6.612903225806451291e-01
5.783132530120481674e-01 8.669354838709677491e-01
5.816552695871076706e-01 3.150163707342149011e-01
5.823293172690763297e-01 5.241935483870967527e-01
5.823293172690763297e-01 5.282258064516128782e-01
5.823293172690763297e-01 5.322580645161290036e-01
5.823293172690763297e-01 6.491935483870967527e-01
5.823293172690763297e-01 6.653225806451612545e-01
5.823293172690763297e-01 8.669354838709677491e-01
5.854652935092479193e-01 3.149169978879076681e-01
5.863453815261043811e-01 5.201612903225806273e-01
5.863453815261043811e-01 5.322580645161290036e-01
5.863453815261043811e-01 6.451612903225806273e-01
5.863453815261043811e-01 6.693548387096773800e-01
5.863453815261043811e-01 8.669354838709677491e-01
5.897927330708669924e-01 3.147300634319112889e-01
5.903614457831325435e-01 5.161290322580645018e-01
5.903614457831325435e-01 5.362903225806451291e-01
5.903614457831325435e-01 6.411290322580645018e-01
5.903614457831325435e-01 6.693548387096773800e-01
5.903614457831325435e-01 8.669354838709677491e-01
5.941003052518706307e-01 3.146013438618542879e-01
5.943775100401605949e-01 5.080645161290322509e-01
5.943775100401605949e-01 5.120967741935483764e-01
5.943775100401605949e-01 5.362903225806451291e-01
5.943775100401605949e-01 6.370967741935483764e-01
5.943775100401605949e-01 6.693548387096773800e-01
5.943775100401605949e-01 8.669354838709677491e-01
5.983935742810678748e-01 3.145161290322580627e-01
5.983935742971887572e-01 5.040322580645161255e-01
5.983935742971887572e-01 5.403225806451612545e-01
5.983935742971887572e-01 6.370967741935483764e-01
5.983935742971887572e-01 6.733870967741935054e-01
5.983935742971887572e-01 8.669354838709677491e-01
6.024096385584687408e-01 3.145161290322580627e-01
6.024096385542169196e-01 5.040322580645161255e-01
6.024096385542169196e-01 5.403225806451612545e-01
6.024096385542169196e-01 6.370967741935483764e-01
6.024096385542169196e-01 6.733870967741935054e-01
6.024096385542169196e-01 8.669354838709677491e-01
6.064227944750171240e-01 3.145450953489348778e-01
6.064257028112449710e-01 5.040322580645161255e-01
6.064257028112449710e-01 5.403225806451612545e-01
6.064257028112449710e-01 6.370967741935483764e-01
6.064257028112449710e-01 6.733870967741935054e-01
6.064257028112449710e-01 8.669354838709677491e-01
6.064257028112449710e-01 8.709677419354838745e-01
6.064257028112449710e-01 8.750000000000000000e-01
6.064257028112449710e-01 8.790322580645161255e-01
6.104348786031503771e-01 3.145807727069627746e-01
6.104417670682731334e-01 5.040322580645161255e-01
6.104417670682731334e-01 5.403225806451612545e-01
6.099687432685594324e-01 6.407903944021992038e-01
6.104417670682731334e-01 6.733870967741935054e-01
6.104417670682731334e-01 8.669354838709677491e-01
6.104417670682731334e-01 8.830645161290322509e-01
6.104417670682731334e-01 8.870967741935483764e-01
6.144452942891737157e-01 3.146257799181189641e-01
6.135480183440383817e-01 5.077884217063265426e-01
6.058853870055761481e-01 5.369715842328244282e-01
6.136307902199339415e-01 6.403384058616093943e-01
6.147370466935105915e-01 6.736429288773045920e-01
6.144578313253011848e-01 8.669354838709677491e-01
6.144578313253011848e-01 8.911290322580645018e-01
6.184529666722399233e-01 3.146842870938276193e-01
6.175211042179314935e-01 5.072035343656616790e-01
6.077559457523337150e-01 5.358478943066250499e-01
6.180099065429119909e-01 6.395617927304438899e-01
6.161653234054854655e-01 6.776793505029466980e-01
6.184738955823293471e-01 8.669354838709677491e-01
6.184738955823293471e-01 8.951612903225806273e-01
6.224474144812017773e-01 3.147906285612994126e-01
6.218411792880840228e-01 5.062969598258214576e-01
6.218736220845937357e-01 6.390651277146272013e-01
6.237381664333849773e-01 6.801871810401338703e-01
6.224899598393573985e-01 8.669354838709677491e-01
6.224899598393573985e-01 8.991935483870967527e-01
6.264295144262057580e-01 3.149362651766428045e-01
6.260282572163184955e-01 5.057066176124217494e-01
6.260432662654118463e-01 6.385732981256179164e-01
6.236119091606149301e-01 6.833417278774562842e-01
6.265060240963855609e-01 8.669354838709677491e-01
6.265060240963855609e-01 8.991935483870967527e-01
6.303864574021506018e-01 3.151492969500982455e-01
6.298063569431039399e-01 5.055319605199920519e-01
6.298946379994819766e-01 6.380460549375012169e-01
6.314114160797404951e-01 6.844482560972532381e-01
6.305220883534136123e-01 8.669354838709677491e-01
6.305220883534136123e-01 8.951612903225806273e-01
6.305220883534136123e-01 8.991935483870967527e-01
6.305220883534136123e-01 9.032258064516128782e-01
6.342814183796533500e-01 3.154934781505876473e-01
6.339265641351473635e-01 5.051884552268611772e-01
6.342783689967134153e-01 6.378276773142598222e-01
6.311096494379696553e-01 6.876751153594663490e-01
6.345381526104417746e-01 8.669354838709677491e-01
6.345381526104417746e-01 8.870967741935483764e-01
6.345381526104417746e-01 8.911290322580645018e-01
6.345381526104417746e-01 9.072580645161290036e-01
6.379555581181017843e-01 3.161690399884396485e-01
6.380631574822297480e-01 5.054405675074385984e-01
6.389555265879431900e-01 6.384032043973885129e-01
6.360227074866822150e-01 6.899983513013144831e-01
6.385542168674698260e-01 8.669354838709677491e-01
6.385542168674698260e-01 8.709677419354838745e-01
6.385542168674698260e-01 8.750000000000000000e-01
6.385542168674698260e-01 8.790322580645161255e-01
6.385542168674698260e-01 8.830645161290322509e-01
6.357803806123962787e-01 9.103323495702727586e-01
6.391794879265768614e-01 9.100649475961202217e-01
6.404331009395525243e-01 3.177437605937161735e-01
6.406163181670114781e-01 5.068975965297149999e-01
6.430137066196754958e-01 6.390229881620935748e-01
6.406524412592977669e-01 6.935781079921012893e-01
6.425702811244979884e-01 8.669354838709677491e-01
6.415814613716781523e-01 9.156724993785422262e-01
6.484046777369956160e-01 3.163162164330001747e-01
6.485403083390126611e-01 5.051991776638333764e-01
6.465863453815261508e-01 6.370967741935483764e-01
6.449361010347063328e-01 6.979062192934385456e-01
6.465863453815261508e-01 8.669354838709677491e-01
6.451479568969959999e-01 9.212602691709874669e-01
6.508367348657654317e-01 3.181174267430774694e-01
6.510934690237942801e-01 5.066562066861097779e-01
6.506024096385542022e-01 6.370967741935483764e-01
6.479297145494226084e-01 7.029091640856237611e-01
6.508183100019547807e-01 7.017861223599363152e-01
6.506024096385542022e-01 8.669354838709677491e-01
6.488157242062467800e-01 9.270345236197293781e-01
6.542305300510385946e-01 3.193529852489460086e-01
6.548162444934612081e-01 5.072404288878333833e-01
6.546184738955823645e-01 6.411290322580645018e-01
6.526566428921548590e-01 7.054420418196147846e-01
6.546184738955823645e-01 8.669354838709677491e-01
6.517426987967817054e-01 9.332236862335834271e-01
6.549806153317810908e-01 9.331458571231773247e-01
6.566274905068627543e-01 3.211914214245494281e-01
6.587344667729400083e-01 5.075327757588257160e-01
6.586345381526104159e-01 6.451612903225806273e-01
6.576454473849213667e-01 7.092975129733883888e-01
6.586345381526104159e-01 8.669354838709677491e-01
6.551956376949152894e-01 9.398357502960285048e-01
6.572128528220406718e-01 9.407842487036701673e-01
6.587565517053650677e-01 9.413944932842447377e-01
6.646576500553862399e-01 3.199376108335150737e-01
6.627073511391869953e-01 5.077048017776706335e-01
6.626506024096385783e-01 6.491935483870967527e-01
6.561104413178042716e-01 7.109035058773213178e-01
6.626506024096385783e-01 8.669354838709677491e-01
6.579137635473386592e-01 9.437681701514990529e-01
6.670546105112103996e-01 3.217760470091184932e-01
6.667008252285692160e-01 5.078172988216993478e-01
6.666666666666666297e-01 6.491935483870967527e-01
6.666666666666666297e-01 8.669354838709677491e-01
6.704484057110354778e-01 3.230116055149870324e-01
6.707007515516713037e-01 5.079253243823205199e-01
6.706827309236947920e-01 6.532258064516128782e-01
6.706827309236947920e-01 8.629032258064516236e-01
6.728804628252533782e-01 3.248128158250643271e-01
6.747044437785576498e-01 5.080195089251520191e-01
6.746987951807228434e-01 6.491935483870967527e-01
6.746987951807228434e-01 6.532258064516128782e-01
6.746987951807228434e-01 6.572580645161290036e-01
6.746987951807228434e-01 6.612903225806451291e-01
6.746987951807228434e-01 8.629032258064516236e-01
6.808520396226964699e-01 3.233852716643483283e-01
6.787092108399161994e-01 5.081095233329124827e-01
6.787148594377510058e-01 6.411290322580645018e-01
6.787148594377510058e-01 6.451612903225806273e-01
6.787148594377510058e-01 6.653225806451612545e-01
6.787148594377510058e-01 8.588709677419354982e-01
6.833266741565773295e-01 3.249310259256631972e-01
6.827129031140963811e-01 5.082037078757439819e-01
6.827309236947791682e-01 6.370967741935483764e-01
6.827309236947791682e-01 6.693548387096773800e-01
6.827309236947791682e-01 8.467741935483871218e-01
6.827309236947791682e-01 8.508064516129032473e-01
6.827309236947791682e-01 8.548387096774193727e-01
6.827309236947791682e-01 8.588709677419354982e-01
6.869968337715878226e-01 3.255709104254961850e-01
6.867128293899046332e-01 5.083117334363651540e-01
6.867469879518072196e-01 6.370967741935483764e-01
6.867469879518072196e-01 6.693548387096773800e-01
6.867469879518072196e-01 8.387096774193548709e-01
6.867469879518072196e-01 8.427419354838709964e-01
6.867469879518072196e-01 8.629032258064516236e-01
6.908890544197262562e-01 3.258990507587910535e-01
6.907063034792869649e-01 5.084242304803938683e-01
6.907630522088353819e-01 6.370967741935483764e-01
6.907630522088353819e-01 6.733870967741935054e-01
6.907630522088353819e-01 8.346774193548387455e-01
6.907630522088353819e-01 8.669354838709677491e-01
6.948415856478755703e-01 3.260892527309366407e-01
6.946791878455338409e-01 5.085962564992387858e-01
6.947791164658634333e-01 6.370967741935483764e-01
6.947791164658634333e-01 6.733870967741935054e-01
6.987573441967038779e-01 8.370562531805086914e-01
6.947791164658634333e-01 8.669354838709677491e-01
6.988161045125258486e-01 3.262008372243613841e-01
6.986003184562383783e-01 5.088596370844771233e-01
6.987951807228915957e-01 6.370967741935483764e-01
6.941211199870400694e-01 6.742116703441546344e-01
6.987951807228915957e-01 8.306451612903226200e-01
6.987951807228915957e-01 8.669354838709677491e-01
7.027963540714595725e-01 3.262531888744448216e-01
7.023270739474797297e-01 5.094081820063893762e-01
7.028112449799196471e-01 6.370967741935483764e-01
6.980694524128453482e-01 6.829009618903059131e-01
7.005329379927830447e-01 6.836829340881517281e-01
7.027123548861241575e-01 6.845402331692317377e-01
7.028112449799196471e-01 8.306451612903226200e-01
7.028112449799196471e-01 8.669354838709677491e-01
7.067740762501185658e-01 3.262187293280036093e-01
7.048829746414836395e-01 5.107912372407172885e-01
7.049741277220588076e-01 6.396135724029473613e-01
7.029773444152366269e-01 6.908470594264086717e-01
7.045839906419556486e-01 6.899846879044367887e-01
7.062585755117166686e-01 8.311864570263893803e-01
7.068273092369478094e-01 8.669354838709677491e-01
7.107092400948609168e-01 3.260838865666770281e-01
7.127566469681774208e-01 5.090028558737568209e-01
7.094185866264020035e-01 6.389861485335014413e-01
7.130539132596318552e-01 8.259308413347049571e-01
7.108433734939758608e-01 8.669354838709677491e-01
7.144712152081797996e-01 3.257073678091288449e-01
7.152806363016157576e-01 5.103398197210363696e-01
7.142629158048681148e-01 6.377348322533972214e-01
7.141791741893417367e-01 8.235270259413688398e-01
7.130079241184308358e-01 8.645299943088884387e-01
7.171193091245554596e-01 3.245716520600140931e-01
7.189575601488654710e-01 5.107597106947533439e-01
7.185953889030683994e-01 6.371530227119247547e-01
7.157420383347384840e-01 8.209982452193095304e-01
7.171434264211170584e-01 8.650938450516532097e-01
7.243544703029679566e-01 3.268542930694116611e-01
7.227839668791044003e-01 5.107886921727068374e-01
7.228846777999374806e-01 6.370321305188436645e-01
7.230320034228848725e-01 8.213200394004103178e-01
7.224961712869467645e-01 8.665808327420945201e-01
7.254476347717505602e-01 3.268253266090346831e-01
7.265833919356160520e-01 5.105506794174171636e-01
7.268950934859609303e-01 6.369871233076874750e-01
7.242442630942028670e-01 8.190723019708399111e-01
7.268980018153675671e-01 8.670161684346948672e-01
7.326729992515852441e-01 3.245070082616181018e-01
7.301564760151764144e-01 5.099247620786510060e-01
7.309027658690270268e-01 6.369286161319788198e-01
7.250655132689958204e-01 8.170203014216836923e-01
7.309056741820627590e-01 8.670746756176794801e-01
7.353183528385967005e-01 3.256266832599536420e-01
7.324603154767215241e-01 5.083493226087621997e-01
7.349056004742420267e-01 6.368495568862154732e-01
7.308458996914237726e-01 8.170367837282678236e-01
7.289947158634573210e-01 8.150068552368471275e-01
7.349124889234486258e-01 8.671180575254238132e-01
7.390759161822920698e-01 3.259803721579843105e-01
7.403115353623711536e-01 5.091915183077235785e-01
7.388990745636242474e-01 6.367370598421867589e-01
7.389087033039963837e-01 8.672145136440503332e-01
7.430034990321733313e-01 3.260811628555999042e-01
7.413490820619049737e-01 5.062334075412382450e-01
7.428719589298712345e-01 6.365650338233418415e-01
7.428859994107629428e-01 8.673637098324815664e-01
7.469586361427231758e-01 3.260343503338404836e-01
7.492927835597824604e-01 5.069247599495875223e-01
7.467901812093500347e-01 6.362726869523495088e-01
7.468118027796903924e-01 8.676220047561782334e-01
7.509059480590845048e-01 3.258831746774845661e-01
7.515537821828952580e-01 5.050460012900012119e-01
7.505158649956906736e-01 6.357174310945875595e-01
7.505487763929745704e-01 8.681522370240981612e-01
7.548006479024683690e-01 3.255838740864888670e-01
7.548798040057794756e-01 5.037574717463294549e-01
7.530730056583910814e-01 6.342960795267454932e-01
7.531347956515878073e-01 8.694873328711236748e-01
7.584957501841204097e-01 3.249706474147857072e-01
7.572767650582322707e-01 5.019190361528026445e-01
7.609775707697922220e-01 6.360395054873679843e-01
7.608421974456364145e-01 8.675733866365326064e-01
7.610104789697457184e-01 3.234625451281786801e-01
7.652464106419015755e-01 5.033025436569005251e-01
7.635223393650617529e-01 6.346409836626281109e-01
7.631396003913492043e-01 8.685732126431239264e-01
7.689625793674317311e-01 3.250573029020620841e-01
7.677078282532570075e-01 5.017156499670818448e-01
7.672318850774140220e-01 6.341358206775640216e-01
7.654889219512519549e-01 8.679342454960269349e-01
7.714783764673616151e-01 3.234861805779679078e-01
7.713712757100570361e-01 5.010302064474672079e-01
7.711191304584776862e-01 6.339832529849973586e-01
7.724814713870860050e-01 8.704301740433419976e-01
7.751072900101575458e-01 3.226452888432709831e-01
7.752489769664975272e-01 5.006573931896127760e-01
7.750374607968409935e-01 6.340163925854158666e-01
7.736374975685179622e-01 8.704897030181582007e-01
7.787378719445864350e-01 3.218137268070882517e-01
7.791929755336336472e-01 5.004201361443847418e-01
7.789171515984075755e-01 6.342372482251976695e-01
7.808068887467111141e-01 8.681475330339444296e-01
7.812562440059158675e-01 3.202431791672302741e-01
7.831721671146700814e-01 5.002455332141835243e-01
7.826118226631555430e-01 6.347669634344657030e-01
7.833468193249322198e-01 8.690989275891033428e-01
7.891630544196290842e-01 3.218813188779618417e-01
7.871626348356643987e-01 5.001035143868648447e-01
7.851322740185482374e-01 6.361994596738969054e-01
7.868110937866790167e-01 8.689854087968987839e-01
7.916579330541065884e-01 3.204696728555004870e-01
7.911646586412663940e-01 5.000000000008277823e-01
7.930675217850006176e-01 6.345461428976587603e-01
7.892833539718634439e-01 8.677532366672230379e-01
7.953142671854970258e-01 3.200056421976055776e-01
7.951666823997606270e-01 4.998964856131351553e-01
7.955898742899102372e-01 6.360810133741207073e-01
7.970930494435400915e-01 8.696092660463745627e-01
7.991216144865578297e-01 3.199356701863448893e-01
7.991655368706236384e-01 4.997817489929730073e-01
7.992309457104969095e-01 6.368495568862154732e-01
7.996622448546080175e-01 8.682419042959208522e-01
8.025024076956455144e-01 3.202790494016822254e-01
8.031561026760740685e-01 4.996402856486383826e-01
8.028784692029133918e-01 6.376136288857988665e-01
8.033909329420552137e-01 8.677010639728377495e-01
8.047064526836915643e-01 3.215512919179614459e-01
8.071318953517188088e-01 4.994972259737551212e-01
8.054316292183070214e-01 6.390706581409059117e-01
8.073108237150303790e-01 8.674450468895356092e-01
8.121901675009161048e-01 3.198249578220589417e-01
8.110540978201191686e-01 4.992405563825741410e-01
8.130958280058570020e-01 6.372192301937649184e-01
8.112816105027326197e-01 8.673096138152158741e-01
8.143305842978337816e-01 3.212029271038068790e-01
8.147825217612011395e-01 4.987013413337990642e-01
8.153200078751000612e-01 6.381591516697118216e-01
8.152697043024931256e-01 8.672662319074715409e-01
8.175639675660844041e-01 3.217087045289395708e-01
8.170526656518544151e-01 4.973028197418898344e-01
8.175482312413717700e-01 6.373108965494940215e-01
8.192548574457672039e-01 8.672756678931745622e-01
8.208827638828446460e-01 3.219058450870966870e-01
8.246046709192236257e-01 4.990156540842426436e-01
8.251472074135457468e-01 6.393010850409946988e-01
8.232078677848115866e-01 8.673374817224084321e-01
8.240753741398169074e-01 3.219285837934172112e-01
8.267766295744752858e-01 4.976261149821502583e-01
8.277255322596704934e-01 6.379794700882367442e-01
8.270228364841262225e-01 8.675843497546720240e-01
8.269020409816988382e-01 3.217492056522338051e-01
8.300483194207884940e-01 4.971554115144235508e-01
8.314482233427810121e-01 6.374450643310293207e-01
8.298623971669115695e-01 8.683925128932441506e-01
8.282782197125764245e-01 3.209554580483405251e-01
8.333962493703277463e-01 4.970763521231410520e-01
8.353505042938034197e-01 6.371117115780972062e-01
8.353133628930502486e-01 8.627613623356146233e-01
8.300135317950483316e-01 3.224533830709274684e-01
8.365156183245565646e-01 4.973760513784063475e-01
8.392859289998162442e-01 6.368338614523846308e-01
8.408077967579450362e-01 8.682828622329379353e-01
8.383608481240829580e-01 4.985485573960167782e-01
8.432061804929420479e-01 6.365272314400381992e-01
8.436458539950566493e-01 8.673515479529141370e-01
8.451584625482394530e-01 4.973028197418898344e-01
8.470438511477152987e-01 6.360782174273363898e-01
8.474532416121985934e-01 8.669806134964728184e-01
8.462629742512711717e-01 4.987013413337990642e-01
8.506404187006176842e-01 6.353157372326559971e-01
8.513920537003053512e-01 8.667477954947953034e-01
8.470773168065282022e-01 4.992405563825741410e-01
8.529615876887621795e-01 6.336229295815311024e-01
8.553443482433724654e-01 8.665162405447899285e-01
8.608500781725254569e-01 6.343955653794710603e-01
8.592532101052441362e-01 8.661904558464283976e-01
8.619046426966344709e-01 6.314143929705624547e-01
8.629711477033817912e-01 8.655856815091664824e-01
8.698331661976829166e-01 6.321887116683947427e-01
8.655215649155855173e-01 8.641151527333403859e-01
8.721460888482981400e-01 6.304479989959227426e-01
8.734512812080212907e-01 8.658017037556536843e-01
8.756759495923345238e-01 6.295098519805187864e-01
8.760014542099836543e-01 8.643388174128748824e-01
8.792557550123639709e-01 6.286232823077889664e-01
8.797158428870354152e-01 8.637273130476504912e-01
8.817526340404203689e-01 6.270396100627558811e-01
8.836340651665143264e-01 8.634349661766581585e-01
8.895527315344736730e-01 6.287044191267341375e-01
8.876040412088116449e-01 8.632339738429554155e-01
8.919487217559018966e-01 6.274385156575590372e-01
8.915935351856698610e-01 8.630857994609076878e-01
8.953376871168550188e-01 6.273580493871122599e-01
8.955907211839551074e-01 8.629617329894362365e-01
8.977641198867333250e-01 6.284575008321553469e-01
8.995900017685473093e-01 8.628447186234670108e-01
9.055145809143579916e-01 6.265556003237443550e-01
9.035871877058964108e-01 8.627206521519955595e-01
9.077960147774739585e-01 6.278711658707188947e-01
9.075766816827546268e-01 8.625724777699478318e-01
9.112082330366721994e-01 6.283763287975753231e-01
9.115466577250519453e-01 8.623714854362450888e-01
9.147705869413967905e-01 6.286101685874464495e-01
9.154648800045307455e-01 8.620791385652527561e-01
9.183328226554660079e-01 6.287371873951351775e-01
9.191876554741976735e-01 8.614949163635291507e-01
9.218445964602671738e-01 6.288140070574891327e-01
9.217324293663643475e-01 8.600106054105826070e-01
9.252675230227724867e-01 6.288641000029465689e-01
9.296579180363879757e-01 8.616716624087383813e-01
9.285466750330071406e-01 6.289226071786552241e-01
9.322054300169240193e-01 8.601696264081364340e-01
9.315857299880300202e-01 6.289676143898114136e-01
9.359114268227423095e-01 8.594996147871678538e-01
9.341407735742269791e-01 6.290032917478393104e-01
9.398050452514600250e-01 8.590950689390264294e-01
9.352398475175760506e-01 6.290322580645161255e-01
9.437393980633970170e-01 8.587695401724739774e-01
9.476664309381941376e-01 8.584331828601388104e-01
9.515357322325362910e-01 8.579946623499234981e-01
9.551917580961545307e-01 8.572628731921976275e-01
9.576358051445095221e-01 8.556407517603328294e-01
9.653315014943637529e-01 8.569362094670894825e-01
9.672631793910260178e-01 8.549033533375721694e-01
9.691644391282480120e-01 8.529071092883485639e-01
9.767183025587765632e-01 8.541013113929019074e-01
9.786823180707051595e-01 8.525241970557779769e-01
9.817639194498115618e-01 8.518509149791733126e-01
9.849179301113563101e-01 8.514914537438251774e-01
9.878961925196599880e-01 8.512675935118985127e-01
9.904166845039998890e-01 8.511140907423631052e-01
9.914940632879734039e-01 8.510018918816293354e-01
