3.008558880537748337e-03 8.196896827312116773e-01
4.684106446802616119e-03 8.181850347345254182e-01
8.825791683646449712e-03 8.223835848792575565e-01
1.545689564317943507e-02 6.321837697086345464e-01
1.316707564637543612e-02 8.238056795405903632e-01
1.498398648754480436e-02 6.337195531140502602e-01
1.379857070923569753e-02 8.257307425304027948e-01
2.141106281668905126e-02 6.330946465075997232e-01
1.507029893581781493e-02 8.279494301848793203e-01
2.299080444799070366e-02 6.344380630233374951e-01
2.297112769746487149e-02 8.276069607697736918e-01
2.590594611955380350e-02 6.351601345866968451e-01
2.420149414227849155e-02 8.297119588266669288e-01
2.894600527314282121e-02 6.359435599350420354e-01
2.580632211128062667e-02 8.319698559232365787e-01
3.092533469678886149e-02 6.375064161892098902e-01
3.450279476599819872e-02 8.317944373726783303e-01
3.859556903669902200e-02 6.360788423533230151e-01
3.648856728294224555e-02 8.341137481862966885e-01
4.071418508554408566e-02 6.375257738598301138e-01
3.782149204651424901e-02 8.362139750994680432e-01
4.439638572646609910e-02 6.381775806273943807e-01
4.658877501922498859e-02 8.358750062930896396e-01
4.829176527525842755e-02 6.385210826608962442e-01
4.859836561624970852e-02 8.381722356924358186e-01
5.226192869893010740e-02 6.386987865751287963e-01
5.032236824124437791e-02 8.403306520945891256e-01
5.625395066178669884e-02 6.388151368207908298e-01
5.876539554353429201e-02 8.396698275196493588e-01
6.025592517423308814e-02 6.388969594534281704e-01
6.099353600026904965e-02 8.416542917571158133e-01
6.426304806515678592e-02 6.389575368682707257e-01
6.394783774882659144e-02 8.429221643332519553e-01
6.827309238575253458e-02 6.390041493775933112e-01
6.624508367937402553e-02 8.448501009575218879e-01
7.228313663287176671e-02 6.390507618869158968e-01
7.468582772795694102e-02 8.439821376691328814e-01
7.629025976844955315e-02 6.391113393017584521e-01
7.665219864198830058e-02 8.458057074335160186e-01
8.029223419904141235e-02 6.391931619343957927e-01
7.997430758583490285e-02 8.471403505413549473e-01
8.428425591997240618e-02 6.393095121800578262e-01
8.228466717851717904e-02 8.490527723210620215e-01
8.825441955100889191e-02 6.394872160942903783e-01
9.042302615394494369e-02 8.480004239267054933e-01
9.216672938005450455e-02 6.397884786909124877e-01
9.275805930470033822e-02 8.498595518198180931e-01
9.587360346263432143e-02 6.403869915718822803e-01
9.611795581800089416e-02 8.511253862547073501e-01
9.837399587599957029e-02 6.418539664207636442e-01
9.848992074007564823e-02 8.529469177032206195e-01
1.064452812324341580e-01 6.403037099277840705e-01
1.065862776494648501e-01 8.516667349779923901e-01
1.162714477044990286e-01 4.434048025658705594e-01
1.089456738204224034e-01 6.417706847766654343e-01
1.090190449844574555e-01 8.532712126200964198e-01
1.172104543056264186e-01 4.430347312380911173e-01
1.126525475683081562e-01 6.423691976576352269e-01
1.126791902478942314e-01 8.539991115852204606e-01
1.193879660299369538e-01 4.423453283169658246e-01
1.165588376774774337e-01 6.426238477340208144e-01
1.165527370489524150e-01 8.544354906937984273e-01
1.208011592161162828e-01 4.407568007381053032e-01
1.205200599242196025e-01 6.427409742370487900e-01
1.204819276411238649e-01 8.547717842339065397e-01
1.281154837737974450e-01 4.415519108524337266e-01
1.244979919388973372e-01 6.427755018573494405e-01
1.244280489003701806e-01 8.550658383631558612e-01
1.297189523610866035e-01 4.395494791033003334e-01
1.284759239169359080e-01 6.427409742370487900e-01
1.283262688229440118e-01 8.554489236142431841e-01
1.313972049869641945e-01 4.374970050057187532e-01
1.324371463601289600e-01 6.426238477340208144e-01
1.320242017868019924e-01 8.561080138482098922e-01
1.391143814770946230e-01 4.385170346440909750e-01
1.363265058397989671e-01 6.423269582207554729e-01
1.345016439089992966e-01 8.576638407124151930e-01
1.411161902337241536e-01 4.368396548170758731e-01
1.400087063643056517e-01 6.416751514531912060e-01
1.425748983141872650e-01 8.561785344229585482e-01
1.446577046171366454e-01 4.358489892847765557e-01
1.424713116447744177e-01 6.401393680477754922e-01
1.450612010975671218e-01 8.577273321300319386e-01
1.482230366149685230e-01 4.348804049741639144e-01
1.505688942910871353e-01 6.415486039093374337e-01
1.487440324621508714e-01 8.584421953148714257e-01
1.506528552662745879e-01 4.331824322080402023e-01
1.530294063949656502e-01 6.399505374336293961e-01
1.526104418367877913e-01 8.589211618241846535e-01
1.587335076323340144e-01 4.345494286327225009e-01
1.566414670573264556e-01 6.391113393017584521e-01
1.564768509119146001e-01 8.594001283365807486e-01
1.611961127963874585e-01 4.330136452273067871e-01
1.602586765547309167e-01 6.382933864568038906e-01
1.601596824365694172e-01 8.601149915214202357e-01
1.648783132772383975e-01 4.323618384597425202e-01
1.627372114093465494e-01 6.367650575901060428e-01
1.626520052890715884e-01 8.616171767664647652e-01
1.687736928987902951e-01 4.320183364262406567e-01
1.706657756557575789e-01 6.383942369191957233e-01
1.707042783936373320e-01 8.600712932986342985e-01
1.727438565298267947e-01 4.318406325120081046e-01
1.729999534158320473e-01 6.372130095313353060e-01
1.731736508967639254e-01 8.614986846097880679e-01
1.767358781689032654e-01 4.317242822663460711e-01
1.763351762837479797e-01 6.372285244341058252e-01
1.768564822904515055e-01 8.619808473033034879e-01
1.807378526813496478e-01 4.316424596337087305e-01
1.786532790669385917e-01 6.384428875806791304e-01
1.807228914965455513e-01 8.621044059856930453e-01
1.847449758983271961e-01 4.315818822188661752e-01
1.865975478566793966e-01 6.369850008248030271e-01
1.845893008420786130e-01 8.619808473033034879e-01
1.887550200640466525e-01 4.315352697095435897e-01
1.889935555113021193e-01 6.386901823477963980e-01
1.882721322357661931e-01 8.614986846097880679e-01
1.927650643846424150e-01 4.315818822188661752e-01
1.920235528013141679e-01 6.397853421711041655e-01
1.907644550882683920e-01 8.601601451975429136e-01
1.967721873574206359e-01 4.316424596337087305e-01
1.943323967247139183e-01 6.416252727119862165e-01
1.987937778434585301e-01 8.618315560472703529e-01
2.007741620317570752e-01 4.317242822663460711e-01
2.024494452934046396e-01 6.406070342397557349e-01
2.012861006959607013e-01 8.604930166350251985e-01
2.047661836308157790e-01 4.318406325120081046e-01
2.046877426086189944e-01 6.425984322902055235e-01
2.049689320605444509e-01 8.600108539415097786e-01
2.087363471745407595e-01 4.320183364262406567e-01
2.078877582479395358e-01 6.440346922951990516e-01
2.088353412549969756e-01 8.598872952591202212e-01
2.126317268834041763e-01 4.323618384597425202e-01
2.099712789189594198e-01 6.460677542833851428e-01
2.127017506703792471e-01 8.600108539415097786e-01
2.163139273642551152e-01 4.330136452273067871e-01
2.182744469490822403e-01 6.459574819797518908e-01
2.163845820349629967e-01 8.604930166350251985e-01
2.187765325283085593e-01 4.345494286327225009e-01
2.189864569439937958e-01 6.491381760476025997e-01
2.188708848183428535e-01 8.618781685092992140e-01
2.268741151746212770e-01 4.331401927711604483e-01
2.272551860622911979e-01 6.495001405178998377e-01
2.269211888741552163e-01 8.602673348379457074e-01
2.293286071511697888e-01 4.347848717671050078e-01
2.279936712296926349e-01 6.526313246627767350e-01
2.294215813457281261e-01 8.617343098032423931e-01
2.329317269194017548e-01 4.356846473044459489e-01
2.359277783588218380e-01 6.521621266924834126e-01
2.329317269076305319e-01 8.630705394190871793e-01
2.365348464894682645e-01 4.365844228387041337e-01
2.381397265502360194e-01 6.538406320228299373e-01
2.369477911646586388e-01 8.630705394190871793e-01
2.389893386406397591e-01 4.382291018346486933e-01
2.416867197151800761e-01 6.546095703574886793e-01
2.409638554216867457e-01 8.630705394190871793e-01
2.469003229761069784e-01 8.954566895277761285e-01
2.470869212869524767e-01 4.368198659730866407e-01
2.454962740761197915e-01 6.550897155734768385e-01
2.449799196787148525e-01 8.630705394190871793e-01
2.508073605589538624e-01 8.901454576859212375e-01
2.495495264510059208e-01 4.383556493785023545e-01
2.490757200056354925e-01 6.553079536147473627e-01
2.489959839357429594e-01 8.630705394190871793e-01
2.489959839357429594e-01 8.921161825726141581e-01
2.532317270919279273e-01 4.390074561460666214e-01
2.530289787113119693e-01 6.555594203287095079e-01
2.530120481927710663e-01 8.630705394190871793e-01
2.530120481927710663e-01 8.921161825726141581e-01
2.571271065534087574e-01 4.393509581795684849e-01
2.569899801418354945e-01 6.557998326220607632e-01
2.570281124497991732e-01 8.630705394190871793e-01
2.548871434117895296e-01 8.858710868241598257e-01
2.610972701844452848e-01 4.395286620938010369e-01
2.609512025850285744e-01 6.560381139183940613e-01
2.610441767068273355e-01 8.672199170124481604e-01
2.610441767068273355e-01 8.879668049792530660e-01
2.650892917835039886e-01 4.396450123394630705e-01
2.648574924322633639e-01 6.563859890643565231e-01
2.650602409638554424e-01 8.713692946058091415e-01
2.650602409638554424e-01 8.838174273858920849e-01
2.750485118134433637e-01 2.844046276981490040e-01
2.690852464532922372e-01 4.396802224591398467e-01
2.685643663402201842e-01 6.569845019453263157e-01
2.690763052208835493e-01 8.755186721991701226e-01
2.690763052208835493e-01 8.796680497925311037e-01
2.738482120201874426e-01 2.827320607133688712e-01
2.730834283446378907e-01 4.396802224591398467e-01
2.710647589282084158e-01 6.584514767942076796e-01
2.730923694779116562e-01 8.755186721991701226e-01
2.790555579907608719e-01 2.800522270222113308e-01
2.770793826715466368e-01 4.396450123394630705e-01
2.791360442846430034e-01 6.569012203012279949e-01
2.771084337349397630e-01 8.755186721991701226e-01
2.839629994658566248e-01 2.767208005930587023e-01
2.810544743141321633e-01 4.394864226569212828e-01
2.816364366980082523e-01 6.583681951501093588e-01
2.811244979919678699e-01 8.713692946058091415e-01
2.885769048292399219e-01 2.749311394542185427e-01
2.846559754101303241e-01 4.393442768714181934e-01
2.853433107805880553e-01 6.589667080310791514e-01
2.851405622489959768e-01 8.713692946058091415e-01
2.878894648200506778e-01 2.718738734507663013e-01
2.884953673964040788e-01 4.389328256010800455e-01
2.892496006496507177e-01 6.593145831770416132e-01
2.905980138492444964e-01 8.699913744368354962e-01
2.941481119854446602e-01 2.697252632512432968e-01
2.920894498023275387e-01 4.381945495487913345e-01
2.932108231983451274e-01 6.595528644733749113e-01
2.926776030002232742e-01 8.678376537301342175e-01
3.002884193673265867e-01 2.675540612506220328e-01
2.944038094836754493e-01 4.365503454109445070e-01
2.971887549911061410e-01 6.597510373408465023e-01
2.951373452204746894e-01 8.655226730062390850e-01
3.004337595060400656e-01 2.642273965718696105e-01
3.024008706428043536e-01 4.374208224553777224e-01
3.011666870055245693e-01 6.599492102154217443e-01
3.039124261571027330e-01 8.662985421125912744e-01
3.084605182137669654e-01 2.638315185720943590e-01
3.043297811726437541e-01 4.351506079629225976e-01
3.101173878729672762e-01 5.783317733065251876e-01
3.051279094123378055e-01 6.601874915117550424e-01
3.062529380748377772e-01 8.646611417518133003e-01
3.095489458304158670e-01 2.617066127821248700e-01
3.059949997062589300e-01 4.328944681992916710e-01
3.118720472506041896e-01 5.809722034380426781e-01
3.090341994196436626e-01 6.605353666577175042e-01
3.098630765983629298e-01 8.639303587135063189e-01
3.113706419524927549e-01 2.592726207620375534e-01
3.132530119869331164e-01 4.315352697721986930e-01
3.129460148037136458e-01 5.845990685545124910e-01
3.155813075416912250e-01 5.837073983335713256e-01
3.127410731675294153e-01 6.611338795386872969e-01
3.133936099464730285e-01 8.636491393428431529e-01
3.193902023516251298e-01 2.596579368363416407e-01
3.205110243901266309e-01 4.301760712197954528e-01
3.179822228297247144e-01 5.886332072755727784e-01
3.152414657555176469e-01 6.626008543875686607e-01
3.173391000703680853e-01 8.634181416584314483e-01
3.212851403639407355e-01 2.572614107737913880e-01
3.221762431565724505e-01 4.279199314561645262e-01
3.213829241647903068e-01 5.928721567966078743e-01
3.233127511119522346e-01 6.610505978945889760e-01
3.213141915037698304e-01 8.632595519758896607e-01
3.232197268046887451e-01 2.548932272146737787e-01
3.240882230569125944e-01 4.256074775268296473e-01
3.250061280380917572e-01 5.968673677911645603e-01
3.258131435253174835e-01 6.625175727434703399e-01
3.253161660162162128e-01 8.631777293432523201e-01
3.312859555452044580e-01 2.553404536556174165e-01
3.320872531483795020e-01 4.264130043677398230e-01
3.289973387298553709e-01 6.011582847626172343e-01
3.295200176078972865e-01 6.631160856244401325e-01
3.293232891922664995e-01 8.631171519284097648e-01
3.339710898443039033e-01 9.369215955967431508e-01
3.328655198427762363e-01 9.377302176790143218e-01
3.332592972299929235e-01 9.391649349426456350e-01
3.331895087515779896e-01 2.529491005952424487e-01
3.343875231997420205e-01 4.246869772552856470e-01
3.330006098452334418e-01 6.053966067468600221e-01
3.333333333333333148e-01 6.639004149377593089e-01
3.333333333170586665e-01 8.630705394190871793e-01
3.367366190844525708e-01 9.321260854932267303e-01
3.316815712799628391e-01 9.453207981867881582e-01
3.326724337724347724e-01 9.470415644471328331e-01
3.329347338779674037e-01 9.494533320691792566e-01
3.331067460142851933e-01 9.502607680339351104e-01
3.347128247786088640e-01 2.506768477141578799e-01
3.379635830586551482e-01 4.238789635357790853e-01
3.373493975974627967e-01 6.099585062031691596e-01
3.373493975903614217e-01 6.639004149377593089e-01
3.373493975740867734e-01 8.630705394190871793e-01
3.404475115183516198e-01 9.280718115343871144e-01
3.433689471842893415e-01 2.505037113405856886e-01
3.417660159451127999e-01 4.233503857915167923e-01
3.416981853354894572e-01 6.145204057012727539e-01
3.413654618473895841e-01 6.639004149377593089e-01
3.413654618636642324e-01 8.630705394190871793e-01
3.391004350545057111e-01 9.247202631970095066e-01
3.441011490675258133e-01 2.472852760074752965e-01
3.452778524468406718e-01 4.229888000056491459e-01
3.457014565381790194e-01 6.187587276855155416e-01
3.453815261044176910e-01 6.639004149377593089e-01
3.453815259577108776e-01 8.630705394190871793e-01
3.442404113619225714e-01 9.206690219737186931e-01
3.521135542317327394e-01 2.474128056020008237e-01
3.489677961400278194e-01 4.223480477460072602e-01
3.499173079392906560e-01 6.235647660996996855e-01
3.493975903614457978e-01 6.639004149377593089e-01
3.493975903859165566e-01 8.630705394190871793e-01
3.517173023204352988e-01 9.157390696212989178e-01
3.478896615336682929e-01 9.150411695603249962e-01
3.540424648197798008e-01 2.451425907602997334e-01
3.514999997676780397e-01 4.209769538949587608e-01
3.537487013198399866e-01 6.281946713333810273e-01
3.534136546184739047e-01 6.639004149377593089e-01
3.534136546184739047e-01 8.630705394190871793e-01
3.563327755653729612e-01 9.114351853799785852e-01
3.560898427825316404e-01 2.429141702997030527e-01
3.592715108973800753e-01 4.227635220825455842e-01
3.574297188755020116e-01 6.307053941908713490e-01
3.574297188755020116e-01 6.639004149377593089e-01
3.574297188755020116e-01 8.630705394190871793e-01
3.554980694755807136e-01 9.080235027663189351e-01
3.641533900125243917e-01 2.438919031084418598e-01
3.614457831325301185e-01 4.190871369294605908e-01
3.614457831325301185e-01 6.348547717842323301e-01
3.614457831325301185e-01 6.390041493775933112e-01
3.614457831325301185e-01 6.639004149377593089e-01
3.614457831325301185e-01 8.630705394190871793e-01
3.626595893482038035e-01 9.064853108880260857e-01
3.664939020466747577e-01 2.422545027476638857e-01
3.654618473895582254e-01 4.190871369294605908e-01
3.654618473895582254e-01 6.431535269709544034e-01
3.654618473895582254e-01 6.473029045643153845e-01
3.654618473895582254e-01 6.514522821576763656e-01
3.654618473895582254e-01 6.556016597510373467e-01
3.654618473895582254e-01 6.597510373443983278e-01
3.654618473895582254e-01 8.630705394190871793e-01
3.622898979750218684e-01 9.029505382218548926e-01
3.700980204428699349e-01 2.414771071891203824e-01
3.694779116465863322e-01 4.232365145228215719e-01
3.694779116465863322e-01 6.597510373443983278e-01
3.694779116465863322e-01 8.630705394190871793e-01
3.694779116465863322e-01 9.004149377593361203e-01
3.736196128032254204e-01 2.411353104072526399e-01
3.734939759036144391e-01 4.232365145228215719e-01
3.734939759036144391e-01 6.639004149377593089e-01
3.734939759036144391e-01 8.630705394190871793e-01
3.734939759036144391e-01 8.962655601659751392e-01
3.775510130097347594e-01 2.408224900974795524e-01
3.775100401606425460e-01 4.232365145228215719e-01
3.775100401606425460e-01 6.680497925311202900e-01
3.775100401606425460e-01 8.630705394190871793e-01
3.775100401606425460e-01 8.921161825726141581e-01
3.814851315685784949e-01 2.405053107323959771e-01
3.815261044176707084e-01 4.232365145228215719e-01
3.878302739570329005e-01 4.421370799471605051e-01
3.815261044176707084e-01 6.680497925311202900e-01
3.815261044176707084e-01 8.630705394190871793e-01
3.815261044176707084e-01 8.838174273858920849e-01
3.815261044176707084e-01 8.879668049792530660e-01
3.854165317750878339e-01 2.401924904226228896e-01
3.855421686746988152e-01 4.232365145228215719e-01
3.863126379872549032e-01 4.406787806008923281e-01
3.855421686746988152e-01 6.680497925311202900e-01
3.855421686746988152e-01 8.672199170124481604e-01
3.855421686746988152e-01 8.713692946058091415e-01
3.855421686746988152e-01 8.755186721991701226e-01
3.855421686746988152e-01 8.796680497925311037e-01
3.889381243100663021e-01 2.398506936407551471e-01
3.895582329317269221e-01 4.232365145228215719e-01
3.911169371170264975e-01 4.351163240288735690e-01
3.895582329317269221e-01 6.680497925311202900e-01
3.895582329317269221e-01 8.672199170124481604e-01
3.925422426480538185e-01 2.390732980822116438e-01
3.935742971887550290e-01 4.232365145228215719e-01
3.935742971887550290e-01 4.398340248962655519e-01
3.935742971887550290e-01 6.680497925311202900e-01
3.935742971887550290e-01 8.672199170124481604e-01
3.948827545657888627e-01 2.374358977214336697e-01
3.975903614457831359e-01 4.273858921161825530e-01
3.975903614457831359e-01 4.315352697095435897e-01
3.975903614457831359e-01 4.356846473029045708e-01
3.976460549832165348e-01 6.678724366550442548e-01
3.975903614457831359e-01 8.672199170124481604e-01
4.029463017957816140e-01 2.384136305301724490e-01
4.016064257028112428e-01 4.315352697095435897e-01
4.016092661482154602e-01 6.680893757377918130e-01
4.016064257028112428e-01 8.630705394190871793e-01
4.049936794674951490e-01 2.361852100695757684e-01
4.056224899598393496e-01 4.273858921161825530e-01
4.055754164458423294e-01 6.683085428133482830e-01
4.056224899598393496e-01 8.630705394190871793e-01
4.068829418491033412e-01 2.338866529864533361e-01
4.096385542168674565e-01 4.273858921161825530e-01
4.095395600259463809e-01 6.685328592478173571e-01
4.096385542168674565e-01 8.630705394190871793e-01
4.148486789047575729e-01 2.339522719815087526e-01
4.136546184738955634e-01 4.273858921161825530e-01
4.134518701023745524e-01 6.688341218444394665e-01
4.152816740527606743e-01 7.615768353752327968e-01
4.170150591956309216e-01 7.609404539433404224e-01
4.136546184738955634e-01 8.630705394190871793e-01
4.155386725504205403e-01 2.307195399155554383e-01
4.176706827309236703e-01 4.273858921161825530e-01
4.223999029089019475e-01 4.932881264613566685e-01
4.205931173235432086e-01 4.916225586712545947e-01
4.171418135117993531e-01 6.694748741622890131e-01
4.175054650293451575e-01 7.667892878996864781e-01
4.203887180954472003e-01 7.664449526962179293e-01
4.198392896976576028e-01 8.620262110800988031e-01
4.237739007151405390e-01 2.304859823601405344e-01
4.216867469879518326e-01 4.273858921161825530e-01
4.263248973223100480e-01 4.903704659301783564e-01
4.196175326290260132e-01 6.709951430141801731e-01
4.230046794912497576e-01 7.722052966015794384e-01
4.222780769853572425e-01 8.604683460164389563e-01
4.327106713579152442e-01 1.799229487488857859e-01
4.254008709074579841e-01 2.279826987181409470e-01
4.248277640697662449e-01 4.271124842427178048e-01
4.252800289221224106e-01 4.875637670849445882e-01
4.277013705839519120e-01 6.695383654634905479e-01
4.262169627152499474e-01 7.769322031268394158e-01
4.259471634548273600e-01 8.598010244043118311e-01
4.321231101069180625e-01 1.815580289522997492e-01
4.268378996651200907e-01 2.254762545747767410e-01
4.288261798804207103e-01 4.268442172698649340e-01
4.322867120511411088e-01 4.864027547957742725e-01
4.340403598628519433e-01 5.927127217352236022e-01
4.297188755020080464e-01 6.721991701244813822e-01
4.293967322167056011e-01 7.818690133749611748e-01
4.298347998858709218e-01 8.594464679210952474e-01
4.389581175981067118e-01 1.818489410189420841e-01
4.334698354703351852e-01 2.237340422838451082e-01
4.332439822372026739e-01 4.261568523735712044e-01
4.314704950427614150e-01 4.834698928245710348e-01
4.330818822834618387e-01 5.950773611753653602e-01
4.346776683576382694e-01 5.962520425441709682e-01
4.366031141014747319e-01 5.976714251650626641e-01
4.337349397590361533e-01 6.721991701244813822e-01
4.316737049719296393e-01 7.874270565257140975e-01
4.350409591332055625e-01 7.877869322723071166e-01
4.337349397590361533e-01 8.589211618257260872e-01
4.403649629187212922e-01 1.840050340952792129e-01
4.377510040160642601e-01 2.199170124481327759e-01
4.357524446770922877e-01 4.247250874551917188e-01
4.369078783295491375e-01 4.811390172765629969e-01
4.360368674481661655e-01 6.048000468930453399e-01
4.381623881438655443e-01 6.065113881689349062e-01
4.403879621625320651e-01 6.081851853871200753e-01
4.377510040160642601e-01 6.721991701244813822e-01
4.354113596585021950e-01 7.952021895646971261e-01
4.377510040321357931e-01 7.966804978006780669e-01
4.400906483736263253e-01 7.981588062859252819e-01
4.377510040160642601e-01 8.589211618257260872e-01
4.426228075597274381e-01 1.858273886001177988e-01
4.417670682730923670e-01 2.199170124481327759e-01
4.437415850541393536e-01 4.263916938445874716e-01
4.421817815298519361e-01 4.778009549848913351e-01
4.402289630804981369e-01 6.155796788427090327e-01
4.435300948523755449e-01 6.165520649575300105e-01
4.417670682730923670e-01 6.721991701244813822e-01
4.404772392433907169e-01 8.055250503413120544e-01
4.438374956796716231e-01 8.058700282445478980e-01
4.417670682730923670e-01 8.589211618257260872e-01
4.434628028714333592e-01 1.879046607619591913e-01
4.457831325301204739e-01 2.199170124481327759e-01
4.457831325301204739e-01 4.232365145228215719e-01
4.486259420694087563e-01 4.746582664305892818e-01
4.436099800107304869e-01 6.242637210143962001e-01
4.461093956954547135e-01 6.261547284429753724e-01
4.485609173600797472e-01 6.278579075496133477e-01
4.457831325301204739e-01 6.721991701244813822e-01
4.461526612169810502e-01 8.112822322172974498e-01
4.457831325301204739e-01 8.589211618257260872e-01
4.497991967871485808e-01 1.867219917012448160e-01
4.497991967871485808e-01 2.157676348547717948e-01
4.497991967871485808e-01 4.232365145228215719e-01
4.478493918357117631e-01 4.716554391420063608e-01
4.501864610863550165e-01 6.343246441736867247e-01
4.497991967871485808e-01 6.763485477178423633e-01
4.496960684407668718e-01 8.165509755516915380e-01
4.497991967871485808e-01 8.589211618257260872e-01
4.538152610441766877e-01 1.908713692946057972e-01
4.538152610441766877e-01 2.074688796680498049e-01
4.538152610441766877e-01 2.116182572614107860e-01
4.538152610441766877e-01 4.232365145228215719e-01
4.555206359621234435e-01 4.699164711714710618e-01
4.538152610441766877e-01 6.390041493775933112e-01
4.538152610441766877e-01 6.431535269709544034e-01
4.538152610441766877e-01 6.763485477178423633e-01
4.538152610441766877e-01 8.215767634854771462e-01
4.538152610441766877e-01 8.589211618257260872e-01
4.578313253012047945e-01 1.950207468879668060e-01
4.578313253012047945e-01 1.991701244813277871e-01
4.578313253012047945e-01 2.033195020746887960e-01
4.578313253012047945e-01 4.232365145228215719e-01
4.548197279807673632e-01 4.665987335688422943e-01
4.578313253012047945e-01 6.473029045643153845e-01
4.578313253012047945e-01 6.763485477178423633e-01
4.578313253012047945e-01 8.257261410788381273e-01
4.578313253012047945e-01 8.589211618257260872e-01
4.618473895582329569e-01 2.033195020746887960e-01
4.618473895582329569e-01 4.273858921161825530e-01
4.602624359297525225e-01 4.630395021454790649e-01
4.618473895582329569e-01 6.514522821576763656e-01
4.618473895582329569e-01 6.556016597510373467e-01
4.618473895582329569e-01 6.597510373443983278e-01
4.618473895582329569e-01 6.639004149377593089e-01
4.618473895582329569e-01 6.680497925311202900e-01
4.618473895582329569e-01 6.721991701244813822e-01
4.618473895582329569e-01 8.298755186721992194e-01
4.618473895582329569e-01 8.340248962655602005e-01
4.618473895582329569e-01 8.589211618257260872e-01
4.658634538152610638e-01 2.033195020746887960e-01
4.658634538152610638e-01 4.273858921161825530e-01
4.647612761562114336e-01 4.562415466431327116e-01
4.658634538152610638e-01 6.763485477178423633e-01
4.658634538152610638e-01 8.381742738589211816e-01
4.658634538152610638e-01 8.423236514522821627e-01
4.658634538152610638e-01 8.547717842323651061e-01
4.698795180722891707e-01 2.033195020746887960e-01
4.698795180722891707e-01 4.273858921161825530e-01
4.698795180722891707e-01 4.522821576763485507e-01
4.698795180722891707e-01 4.564315352697095318e-01
4.698795180722891707e-01 6.763485477178423633e-01
4.698795180722891707e-01 8.464730290456431439e-01
4.698795180722891707e-01 8.506224066390041250e-01
4.698795180722891707e-01 8.547717842323651061e-01
4.738955823293172775e-01 2.033195020746887960e-01
4.738955823293172775e-01 4.273858921161825530e-01
4.738955823293172775e-01 4.356846473029045708e-01
4.738955823293172775e-01 4.398340248962655519e-01
4.738955823293172775e-01 4.439834024896265330e-01
4.738955823293172775e-01 4.481327800829875696e-01
4.738955823293172775e-01 6.763485477178423633e-01
4.738955823293172775e-01 8.547717842323651061e-01
4.779116465863453844e-01 2.033195020746887960e-01
4.779116465863453844e-01 4.315352697095435897e-01
4.779116465863453844e-01 6.763485477178423633e-01
4.779116465863453844e-01 8.547717842323651061e-01
4.819277108433734913e-01 2.033195020746887960e-01
4.819277108433734913e-01 4.273858921161825530e-01
4.819277108433734913e-01 6.763485477178423633e-01
4.819277108433734913e-01 8.547717842323651061e-01
4.859437751004015982e-01 2.033195020746887960e-01
4.859437751004015982e-01 4.232365145228215719e-01
4.859437751004015982e-01 6.763485477178423633e-01
4.859437751004015982e-01 8.547717842323651061e-01
4.899598393574297051e-01 2.033195020746887960e-01
4.899598393574297051e-01 4.232365145228215719e-01
4.899598393574297051e-01 6.763485477178423633e-01
4.899598393574297051e-01 8.589211618257260872e-01
4.939759036144578119e-01 2.033195020746887960e-01
4.939759036144578119e-01 4.232365145228215719e-01
4.939759036144578119e-01 6.597510373443983278e-01
4.939759036144578119e-01 6.639004149377593089e-01
4.939759036144578119e-01 6.680497925311202900e-01
4.939759036144578119e-01 6.721991701244813822e-01
4.939759036144578119e-01 6.763485477178423633e-01
4.939759036144578119e-01 8.589211618257260872e-01
4.979919678714859188e-01 2.033195020746887960e-01
4.979919678714859188e-01 4.232365145228215719e-01
4.979919678714859188e-01 6.556016597510373467e-01
4.979919678714859188e-01 6.804979253112033444e-01
4.979919678714859188e-01 8.589211618257260872e-01
5.020080321285140812e-01 2.033195020746887960e-01
5.020080321285140812e-01 4.232365145228215719e-01
5.020080321285140812e-01 6.514522821576763656e-01
5.020080321285140812e-01 6.804979253112033444e-01
5.020080321285140812e-01 8.589211618257260872e-01
5.060240963855421326e-01 2.033195020746887960e-01
5.060240963855421326e-01 4.232365145228215719e-01
5.097214055629110119e-01 6.253523848336421942e-01
5.060240963855421326e-01 6.265560165975103679e-01
5.060240963855421326e-01 6.307053941908713490e-01
5.060240963855421326e-01 6.473029045643153845e-01
5.060240963855421326e-01 6.846473029045643255e-01
5.148008933672344467e-01 7.994468791904971727e-01
5.060240963855421326e-01 8.589211618257260872e-01
5.100401606425702949e-01 2.033195020746887960e-01
5.100401606425702949e-01 4.232365145228215719e-01
5.125800880152792116e-01 6.034962398756519297e-01
5.110022553956196090e-01 6.061930495982842393e-01
5.102177306064231699e-01 6.099840747467539792e-01
5.094658285045124968e-01 6.141402488230363055e-01
5.079587303582638880e-01 6.172584061915658005e-01
5.100401606425702949e-01 6.348547717842323301e-01
5.100401606425702949e-01 6.390041493775933112e-01
5.100401606425702949e-01 6.431535269709544034e-01
5.100401606425702949e-01 6.804979253112033444e-01
5.100401606425702949e-01 6.846473029045643255e-01
5.100401606425702949e-01 6.887966804979253066e-01
5.127465274665564676e-01 7.777991703802263901e-01
5.112906827373490115e-01 7.805146144123852325e-01
5.107539744596988340e-01 7.843432231997687909e-01
5.104776259643085679e-01 7.883143652173983940e-01
5.101958694970062380e-01 7.921819653741472012e-01
5.094507473070234438e-01 7.950728947646467093e-01
5.104582337619331112e-01 8.055262442386450505e-01
5.129308830030322452e-01 8.066777466183829848e-01
5.100401606425702949e-01 8.630705394190871793e-01
5.140562248995983463e-01 1.991701244813277871e-01
5.140562248995983463e-01 4.232365145228215719e-01
5.168867156023615461e-01 5.703743315597462615e-01
5.153120110623994332e-01 5.730740744828273225e-01
5.146194495025546711e-01 5.769175282828398199e-01
5.142239782724054020e-01 5.809534540409962977e-01
5.138884715413432058e-01 5.850216496170460578e-01
5.134528769410671156e-01 5.890425734456335993e-01
5.127496055208602410e-01 5.928791050450911149e-01
5.111596908534401518e-01 5.955670567840932739e-01
5.140562248995983463e-01 6.473029045643153845e-01
5.140562248995983463e-01 6.514522821576763656e-01
5.140562248995983463e-01 6.556016597510373467e-01
5.140562248995983463e-01 6.597510373443983278e-01
5.140562248995983463e-01 6.639004149377593089e-01
5.140562248995983463e-01 6.680497925311202900e-01
5.140562248995983463e-01 6.721991701244813822e-01
5.140562248995983463e-01 6.763485477178423633e-01
5.140562248995983463e-01 6.929460580912862877e-01
5.140562248995983463e-01 6.970954356846472688e-01
5.140562248995983463e-01 7.012448132780082499e-01
5.140562248995983463e-01 7.053941908713693421e-01
5.140562248995983463e-01 7.095435684647303232e-01
5.140562248995983463e-01 7.136929460580913043e-01
5.140562248995983463e-01 7.178423236514522854e-01
5.140562248995983463e-01 7.219917012448132665e-01
5.140562248995983463e-01 7.261410788381742476e-01
5.140562248995983463e-01 7.302904564315352287e-01
5.140562248995983463e-01 7.344398340248963208e-01
5.140562248995983463e-01 7.385892116182573020e-01
5.140562248995983463e-01 7.427385892116182831e-01
5.140562248995983463e-01 7.468879668049792642e-01
5.140562248995983463e-01 7.510373443983402453e-01
5.140562248995983463e-01 7.551867219917012264e-01
5.140562248995983463e-01 7.593360995850622075e-01
5.140562248995983463e-01 7.634854771784231886e-01
5.126997894255900245e-01 7.671617278280954411e-01
5.112221043671005827e-01 7.698843395516191679e-01
5.138337617970527571e-01 8.135499306545057596e-01
5.140562248995983463e-01 8.630705394190871793e-01
5.140562248995983463e-01 8.672199170124481604e-01
5.180722891566265087e-01 1.991701244813277871e-01
5.180722891566265087e-01 4.190871369294605908e-01
5.180722891566265087e-01 4.232365145228215719e-01
5.180722891566265087e-01 5.435684647302904127e-01
5.180722891566265087e-01 5.477178423236515048e-01
5.180722891566265087e-01 5.518672199170124859e-01
5.180722891566265087e-01 5.560165975103734670e-01
5.180722891566265087e-01 5.601659751037344481e-01
5.155066949994224768e-01 5.624779544222937577e-01
5.180722891566265087e-01 6.929460580912862877e-01
5.145449228332299452e-01 8.202707837944409608e-01
5.161737019409347038e-01 8.225264439996451404e-01
5.180722891566265087e-01 8.257261410788381273e-01
5.180722891566265087e-01 8.298755186721992194e-01
5.180722891566265087e-01 8.340248962655602005e-01
5.180722891566265087e-01 8.381742738589211816e-01
5.180722891566265087e-01 8.423236514522821627e-01
5.180722891566265087e-01 8.464730290456431439e-01
5.180722891566265087e-01 8.506224066390041250e-01
5.180722891566265087e-01 8.547717842323651061e-01
5.180722891566265087e-01 8.589211618257260872e-01
5.180722891566265087e-01 8.713692946058091415e-01
5.180722891566265087e-01 8.755186721991701226e-01
5.180722891566265087e-01 8.796680497925311037e-01
5.180722891566265087e-01 8.838174273858920849e-01
5.180722891566265087e-01 8.879668049792530660e-01
5.180722891566265087e-01 8.921161825726141581e-01
5.192040753065529923e-01 8.954739515189974464e-01
5.208118231714624624e-01 8.985422624988071982e-01
5.220883534136546711e-01 1.991701244813277871e-01
5.220883534136546711e-01 3.900414937759336120e-01
5.220883534136546711e-01 3.941908713692945931e-01
5.220883534136546711e-01 3.983402489626555742e-01
5.220883534136546711e-01 4.024896265560166109e-01
5.220883534136546711e-01 4.066390041493775920e-01
5.220883534136546711e-01 4.107883817427385731e-01
5.220883534136546711e-01 4.149377593360996097e-01
5.220883534136546711e-01 4.273858921161825530e-01
5.220883534136546711e-01 4.315352697095435897e-01
5.220883534136546711e-01 4.356846473029045708e-01
5.220883534136546711e-01 4.398340248962655519e-01
5.205813677828146080e-01 4.408717254781515660e-01
5.211577633242441276e-01 4.448090045996922481e-01
5.215539529533443908e-01 4.486302900557015971e-01
5.219607233818706060e-01 4.525151468921622677e-01
5.220883534136546711e-01 4.555381177712030660e-01
5.220883534136546711e-01 4.567519805792147336e-01
5.220883534136546711e-01 5.352697095435684504e-01
5.220883534136546711e-01 5.394190871369294316e-01
5.220883534136546711e-01 6.929460580912862877e-01
5.193050660970939258e-01 9.064422841343248161e-01
5.207720412952212552e-01 9.091718180584035247e-01
5.213475588905012170e-01 9.130426818459401739e-01
5.216334867370633344e-01 9.170998122875314573e-01
5.218012401098703901e-01 9.212085989941091180e-01
5.219545367951823334e-01 9.253314784502391088e-01
5.220883534172154894e-01 9.294605807842163392e-01
5.222221700175750936e-01 9.335896832608907570e-01
5.223754667174389521e-01 9.377125627915992023e-01
5.225432200902460078e-01 9.418213494508831385e-01
5.228291479368081252e-01 9.458784798197148458e-01
5.234046655320880870e-01 9.497493437673225625e-01
5.248716407302154163e-01 9.524788776914013821e-01
5.326899257899976314e-01 9.418606074117277793e-03
5.261044176706827225e-01 1.991701244813277871e-01
5.288877049872434677e-01 3.504256866239513490e-01
5.274207297891161383e-01 3.531552205480301132e-01
5.268014588339037241e-01 3.570207910618505287e-01
5.264586350360668243e-01 3.610700545634463743e-01
5.262139610033381709e-01 3.651664329919709906e-01
5.259948743380272740e-01 3.692734010402012323e-01
5.257502003052986206e-01 3.733697794541739334e-01
5.254073765074617208e-01 3.774190431522206346e-01
5.247881055522493066e-01 3.812846134768661521e-01
5.232810068821317495e-01 3.839991455404976883e-01
5.276906212504736127e-01 5.209227126686837295e-01
5.280191319009072126e-01 5.222937729484034008e-01
5.288310589214569868e-01 5.251754254056334448e-01
5.295176690390116514e-01 5.282505009887562553e-01
5.261044176706827225e-01 5.269709543568464882e-01
5.261044176706827225e-01 5.311203319502074693e-01
5.261044176706827225e-01 6.929460580912862877e-01
5.233211303541219772e-01 9.603841928480177925e-01
5.247881055522493066e-01 9.631137267720965012e-01
5.254073765074617208e-01 9.669792970967420187e-01
5.257064469744699986e-01 9.706669149022352228e-01
5.258942250195440815e-01 9.743518010076498426e-01
5.260363910467612536e-01 9.779819248218081240e-01
5.261715217322825433e-01 9.815124048038937898e-01
5.263465922155200483e-01 9.848683806632827498e-01
5.266799352659626843e-01 9.878476934683320110e-01
5.275713928688100518e-01 9.893879841402544173e-01
5.287677890898839772e-01 8.984831161797046661e-03
5.301268188375024559e-01 1.276487021811337393e-02
5.325332532681704700e-01 1.333424889871896897e-02
5.301204819277108848e-01 1.742738589211618172e-01
5.301204819277108848e-01 1.784232365145228261e-01
5.301204819277108848e-01 1.825726141078838072e-01
5.301204819277108848e-01 1.867219917012448160e-01
5.301204819277108848e-01 1.908713692946057972e-01
5.301204819277108848e-01 1.950207468879668060e-01
5.301204819277108848e-01 1.991701244813277871e-01
5.301204819277108848e-01 2.033195020746887960e-01
5.301204819277108848e-01 2.074688796680498049e-01
5.301204819277108848e-01 2.116182572614107860e-01
5.301204819277108848e-01 2.157676348547717948e-01
5.301204819277108848e-01 2.199170124481327759e-01
5.301204819277108848e-01 2.240663900414937848e-01
5.301204819277108848e-01 2.987551867219916946e-01
5.301204819277108848e-01 3.029045643153526757e-01
5.301204819277108848e-01 3.070539419087137123e-01
5.301204819277108848e-01 3.112033195020746934e-01
5.301204819277108848e-01 3.153526970954356745e-01
5.301974025876324825e-01 3.195144828804477033e-01
5.300435612677892872e-01 3.236390440623123088e-01
5.298771219547552258e-01 3.277593500449758612e-01
5.296656152511195481e-01 3.318628431467812168e-01
5.293796874045574308e-01 3.359199737557195808e-01
5.288041698092774689e-01 3.397908375432562300e-01
5.273371946111501396e-01 3.425203714673349387e-01
5.301204819277108848e-01 5.311203319502074693e-01
5.301204819277108848e-01 6.929460580912862877e-01
5.262470345057727039e-01 9.915102720260620117e-01
5.318347375052625559e-01 2.041254710614743076e-02
5.334410231937298796e-01 2.239961824640708879e-02
5.344374744074529282e-01 2.549298599442559668e-02
5.360315634081715963e-01 2.773247087273855022e-02
5.369670368875021360e-01 4.731476101666858697e-02
5.359796626637334249e-01 4.960698605209774154e-02
5.362180167487466953e-01 5.313344714444331873e-02
5.376448660301620386e-01 5.563776215337433440e-02
5.369873886140639208e-01 1.513559574355985704e-01
5.353227448560873292e-01 1.540089640307483743e-01
5.345134306319168083e-01 1.578055215772812270e-01
5.338907416355440638e-01 1.617484810753110624e-01
5.341365461847389362e-01 1.659751037344398272e-01
5.341365461847389362e-01 1.701244813278008361e-01
5.341365461847389362e-01 2.282157676348547659e-01
5.341365461847389362e-01 2.323651452282157748e-01
5.341365461847389362e-01 2.365145228215767559e-01
5.341365461847389362e-01 2.406639004149377647e-01
5.341365461847389362e-01 2.448132780082987459e-01
5.341365461847389362e-01 2.489626556016597547e-01
5.341365461847389362e-01 2.531120331950207358e-01
5.341365461847389362e-01 2.572614107883817169e-01
5.341365461847389362e-01 2.614107883817427536e-01
5.341365461847389362e-01 2.655601659751037347e-01
5.341365461847389362e-01 2.697095435684647158e-01
5.341365461847389362e-01 2.738589211618257524e-01
5.341365461847389362e-01 2.780082987551867335e-01
5.341365461847389362e-01 2.821576763485477146e-01
5.341365461847389362e-01 2.863070539419086957e-01
5.341365461847389362e-01 2.904564315352697323e-01
5.341365461847389362e-01 2.946058091286307135e-01
5.341365461847389362e-01 5.311203319502074693e-01
5.341365461847389362e-01 6.929460580912862877e-01
5.344433668312658092e-01 3.506427374620114251e-02
5.356244328674901745e-01 3.778725229440395988e-02
5.348684387524653694e-01 3.987382459975933463e-02
5.365986025669653436e-01 6.377157753650330996e-02
5.386953110234853348e-01 6.613984351764680414e-02
5.408207348325331232e-01 6.840788085434848509e-02
5.406380305309821388e-01 1.346413287081991428e-01
5.388190845503513238e-01 1.372449002063232393e-01
5.375770928464871368e-01 1.408003246449359147e-01
5.357332334631164095e-01 1.434006854375878548e-01
5.381526104417670986e-01 2.697095435684647158e-01
5.381526104417670986e-01 5.311203319502074693e-01
5.381526104417670986e-01 6.929460580912862877e-01
5.403766927185905677e-01 7.631826776087562159e-02
5.433467715622363192e-01 7.754958797771777101e-02
5.446210952352238399e-01 1.138590969332721886e-01
5.429899967850623232e-01 1.165383314056644692e-01
5.420777181345591833e-01 1.202950242241738049e-01
5.411502293420461518e-01 1.240399258367763657e-01
5.394273760605109436e-01 1.266735463704589115e-01
5.421686746987951500e-01 2.697095435684647158e-01
5.421686746987951500e-01 5.311203319502074693e-01
5.421686746987951500e-01 6.929460580912862877e-01
5.427701350742853981e-01 8.569751126803766550e-02
5.443689173295996886e-01 8.817253129255350763e-02
5.449955826368085843e-01 9.189175287478011656e-02
5.451180058041490417e-01 9.550632607576792221e-02
5.450257512017987471e-01 9.947414805938627202e-02
5.445597772229365807e-01 1.032799595107828788e-01
5.431438024131484132e-01 1.059483675328682373e-01
5.461847389558233123e-01 2.697095435684647158e-01
5.461847389558233123e-01 5.311203319502074693e-01
5.461847389558233123e-01 6.639004149377593089e-01
5.461847389558233123e-01 6.680497925311202900e-01
5.461847389558233123e-01 6.721991701244813822e-01
5.461847389558233123e-01 6.929460580912862877e-01
5.461847389558233123e-01 7.219917012448132665e-01
5.461847389558233123e-01 7.261410788381742476e-01
5.461847389558233123e-01 7.302904564315352287e-01
5.461847389558233123e-01 7.344398340248963208e-01
5.461847389558233123e-01 7.385892116182573020e-01
5.461847389558233123e-01 7.427385892116182831e-01
5.502008032128513637e-01 2.697095435684647158e-01
5.502008032128513637e-01 5.269709543568464882e-01
5.502008032128513637e-01 6.763485477178423633e-01
5.502008032128513637e-01 6.929460580912862877e-01
5.502008032128513637e-01 7.178423236514522854e-01
5.502008032128513637e-01 7.468879668049792642e-01
5.502008032128513637e-01 7.510373443983402453e-01
5.502008032128513637e-01 7.551867219917012264e-01
5.497459365362600270e-01 7.514451542846023457e-01
5.542168674698795261e-01 2.697095435684647158e-01
5.542168674698795261e-01 5.269709543568464882e-01
5.542168674698795261e-01 6.804979253112033444e-01
5.542168674698795261e-01 6.929460580912862877e-01
5.542168674698795261e-01 7.136929460580913043e-01
5.582329317269075775e-01 2.738589211618257524e-01
5.582329317269075775e-01 5.269709543568464882e-01
5.582329317269075775e-01 6.846473029045643255e-01
5.582329317269075775e-01 6.929460580912862877e-01
5.582329317269075775e-01 7.095435684647303232e-01
5.622489959839357399e-01 2.738589211618257524e-01
5.622489959839357399e-01 2.780082987551867335e-01
5.622489959839357399e-01 2.821576763485477146e-01
5.622489959839357399e-01 2.863070539419086957e-01
5.622489959839357399e-01 2.904564315352697323e-01
5.622489959839357399e-01 2.946058091286307135e-01
5.622489959839357399e-01 2.987551867219916946e-01
5.622489959839357399e-01 3.029045643153526757e-01
5.622489959839357399e-01 5.269709543568464882e-01
5.622489959839357399e-01 6.887966804979253066e-01
5.622489959839357399e-01 6.929460580912862877e-01
5.622489959839357399e-01 7.053941908713693421e-01
5.662650602409639022e-01 2.738589211618257524e-01
5.662650602409639022e-01 3.070539419087137123e-01
5.662650602409639022e-01 5.228215767634855071e-01
5.662650602409639022e-01 6.929460580912862877e-01
5.662650602409639022e-01 6.970954356846472688e-01
5.662650602409639022e-01 7.012448132780082499e-01
5.702811244979919536e-01 2.738589211618257524e-01
5.702811244979919536e-01 3.112033195020746934e-01
5.702811244979919536e-01 5.228215767634855071e-01
5.702811244979919536e-01 6.887966804979253066e-01
5.702811244979919536e-01 7.012448132780082499e-01
5.742971887550201160e-01 2.738589211618257524e-01
5.742971887550201160e-01 3.112033195020746934e-01
5.742971887550201160e-01 5.020746887966804906e-01
5.742971887550201160e-01 5.062240663900414717e-01
5.742971887550201160e-01 5.103734439834024528e-01
5.742971887550201160e-01 5.145228215767634339e-01
5.742971887550201160e-01 5.186721991701245260e-01
5.742971887550201160e-01 5.228215767634855071e-01
5.742971887550201160e-01 6.846473029045643255e-01
5.742971887550201160e-01 7.053941908713693421e-01
5.742971887550201160e-01 7.095435684647303232e-01
5.783132530120481674e-01 2.738589211618257524e-01
5.783132530120481674e-01 3.153526970954356745e-01
5.783132530120481674e-01 4.979253112033195094e-01
5.783132530120481674e-01 5.269709543568464882e-01
5.783132530120481674e-01 6.804979253112033444e-01
5.783132530120481674e-01 7.136929460580913043e-01
5.783132530120481674e-01 7.178423236514522854e-01
5.783132530120481674e-01 7.219917012448132665e-01
5.823293172690763297e-01 2.738589211618257524e-01
5.823293172690763297e-01 3.153526970954356745e-01
5.846548823576166454e-01 4.879552394342975830e-01
5.823293172690763297e-01 4.896265560165974917e-01
5.823293172690763297e-01 4.937759336099585283e-01
5.823293172690763297e-01 5.269709543568464882e-01
5.823293172690763297e-01 6.804979253112033444e-01
5.823293172690763297e-01 7.261410788381742476e-01
5.823293172690763297e-01 7.302904564315352287e-01
5.823293172690763297e-01 7.344398340248963208e-01
5.823293172690763297e-01 7.385892116182573020e-01
5.823293172690763297e-01 7.427385892116182831e-01
5.823293172690763297e-01 7.468879668049792642e-01
5.863453815261043811e-01 2.780082987551867335e-01
5.863453815261043811e-01 3.153526970954356745e-01
5.880932691076912189e-01 4.794866368541672030e-01
5.849075989833243394e-01 4.799446237087056644e-01
5.863453815261043811e-01 5.269709543568464882e-01
5.863453815261043811e-01 6.763485477178423633e-01
5.853191717330508137e-01 7.510546501052735024e-01
5.885505680496014858e-01 7.516043571121526767e-01
5.903614457831325435e-01 2.780082987551867335e-01
5.903614457831325435e-01 3.153526970954356745e-01
5.922254145745726728e-01 4.716393337662320162e-01
5.889828138653727674e-01 4.717317180697423451e-01
5.903614457831325435e-01 5.269709543568464882e-01
5.903614457831325435e-01 6.763485477178423633e-01
5.906538944011161529e-01 7.571485730330556052e-01
5.943775100401605949e-01 2.780082987551867335e-01
5.943775100401605949e-01 3.195020746887966556e-01
5.942992450815861583e-01 4.654578305713260589e-01
5.943775100401605949e-01 5.269709543568464882e-01
5.943775100401605949e-01 6.763485477178423633e-01
5.940350276302549526e-01 7.634167767062391974e-01
5.983935742971887572e-01 2.780082987551867335e-01
5.983935742971887572e-01 3.153526970954356745e-01
5.983935742971887572e-01 3.195020746887966556e-01
5.983935742971887572e-01 3.236514522821576922e-01
5.983935742971887572e-01 3.278008298755186734e-01
5.983935742971887572e-01 3.319502074688796545e-01
5.999785205915039166e-01 4.588899074230513020e-01
5.965298957291459425e-01 4.589367910308562171e-01
5.983935742971887572e-01 5.269709543568464882e-01
5.983935742971887572e-01 6.763485477178423633e-01
5.966961761570935829e-01 7.697437444037112941e-01
6.000909724372839316e-01 7.696753427332182484e-01
6.024096385542169196e-01 2.821576763485477146e-01
6.024096385542169196e-01 3.112033195020746934e-01
6.024096385542169196e-01 3.360995850622406911e-01
6.024096385542169196e-01 3.402489626556016722e-01
6.024503330942924118e-01 4.523823522547568143e-01
6.024096385542169196e-01 5.269709543568464882e-01
6.024096385542169196e-01 6.763485477178423633e-01
6.027521209641225619e-01 7.760023104306902342e-01
6.064257028112449710e-01 2.821576763485477146e-01
6.064257028112449710e-01 3.029045643153526757e-01
6.064257028112449710e-01 3.070539419087137123e-01
6.043063560566195314e-01 3.450012783091457313e-01
6.077499475861229961e-01 3.463449476352463696e-01
6.080540571194403832e-01 4.460148775623531403e-01
6.049727569399663274e-01 4.454541112580317486e-01
6.064257028112449710e-01 5.269709543568464882e-01
6.064257028112449710e-01 6.721991701244813822e-01
6.060731459940114085e-01 7.817438801753439082e-01
6.104417670682731334e-01 2.821576763485477146e-01
6.104417670682731334e-01 2.863070539419086957e-01
6.104417670682731334e-01 2.904564315352697323e-01
6.104417670682731334e-01 2.946058091286307135e-01
6.104417670682731334e-01 2.987551867219916946e-01
6.078648340587231580e-01 3.544499621005860468e-01
6.101015131095617328e-01 3.560922619310899484e-01
6.122750702012988988e-01 3.576919353601843432e-01
6.102936670028564770e-01 4.399933198519307975e-01
6.084201765876922074e-01 5.241677497757050164e-01
6.104417670682731334e-01 6.597510373443983278e-01
6.104417670682731334e-01 6.639004149377593089e-01
6.104417670682731334e-01 6.680497925311202900e-01
6.104417670682731334e-01 6.721991701244813822e-01
6.082695800975623790e-01 7.874124468684861045e-01
6.114305396728876296e-01 7.875391869050744065e-01
6.144578313253011848e-01 2.821576763485477146e-01
6.121651749855961944e-01 3.647056628780389054e-01
6.149820778084110762e-01 3.649837157082322925e-01
6.175580051059957887e-01 4.234056077487921566e-01
6.130577361474868203e-01 4.346908629022701032e-01
6.164704806435045148e-01 5.257785834470586339e-01
6.144578313253011848e-01 6.431535269709544034e-01
6.144578313253011848e-01 6.473029045643153845e-01
6.144578313253011848e-01 6.514522821576763656e-01
6.144578313253011848e-01 6.556016597510373467e-01
6.144578313253011848e-01 6.721991701244813822e-01
6.113908778208431150e-01 7.945832011494707858e-01
6.131068497927051331e-01 7.959520728211401108e-01
6.142984803447623099e-01 7.986299537616894373e-01
6.159316487175535704e-01 8.002422796736212707e-01
6.184738955823293471e-01 2.489626556016597547e-01
6.184738955823293471e-01 2.531120331950207358e-01
6.184738955823293471e-01 2.572614107883817169e-01
6.184738955823293471e-01 2.614107883817427536e-01
6.184738955823293471e-01 2.655601659751037347e-01
6.184738955823293471e-01 2.697095435684647158e-01
6.184738955823293471e-01 2.738589211618257524e-01
6.184738955823293471e-01 2.780082987551867335e-01
6.184738955823293471e-01 2.821576763485477146e-01
6.151599408955833459e-01 3.711243077650805411e-01
6.168356439927181745e-01 3.706762210149086023e-01
6.163012445801457906e-01 4.249113181806884465e-01
6.167002835906630898e-01 4.261524934201845194e-01
6.163399340482017541e-01 4.281770833560238354e-01
6.147445198045632386e-01 4.293830228208166400e-01
6.189567834268844271e-01 5.243934315727846185e-01
6.206231170696726585e-01 6.331625262882050187e-01
6.184738955823293471e-01 6.348547717842323301e-01
6.184738955823293471e-01 6.390041493775933112e-01
6.184738955823293471e-01 6.721991701244813822e-01
6.154886742485276008e-01 8.064681834394413773e-01
6.170844603227040315e-01 8.061751081140642317e-01
6.231091287565402315e-01 2.463567009363787086e-01
6.224899598393573985e-01 2.821576763485477146e-01
6.226226844384552539e-01 5.239535083161489526e-01
6.257513965476289020e-01 6.141178380114440394e-01
6.238376019984468446e-01 6.160021907909816186e-01
6.226437033121225983e-01 6.193166921785704382e-01
6.216633910309508071e-01 6.224976748472195176e-01
6.198263407215460763e-01 6.246026049829880300e-01
6.224899598393573985e-01 6.680497925311202900e-01
6.224899598393573985e-01 6.721991701244813822e-01
6.287336715592453107e-01 2.259058049644239174e-01
6.289658493457743749e-01 2.260119224342042321e-01
6.250295918995896205e-01 2.404689447540926117e-01
6.265060240963855609e-01 2.821576763485477146e-01
6.264644203890263885e-01 5.238832434039385477e-01
6.270628544713752195e-01 6.092952969686912246e-01
6.265060240963855609e-01 6.639004149377593089e-01
6.265060240963855609e-01 6.721991701244813822e-01
6.265060240963855609e-01 6.763485477178423633e-01
6.274226167899402684e-01 2.239379331554552932e-01
6.273106937025519914e-01 2.316097515689294062e-01
6.276952449426832503e-01 2.331097493845683544e-01
6.264348521091821498e-01 2.343972065829946216e-01
6.305220883534136123e-01 2.821576763485477146e-01
6.302930420080744556e-01 5.240756107592777768e-01
6.299866957435230619e-01 6.039019492512792686e-01
6.305220883534136123e-01 6.680497925311202900e-01
6.305220883534136123e-01 6.804979253112033444e-01
6.345381526104417746e-01 2.821576763485477146e-01
6.335702793500629371e-01 5.245598117686630646e-01
6.331641295752731269e-01 5.995815163391305935e-01
6.345381526104417746e-01 6.804979253112033444e-01
6.385542168674698260e-01 2.821576763485477146e-01
6.362567462885460046e-01 5.261967482143835584e-01
6.361905790792485860e-01 5.954295100878027602e-01
6.385542168674698260e-01 6.804979253112033444e-01
6.425702811244979884e-01 2.821576763485477146e-01
6.425702811244979884e-01 5.269709543568464882e-01
6.406768158337206032e-01 5.910219540297830809e-01
6.389816076986596372e-01 5.900333062368851023e-01
6.425702811244979884e-01 6.804979253112033444e-01
6.465863453815261508e-01 2.821576763485477146e-01
6.465863453815261508e-01 5.269709543568464882e-01
6.465863453815261508e-01 6.804979253112033444e-01
6.506024096385542022e-01 2.821576763485477146e-01
6.506024096385542022e-01 5.269709543568464882e-01
6.506024096385542022e-01 6.804979253112033444e-01
6.545894229540615283e-01 2.823466889053501960e-01
6.546184738955823645e-01 5.311203319502074693e-01
6.546184738955823645e-01 6.804979253112033444e-01
6.585814446749924667e-01 2.824630391510122296e-01
6.586345381526104159e-01 5.311203319502074693e-01
6.586345381526104159e-01 6.804979253112033444e-01
6.625516083060289940e-01 2.826407430652447816e-01
6.626506024096385783e-01 5.311203319502074693e-01
6.626356413354812513e-01 6.806051152353684852e-01
6.664639181350745512e-01 2.829420056618668911e-01
6.666666666666666297e-01 5.352697095435684504e-01
6.666376156851280266e-01 6.806869378680058258e-01
6.701538618791934576e-01 2.835827579797164377e-01
6.706827309236947920e-01 5.311203319502074693e-01
6.706827309236947920e-01 5.352697095435684504e-01
6.706827309236947920e-01 5.394190871369294316e-01
6.706296376097858891e-01 6.808032881136678593e-01
6.726295808217970240e-01 2.851030268316075977e-01
6.746987951807228434e-01 5.269709543568464882e-01
6.746987951807228434e-01 5.435684647302904127e-01
6.746987951807228434e-01 5.477178423236515048e-01
6.745998009898017678e-01 6.809809920279004114e-01
6.807134187767229783e-01 2.836462490480872178e-01
6.787148594377510058e-01 5.269709543568464882e-01
6.787148594377510058e-01 5.518672199170124859e-01
6.785121110662299948e-01 6.812822546245225208e-01
6.831728386720521407e-01 2.852718139287563348e-01
6.827309236947791682e-01 5.228215767634855071e-01
6.827309236947791682e-01 5.560165975103734670e-01
6.822189849887387858e-01 6.818807675054923134e-01
6.868091383741162792e-01 2.861013245814493233e-01
6.867469879518072196e-01 5.228215767634855071e-01
6.867469879518072196e-01 5.601659751037344481e-01
6.847193774021039792e-01 6.833477423543736773e-01
6.905799067368704192e-01 2.867726584767470444e-01
6.907630522088353819e-01 5.228215767634855071e-01
6.907630522088353819e-01 5.601659751037344481e-01
6.927906627585386223e-01 6.817974858613939926e-01
6.941792745293720035e-01 2.876397652538972283e-01
6.947791164658634333e-01 5.186721991701245260e-01
6.947791164658634333e-01 5.601659751037344481e-01
6.952910551719038157e-01 6.832644607102753564e-01
6.965469303092055586e-01 2.893446435440810705e-01
6.987951807228915957e-01 5.186721991701245260e-01
7.003100765420191554e-01 5.627982638461352938e-01
6.989979292544836742e-01 6.838629735912451491e-01
7.046777105307669986e-01 2.882954104237366866e-01
7.014097634120376457e-01 5.166822012467503500e-01
7.001466055982278336e-01 5.660183076897473686e-01
7.029102390835292313e-01 6.841642361878672585e-01
7.068442397136519562e-01 2.904141921202178511e-01
7.094837299297492850e-01 5.177019514883500761e-01
7.060697557386871326e-01 5.676084159121315142e-01
7.068743827909625965e-01 6.843885526223363325e-01
7.090185117523510883e-01 2.925219194397438716e-01
7.118402977322553227e-01 5.160720438505155272e-01
7.122766166541119048e-01 5.695537050695185233e-01
7.108574632512905112e-01 6.845654802792029425e-01
7.171367391425906845e-01 2.913792073771094837e-01
7.151415775303053834e-01 5.154714928282988495e-01
7.122276132873981425e-01 5.721085249304798115e-01
7.148453480573540020e-01 6.847291255226497508e-01
7.195284371893108100e-01 2.929677349559700050e-01
7.190160999063123226e-01 5.151014215005194075e-01
7.157278575515561014e-01 5.686847948589017765e-01
7.188284284940350544e-01 6.849060531867923185e-01
7.231737058988424449e-01 2.936571378770952978e-01
7.229615900665872230e-01 5.148704238161077029e-01
7.199835527368473320e-01 5.733902562850181628e-01
7.227925721614506527e-01 6.851303696212613925e-01
7.270482285076801388e-01 2.940272092048747399e-01
7.269366815036270024e-01 5.147118341335659153e-01
7.197149848344784884e-01 5.728317679375669602e-01
7.267109021178262962e-01 6.853850196976469800e-01
7.309937185806434368e-01 2.942582068892864444e-01
7.309386557723287492e-01 5.146300115009285747e-01
7.304267171881606568e-01 6.859229552256198570e-01
7.349688100176832162e-01 2.944167965718282320e-01
7.349397590651187695e-01 5.145228215783048675e-01
7.329411996971726406e-01 6.873081075655551597e-01
7.389707843673299914e-01 2.944986192044655726e-01
7.389408620562157859e-01 5.144156316525982930e-01
7.409303400742196510e-01 6.856415011761594069e-01
7.429779075843075953e-01 2.945591966193081279e-01
7.429428366486977575e-01 5.143338090199609525e-01
7.433848322253912011e-01 6.869307717615622533e-01
7.469819317731221098e-01 2.945591966193081279e-01
7.469348583296109290e-01 5.142174587742989189e-01
7.469879516967640187e-01 6.872280217548716319e-01
7.509890549900997136e-01 2.944986192044655726e-01
7.509050219606474563e-01 5.140397548600663669e-01
7.505910715636896491e-01 6.869307717615622533e-01
7.549910293397464889e-01 2.944167965718282320e-01
7.548173317896930135e-01 5.137384922634442574e-01
7.530455635402381054e-01 6.856415011761594069e-01
7.589830512207486057e-01 2.943004463261661985e-01
7.585242058722728720e-01 5.131399793824744648e-01
7.610347039172852268e-01 6.873081075655551597e-01
7.629532147317318325e-01 2.941227424119336464e-01
7.610245982856381763e-01 5.116730045335931010e-01
7.635491865427125324e-01 6.859229552256198570e-01
7.668655245607773896e-01 2.938214798153115370e-01
7.690958836420727085e-01 5.132232610265727857e-01
7.672650014966315712e-01 6.853850196976469800e-01
7.705723986433572481e-01 2.932229669343417444e-01
7.715962762300609956e-01 5.117562861776914218e-01
7.711833315403187061e-01 6.851303696212613925e-01
7.730727910567224415e-01 2.917559920854603805e-01
7.752971300106877850e-01 5.111111607764851072e-01
7.751474750185592955e-01 6.849060531867923185e-01
7.811440764131570846e-01 2.933062485784400653e-01
7.792004988810826704e-01 5.107493207104507604e-01
7.791305556798856502e-01 6.847291255299257084e-01
7.836444688265222780e-01 2.918392737295587014e-01
7.831565725856384219e-01 5.104897942363404439e-01
7.831184403040500897e-01 6.845654802864789001e-01
7.873513429091021365e-01 2.912407608485889088e-01
7.871245519123535317e-01 5.102570937304644616e-01
7.871015209653764444e-01 6.843885526223363325e-01
7.912636527381476936e-01 2.909394982519667994e-01
7.910636952566204583e-01 5.099553278194743910e-01
7.910656644436170337e-01 6.841642361878672585e-01
7.952338164928755004e-01 2.907617943377342473e-01
7.949423906780815896e-01 5.095401939250532308e-01
7.949779745200452608e-01 6.838629735912451491e-01
7.992258380901151593e-01 2.906454440920722138e-01
7.986054571511889133e-01 5.088262597926895836e-01
7.986848482679309580e-01 6.832644607102753564e-01
8.032217926198412794e-01 2.905170089501122876e-01
8.010442444388885530e-01 5.072683947290297368e-01
8.011852408559192451e-01 6.817974858613939926e-01
8.072199745293768824e-01 2.903958541204271770e-01
8.091575317449464233e-01 5.085908168911377203e-01
8.092505061432315738e-01 6.833011298923448162e-01
8.112159288562855730e-01 2.902674189784672509e-01
8.115541700795750879e-01 5.068225792710112643e-01
8.117419573942191713e-01 6.817735776322588759e-01
8.152079507391066793e-01 2.901510687328052174e-01
8.149518539877066425e-01 5.056255535090716791e-01
8.154347417595021463e-01 6.810932420677200394e-01
8.191611838825250125e-01 2.899311254399005722e-01
8.173315620711858465e-01 5.038150764520654690e-01
8.193230090706404845e-01 6.806756291817801507e-01
8.227048314821225894e-01 2.896654208555926036e-01
8.254468184259970975e-01 5.050725484106504126e-01
8.232472720538575039e-01 6.803202214406265380e-01
8.263387876491709028e-01 2.889567193009067725e-01
8.278715157926729296e-01 5.034328602559678956e-01
8.271355393649958421e-01 6.799026085546866494e-01
8.287263887496777448e-01 2.873499813389141511e-01
8.314996297877627063e-01 5.026069491359219654e-01
8.308113933336102042e-01 6.791800335532680588e-01
8.367498655930669660e-01 2.884660443045677924e-01
8.353166918983172540e-01 5.020213949537417619e-01
8.332781711720438356e-01 6.775991870573416787e-01
8.386360089753728264e-01 2.866826324129024828e-01
8.391283833735363462e-01 5.014313803476095899e-01
8.413559890578474754e-01 6.790093523788331975e-01
8.413590593123247974e-01 2.854735806571798706e-01
8.427496097725255542e-01 5.006256271226146026e-01
8.438323393498452507e-01 6.774260271678744783e-01
8.427621935453101232e-01 2.837772197776021743e-01
8.451272180728449657e-01 4.989552766855620547e-01
8.474933125008431434e-01 6.766498104017759641e-01
8.477136591041692926e-01 2.829951610142283913e-01
8.532474145118379427e-01 5.000330385446734027e-01
8.513018682657041980e-01 6.760472850921164234e-01
8.549048169789532636e-01 2.809286173829167454e-01
8.554216866365230709e-01 4.979253112068712794e-01
8.549628413730463450e-01 6.752710682678102483e-01
8.542311390652415071e-01 2.784093321638937413e-01
8.576128892623913202e-01 4.958598232988453702e-01
8.574391916650441203e-01 6.736877428240208854e-01
8.564635501598497624e-01 2.788851638575745584e-01
8.657311166526308055e-01 4.970025353614797581e-01
8.655230296199699636e-01 6.751445206075412653e-01
8.681228148739740247e-01 4.954140077826192368e-01
8.679987487371966237e-01 6.736242517556501053e-01
8.717620633979679123e-01 4.946779923412574220e-01
8.716886921466213689e-01 6.729834994378005586e-01
8.756276448444280103e-01 4.942473436022734035e-01
8.756010023030851297e-01 6.726822368411784492e-01
8.795590451382487851e-01 4.939345232925003160e-01
8.795711657267567540e-01 6.725045329269458971e-01
8.835100940646573031e-01 4.936595833570205372e-01
8.835631874058510471e-01 6.723881826812838636e-01
8.874661678437917312e-01 4.934000568829102207e-01
8.875651620001520081e-01 6.723063600486465230e-01
8.913695364959077772e-01 4.930382168168758739e-01
8.915722849724754262e-01 6.722457826338039677e-01
8.950534602727677758e-01 4.923508519787898052e-01
8.955823293742890545e-01 6.721991701244813822e-01
8.975291792153713422e-01 4.908305831268986452e-01
8.995983935172772172e-01 6.721991701244813822e-01
9.056130171702972964e-01 4.922873606775883260e-01
9.036144579290906753e-01 6.721991701244813822e-01
9.080893672585681475e-01 4.907040354666296067e-01
9.076305220313334310e-01 6.721991701244813822e-01
9.117503407733640319e-01 4.899278186714272620e-01
9.116405664331470593e-01 6.722457826338039677e-01
9.155588961744270948e-01 4.893252933617677214e-01
9.156476894054704774e-01 6.723063600486465230e-01
9.192198695145999965e-01 4.885490765665653767e-01
9.192887446606984314e-01 6.723415701610473416e-01
9.216962197774939414e-01 4.869657511227760138e-01
9.228703482172370132e-01 6.723973429955047987e-01
9.297800577324197846e-01 4.884225289062963937e-01
9.263653490770922261e-01 6.724932242552721373e-01
9.322557768496464448e-01 4.869022600544052337e-01
9.297145987107198195e-01 6.726781366353360436e-01
9.359457202590711900e-01 4.862615077365556870e-01
9.327334942572925724e-01 6.730989456602809451e-01
9.398580303354994170e-01 4.859602451399335776e-01
9.343591365873454846e-01 6.742646580289555214e-01
9.438281937991888082e-01 4.857825412257010256e-01
9.407599156266115425e-01 6.734987306746720304e-01
9.478202156820099145e-01 4.856661909800389920e-01
9.403247939531194088e-01 6.749657055235533942e-01
9.518221900307471950e-01 4.855843683474016514e-01
9.558293132886520604e-01 4.855237909325590961e-01
9.598333374360845660e-01 4.855237909325590961e-01
9.638404604088628425e-01 4.855843683474016514e-01
9.678255046346895263e-01 4.857084304023668309e-01
9.714488637987542807e-01 4.857892225629551475e-01
9.749954954941241203e-01 4.859218638523383205e-01
9.784088247192903598e-01 4.861633852199087058e-01
9.815055491471940119e-01 4.866762103704171394e-01
9.832155527715312759e-01 4.879997827303962921e-01
9.901112539728310624e-01 4.873752517961892905e-01
9.899374082119738461e-01 4.897106890131598944e-01
9.921061927452683449e-01 4.889123766698499907e-01
