3.047183388844132423e-03 7.637861676123594012e-01
2.847864758223295212e-03 7.637596376120082686e-01
2.596815349534153938e-03 7.646799791987324291e-01
2.277246676385402679e-03 7.646463221359637297e-01
2.286514065111070609e-02 7.642356471849545141e-01
2.416184716344642325e-02 7.133496446354735676e-01
2.450957216274755879e-02 7.143759608358866142e-01
2.516419286326336546e-02 7.166357676859104187e-01
2.683821655296551867e-02 7.185215152848902775e-01
2.362204724409448786e-02 7.661290322580645018e-01
2.342074742842296942e-02 7.625307609747734583e-01
2.626367657001709571e-02 7.262838786437867400e-01
2.871646090432649484e-02 7.287313740009502272e-01
2.755905511811023584e-02 7.298387096774193727e-01
2.755905511811023584e-02 7.580645161290322509e-01
2.755905511811023584e-02 7.620967741935483764e-01
3.149606299212598381e-02 7.338709677419354982e-01
3.149606299212598381e-02 7.379032258064516236e-01
3.149606299212598381e-02 7.419354838709677491e-01
3.149606299212598381e-02 7.459677419354838745e-01
3.149606299212598381e-02 7.500000000000000000e-01
3.149606299212598381e-02 7.540322580645161255e-01
3.543307086614173179e-02 7.500000000000000000e-01
3.937007874015747977e-02 7.500000000000000000e-01
4.330708661417322775e-02 7.500000000000000000e-01
4.724409448818897572e-02 7.500000000000000000e-01
5.118110236220472370e-02 7.500000000000000000e-01
5.511811023622047168e-02 7.500000000000000000e-01
6.680231935923963693e-02 6.726818552030430221e-01
5.905511811023621965e-02 7.540322580645161255e-01
6.890352093797968980e-02 6.734376430954838177e-01
6.299212598425196763e-02 7.540322580645161255e-01
6.872648817274397415e-02 6.710904026854662696e-01
6.881023037034696144e-02 7.561960780369718638e-01
7.546500934610568534e-02 6.716421099094253000e-01
6.955642139861785422e-02 7.592963496065368023e-01
7.712864670829158720e-02 6.702276730624537882e-01
7.735106260442417558e-02 7.589069280187569211e-01
8.012354775793908979e-02 6.695533238793535125e-01
7.948896155223308946e-02 7.607281756467155764e-01
8.337056277618619393e-02 6.690241323789626327e-01
8.287160433487376909e-02 7.617731264148343007e-01
8.654850399286410922e-02 6.683105606765996631e-01
8.631556504658115248e-02 7.627803503531932483e-01
8.862597168162905659e-02 6.667920764715921100e-01
8.867300184183263267e-02 7.644943156159452746e-01
9.649794630515645677e-02 6.682035664937668873e-01
9.655859729084442789e-02 7.631468975601056748e-01
9.893070128159671406e-02 6.666664639863395525e-01
9.895453324420451502e-02 7.647331791381621890e-01
1.025435243093630461e-01 6.659820626748935712e-01
1.025598709268484426e-01 7.654283841989273363e-01
1.063667161901335756e-01 6.656088668471877856e-01
1.063503696235798823e-01 7.658839120854428195e-01
1.102362204105089283e-01 6.653225806469700299e-01
1.101960418159501909e-01 7.662221681171250687e-01
1.141057248347838587e-01 6.650362944431347234e-01
1.140048951089316226e-01 7.666096034377152257e-01
1.179289164463439427e-01 6.646630986154289378e-01
1.177344775676642946e-01 7.671121619791994029e-01
1.215580864699454811e-01 6.640198632751801444e-01
1.212087199563989248e-01 7.679224870085055166e-01
1.239983267187485527e-01 6.624935646916949583e-01
1.230713543518791031e-01 7.694955428746799164e-01
1.318764081408130284e-01 6.639738771238273829e-01
1.307823699500272330e-01 7.690437593452271736e-01
1.343252091940334847e-01 6.624544698617330640e-01
1.314769445782835444e-01 7.721527925647434509e-01
1.379398049361129364e-01 6.617569272977209538e-01
1.391202114067795759e-01 7.725110345279737611e-01
1.417159367706839757e-01 6.612491565476023014e-01
1.396695918561230709e-01 7.757469351861565610e-01
1.454845832237528225e-01 6.607305819972327798e-01
1.476481874312061404e-01 7.760481833510340932e-01
1.490626594502713620e-01 6.599658809474578947e-01
1.492084989484168678e-01 7.784899677179993871e-01
1.514518676457677349e-01 6.583576364547855109e-01
1.505924110432837471e-01 7.808495363250614885e-01
1.596993784233194380e-01 6.594242677392978536e-01
1.571630782610003441e-01 7.826691152595524059e-01
1.620566842222300186e-01 6.575544563829973654e-01
1.634498333052445962e-01 7.852279186819589585e-01
1.653965838316174553e-01 6.562565092763472663e-01
1.691005985824552693e-01 7.866751964113884998e-01
1.677338720086639368e-01 6.543434150817413197e-01
1.708799376405452930e-01 7.883575316894078089e-01
1.758935276352925070e-01 6.553454607755185846e-01
1.741479176030618914e-01 7.892379882189655138e-01
1.782441519514298134e-01 6.532505017629802735e-01
1.774769227101108127e-01 7.896646675447211994e-01
1.813976855535613941e-01 6.515991101304309252e-01
1.812430144689599620e-01 7.900424185002432598e-01
1.884038401675945940e-01 6.558219889599469221e-01
1.831816641987836780e-01 6.495431579213829520e-01
1.850506067620892869e-01 7.903774450399307927e-01
1.896764771718583154e-01 6.507907490238487025e-01
1.888394274483718993e-01 7.907569750471250547e-01
1.923440691518164547e-01 6.501176199751845797e-01
1.924754486446301760e-01 7.913281254380220009e-01
1.962264179367586847e-01 6.497568920247196456e-01
1.949763411305859562e-01 7.926402229725593163e-01
2.002234833111517232e-01 6.495318869645181348e-01
2.025612302153833311e-01 7.908032114332120832e-01
2.042227511470184054e-01 6.493774699418046747e-01
2.047244095107509099e-01 7.916587015328507837e-01
2.143445334719919215e-01 2.996361236268234030e-01
2.082171615535818587e-01 6.493431952192387779e-01
2.068875886822544585e-01 7.908032114332120832e-01
2.166961374230624293e-01 3.015001500476031659e-01
2.121955659011320328e-01 6.493431952046868627e-01
2.144666717857063865e-01 7.926855744238221479e-01
2.204982022439518352e-01 3.041868479246453982e-01
2.161589745582470079e-01 6.493774699418046747e-01
2.169647459731360306e-01 7.914777722119563652e-01
2.245655761863009636e-01 3.055303119415898050e-01
2.204212202150803157e-01 6.494907209351132860e-01
2.206121460686109592e-01 7.910863579393574430e-01
2.241574382271038224e-01 3.084667777237031783e-01
2.243139227204493102e-01 6.496637561001754602e-01
2.244393237862651325e-01 7.909856656708964540e-01
2.310176951935382916e-01 3.091006861631608316e-01
2.281507067448793336e-01 6.499573256812929412e-01
2.282963452556096839e-01 7.910446094258898331e-01
2.309631907186786293e-01 3.122277869242093273e-01
2.317885008446256279e-01 6.505416172083406945e-01
2.321157371256350188e-01 7.912702794795134498e-01
2.381051599000411911e-01 3.127944743628763846e-01
2.342508937650191470e-01 6.519813982529505392e-01
2.357399388634431048e-01 7.917749447890767289e-01
2.384026771975959746e-01 3.161643416988813571e-01
2.421270589908863513e-01 6.504379565857590917e-01
2.381773609301353900e-01 7.931969482827210260e-01
2.495139808958674876e-01 8.419243074923513648e-01
2.458878016112167053e-01 3.168722331230979239e-01
2.445894520276952200e-01 6.518777376303689364e-01
2.460496364872697406e-01 7.916712841664951261e-01
2.516158055294099860e-01 8.426890682230512297e-01
2.462381826407518126e-01 3.202245410704504525e-01
2.482214399132653959e-01 6.525073807250948432e-01
2.487958552009668090e-01 7.933523656514983591e-01
2.513365801350455619e-01 8.404004187022726668e-01
2.540755814480353258e-01 3.210249994393257755e-01
2.520495995123046562e-01 6.528598940029980424e-01
2.523480044110901765e-01 7.942423763792424429e-01
2.588735371901411675e-01 8.407641498732471019e-01
2.544644728988614268e-01 3.243493660796253342e-01
2.559123635084588066e-01 6.531537214877091158e-01
2.559055118110236116e-01 7.943548387096773800e-01
2.607611934874412007e-01 8.391301328327597231e-01
2.620573710085545294e-01 3.249347622754172327e-01
2.597791429873859137e-01 6.534321933258099291e-01
2.598425196850393526e-01 7.943548387096773800e-01
2.637177133368049375e-01 8.384567913552370966e-01
2.625213831710797585e-01 3.282042479390398504e-01
2.636217333424073495e-01 6.537520133105346742e-01
2.637795275590550936e-01 7.943548387096773800e-01
2.663128255448472537e-01 8.379677050059751720e-01
2.701729795158525627e-01 3.285987780714827999e-01
2.673903002947253804e-01 6.541933636443929556e-01
2.677165354330708902e-01 7.943548387096773800e-01
2.677165354330708902e-01 8.346774193548387455e-01
2.677165354330708902e-01 8.387096774193548709e-01
2.657003899299224536e-01 8.353903917295317783e-01
2.708257126147990967e-01 3.317558791773814186e-01
2.709169867091013040e-01 6.549421174248920563e-01
2.716535433070866312e-01 7.983870967741935054e-01
2.716535433070866312e-01 8.306451612903226200e-01
2.663160554008690561e-01 8.412502273887155768e-01
2.680740338625518526e-01 8.408328362049595217e-01
2.785275290742164622e-01 3.313872627538418381e-01
2.731743125266974936e-01 6.565354488820077661e-01
2.755905511811023723e-01 7.983870967741935054e-01
2.755905511811023723e-01 8.306451612903226200e-01
2.806412846484316881e-01 3.331842089161997644e-01
2.810021737759096916e-01 6.558182833551038371e-01
2.795275590551181133e-01 8.024193548387096309e-01
2.795275590551181133e-01 8.064516129032257563e-01
2.795275590551181133e-01 8.145161290322581182e-01
2.795275590551181133e-01 8.185483870967742437e-01
2.795275590551181133e-01 8.225806451612903691e-01
2.795275590551181133e-01 8.266129032258064946e-01
2.837633565732820551e-01 3.339803026962814836e-01
2.819899522083422760e-01 6.586978456771541701e-01
2.834645669291338543e-01 8.104838709677418818e-01
2.874257061295764637e-01 3.346434287074859237e-01
2.898178134575544740e-01 6.579806801502502411e-01
2.874015748031495954e-01 8.104838709677418818e-01
2.910979405072092185e-01 3.353000196718400328e-01
2.920751394497736464e-01 6.595740116073659509e-01
2.913385826771653364e-01 8.104838709677418818e-01
2.945834028591423626e-01 3.361686427003493516e-01
2.956018256895265872e-01 6.602320622525087446e-01
2.952755905511810774e-01 8.104838709677418818e-01
2.968107896827630876e-01 3.378827664625620453e-01
2.992125984251968740e-01 6.612903225806451291e-01
2.992125984251968740e-01 8.104838709677418818e-01
3.046242210200041933e-01 3.372698962583296489e-01
3.031496062992126150e-01 6.612903225806451291e-01
3.031496062992126150e-01 8.064516129032257563e-01
3.071358122048885031e-01 8.995368671903927194e-01
3.055718207995840041e-01 3.402425945631318283e-01
3.070866141732283561e-01 6.612903225806451291e-01
3.070866141732283561e-01 8.064516129032257563e-01
3.111592235307641952e-01 8.899168659812740634e-01
3.095426659363754718e-01 8.908012957113133901e-01
3.084291389476009337e-01 8.932524201415118492e-01
3.075237040264499067e-01 8.957630894372179409e-01
3.062180784562104074e-01 8.970466464787961725e-01
3.133954920285330070e-01 3.396573809140752132e-01
3.187964011394367470e-01 6.385327932695227249e-01
3.110236220472440971e-01 6.612903225806451291e-01
3.110236220472440971e-01 8.064516129032257563e-01
3.136513803564892067e-01 8.852833109051589933e-01
3.156057872784719942e-01 3.414159327212180073e-01
3.149606299212598381e-01 6.330645161290322509e-01
3.149606299212598381e-01 6.612903225806451291e-01
3.218814532829844532e-01 7.681155360919693642e-01
3.149606299212598381e-01 8.104838709677418818e-01
3.177652831746661244e-01 8.812217075648086650e-01
3.190333234035321874e-01 3.423935194141156102e-01
3.188976377952755792e-01 6.330645161290322509e-01
3.188976377952755792e-01 6.612903225806451291e-01
3.210642100550146205e-01 7.699087693040529423e-01
3.188976377952755792e-01 8.104838709677418818e-01
3.229099589172662599e-01 8.782378456089645624e-01
3.226166813349943263e-01 3.431988584042917068e-01
3.228346456692913202e-01 6.370967741935483764e-01
3.228346456692913202e-01 6.612903225806451291e-01
3.270526600920954374e-01 7.704654344312485970e-01
3.228346456692913202e-01 8.104838709677418818e-01
3.234716962127374140e-01 8.761249978560954332e-01
3.257049581101970626e-01 3.440699252232368166e-01
3.267716535433070613e-01 6.370967741935483764e-01
3.267716535433070613e-01 6.572580645161290036e-01
3.264143345536073548e-01 7.732258477668848551e-01
3.267716535433070613e-01 8.104838709677418818e-01
3.248293534220071388e-01 8.734541739104315639e-01
3.278016225181842880e-01 3.459112997797708089e-01
3.307086614173228578e-01 6.411290322580645018e-01
3.307086614173228578e-01 6.532258064516128782e-01
3.331226786345566349e-01 7.746569393136943926e-01
3.307086614173228578e-01 8.104838709677418818e-01
3.324434925549055175e-01 8.734010677979958670e-01
3.354973319462339343e-01 3.456115057661889312e-01
3.346456692913385988e-01 6.451612903225806273e-01
3.346456692913385988e-01 6.491935483870967527e-01
3.346456692913385988e-01 6.532258064516128782e-01
3.320532076420101286e-01 7.780721599927111765e-01
3.346456692913385988e-01 8.104838709677418818e-01
3.339921451649467410e-01 8.708362849246177317e-01
3.361425796564023183e-01 3.487794109124450204e-01
3.385826771653543399e-01 6.532258064516128782e-01
3.385826771653543399e-01 7.782258064516128782e-01
3.385826771653543399e-01 7.822580645161290036e-01
3.385826771653543399e-01 8.104838709677418818e-01
3.356670165474812673e-01 8.682312442650718110e-01
3.440915936325478763e-01 3.493356152677968840e-01
3.425196850393700809e-01 6.532258064516128782e-01
3.425196850393700809e-01 7.862903225806451291e-01
3.425196850393700809e-01 7.903225806451612545e-01
3.425196850393700809e-01 8.104838709677418818e-01
3.420475812117371173e-01 8.665684519435143951e-01
3.445941160999487773e-01 3.525771595079512100e-01
3.464566929133858220e-01 6.532258064516128782e-01
3.464566929133858220e-01 7.943548387096773800e-01
3.464566929133858220e-01 7.983870967741935054e-01
3.464566929133858220e-01 8.024193548387096309e-01
3.464566929133858220e-01 8.064516129032257563e-01
3.464566929133858220e-01 8.104838709677418818e-01
3.486992154604073302e-01 8.647350164716162135e-01
3.522562776008386076e-01 3.530680017823714101e-01
3.503937007874015630e-01 6.572580645161290036e-01
3.503937007874015630e-01 8.104838709677418818e-01
3.488348459606755436e-01 8.613599263950281193e-01
3.527346688018392906e-01 3.563435367353621208e-01
3.543307086614173040e-01 6.572580645161290036e-01
3.543307086614173040e-01 8.145161290322581182e-01
3.571094148022335157e-01 8.599767415866916842e-01
3.606839819653619439e-01 3.569177202730169363e-01
3.582677165354330451e-01 6.612903225806451291e-01
3.582677165354330451e-01 8.185483870967742437e-01
3.582677165354330451e-01 8.588709677419354982e-01
3.613165418606427703e-01 3.601008140098964638e-01
3.622047244094488416e-01 6.612903225806451291e-01
3.622047244094488416e-01 8.185483870967742437e-01
3.622047244094488416e-01 8.548387096774193727e-01
3.690419196752523501e-01 3.598059463434882810e-01
3.646853946517845113e-01 6.615966867586041689e-01
3.661417322834645827e-01 8.225806451612903691e-01
3.661417322834645827e-01 8.548387096774193727e-01
3.711249620936019067e-01 3.616963014825277378e-01
3.705788314508413617e-01 6.566389401353174282e-01
3.700787401574803237e-01 8.225806451612903691e-01
3.700787401574803237e-01 8.548387096774193727e-01
3.741700082282191087e-01 3.626727139086259877e-01
3.755817621676837970e-01 6.623397954146287292e-01
3.740157480314960647e-01 8.266129032258064946e-01
3.740157480314960647e-01 8.508064516129032473e-01
3.809853433594694305e-01 9.222530902348338167e-01
3.775774495262289587e-01 3.637470962599881341e-01
3.782963388767661694e-01 6.616495265672358572e-01
3.779527559055118058e-01 8.306451612903226200e-01
3.779527559055118058e-01 8.346774193548387455e-01
3.779527559055118058e-01 8.387096774193548709e-01
3.779527559055118058e-01 8.427419354838709964e-01
3.779527559055118058e-01 8.467741935483871218e-01
3.814240533502875063e-01 9.214324257787196437e-01
3.798752932600295562e-01 3.655498990443565299e-01
3.893751651305323858e-01 6.219268839265550408e-01
3.820044180285735447e-01 6.614795968245391622e-01
3.818897637795275468e-01 8.387096774193548709e-01
3.818376402852849960e-01 9.197725195422647992e-01
3.878016539787008110e-01 3.644235562458033595e-01
3.915129206546648089e-01 6.212442716895302253e-01
3.858768830908470004e-01 6.614180062071329802e-01
3.858267716535432879e-01 8.387096774193548709e-01
3.879315564812226835e-01 9.178134680673059043e-01
3.900868252353324461e-01 3.662992225069883201e-01
3.911546522835782635e-01 6.236930928388310091e-01
3.897637795275590289e-01 6.612903225806451291e-01
3.897637795275590289e-01 8.387096774193548709e-01
3.930616684342316258e-01 9.164752787121781541e-01
3.933777416938014082e-01 3.675717452349471781e-01
3.981706086311518900e-01 6.239633936202153563e-01
3.937007874015748254e-01 6.612903225806451291e-01
3.937007874015748254e-01 8.387096774193548709e-01
3.927465045240737251e-01 9.134082734029018713e-01
3.956870441004179395e-01 3.694134207832957539e-01
3.987435321002744115e-01 6.268039133865386248e-01
3.976377952755905665e-01 6.612903225806451291e-01
3.976377952755905665e-01 8.387096774193548709e-01
3.996502159541018284e-01 9.127145026915616244e-01
4.036294523219570718e-01 3.682279324819964783e-01
4.015748031496063075e-01 6.290322580645161255e-01
4.015748031496063075e-01 6.612903225806451291e-01
4.015748031496063075e-01 8.387096774193548709e-01
3.992564276385113797e-01 9.097249674715942591e-01
4.059879470996533013e-01 3.699295865334270017e-01
4.055118110236220486e-01 6.290322580645161255e-01
4.055118110236220486e-01 6.612903225806451291e-01
4.055118110236220486e-01 8.387096774193548709e-01
4.064391508554548449e-01 9.087825595934484468e-01
4.094488188976377896e-01 3.709677419354838745e-01
4.094488188976377896e-01 6.290322580645161255e-01
4.094488188976377896e-01 6.612903225806451291e-01
4.094488188976377896e-01 8.387096774193548709e-01
4.062610856609374932e-01 9.054768396609071957e-01
4.133858267716535306e-01 3.709677419354838745e-01
4.133858267716535306e-01 6.290322580645161255e-01
4.133858267716535306e-01 6.612903225806451291e-01
4.133858267716535306e-01 8.387096774193548709e-01
4.113968886933692670e-01 9.030395786075161579e-01
4.173228346456692717e-01 3.709677419354838745e-01
4.173228346456692717e-01 6.290322580645161255e-01
4.173228346456692717e-01 6.612903225806451291e-01
4.172716139158677007e-01 8.390068499673714042e-01
4.166796816692606709e-01 8.990496642298004826e-01
4.236294326233112639e-01 3.327746516574294211e-01
4.254300195584440059e-01 3.316639405262145623e-01
4.212598425196850127e-01 3.750000000000000000e-01
4.212598425196850127e-01 6.290322580645161255e-01
4.212598425196850127e-01 6.612903225806451291e-01
4.211643164212366952e-01 8.391798851324335784e-01
4.213149040456121708e-01 8.951852015658415818e-01
4.290672591429086635e-01 3.369514420253014175e-01
4.251968503937008093e-01 3.750000000000000000e-01
4.251968503937008093e-01 6.290322580645161255e-01
4.251968503937008093e-01 6.330645161290322509e-01
4.251968503937008093e-01 6.612903225806451291e-01
4.250011004456667463e-01 8.394734547135510594e-01
4.264199907898785780e-01 8.911816334916839999e-01
4.326497015697280402e-01 3.396196890633643162e-01
4.291338582677165503e-01 3.750000000000000000e-01
4.291338582677165503e-01 6.250000000000000000e-01
4.291338582677165503e-01 6.370967741935483764e-01
4.291338582677165503e-01 6.411290322580645018e-01
4.291338582677165503e-01 6.451612903225806273e-01
4.291338582677165503e-01 6.491935483870967527e-01
4.291338582677165503e-01 6.532258064516128782e-01
4.291338582677165503e-01 6.572580645161290036e-01
4.286225477969604070e-01 8.400989123282113225e-01
4.318888494433233971e-01 8.874044005755304942e-01
4.312540251829507509e-01 3.422006327553742122e-01
4.330708661417322913e-01 3.750000000000000000e-01
4.380008850547331134e-01 4.626926416230778272e-01
4.330708661417322913e-01 6.209677419354838745e-01
4.330708661417322913e-01 6.532258064516128782e-01
4.310369775465535680e-01 8.416246537479662448e-01
4.369438937700199643e-01 8.852027456816886630e-01
4.370078740157480324e-01 3.427419354838709409e-01
4.370078740157480324e-01 3.750000000000000000e-01
4.399187269136602962e-01 4.606611189327292633e-01
4.370078740157480324e-01 6.169354838709677491e-01
4.370078740157480324e-01 6.532258064516128782e-01
4.388851202074731672e-01 8.402651338537614478e-01
4.370509614909535712e-01 8.820482927915309634e-01
4.409448818897637734e-01 3.467741935483871218e-01
4.409448818897637734e-01 3.508064516129032473e-01
4.409448818897637734e-01 3.548387096774193727e-01
4.409448818897637734e-01 3.588709677419354982e-01
4.409448818897637734e-01 3.629032258064516236e-01
4.409448818897637734e-01 3.669354838709677491e-01
4.409448818897637734e-01 3.709677419354838745e-01
4.409448818897637734e-01 3.750000000000000000e-01
4.428160389780807504e-01 4.575038940735882131e-01
4.409448818897637734e-01 6.169354838709677491e-01
4.409448818897637734e-01 6.572580645161290036e-01
4.412465152109782407e-01 8.419847219765577151e-01
4.446721747645917544e-01 8.818636593679266555e-01
4.448818897637795144e-01 3.750000000000000000e-01
4.462642239216040307e-01 4.534807895129966959e-01
4.448818897637795144e-01 6.169354838709677491e-01
4.448818897637795144e-01 6.572580645161290036e-01
4.446747264430416235e-01 8.429676904042642249e-01
4.448818897637795144e-01 8.790322580645161255e-01
4.488188976377952555e-01 3.790322580645161255e-01
4.495157128388765910e-01 4.494800585802764537e-01
4.464811822821158627e-01 6.207604759763325486e-01
4.488188976377952555e-01 6.572580645161290036e-01
4.481118013921897569e-01 8.438738418908249272e-01
4.488188976377952555e-01 8.790322580645161255e-01
4.527559055118109965e-01 3.830645161290322509e-01
4.525407265450559491e-01 4.448950307654036540e-01
4.477259775726344371e-01 6.217547596822823319e-01
4.527559055118109965e-01 6.572580645161290036e-01
4.514885283410768890e-01 8.456103107591550483e-01
4.527559055118109965e-01 8.790322580645161255e-01
4.566929133858267931e-01 3.830645161290322509e-01
4.589599942106489805e-01 4.375928188073298641e-01
4.564333842850957779e-01 4.390901309689657084e-01
4.541734383225177196e-01 4.400915330681469118e-01
4.521496583025638727e-01 6.240019666691941636e-01
4.566929133858267931e-01 6.572580645161290036e-01
4.529798264398907093e-01 8.475295006928424968e-01
4.566929133858267931e-01 8.790322580645161255e-01
4.606299212598425341e-01 3.870967741935483764e-01
4.635649319668483925e-01 4.290416440250532371e-01
4.597254637908373964e-01 4.297921996856589044e-01
4.606299212598425341e-01 6.250000000000000000e-01
4.606299212598425341e-01 6.612903225806451291e-01
4.606299212598425341e-01 8.467741935483871218e-01
4.606299212598425341e-01 8.790322580645161255e-01
4.645669291338582751e-01 3.870967741935483764e-01
4.645669291338582751e-01 4.233870967741935609e-01
4.645669291338582751e-01 6.290322580645161255e-01
4.645669291338582751e-01 6.612903225806451291e-01
4.645669291338582751e-01 8.508064516129032473e-01
4.645669291338582751e-01 8.750000000000000000e-01
4.685039370078740162e-01 3.911290322580645018e-01
4.685039370078740162e-01 4.193548387096774355e-01
4.685039370078740162e-01 6.330645161290322509e-01
4.685039370078740162e-01 6.370967741935483764e-01
4.685039370078740162e-01 6.612903225806451291e-01
4.685039370078740162e-01 8.548387096774193727e-01
4.685039370078740162e-01 8.588709677419354982e-01
4.685039370078740162e-01 8.709677419354838745e-01
4.724409448818897572e-01 3.951612903225806273e-01
4.724409448818897572e-01 3.991935483870967527e-01
4.724409448818897572e-01 4.153225806451613100e-01
4.724409448818897572e-01 6.411290322580645018e-01
4.724409448818897572e-01 6.451612903225806273e-01
4.724409448818897572e-01 6.491935483870967527e-01
4.724409448818897572e-01 6.532258064516128782e-01
4.724409448818897572e-01 6.572580645161290036e-01
4.724409448818897572e-01 8.629032258064516236e-01
4.724409448818897572e-01 8.669354838709677491e-01
4.763779527559054983e-01 4.032258064516128782e-01
4.763779527559054983e-01 4.072580645161290591e-01
4.763779527559054983e-01 4.112903225806451846e-01
4.763779527559054983e-01 6.572580645161290036e-01
4.763779527559054983e-01 8.669354838709677491e-01
4.803149606299212393e-01 4.032258064516128782e-01
4.803149606299212393e-01 6.612903225806451291e-01
4.803149606299212393e-01 8.669354838709677491e-01
4.842519685039369803e-01 4.032258064516128782e-01
4.842519685039369803e-01 6.612903225806451291e-01
4.842519685039369803e-01 8.669354838709677491e-01
4.881889763779527769e-01 4.072580645161290591e-01
4.881889763779527769e-01 6.612903225806451291e-01
4.881889763779527769e-01 8.629032258064516236e-01
4.881889763779527769e-01 8.669354838709677491e-01
4.929526815682239160e-01 9.928395990282297134e-01
4.921259842519685179e-01 4.072580645161290591e-01
4.921259842519685179e-01 6.612903225806451291e-01
4.921259842519685179e-01 8.629032258064516236e-01
4.921259842519685179e-01 8.709677419354838745e-01
4.921259842519685179e-01 8.750000000000000000e-01
4.921259842519685179e-01 8.790322580645161255e-01
4.921259842519685179e-01 8.830645161290322509e-01
4.921259842519685179e-01 8.870967741935483764e-01
4.921259842519685179e-01 8.911290322580645018e-01
4.921259842519685179e-01 8.951612903225806273e-01
4.918834975976533741e-01 8.985415445866002937e-01
4.921259842519685179e-01 9.032258065889147147e-01
4.921259842519685179e-01 9.072580646232993873e-01
4.921259842519685179e-01 9.112903226063248097e-01
4.921259842519685179e-01 9.153225807523316382e-01
4.921692821951619834e-01 9.193495543408237713e-01
4.922255816561555974e-01 9.233739596325434285e-01
4.923016870159226954e-01 9.273938331859220563e-01
4.924100486675779820e-01 9.314049306756773117e-01
4.925759362520221174e-01 9.353966964899295133e-01
4.928584899460002333e-01 9.393369949994526680e-01
4.934262603926509172e-01 9.430920737560823941e-01
4.948660414372607619e-01 9.457185611339106179e-01
4.939432630487754494e-01 9.896899884296280758e-01
4.960629921259842590e-01 4.072580645161290591e-01
4.960629921259842590e-01 6.612903225806451291e-01
4.960629921259842590e-01 8.588709677419354982e-01
4.933229349406920150e-01 9.534749872531862458e-01
4.947627159853018597e-01 9.561014746310144696e-01
4.953304864319525436e-01 9.598565533876441958e-01
4.955697421536333636e-01 9.637915675874307864e-01
4.956396844498831555e-01 9.677605187762017280e-01
4.957046825583111271e-01 9.713975723162519005e-01
4.957137562595326230e-01 9.749809167471774618e-01
4.956585946928262487e-01 9.784756655384215795e-01
4.954965533541999534e-01 9.818127453176965780e-01
4.950562474404014424e-01 9.847925406535186221e-01
4.939033202680311874e-01 9.863189298118795190e-01
5.000000000000000000e-01 4.072580645161290591e-01
5.000000000000000000e-01 6.612903225806451291e-01
5.000000000000000000e-01 8.548387096774193727e-01
5.039370078740157410e-01 4.072580645161290591e-01
5.039370078740157410e-01 6.612903225806451291e-01
5.039370078740157410e-01 8.508064516129032473e-01
5.078740157480314821e-01 4.112903225806451846e-01
5.113465790930167287e-01 6.186184339383016262e-01
5.104745677965656370e-01 6.209677418344540234e-01
5.113465790930167287e-01 6.233170499326661229e-01
5.078740157480314821e-01 6.612903225806451291e-01
5.078740157480314821e-01 6.653225806451612545e-01
5.078740157480314821e-01 6.693548387096773800e-01
5.078740157480314821e-01 6.733870967741935054e-01
5.078740157480314821e-01 6.774193548387096309e-01
5.078740157480314821e-01 8.508064516129032473e-01
5.118110236220472231e-01 4.112903225806451846e-01
5.151511820007526055e-01 4.492838326353399414e-01
5.142271086082272902e-01 4.516464480061145870e-01
5.150093373816870823e-01 4.540238638461056575e-01
5.155010025922619477e-01 4.731059270880876300e-01
5.155672929689698591e-01 4.743645674090892772e-01
5.146834853079580441e-01 5.098957941011195150e-01
5.133953643238582387e-01 5.125064052812259296e-01
5.129934815198593512e-01 5.162209918494373717e-01
5.129934815198593512e-01 5.200693305856886051e-01
5.133953643238582387e-01 5.237839171247962167e-01
5.147267831929438486e-01 5.263892441552372459e-01
5.118110236220472231e-01 5.846774193548387455e-01
5.118110236220472231e-01 5.887096774193548709e-01
5.118110236220472231e-01 5.927419354838709964e-01
5.118110236220472231e-01 5.967741935483871218e-01
5.119439221165320575e-01 6.001218083322108487e-01
5.114299234559238627e-01 6.047106190484144994e-01
5.108944094248526469e-01 6.084744737158724881e-01
5.095642165255211964e-01 6.111336004574813296e-01
5.092784318115972653e-01 6.314591715382712467e-01
5.118110236220472231e-01 6.330645161290322509e-01
5.118110236220472231e-01 6.370967741935483764e-01
5.118110236220472231e-01 6.411290322580645018e-01
5.118110236220472231e-01 6.451612903225806273e-01
5.118110236220472231e-01 6.491935483870967527e-01
5.118110236220472231e-01 6.532258064516128782e-01
5.118110236220472231e-01 6.572580645161290036e-01
5.118110236220472231e-01 6.814516129032257563e-01
5.118110236220472231e-01 6.854838709677418818e-01
5.118110236220472231e-01 6.895161290322581182e-01
5.124621589642428532e-01 6.925219601891454690e-01
5.142670162462108507e-01 6.957652432123019315e-01
5.118110236220472231e-01 8.225806451612903691e-01
5.118110236220472231e-01 8.266129032258064946e-01
5.118110236220472231e-01 8.467741935483871218e-01
5.197883654041142165e-01 1.707606094836768007e-01
5.197883654041142165e-01 1.719813260001941679e-01
5.157480314960629642e-01 4.112903225806451846e-01
5.157480314960629642e-01 4.153225806451613100e-01
5.157480314960629642e-01 4.193548387096774355e-01
5.157480314960629642e-01 4.233870967741935609e-01
5.157480314960629642e-01 4.274193548387096864e-01
5.157480314960629642e-01 4.314516129032258118e-01
5.157480314960629642e-01 4.354838709677419373e-01
5.157480314960629642e-01 4.395161290322580627e-01
5.132320870766342580e-01 4.410657744794603263e-01
5.130094851488173902e-01 4.613198771464427916e-01
5.138814958631918728e-01 4.637501694731678836e-01
5.131836771620363891e-01 4.662125977619941408e-01
5.134651796547622382e-01 4.815340443559351646e-01
5.146224072091207802e-01 4.842277221464281745e-01
5.149722278006301224e-01 4.879942800576945183e-01
5.150238301725984513e-01 4.919099621781624077e-01
5.148310587396771609e-01 4.958221529049032794e-01
5.143586485069171488e-01 4.995692085358314216e-01
5.130079743107707202e-01 5.021964482767807825e-01
5.131075718095452487e-01 5.341070114236865507e-01
5.157480314960629642e-01 5.362903225806451291e-01
5.157480314960629642e-01 5.403225806451612545e-01
5.157480314960629642e-01 5.443548387096773800e-01
5.157480314960629642e-01 5.483870967741935054e-01
5.157480314960629642e-01 5.524193548387096309e-01
5.157480314960629642e-01 5.564516129032257563e-01
5.157480314960629642e-01 5.604838709677418818e-01
5.157480314960629642e-01 5.645161290322581182e-01
5.157480314960629642e-01 5.685483870967742437e-01
5.157480314960629642e-01 5.725806451612903691e-01
5.157480314960629642e-01 5.766129032258064946e-01
5.157480314960629642e-01 5.806451612903226200e-01
5.128529549697340428e-01 7.035454019919158419e-01
5.143579075233937203e-01 7.061382938578214530e-01
5.149758799821064770e-01 7.098715151284611391e-01
5.152980794960093647e-01 7.137968518171317056e-01
5.154639670804535001e-01 7.177886175477103947e-01
5.155723287321087867e-01 7.217997152812102302e-01
5.156484340918758846e-01 7.258195886726988011e-01
5.157047335528694987e-01 7.298439940462729814e-01
5.157480314960629642e-01 7.338709677162558176e-01
5.157480314960629642e-01 7.379032256992812400e-01
5.157480314960629642e-01 7.419354838151566156e-01
5.157480314960629642e-01 7.459677419611635552e-01
5.157480314960629642e-01 7.500000001373018366e-01
5.160225505246707201e-01 7.542330871839376671e-01
5.163364664190375208e-01 7.584490654774145302e-01
5.164153053197004795e-01 7.624355974952660153e-01
5.164895867933445572e-01 7.663977322959145688e-01
5.165488347997815310e-01 7.703352571303595520e-01
5.165820763218142986e-01 7.742539180333316562e-01
5.165820763218142986e-01 7.781654367617222290e-01
5.165488347997815310e-01 7.820840978538692312e-01
5.164895867933445572e-01 7.860216227174180448e-01
5.163720073765070140e-01 7.899784729318437559e-01
5.162368690366783142e-01 7.939571521541614052e-01
5.158901457039100080e-01 7.981660305099906871e-01
5.158060511098518930e-01 8.030378136806369804e-01
5.157480314960629642e-01 8.064516129032257563e-01
5.157480314960629642e-01 8.104838709677418818e-01
5.157480314960629642e-01 8.145161290322581182e-01
5.157480314960629642e-01 8.185483870967742437e-01
5.157480314960629642e-01 8.306451612903226200e-01
5.157480314960629642e-01 8.427419354838709964e-01
5.223817984375545009e-01 1.389535738966397593e-01
5.208857181284018978e-01 1.415722085662456664e-01
5.202851402142458781e-01 1.453201871087414221e-01
5.199505243659858778e-01 1.492471778590463150e-01
5.196948545122994645e-01 1.532108359341720905e-01
5.194123008847144618e-01 1.571511342417873103e-01
5.189343128155359253e-01 1.609343209758310744e-01
5.177207857638039812e-01 1.636449150185310952e-01
5.176774878788181766e-01 1.791023049060435635e-01
5.188780133181625231e-01 1.818154674781967128e-01
5.193361955613271519e-01 1.856031858387136579e-01
5.195864928324498422e-01 1.895522599607507019e-01
5.197846367742657847e-01 1.935352500369786344e-01
5.200025866075792536e-01 1.975137082502647634e-01
5.203179475653358921e-01 2.014469062400636168e-01
5.209420176257752999e-01 2.051941323903344327e-01
5.224250965553709491e-01 2.078153353274589665e-01
5.196850393700787052e-01 3.790322580645161255e-01
5.196850393700787052e-01 3.830645161290322509e-01
5.196850393700787052e-01 3.870967741935483764e-01
5.196850393700787052e-01 3.911290322580645018e-01
5.196850393700787052e-01 3.951612903225806273e-01
5.196850393700787052e-01 3.991935483870967527e-01
5.196850393700787052e-01 4.032258064516128782e-01
5.196850393700787052e-01 4.072580645161290591e-01
5.196850393700787052e-01 5.685483870967742437e-01
5.196850393700787052e-01 8.346774193548387455e-01
5.196850393700787052e-01 8.387096774193548709e-01
5.271301100444869547e-01 4.301460230753065966e-02
5.256143141020910292e-01 4.520299866036962821e-02
5.249551863823906928e-01 4.874842461281185535e-02
5.246642233985365777e-01 5.255798629302937258e-02
5.246179338726104646e-01 5.641509704747154491e-02
5.249038095069007426e-01 6.013658080877165579e-02
5.260513956607208996e-01 6.276931829239812410e-02
5.259121524584369212e-01 8.242007096358124063e-02
5.246382589400635510e-01 8.508705044251625715e-02
5.241788501450681537e-01 8.886328985212341158e-02
5.239724018617888390e-01 9.281597262358240452e-02
5.238628137310623600e-01 9.681559138980153079e-02
5.237977500080486237e-01 1.008319733457263279e-01
5.236783467050880603e-01 1.048465625111519722e-01
5.235657477831008322e-01 1.088631149082028710e-01
5.234463444801402687e-01 1.128777039917739783e-01
5.233379828284849822e-01 1.168888016434192906e-01
5.231720952440408468e-01 1.208805675377070399e-01
5.228895415500627308e-01 1.248208659671945497e-01
5.223217711034120470e-01 1.285759445492012931e-01
5.208819900588022023e-01 1.312024321016524997e-01
5.208819900588022023e-01 2.155717614467345944e-01
5.223217711034120470e-01 2.181982489991858010e-01
5.228895415500627308e-01 2.219533277412636119e-01
5.231720952440408468e-01 2.258936260106800542e-01
5.233379828284849822e-01 2.298853919850033234e-01
5.234463444801402687e-01 2.338964894747585788e-01
5.235224498399073667e-01 2.379163630290467291e-01
5.235787493009009808e-01 2.419407683212211335e-01
5.236220472440944462e-01 2.459677419912949525e-01
5.236220472440944462e-01 2.500000001071703837e-01
5.236220472440944462e-01 2.540322579272143444e-01
5.236220472440944462e-01 2.580645161547118760e-01
5.236220472440944462e-01 2.620967742192280014e-01
5.236220472440944462e-01 2.661290321207627207e-01
5.236220472440944462e-01 2.701612902667695493e-01
5.236220472440944462e-01 2.741935484942671364e-01
5.236220472440944462e-01 2.782258063958018002e-01
5.236220472440944462e-01 2.822580645719401371e-01
5.236220472440944462e-01 2.862903226364562626e-01
5.236220472440944462e-01 2.903225805379909263e-01
5.236653451872879117e-01 2.943495541780242752e-01
5.239208333375753313e-01 2.990312477209485231e-01
5.236220472440944462e-01 3.024193548387096864e-01
5.236220472440944462e-01 3.064516129032258118e-01
5.236220472440944462e-01 3.104838709677419373e-01
5.236220472440944462e-01 3.145161290322580627e-01
5.236220472440944462e-01 3.185483870967741882e-01
5.236220472440944462e-01 3.225806451612903136e-01
5.236220472440944462e-01 3.387096774193548154e-01
5.236220472440944462e-01 3.427419354838709409e-01
5.236220472440944462e-01 3.467741935483871218e-01
5.236220472440944462e-01 3.508064516129032473e-01
5.236220472440944462e-01 3.548387096774193727e-01
5.236220472440944462e-01 3.588709677419354982e-01
5.236220472440944462e-01 3.629032258064516236e-01
5.229328395514638572e-01 3.667616340605872605e-01
5.223217711034120470e-01 3.705114284201690422e-01
5.208819900588022023e-01 3.731379159726202488e-01
5.236220472440944462e-01 5.685483870967742437e-01
5.236220472440944462e-01 8.346774193548387455e-01
5.276195688319438304e-01 3.629770808871516513e-02
5.241297898909413888e-01 7.022605272340437521e-02
5.249585030695760324e-01 7.258064534547799262e-02
5.240864917731249406e-01 7.492995315847257587e-02
5.275590551181101873e-01 3.266129032258064391e-01
5.275590551181101873e-01 3.306451612903225645e-01
5.275590551181101873e-01 3.346774193548386900e-01
5.275590551181101873e-01 5.685483870967742437e-01
5.275590551181101873e-01 8.346774193548387455e-01
5.314960629921260393e-01 7.828475907444953918e-03
5.314527650489325739e-01 8.975064036466421508e-03
5.313568197170824847e-01 1.154431468626904850e-02
5.312305123670811868e-01 1.458220243183595485e-02
5.310569792063760675e-01 1.783960872900582084e-02
5.308042413680668092e-01 2.120021779105187368e-02
5.304036902971419609e-01 2.456235433853561773e-02
5.296794989853951252e-01 2.771217302952502445e-02
5.280875974576774157e-01 2.955290585035277862e-02
5.314960629921260393e-01 3.306451612903225645e-01
5.314960629921260393e-01 5.685483870967742437e-01
5.314960629921260393e-01 8.346774193548387455e-01
5.354330708661417804e-01 3.306451612903225645e-01
5.354330708661417804e-01 5.685483870967742437e-01
5.354330708661417804e-01 8.346774193548387455e-01
5.393700787401575214e-01 3.306451612903225645e-01
5.393700787401575214e-01 5.725806451612903691e-01
5.393700787401575214e-01 8.346774193548387455e-01
5.433070866141732624e-01 3.306451612903225645e-01
5.433070866141732624e-01 5.766129032258064946e-01
5.394004552375789574e-01 7.770739337654724022e-01
5.399149378512319020e-01 7.757920191187651637e-01
5.433070866141732624e-01 8.346774193548387455e-01
5.472440944881890035e-01 3.306451612903225645e-01
5.472440944881890035e-01 5.766129032258064946e-01
5.472440944881890035e-01 8.346774193548387455e-01
5.511811023622047445e-01 3.306451612903225645e-01
5.511811023622047445e-01 3.346774193548386900e-01
5.511811023622047445e-01 3.387096774193548154e-01
5.511811023622047445e-01 5.806451612903226200e-01
5.511811023622047445e-01 8.346774193548387455e-01
5.551181102362204856e-01 3.266129032258064391e-01
5.551181102362204856e-01 3.427419354838709409e-01
5.551181102362204856e-01 3.467741935483871218e-01
5.551181102362204856e-01 3.508064516129032473e-01
5.551181102362204856e-01 5.806451612903226200e-01
5.551181102362204856e-01 8.225806451612903691e-01
5.551181102362204856e-01 8.266129032258064946e-01
5.551181102362204856e-01 8.306451612903226200e-01
5.551181102362204856e-01 8.346774193548387455e-01
5.590551181102362266e-01 3.185483870967741882e-01
5.590551181102362266e-01 3.225806451612903136e-01
5.590551181102362266e-01 3.548387096774193727e-01
5.590551181102362266e-01 3.588709677419354982e-01
5.590551181102362266e-01 5.806451612903226200e-01
5.590551181102362266e-01 8.104838709677418818e-01
5.590551181102362266e-01 8.145161290322581182e-01
5.590551181102362266e-01 8.185483870967742437e-01
5.590551181102362266e-01 8.387096774193548709e-01
5.629921259842519676e-01 3.145161290322580627e-01
5.618523339526434457e-01 3.635504117006466140e-01
5.652395321540241158e-01 3.636783875915552411e-01
5.629921259842519676e-01 5.806451612903226200e-01
5.631955880690072691e-01 8.103773978598896033e-01
5.629921259842519676e-01 8.427419354838709964e-01
5.669291338582677087e-01 3.145161290322580627e-01
5.681278295979989013e-01 3.692847914024887102e-01
5.669291338582677087e-01 5.846774193548387455e-01
5.665122084484589537e-01 8.039475833554000639e-01
5.669291338582677087e-01 8.427419354838709964e-01
5.733441543145706421e-01 3.138739771074465223e-01
5.723169736177330380e-01 3.741680778912268579e-01
5.708661417322834497e-01 5.846774193548387455e-01
5.708661417322834497e-01 5.887096774193548709e-01
5.703341125938711231e-01 7.989396764765372971e-01
5.708661417322834497e-01 8.427419354838709964e-01
5.749709839750664075e-01 3.113600676860510119e-01
5.771726929109660675e-01 3.774770450583028181e-01
5.748031496062991907e-01 5.806451612903226200e-01
5.748031496062991907e-01 5.927419354838709964e-01
5.748248540316068800e-01 7.944224169163310867e-01
5.748031496062991907e-01 8.427419354838709964e-01
5.769701528502261256e-01 3.086390949883348056e-01
5.758667379291361188e-01 3.804176048180388792e-01
5.787401574803149318e-01 5.766129032258064946e-01
5.787401574803149318e-01 5.967741935483871218e-01
5.787401574803149318e-01 6.008064516129032473e-01
5.787049593332264097e-01 7.900948426916241107e-01
5.787401574803149318e-01 8.427419354838709964e-01
5.848235041654749056e-01 3.090209849704537715e-01
5.800309233187778135e-01 3.833109371846676883e-01
5.826771653543306728e-01 5.766129032258064946e-01
5.826771653543306728e-01 6.048387096774193727e-01
5.825561131010960070e-01 7.856792474969199747e-01
5.826771653543306728e-01 8.427419354838709964e-01
5.867391775125466724e-01 3.066738385912744502e-01
5.832928680781802599e-01 3.882043876332200716e-01
5.862471880125409429e-01 3.876479854957470828e-01
5.866141732283464139e-01 5.725806451612903691e-01
5.866141732283464139e-01 6.088709677419354982e-01
5.877827104148051207e-01 6.118490255790792753e-01
5.862410846482558613e-01 7.809526460778508650e-01
5.866141732283464139e-01 8.467741935483871218e-01
5.887177598077847351e-01 3.043387027517441834e-01
5.868735398279546489e-01 3.933515700233739532e-01
5.886512353198646297e-01 3.926249600706561704e-01
5.905511811023621549e-01 5.685483870967742437e-01
5.905511811023621549e-01 5.725806451612903691e-01
5.882650400625585307e-01 6.199124895426775250e-01
5.903785820145436292e-01 6.211530774270349609e-01
5.926386433301537027e-01 6.227214194368571043e-01
5.921430826300798644e-01 7.760250251965536972e-01
5.887850867465181937e-01 7.757732327126206640e-01
5.905511811023621549e-01 8.508064516129032473e-01
5.966218035928465557e-01 3.050866198515699845e-01
5.944881889763780070e-01 5.604838709677418818e-01
5.944881889763780070e-01 5.645161290322581182e-01
5.944881889763780070e-01 5.766129032258064946e-01
5.924792237374492121e-01 6.298897332200149579e-01
5.954449539449557793e-01 6.303746546693747010e-01
5.944664844692157946e-01 7.700937121159269205e-01
5.944881889763780070e-01 8.548387096774193727e-01
5.988081348360989598e-01 3.031264743091718894e-01
5.984251968503937480e-01 5.524193548387096309e-01
5.984251968503937480e-01 5.564516129032257563e-01
5.984251968503937480e-01 5.766129032258064946e-01
5.951637897116139886e-01 6.372462764524126078e-01
5.966917264915079233e-01 6.383549592142263585e-01
5.974175206094056723e-01 6.405401445414510286e-01
5.978202254219919798e-01 6.415226611068411966e-01
5.996466763491750118e-01 7.649899540814540932e-01
5.965700649132028577e-01 7.645152973859841161e-01
5.984251968503937480e-01 8.548387096774193727e-01
6.019792669715349209e-01 3.017122353682474833e-01
6.057606506249391121e-01 5.437877253073477579e-01
6.023622047244094890e-01 5.443548387096773800e-01
6.023622047244094890e-01 5.483870967741935054e-01
6.023622047244094890e-01 5.766129032258064946e-01
6.014371682279266995e-01 7.603852867689584460e-01
6.023622047244094890e-01 8.548387096774193727e-01
6.023622047244094890e-01 8.588709677419354982e-01
6.023622047244094890e-01 8.629032258064516236e-01
6.041655979819566813e-01 2.997520898258493882e-01
6.093224372483760920e-01 5.379003793106323927e-01
6.062992125984252301e-01 5.766129032258064946e-01
6.042960199296445456e-01 7.560062514422761781e-01
6.062992125984252301e-01 8.508064516129032473e-01
6.062992125984252301e-01 8.669354838709677491e-01
6.062992125984252301e-01 8.709677419354838745e-01
6.062992125984252301e-01 8.750000000000000000e-01
6.120937730334186089e-01 3.005339976385115741e-01
6.102362204724409711e-01 5.322580645161290036e-01
6.102362204724409711e-01 5.766129032258064946e-01
6.084154853047289979e-01 7.519203548980576413e-01
6.067388879050918948e-01 7.509384427685290575e-01
6.102362204724409711e-01 8.508064516129032473e-01
6.102362204724409711e-01 8.790322580645161255e-01
6.102362204724409711e-01 8.830645161290322509e-01
6.141136355032845717e-01 2.982982595872712417e-01
6.141732283464567121e-01 5.322580645161290036e-01
6.141732283464567121e-01 5.766129032258064946e-01
6.141732283464567121e-01 8.508064516129032473e-01
6.140489498099246379e-01 8.857369700093723486e-01
6.161108622070783358e-01 2.960539267383395790e-01
6.188427419145041686e-01 4.552299872251047153e-01
6.194105123611548525e-01 4.561046799194187762e-01
6.208899393421047908e-01 4.572760132892477736e-01
6.181102362204724532e-01 5.282258064516128782e-01
6.181102362204724532e-01 5.766129032258064946e-01
6.181102362204724532e-01 8.508064516129032473e-01
6.165485649578654748e-01 8.929100338286990457e-01
6.197143721836069208e-01 8.925624465524789608e-01
6.240224870743127372e-01 2.966540180326950327e-01
6.198567363789202478e-01 4.639869609006470053e-01
6.212067352497847583e-01 4.659214598021559905e-01
6.217745056091239508e-01 4.691004615442286307e-01
6.221468414986752737e-01 4.725325882055556592e-01
6.225389832287924197e-01 4.760287635501534442e-01
6.231718175003202465e-01 4.794079182132507944e-01
6.246877037810059097e-01 4.820220208343779511e-01
6.220472440944881942e-01 5.241935483870967527e-01
6.220472440944881942e-01 5.766129032258064946e-01
6.220472440944881942e-01 8.508064516129032473e-01
6.222598488856470045e-01 8.985985772094629009e-01
6.259856971365993505e-01 2.943691596259844778e-01
6.259842519685039353e-01 4.879032258064516236e-01
6.259842519685039353e-01 4.919354838709677491e-01
6.259842519685039353e-01 4.959677419354838745e-01
6.259842519685039353e-01 5.000000000000000000e-01
6.259842519685039353e-01 5.040322580645161255e-01
6.259842519685039353e-01 5.080645161290322509e-01
6.259842519685039353e-01 5.120967741935483764e-01
6.259842519685039353e-01 5.161290322580645018e-01
6.259842519685039353e-01 5.201612903225806273e-01
6.259842519685039353e-01 5.766129032258064946e-01
6.259842519685039353e-01 8.508064516129032473e-01
6.259742492639193134e-01 9.050814204646514538e-01
6.276663006466673966e-01 2.922399418143135086e-01
6.299212598425196763e-01 5.201612903225806273e-01
6.299212598425196763e-01 5.766129032258064946e-01
6.299212598425196763e-01 8.508064516129032473e-01
6.280011263626488205e-01 9.102480055599082576e-01
6.311674242789717670e-01 9.101651577849781960e-01
6.358376220198656004e-01 2.927593335419172438e-01
6.338582677165354173e-01 5.201612903225806273e-01
6.338582677165354173e-01 5.725806451612903691e-01
6.338582677165354173e-01 5.766129032258064946e-01
6.338582677165354173e-01 8.508064516129032473e-01
6.316941108418936413e-01 9.169929282882460786e-01
6.345342317693243306e-01 9.169672815309416469e-01
6.379055454275743831e-01 2.906992569417437555e-01
6.377952755905511584e-01 5.201612903225806273e-01
6.360373283281746115e-01 5.664258047998431689e-01
6.359714540198269095e-01 5.678592230523785700e-01
6.351365494087162222e-01 5.703249918897786985e-01
6.338500953756096568e-01 5.717363091591265434e-01
6.377952755905511584e-01 5.806451612903226200e-01
6.371994821132915821e-01 8.523488054990828733e-01
6.370233597594137098e-01 9.240081942858053843e-01
6.385307536587874200e-01 9.250455488706187390e-01
6.389716980524184908e-01 9.270561331011835104e-01
6.389188127836036291e-01 9.276232644314726938e-01
6.408802133560451697e-01 2.891994143513241800e-01
6.417322834645668994e-01 5.201612903225806273e-01
6.417322834645668994e-01 5.806451612903226200e-01
6.395682658226500283e-01 8.539179493447826008e-01
6.426501575230407770e-01 2.872075764837885292e-01
6.456692913385826404e-01 5.201612903225806273e-01
6.450238033036488350e-01 5.804075591356283592e-01
6.456692913385826404e-01 8.548387096774193727e-01
6.491965718494496773e-01 2.859486843273419399e-01
6.496062992125983815e-01 5.161290322580645018e-01
6.449252656646307091e-01 5.837797376650175618e-01
6.496062992125983815e-01 8.548387096774193727e-01
6.560104492718104030e-01 2.844777328728307908e-01
6.535433070866141225e-01 5.161290322580645018e-01
6.521924427842471506e-01 5.848331522091382295e-01
6.535433070866141225e-01 8.548387096774193727e-01
6.564941617007565844e-01 2.813734260571730261e-01
6.574803149606299746e-01 5.120967741935483764e-01
6.522048810775590288e-01 5.881014075956397802e-01
6.574803149606299746e-01 8.548387096774193727e-01
6.644334023778041276e-01 2.815437513899298194e-01
6.616187371156824204e-01 5.123718804501432578e-01
6.589183107909460935e-01 5.889114350711386336e-01
6.614173228346457156e-01 8.588709677419354982e-01
6.662294127502640384e-01 2.798944064678864363e-01
6.636159635720936256e-01 5.101275480232171367e-01
6.586839493004766899e-01 5.910236375338788761e-01
6.653543307086614567e-01 8.588709677419354982e-01
6.696397543322903934e-01 2.789709022298695329e-01
6.715188845313763144e-01 5.109527951647196975e-01
6.692913385826771977e-01 8.629032258064516236e-01
6.692913385826771977e-01 9.032258064516128782e-01
6.692913385826771977e-01 9.072580645161290036e-01
6.692913385826771977e-01 9.112903225806451291e-01
6.692913385826771977e-01 9.153225806451612545e-01
6.692913385826771977e-01 9.193548387096773800e-01
6.692913385826771977e-01 9.233870967741935054e-01
6.682814518475582721e-01 9.243570076557056092e-01
6.678941821932470324e-01 9.278603890505168206e-01
6.678923413177629831e-01 9.302772972131928553e-01
6.682611004702424529e-01 9.314291692008415113e-01
6.732623629336952353e-01 2.782663320475905477e-01
6.737455247835381078e-01 5.091057306929160919e-01
6.732283464566929387e-01 8.629032258064516236e-01
6.732283464566929387e-01 8.669354838709677491e-01
6.732283464566929387e-01 8.709677419354838745e-01
6.732283464566929387e-01 8.750000000000000000e-01
6.732283464566929387e-01 8.790322580645161255e-01
6.732283464566929387e-01 8.991935483870967527e-01
6.768906958947530361e-01 2.775626803894767347e-01
6.771057616403316493e-01 5.079756789421099317e-01
6.771653543307086798e-01 8.588709677419354982e-01
6.771653543307086798e-01 8.830645161290322509e-01
6.771653543307086798e-01 8.870967741935483764e-01
6.771653543307086798e-01 8.911290322580645018e-01
6.771653543307086798e-01 8.951612903225806273e-01
6.803024008748209672e-01 2.766120876448469046e-01
6.801295982202603119e-01 5.069575407617394891e-01
6.811023622047244208e-01 8.588709677419354982e-01
6.811023622047244208e-01 8.951612903225806273e-01
6.821409023740864219e-01 2.749635913904996398e-01
6.822306502053118171e-01 5.050632837303583589e-01
6.850393700787401619e-01 8.588709677419354982e-01
6.850393700787401619e-01 8.991935483870967527e-01
6.901675988975032316e-01 2.752317372003509899e-01
6.899313516969843851e-01 5.053532735947819932e-01
6.889763779527559029e-01 8.588709677419354982e-01
6.889763779527559029e-01 8.991935483870967527e-01
6.905705728769800933e-01 2.722299874519868990e-01
6.906108136956147225e-01 5.021870603123980148e-01
6.929133858267716439e-01 8.588709677419354982e-01
6.929133858267716439e-01 8.991935483870967527e-01
6.985772298997282581e-01 2.717992161821213282e-01
6.982653441721587972e-01 5.020980085246264935e-01
6.968503937007873850e-01 8.588709677419354982e-01
6.968503937007873850e-01 9.032258064516128782e-01
6.988912489527366878e-01 2.687195220684271968e-01
6.997646929725535037e-01 4.996349643915891647e-01
7.007874015748031260e-01 8.588709677419354982e-01
7.007874015748031260e-01 9.032258064516128782e-01
7.069333540917351888e-01 2.685286260825852089e-01
7.010471199815139220e-01 4.972978134173899889e-01
7.047244094488188670e-01 8.588709677419354982e-01
7.047244094488188670e-01 9.032258064516128782e-01
7.083476532340474696e-01 2.662495404952243128e-01
7.064580627108417721e-01 4.953795035215725617e-01
7.086469869261028398e-01 8.589752630063993699e-01
7.089654515645426036e-01 9.068390473558176623e-01
7.100372061602712170e-01 2.638220053782025509e-01
7.123543391124286250e-01 4.918144916516593579e-01
7.125704026755584897e-01 8.590548892966434202e-01
7.085046836644351975e-01 9.099574389702249633e-01
7.183238119968601287e-01 2.634160472192771385e-01
7.177283388945662201e-01 4.883052746478032669e-01
7.164678657490449742e-01 8.592093063193568803e-01
7.123750214149632276e-01 9.130321705353355854e-01
7.192146569640763820e-01 9.226086361393812663e-01
7.185627102217542195e-01 2.602814720124907444e-01
7.236373917031007075e-01 4.857817443403145141e-01
7.203367363318240457e-01 8.594343113213507301e-01
7.158806416037397646e-01 9.176103575530671908e-01
7.173803927208202147e-01 9.182465579773809727e-01
7.181430967821644806e-01 9.202960078123836318e-01
7.177258398215191626e-01 9.211331276944086932e-01
7.265106687765920945e-01 2.596598345628609028e-01
7.232924711635688730e-01 4.826239802491580910e-01
7.241370002367886194e-01 8.597950393300233252e-01
7.267249221106859558e-01 2.565457008388494220e-01
7.309406105553599708e-01 4.817016124537575328e-01
7.276910702706183010e-01 8.605021589751085109e-01
7.346850518874208369e-01 2.560095338886904104e-01
7.310138550159837045e-01 4.785272514958295309e-01
7.303520406634862461e-01 8.621880935820480651e-01
7.350550455226394497e-01 2.529900785340296610e-01
7.385593014255928956e-01 4.782794874401823382e-01
7.362204724409449064e-01 8.629032258064516236e-01
7.430808657879288681e-01 2.532105303835123777e-01
7.401574804068665747e-01 4.758064515842757025e-01
7.401574803149606474e-01 8.629032258064516236e-01
7.452013619256931953e-01 2.514211254892870784e-01
7.417941253877970986e-01 4.733501204529837469e-01
7.440944881889763884e-01 8.629032258064516236e-01
7.483261590750198700e-01 2.506172173307277262e-01
7.493924796507935859e-01 4.731311523092670557e-01
7.480314960629921295e-01 8.669354838709677491e-01
7.519691095441207729e-01 2.499007154619903304e-01
7.494975125956107043e-01 4.699502277390791294e-01
7.519685039370078705e-01 8.669354838709677491e-01
7.554856005810406394e-01 2.490010735346004367e-01
7.572135876618530936e-01 4.690700982164050514e-01
7.559055118110236116e-01 8.669354838709677491e-01
7.578771317278687469e-01 2.473441017791628838e-01
7.569652505119983665e-01 4.658760358279029901e-01
7.598425196850393526e-01 8.709677419354838745e-01
7.657449155162256993e-01 2.486236401563209908e-01
7.634252555075735636e-01 4.635247779468397167e-01
7.637795275590550936e-01 8.669354838709677491e-01
7.637795275590550936e-01 8.709677419354838745e-01
7.634161912650969661e-01 8.667559763416647911e-01
7.639845599118788577e-01 8.672328005815225227e-01
7.677985512205549590e-01 2.470531859397587793e-01
7.697083894823362193e-01 4.612918247791727988e-01
7.677165354330708347e-01 8.669354838709677491e-01
7.709601458852310962e-01 2.462984482661986219e-01
7.694086866328624374e-01 4.579618717168247310e-01
7.716535433070865757e-01 8.669354838709677491e-01
7.742071607870628647e-01 2.457692567658077420e-01
7.754853616214121281e-01 4.556087382357696947e-01
7.755905511811023167e-01 8.669354838709677491e-01
7.772020619531256891e-01 2.450949075827074664e-01
7.816051273775381780e-01 4.532592294985548498e-01
7.795275590551180578e-01 8.669354838709677491e-01
7.788656993153116881e-01 2.436804707357359545e-01
7.812480001094362914e-01 4.499489860158533694e-01
7.834645669291339098e-01 8.669354838709677491e-01
7.856042204886733993e-01 2.442321779596949849e-01
7.871287496174744769e-01 4.475714450530381971e-01
7.874015748031496509e-01 8.669354838709677491e-01
7.854271877234376698e-01 2.418849375496774368e-01
7.933463746824808149e-01 4.441583429635952984e-01
7.913385826771653919e-01 8.669354838709677491e-01
7.875283893021777226e-01 2.426407254421182325e-01
7.988869069899454667e-01 4.422610921920427374e-01
7.952755905511811330e-01 8.669354838709677491e-01
8.002089750458024620e-01 4.399003137387485496e-01
7.987176347028933643e-01 8.655874150497238073e-01
8.018031729968250199e-01 4.374543703762033275e-01
8.011800276232868834e-01 8.641476340051139626e-01
8.095538213181742160e-01 4.377406597467920490e-01
8.090561928491540877e-01 8.656910756723054101e-01
8.113783688986156983e-01 4.353946888422210448e-01
8.115185858859629286e-01 8.642512946276955654e-01
8.131887513537355838e-01 4.330523078660330483e-01
8.151563798692939011e-01 8.636670031006478121e-01
8.209694107301445110e-01 4.331724783931408251e-01
8.189873576940996935e-01 8.634187850872084846e-01
8.214802748210155992e-01 4.302018180549625481e-01
8.228714359596148720e-01 8.633046936189320286e-01
8.292512971042530490e-01 4.306264046369300824e-01
8.267716534830029662e-01 8.632710689158674677e-01
8.313878353897804496e-01 4.287858829390437942e-01
8.306718711888448903e-01 8.633046936189320286e-01
8.347714695216460479e-01 4.277612359343742621e-01
8.345559494507220899e-01 8.634187850872084846e-01
8.383150867401442108e-01 4.269144527985894721e-01
8.383869272173202214e-01 8.636670031006478121e-01
8.416916330415556979e-01 4.259159756381244999e-01
8.420247212006511939e-01 8.642512946276955654e-01
8.438084478358056639e-01 4.241356844337837440e-01
8.444871142374601458e-01 8.656910756723054101e-01
8.511477702079106589e-01 4.245367086710288285e-01
8.523632794633273502e-01 8.641476340051139626e-01
8.513072837771129553e-01 4.215956795247151612e-01
8.548256723837208693e-01 8.655874150497238073e-01
8.571888313703899254e-01 4.205271242366683260e-01
8.584634666435382311e-01 8.661717065767715606e-01
8.634875845851552878e-01 4.191739634054923447e-01
8.623002503405501340e-01 8.664652761578890416e-01
8.646182573536103089e-01 4.176633877589577826e-01
8.661929530933016874e-01 8.666383113229512158e-01
8.668167446556640510e-01 4.171613868468651565e-01
8.701067625150631368e-01 8.667515623162598271e-01
8.678830079697659183e-01 4.175562174434984120e-01
8.740301782654282814e-01 8.668311886065038774e-01
8.695563874317435715e-01 4.161118207679641023e-01
8.779585618950427328e-01 8.668901323178415108e-01
8.818897636422257102e-01 8.669354838709677491e-01
8.858267717607136715e-01 8.669354838709677491e-01
8.897637793902571923e-01 8.669354838709677491e-01
8.937007872642729334e-01 8.669354838709677491e-01
8.976377952197793775e-01 8.669354838709677491e-01
9.015748030937951185e-01 8.669354838709677491e-01
9.055118109678108596e-01 8.669354838709677491e-01
9.094488189534488676e-01 8.669354838709677491e-01
9.133858266644832025e-01 8.669354838709677491e-01
9.173228345384989435e-01 8.669354838709677491e-01
9.212598424940053876e-01 8.669354838709677491e-01
9.251910442413703306e-01 8.669808354240939874e-01
9.291194278709847820e-01 8.670397791354316208e-01
9.330428435385859087e-01 8.671194054256756711e-01
9.369624593109476818e-01 8.671873048513061288e-01
9.408637862562593268e-01 8.673013963195825848e-01
9.447141622788296500e-01 8.675153395668002698e-01
9.483751544743083128e-01 8.679863802315066490e-01
9.508760468438487434e-01 8.692077747471029792e-01
9.584024321071539232e-01 8.672889886619222777e-01
9.601813108008537823e-01 8.681573021420908587e-01
9.621967611445744195e-01 8.671370545597446577e-01
9.697246343121078693e-01 8.685317999841044578e-01
9.721802106788510756e-01 8.665734661842561248e-01
9.748696090239210577e-01 8.654184717377046976e-01
9.762235376250556484e-01 8.637435508351172242e-01
9.811441485649048388e-01 8.624468922968052675e-01
9.864767175891957507e-01 8.597536079318923719e-01
9.927151181907429844e-01 8.571531154260400021e-01
9.917505397314689830e-01 8.542458472469250941e-01
9.970255296211689711e-01 8.531536297842620131e-01
9.952548476867377758e-01 8.515152740066931347e-01
