0.000000000000000000e+00 8.508064516129032473e-01
0.000000000000000000e+00 8.548387096774193727e-01
0.000000000000000000e+00 8.588709677419354982e-01
0.000000000000000000e+00 9.193548387096773800e-01
0.000000000000000000e+00 9.233870967741935054e-01
0.000000000000000000e+00 9.274193548387096309e-01
0.000000000000000000e+00 9.314516129032257563e-01
0.000000000000000000e+00 9.354838709677418818e-01
3.984063745019920250e-03 8.629032258064516236e-01
3.984063745019920250e-03 8.669354838709677491e-01
3.984063745019920250e-03 8.709677419354838745e-01
3.984063745019920250e-03 8.750000000000000000e-01
3.984063745019920250e-03 8.790322580645161255e-01
3.984063745019920250e-03 9.153225806451612545e-01
7.968127490039840499e-03 8.830645161290322509e-01
7.968127490039840499e-03 9.112903225806451291e-01
1.195219123505976075e-02 8.870967741935483764e-01
1.195219123505976075e-02 8.991935483870967527e-01
1.195219123505976075e-02 9.032258064516128782e-01
1.195219123505976075e-02 9.072580645161290036e-01
1.195219123505976075e-02 9.112903225806451291e-01
1.195219123505976075e-02 9.153225806451612545e-01
1.195219123505976075e-02 9.193548387096773800e-01
1.195219123505976075e-02 9.233870967741935054e-01
1.195219123505976075e-02 9.274193548387096309e-01
1.593625498007968100e-02 8.911290322580645018e-01
1.593625498007968100e-02 8.951612903225806273e-01
1.992031872509960125e-02 8.911290322580645018e-01
2.390438247011952150e-02 8.911290322580645018e-01
2.788844621513944175e-02 8.911290322580645018e-01
3.187250996015936200e-02 8.870967741935483764e-01
3.585657370517928572e-02 8.870967741935483764e-01
3.984063745019920250e-02 8.870967741935483764e-01
4.382470119521912622e-02 8.870967741935483764e-01
4.780876494023904300e-02 8.870967741935483764e-01
5.179282868525896671e-02 8.870967741935483764e-01
5.577689243027888349e-02 8.870967741935483764e-01
5.976095617529880721e-02 8.870967741935483764e-01
6.374501992031872399e-02 8.870967741935483764e-01
6.772908366533864077e-02 8.870967741935483764e-01
7.171314741035857143e-02 8.870967741935483764e-01
7.569721115537848821e-02 8.870967741935483764e-01
7.968127490039840499e-02 8.830645161290322509e-01
8.366533864541832177e-02 8.830645161290322509e-01
8.764940239043825243e-02 4.314516129032258118e-01
8.764940239043825243e-02 8.830645161290322509e-01
9.163346613545816921e-02 4.314516129032258118e-01
9.163346613545816921e-02 5.241935483870967527e-01
9.163346613545816921e-02 8.830645161290322509e-01
9.561752988047808599e-02 4.314516129032258118e-01
9.561752988047808599e-02 5.282258064516128782e-01
9.561752988047808599e-02 8.830645161290322509e-01
9.960159362549800277e-02 4.354838709677419373e-01
9.960159362549800277e-02 5.282258064516128782e-01
9.960159362549800277e-02 8.830645161290322509e-01
1.035856573705179334e-01 4.354838709677419373e-01
1.035856573705179334e-01 5.282258064516128782e-01
1.035856573705179334e-01 8.830645161290322509e-01
1.075697211155378502e-01 4.354838709677419373e-01
1.075697211155378502e-01 5.322580645161290036e-01
1.075697211155378502e-01 8.830645161290322509e-01
1.115537848605577670e-01 4.354838709677419373e-01
1.115537848605577670e-01 5.322580645161290036e-01
1.115537848605577670e-01 8.830645161290322509e-01
1.155378486055776838e-01 4.395161290322580627e-01
1.155378486055776838e-01 5.322580645161290036e-01
1.155378486055776838e-01 8.830645161290322509e-01
1.195219123505976144e-01 4.395161290322580627e-01
1.195219123505976144e-01 5.322580645161290036e-01
1.195219123505976144e-01 8.830645161290322509e-01
1.235059760956175312e-01 4.395161290322580627e-01
1.235059760956175312e-01 5.322580645161290036e-01
1.235059760956175312e-01 8.830645161290322509e-01
1.274900398406374480e-01 4.395161290322580627e-01
1.274900398406374480e-01 5.322580645161290036e-01
1.274900398406374480e-01 8.830645161290322509e-01
1.314741035856573648e-01 4.435483870967741882e-01
1.314741035856573648e-01 5.322580645161290036e-01
1.314741035856573648e-01 8.830645161290322509e-01
1.354581673306772815e-01 4.435483870967741882e-01
1.354581673306772815e-01 5.322580645161290036e-01
1.354581673306772815e-01 8.830645161290322509e-01
1.394422310756971983e-01 4.435483870967741882e-01
1.394422310756971983e-01 5.362903225806451291e-01
1.394422310756971983e-01 8.830645161290322509e-01
1.434262948207171429e-01 4.475806451612903136e-01
1.434262948207171429e-01 5.362903225806451291e-01
1.434262948207171429e-01 8.830645161290322509e-01
1.474103585657370596e-01 4.475806451612903136e-01
1.474103585657370596e-01 5.362903225806451291e-01
1.474103585657370596e-01 8.830645161290322509e-01
1.513944223107569764e-01 4.475806451612903136e-01
1.513944223107569764e-01 5.362903225806451291e-01
1.513944223107569764e-01 8.830645161290322509e-01
1.553784860557768932e-01 2.620967741935483764e-01
1.553784860557768932e-01 4.475806451612903136e-01
1.553784860557768932e-01 5.362903225806451291e-01
1.553784860557768932e-01 8.830645161290322509e-01
1.593625498007968100e-01 2.620967741935483764e-01
1.593625498007968100e-01 4.475806451612903136e-01
1.593625498007968100e-01 5.362903225806451291e-01
1.593625498007968100e-01 8.830645161290322509e-01
1.633466135458167268e-01 2.661290322580645018e-01
1.633466135458167268e-01 4.475806451612903136e-01
1.633466135458167268e-01 5.403225806451612545e-01
1.633466135458167268e-01 8.830645161290322509e-01
1.673306772908366435e-01 2.661290322580645018e-01
1.673306772908366435e-01 4.516129032258064391e-01
1.673306772908366435e-01 5.403225806451612545e-01
1.673306772908366435e-01 8.830645161290322509e-01
1.713147410358565603e-01 2.661290322580645018e-01
1.713147410358565603e-01 4.516129032258064391e-01
1.713147410358565603e-01 5.443548387096773800e-01
1.713147410358565603e-01 8.830645161290322509e-01
1.752988047808765049e-01 2.701612903225806273e-01
1.752988047808765049e-01 4.516129032258064391e-01
1.752988047808765049e-01 5.443548387096773800e-01
1.752988047808765049e-01 8.790322580645161255e-01
1.792828685258964216e-01 2.741935483870967527e-01
1.792828685258964216e-01 4.516129032258064391e-01
1.792828685258964216e-01 5.483870967741935054e-01
1.792828685258964216e-01 8.790322580645161255e-01
1.832669322709163384e-01 2.782258064516128782e-01
1.832669322709163384e-01 4.516129032258064391e-01
1.832669322709163384e-01 5.483870967741935054e-01
1.832669322709163384e-01 8.790322580645161255e-01
1.872509960159362552e-01 2.782258064516128782e-01
1.872509960159362552e-01 4.516129032258064391e-01
1.872509960159362552e-01 5.524193548387096309e-01
1.872509960159362552e-01 8.790322580645161255e-01
1.912350597609561720e-01 2.822580645161290591e-01
1.912350597609561720e-01 4.516129032258064391e-01
1.912350597609561720e-01 5.524193548387096309e-01
1.912350597609561720e-01 8.750000000000000000e-01
1.952191235059760888e-01 2.822580645161290591e-01
1.952191235059760888e-01 4.516129032258064391e-01
1.952191235059760888e-01 5.524193548387096309e-01
1.952191235059760888e-01 8.750000000000000000e-01
1.992031872509960055e-01 2.822580645161290591e-01
1.992031872509960055e-01 4.556451612903225645e-01
1.992031872509960055e-01 5.564516129032257563e-01
1.992031872509960055e-01 8.750000000000000000e-01
2.031872509960159501e-01 2.822580645161290591e-01
2.031872509960159501e-01 4.556451612903225645e-01
2.031872509960159501e-01 5.564516129032257563e-01
2.031872509960159501e-01 8.709677419354838745e-01
2.071713147410358669e-01 2.822580645161290591e-01
2.071713147410358669e-01 4.596774193548386900e-01
2.071713147410358669e-01 5.604838709677418818e-01
2.071713147410358669e-01 8.709677419354838745e-01
2.111553784860557836e-01 2.862903225806451846e-01
2.111553784860557836e-01 4.596774193548386900e-01
2.111553784860557836e-01 5.604838709677418818e-01
2.111553784860557836e-01 8.709677419354838745e-01
2.151394422310757004e-01 2.862903225806451846e-01
2.151394422310757004e-01 4.596774193548386900e-01
2.151394422310757004e-01 5.604838709677418818e-01
2.151394422310757004e-01 8.669354838709677491e-01
2.191235059760956172e-01 2.862903225806451846e-01
2.191235059760956172e-01 4.596774193548386900e-01
2.191235059760956172e-01 5.604838709677418818e-01
2.191235059760956172e-01 8.669354838709677491e-01
2.231075697211155340e-01 2.862903225806451846e-01
2.231075697211155340e-01 4.596774193548386900e-01
2.231075697211155340e-01 5.604838709677418818e-01
2.231075697211155340e-01 8.669354838709677491e-01
2.270916334661354508e-01 2.862903225806451846e-01
2.270916334661354508e-01 4.596774193548386900e-01
2.270916334661354508e-01 5.604838709677418818e-01
2.270916334661354508e-01 8.669354838709677491e-01
2.310756972111553675e-01 2.862903225806451846e-01
2.310756972111553675e-01 4.637096774193548154e-01
2.310756972111553675e-01 5.604838709677418818e-01
2.310756972111553675e-01 8.669354838709677491e-01
2.350597609561753121e-01 2.862903225806451846e-01
2.350597609561753121e-01 4.637096774193548154e-01
2.350597609561753121e-01 5.604838709677418818e-01
2.350597609561753121e-01 8.669354838709677491e-01
2.390438247011952289e-01 2.862903225806451846e-01
2.390438247011952289e-01 4.637096774193548154e-01
2.390438247011952289e-01 5.604838709677418818e-01
2.390438247011952289e-01 8.669354838709677491e-01
2.430278884462151456e-01 2.903225806451613100e-01
2.430278884462151456e-01 4.637096774193548154e-01
2.430278884462151456e-01 5.604838709677418818e-01
2.430278884462151456e-01 8.669354838709677491e-01
2.470119521912350624e-01 2.903225806451613100e-01
2.470119521912350624e-01 4.637096774193548154e-01
2.470119521912350624e-01 5.645161290322581182e-01
2.470119521912350624e-01 8.669354838709677491e-01
2.509960159362549792e-01 2.903225806451613100e-01
2.509960159362549792e-01 4.637096774193548154e-01
2.509960159362549792e-01 5.685483870967742437e-01
2.509960159362549792e-01 8.669354838709677491e-01
2.549800796812748960e-01 2.943548387096774355e-01
2.549800796812748960e-01 4.637096774193548154e-01
2.549800796812748960e-01 5.685483870967742437e-01
2.549800796812748960e-01 8.669354838709677491e-01
2.589641434262948128e-01 2.943548387096774355e-01
2.589641434262948128e-01 4.677419354838709409e-01
2.589641434262948128e-01 5.685483870967742437e-01
2.589641434262948128e-01 8.669354838709677491e-01
2.629482071713147295e-01 2.943548387096774355e-01
2.629482071713147295e-01 4.677419354838709409e-01
2.629482071713147295e-01 5.685483870967742437e-01
2.629482071713147295e-01 8.669354838709677491e-01
2.669322709163346463e-01 2.983870967741935609e-01
2.669322709163346463e-01 4.677419354838709409e-01
2.669322709163346463e-01 5.685483870967742437e-01
2.669322709163346463e-01 8.669354838709677491e-01
2.669322709163346463e-01 9.274193548387096309e-01
2.709163346613545631e-01 3.024193548387096864e-01
2.709163346613545631e-01 4.677419354838709409e-01
2.709163346613545631e-01 5.685483870967742437e-01
2.709163346613545631e-01 8.669354838709677491e-01
2.709163346613545631e-01 9.153225806451612545e-01
2.709163346613545631e-01 9.193548387096773800e-01
2.709163346613545631e-01 9.233870967741935054e-01
2.749003984063744799e-01 3.024193548387096864e-01
2.749003984063744799e-01 4.677419354838709409e-01
2.749003984063744799e-01 5.685483870967742437e-01
2.749003984063744799e-01 8.669354838709677491e-01
2.749003984063744799e-01 9.112903225806451291e-01
2.788844621513943967e-01 3.064516129032258118e-01
2.788844621513943967e-01 4.717741935483871218e-01
2.788844621513943967e-01 5.685483870967742437e-01
2.788844621513943967e-01 8.669354838709677491e-01
2.788844621513943967e-01 9.072580645161290036e-01
2.828685258964143689e-01 3.064516129032258118e-01
2.828685258964143689e-01 4.717741935483871218e-01
2.828685258964143689e-01 5.685483870967742437e-01
2.828685258964143689e-01 8.669354838709677491e-01
2.828685258964143689e-01 9.032258064516128782e-01
2.868525896414342857e-01 3.064516129032258118e-01
2.868525896414342857e-01 4.717741935483871218e-01
2.868525896414342857e-01 5.725806451612903691e-01
2.868525896414342857e-01 8.669354838709677491e-01
2.868525896414342857e-01 9.032258064516128782e-01
2.908366533864542025e-01 3.104838709677419373e-01
2.908366533864542025e-01 4.717741935483871218e-01
2.908366533864542025e-01 5.725806451612903691e-01
2.908366533864542025e-01 8.669354838709677491e-01
2.908366533864542025e-01 9.032258064516128782e-01
2.948207171314741193e-01 3.104838709677419373e-01
2.948207171314741193e-01 4.717741935483871218e-01
2.948207171314741193e-01 5.766129032258064946e-01
2.948207171314741193e-01 8.709677419354838745e-01
2.948207171314741193e-01 8.991935483870967527e-01
2.988047808764940361e-01 3.104838709677419373e-01
2.988047808764940361e-01 4.717741935483871218e-01
2.988047808764940361e-01 5.766129032258064946e-01
2.988047808764940361e-01 8.750000000000000000e-01
2.988047808764940361e-01 8.870967741935483764e-01
2.988047808764940361e-01 8.911290322580645018e-01
2.988047808764940361e-01 8.951612903225806273e-01
3.027888446215139528e-01 3.104838709677419373e-01
3.027888446215139528e-01 4.758064516129032473e-01
3.027888446215139528e-01 5.766129032258064946e-01
3.027888446215139528e-01 8.790322580645161255e-01
3.027888446215139528e-01 8.830645161290322509e-01
3.067729083665338696e-01 3.145161290322580627e-01
3.067729083665338696e-01 4.758064516129032473e-01
3.067729083665338696e-01 5.766129032258064946e-01
3.067729083665338696e-01 8.750000000000000000e-01
3.107569721115537864e-01 3.145161290322580627e-01
3.107569721115537864e-01 4.758064516129032473e-01
3.107569721115537864e-01 5.766129032258064946e-01
3.107569721115537864e-01 8.750000000000000000e-01
3.147410358565737032e-01 3.145161290322580627e-01
3.147410358565737032e-01 4.758064516129032473e-01
3.147410358565737032e-01 5.766129032258064946e-01
3.147410358565737032e-01 8.750000000000000000e-01
3.187250996015936200e-01 3.145161290322580627e-01
3.187250996015936200e-01 4.758064516129032473e-01
3.187250996015936200e-01 5.766129032258064946e-01
3.187250996015936200e-01 8.709677419354838745e-01
3.227091633466135367e-01 3.185483870967741882e-01
3.227091633466135367e-01 4.758064516129032473e-01
3.227091633466135367e-01 5.766129032258064946e-01
3.227091633466135367e-01 8.709677419354838745e-01
3.266932270916334535e-01 3.185483870967741882e-01
3.266932270916334535e-01 4.758064516129032473e-01
3.266932270916334535e-01 5.766129032258064946e-01
3.266932270916334535e-01 8.709677419354838745e-01
3.306772908366533703e-01 3.185483870967741882e-01
3.306772908366533703e-01 4.758064516129032473e-01
3.306772908366533703e-01 5.766129032258064946e-01
3.306772908366533703e-01 8.709677419354838745e-01
3.346613545816732871e-01 3.185483870967741882e-01
3.346613545816732871e-01 4.758064516129032473e-01
3.346613545816732871e-01 5.766129032258064946e-01
3.346613545816732871e-01 8.709677419354838745e-01
3.386454183266932039e-01 3.185483870967741882e-01
3.386454183266932039e-01 4.758064516129032473e-01
3.386454183266932039e-01 5.362903225806451291e-01
3.386454183266932039e-01 5.403225806451612545e-01
3.386454183266932039e-01 5.443548387096773800e-01
3.386454183266932039e-01 5.483870967741935054e-01
3.386454183266932039e-01 5.524193548387096309e-01
3.386454183266932039e-01 5.564516129032257563e-01
3.386454183266932039e-01 5.604838709677418818e-01
3.386454183266932039e-01 5.645161290322581182e-01
3.386454183266932039e-01 5.685483870967742437e-01
3.386454183266932039e-01 5.725806451612903691e-01
3.386454183266932039e-01 5.766129032258064946e-01
3.386454183266932039e-01 8.709677419354838745e-01
3.426294820717131207e-01 3.185483870967741882e-01
3.426294820717131207e-01 4.758064516129032473e-01
3.426294820717131207e-01 5.322580645161290036e-01
3.426294820717131207e-01 5.806451612903226200e-01
3.426294820717131207e-01 8.669354838709677491e-01
3.466135458167330929e-01 3.225806451612903136e-01
3.466135458167330929e-01 4.758064516129032473e-01
3.466135458167330929e-01 5.282258064516128782e-01
3.466135458167330929e-01 5.806451612903226200e-01
3.466135458167330929e-01 8.669354838709677491e-01
3.505976095617530097e-01 3.225806451612903136e-01
3.505976095617530097e-01 4.758064516129032473e-01
3.505976095617530097e-01 5.282258064516128782e-01
3.505976095617530097e-01 5.846774193548387455e-01
3.505976095617530097e-01 8.669354838709677491e-01
3.545816733067729265e-01 3.225806451612903136e-01
3.545816733067729265e-01 4.758064516129032473e-01
3.545816733067729265e-01 5.241935483870967527e-01
3.545816733067729265e-01 5.846774193548387455e-01
3.545816733067729265e-01 7.983870967741935054e-01
3.545816733067729265e-01 8.024193548387096309e-01
3.545816733067729265e-01 8.669354838709677491e-01
3.585657370517928433e-01 3.266129032258064391e-01
3.585657370517928433e-01 4.758064516129032473e-01
3.585657370517928433e-01 5.241935483870967527e-01
3.585657370517928433e-01 5.887096774193548709e-01
3.585657370517928433e-01 8.064516129032257563e-01
3.585657370517928433e-01 8.669354838709677491e-01
3.625498007968127601e-01 3.266129032258064391e-01
3.625498007968127601e-01 4.758064516129032473e-01
3.625498007968127601e-01 5.241935483870967527e-01
3.625498007968127601e-01 5.887096774193548709e-01
3.625498007968127601e-01 8.104838709677418818e-01
3.625498007968127601e-01 8.669354838709677491e-01
3.665338645418326768e-01 3.266129032258064391e-01
3.665338645418326768e-01 4.758064516129032473e-01
3.665338645418326768e-01 5.241935483870967527e-01
3.665338645418326768e-01 5.887096774193548709e-01
3.665338645418326768e-01 8.145161290322581182e-01
3.665338645418326768e-01 8.185483870967742437e-01
3.665338645418326768e-01 8.629032258064516236e-01
3.705179282868525936e-01 3.266129032258064391e-01
3.705179282868525936e-01 4.798387096774193727e-01
3.705179282868525936e-01 5.241935483870967527e-01
3.705179282868525936e-01 5.887096774193548709e-01
3.705179282868525936e-01 8.225806451612903691e-01
3.705179282868525936e-01 8.629032258064516236e-01
3.745019920318725104e-01 3.266129032258064391e-01
3.745019920318725104e-01 5.201612903225806273e-01
3.745019920318725104e-01 5.241935483870967527e-01
3.745019920318725104e-01 5.887096774193548709e-01
3.745019920318725104e-01 8.266129032258064946e-01
3.745019920318725104e-01 8.629032258064516236e-01
3.784860557768924272e-01 3.266129032258064391e-01
3.784860557768924272e-01 5.201612903225806273e-01
3.784860557768924272e-01 5.282258064516128782e-01
3.784860557768924272e-01 5.887096774193548709e-01
3.784860557768924272e-01 8.266129032258064946e-01
3.784860557768924272e-01 8.629032258064516236e-01
3.824701195219123440e-01 3.266129032258064391e-01
3.824701195219123440e-01 5.201612903225806273e-01
3.824701195219123440e-01 5.322580645161290036e-01
3.824701195219123440e-01 5.887096774193548709e-01
3.824701195219123440e-01 8.306451612903226200e-01
3.824701195219123440e-01 8.588709677419354982e-01
3.864541832669322607e-01 3.266129032258064391e-01
3.864541832669322607e-01 5.161290322580645018e-01
3.864541832669322607e-01 5.362903225806451291e-01
3.864541832669322607e-01 5.927419354838709964e-01
3.864541832669322607e-01 8.346774193548387455e-01
3.864541832669322607e-01 8.387096774193548709e-01
3.864541832669322607e-01 8.548387096774193727e-01
3.904382470119521775e-01 3.266129032258064391e-01
3.904382470119521775e-01 5.161290322580645018e-01
3.904382470119521775e-01 5.362903225806451291e-01
3.904382470119521775e-01 5.927419354838709964e-01
3.904382470119521775e-01 8.427419354838709964e-01
3.904382470119521775e-01 8.467741935483871218e-01
3.904382470119521775e-01 8.508064516129032473e-01
3.904382470119521775e-01 8.548387096774193727e-01
3.944223107569720943e-01 3.266129032258064391e-01
3.944223107569720943e-01 5.161290322580645018e-01
3.944223107569720943e-01 5.362903225806451291e-01
3.944223107569720943e-01 5.927419354838709964e-01
3.944223107569720943e-01 8.548387096774193727e-01
3.984063745019920111e-01 3.266129032258064391e-01
3.984063745019920111e-01 5.201612903225806273e-01
3.984063745019920111e-01 5.241935483870967527e-01
3.984063745019920111e-01 5.282258064516128782e-01
3.984063745019920111e-01 5.362903225806451291e-01
3.984063745019920111e-01 5.967741935483871218e-01
3.984063745019920111e-01 8.548387096774193727e-01
4.023904382470119279e-01 3.266129032258064391e-01
4.023904382470119279e-01 5.322580645161290036e-01
4.023904382470119279e-01 5.967741935483871218e-01
4.023904382470119279e-01 8.548387096774193727e-01
4.063745019920319002e-01 3.266129032258064391e-01
4.063745019920319002e-01 5.120967741935483764e-01
4.063745019920319002e-01 5.322580645161290036e-01
4.063745019920319002e-01 5.967741935483871218e-01
4.063745019920319002e-01 8.548387096774193727e-01
4.103585657370518169e-01 3.266129032258064391e-01
4.103585657370518169e-01 5.040322580645161255e-01
4.103585657370518169e-01 5.080645161290322509e-01
4.103585657370518169e-01 5.322580645161290036e-01
4.103585657370518169e-01 5.967741935483871218e-01
4.103585657370518169e-01 8.548387096774193727e-01
4.143426294820717337e-01 3.266129032258064391e-01
4.143426294820717337e-01 5.322580645161290036e-01
4.143426294820717337e-01 6.008064516129032473e-01
4.143426294820717337e-01 8.548387096774193727e-01
4.183266932270916505e-01 3.306451612903225645e-01
4.183266932270916505e-01 5.282258064516128782e-01
4.183266932270916505e-01 6.008064516129032473e-01
4.183266932270916505e-01 8.588709677419354982e-01
4.223107569721115673e-01 3.306451612903225645e-01
4.223107569721115673e-01 5.282258064516128782e-01
4.223107569721115673e-01 6.008064516129032473e-01
4.223107569721115673e-01 8.588709677419354982e-01
4.262948207171314841e-01 3.306451612903225645e-01
4.262948207171314841e-01 5.282258064516128782e-01
4.262948207171314841e-01 6.008064516129032473e-01
4.262948207171314841e-01 6.774193548387096309e-01
4.262948207171314841e-01 8.588709677419354982e-01
4.302788844621514008e-01 3.306451612903225645e-01
4.302788844621514008e-01 5.282258064516128782e-01
4.302788844621514008e-01 6.008064516129032473e-01
4.302788844621514008e-01 6.774193548387096309e-01
4.302788844621514008e-01 8.588709677419354982e-01
4.342629482071713176e-01 3.306451612903225645e-01
4.342629482071713176e-01 5.282258064516128782e-01
4.342629482071713176e-01 6.048387096774193727e-01
4.342629482071713176e-01 6.733870967741935054e-01
4.342629482071713176e-01 8.588709677419354982e-01
4.382470119521912344e-01 3.266129032258064391e-01
4.382470119521912344e-01 5.241935483870967527e-01
4.382470119521912344e-01 6.048387096774193727e-01
4.382470119521912344e-01 6.693548387096773800e-01
4.382470119521912344e-01 8.588709677419354982e-01
4.382470119521912344e-01 9.193548387096773800e-01
4.422310756972111512e-01 3.266129032258064391e-01
4.422310756972111512e-01 5.241935483870967527e-01
4.422310756972111512e-01 6.048387096774193727e-01
4.422310756972111512e-01 6.693548387096773800e-01
4.422310756972111512e-01 8.588709677419354982e-01
4.422310756972111512e-01 9.072580645161290036e-01
4.422310756972111512e-01 9.112903225806451291e-01
4.422310756972111512e-01 9.153225806451612545e-01
4.462151394422310680e-01 3.225806451612903136e-01
4.462151394422310680e-01 5.201612903225806273e-01
4.462151394422310680e-01 6.048387096774193727e-01
4.462151394422310680e-01 6.653225806451612545e-01
4.462151394422310680e-01 8.588709677419354982e-01
4.462151394422310680e-01 9.032258064516128782e-01
4.501992031872509847e-01 3.104838709677419373e-01
4.501992031872509847e-01 3.145161290322580627e-01
4.501992031872509847e-01 3.185483870967741882e-01
4.501992031872509847e-01 3.225806451612903136e-01
4.501992031872509847e-01 5.161290322580645018e-01
4.501992031872509847e-01 6.048387096774193727e-01
4.501992031872509847e-01 6.653225806451612545e-01
4.501992031872509847e-01 8.588709677419354982e-01
4.501992031872509847e-01 8.991935483870967527e-01
4.541832669322709015e-01 3.064516129032258118e-01
4.541832669322709015e-01 3.266129032258064391e-01
4.541832669322709015e-01 5.161290322580645018e-01
4.541832669322709015e-01 6.048387096774193727e-01
4.541832669322709015e-01 6.572580645161290036e-01
4.541832669322709015e-01 6.612903225806451291e-01
4.541832669322709015e-01 8.588709677419354982e-01
4.541832669322709015e-01 8.951612903225806273e-01
4.581673306772908183e-01 3.306451612903225645e-01
4.581673306772908183e-01 5.161290322580645018e-01
4.581673306772908183e-01 6.088709677419354982e-01
4.581673306772908183e-01 6.451612903225806273e-01
4.581673306772908183e-01 6.491935483870967527e-01
4.581673306772908183e-01 6.532258064516128782e-01
4.581673306772908183e-01 6.653225806451612545e-01
4.581673306772908183e-01 8.588709677419354982e-01
4.581673306772908183e-01 8.911290322580645018e-01
4.621513944223107351e-01 3.346774193548386900e-01
4.621513944223107351e-01 5.161290322580645018e-01
4.621513944223107351e-01 6.088709677419354982e-01
4.621513944223107351e-01 6.330645161290322509e-01
4.621513944223107351e-01 6.370967741935483764e-01
4.621513944223107351e-01 6.411290322580645018e-01
4.621513944223107351e-01 6.653225806451612545e-01
4.621513944223107351e-01 8.629032258064516236e-01
4.621513944223107351e-01 8.870967741935483764e-01
4.661354581673306519e-01 3.387096774193548154e-01
4.661354581673306519e-01 5.120967741935483764e-01
4.661354581673306519e-01 6.129032258064516236e-01
4.661354581673306519e-01 6.169354838709677491e-01
4.661354581673306519e-01 6.209677419354838745e-01
4.661354581673306519e-01 6.250000000000000000e-01
4.661354581673306519e-01 6.290322580645161255e-01
4.661354581673306519e-01 6.612903225806451291e-01
4.661354581673306519e-01 8.669354838709677491e-01
4.661354581673306519e-01 8.830645161290322509e-01
4.701195219123506241e-01 3.427419354838709409e-01
4.701195219123506241e-01 3.911290322580645018e-01
4.701195219123506241e-01 5.120967741935483764e-01
4.701195219123506241e-01 6.129032258064516236e-01
4.701195219123506241e-01 6.612903225806451291e-01
4.701195219123506241e-01 8.709677419354838745e-01
4.701195219123506241e-01 8.750000000000000000e-01
4.701195219123506241e-01 8.790322580645161255e-01
4.701195219123506241e-01 8.830645161290322509e-01
4.741035856573705409e-01 3.427419354838709409e-01
4.741035856573705409e-01 3.870967741935483764e-01
4.741035856573705409e-01 5.080645161290322509e-01
4.741035856573705409e-01 6.129032258064516236e-01
4.741035856573705409e-01 6.612903225806451291e-01
4.741035856573705409e-01 8.669354838709677491e-01
4.741035856573705409e-01 8.870967741935483764e-01
4.780876494023904577e-01 3.427419354838709409e-01
4.780876494023904577e-01 3.870967741935483764e-01
4.780876494023904577e-01 5.000000000000000000e-01
4.780876494023904577e-01 5.040322580645161255e-01
4.780876494023904577e-01 5.120967741935483764e-01
4.780876494023904577e-01 5.161290322580645018e-01
4.780876494023904577e-01 6.129032258064516236e-01
4.780876494023904577e-01 6.612903225806451291e-01
4.780876494023904577e-01 8.629032258064516236e-01
4.780876494023904577e-01 8.911290322580645018e-01
4.820717131474103745e-01 3.427419354838709409e-01
4.820717131474103745e-01 3.870967741935483764e-01
4.820717131474103745e-01 4.959677419354838745e-01
4.820717131474103745e-01 5.120967741935483764e-01
4.820717131474103745e-01 5.201612903225806273e-01
4.820717131474103745e-01 6.129032258064516236e-01
4.820717131474103745e-01 6.612903225806451291e-01
4.820717131474103745e-01 8.629032258064516236e-01
4.820717131474103745e-01 8.951612903225806273e-01
4.860557768924302913e-01 3.427419354838709409e-01
4.860557768924302913e-01 3.830645161290322509e-01
4.860557768924302913e-01 4.919354838709677491e-01
4.860557768924302913e-01 5.161290322580645018e-01
4.860557768924302913e-01 5.201612903225806273e-01
4.860557768924302913e-01 5.362903225806451291e-01
4.860557768924302913e-01 5.403225806451612545e-01
4.860557768924302913e-01 6.129032258064516236e-01
4.860557768924302913e-01 6.612903225806451291e-01
4.860557768924302913e-01 8.629032258064516236e-01
4.860557768924302913e-01 8.991935483870967527e-01
4.860557768924302913e-01 9.032258064516128782e-01
4.860557768924302913e-01 9.072580645161290036e-01
4.900398406374502080e-01 3.427419354838709409e-01
4.900398406374502080e-01 3.830645161290322509e-01
4.900398406374502080e-01 4.919354838709677491e-01
4.900398406374502080e-01 5.241935483870967527e-01
4.900398406374502080e-01 5.282258064516128782e-01
4.900398406374502080e-01 5.322580645161290036e-01
4.900398406374502080e-01 6.129032258064516236e-01
4.900398406374502080e-01 6.572580645161290036e-01
4.900398406374502080e-01 8.588709677419354982e-01
4.940239043824701248e-01 3.427419354838709409e-01
4.940239043824701248e-01 3.790322580645161255e-01
4.940239043824701248e-01 4.919354838709677491e-01
4.940239043824701248e-01 5.241935483870967527e-01
4.940239043824701248e-01 6.129032258064516236e-01
4.940239043824701248e-01 6.532258064516128782e-01
4.940239043824701248e-01 8.588709677419354982e-01
4.980079681274900416e-01 3.427419354838709409e-01
4.980079681274900416e-01 3.790322580645161255e-01
4.980079681274900416e-01 4.919354838709677491e-01
4.980079681274900416e-01 5.241935483870967527e-01
4.980079681274900416e-01 6.169354838709677491e-01
4.980079681274900416e-01 6.532258064516128782e-01
4.980079681274900416e-01 8.588709677419354982e-01
5.019920318725099584e-01 3.467741935483871218e-01
5.019920318725099584e-01 3.750000000000000000e-01
5.019920318725099584e-01 4.919354838709677491e-01
5.019920318725099584e-01 5.241935483870967527e-01
5.019920318725099584e-01 6.169354838709677491e-01
5.019920318725099584e-01 6.532258064516128782e-01
5.019920318725099584e-01 8.588709677419354982e-01
5.059760956175298752e-01 3.508064516129032473e-01
5.059760956175298752e-01 3.709677419354838745e-01
5.059760956175298752e-01 4.919354838709677491e-01
5.059760956175298752e-01 5.241935483870967527e-01
5.059760956175298752e-01 6.169354838709677491e-01
5.059760956175298752e-01 6.491935483870967527e-01
5.059760956175298752e-01 8.588709677419354982e-01
5.099601593625497920e-01 3.548387096774193727e-01
5.099601593625497920e-01 3.629032258064516236e-01
5.099601593625497920e-01 3.669354838709677491e-01
5.099601593625497920e-01 4.959677419354838745e-01
5.099601593625497920e-01 5.241935483870967527e-01
5.099601593625497920e-01 6.169354838709677491e-01
5.099601593625497920e-01 6.491935483870967527e-01
5.099601593625497920e-01 8.588709677419354982e-01
5.139442231075697087e-01 3.588709677419354982e-01
5.139442231075697087e-01 4.959677419354838745e-01
5.139442231075697087e-01 5.201612903225806273e-01
5.139442231075697087e-01 6.169354838709677491e-01
5.139442231075697087e-01 6.451612903225806273e-01
5.139442231075697087e-01 8.588709677419354982e-01
5.179282868525896255e-01 3.588709677419354982e-01
5.179282868525896255e-01 4.959677419354838745e-01
5.179282868525896255e-01 5.201612903225806273e-01
5.179282868525896255e-01 6.169354838709677491e-01
5.179282868525896255e-01 6.411290322580645018e-01
5.179282868525896255e-01 8.588709677419354982e-01
5.219123505976095423e-01 3.588709677419354982e-01
5.219123505976095423e-01 4.959677419354838745e-01
5.219123505976095423e-01 5.161290322580645018e-01
5.219123505976095423e-01 6.169354838709677491e-01
5.219123505976095423e-01 6.370967741935483764e-01
5.219123505976095423e-01 8.588709677419354982e-01
5.258964143426294591e-01 3.588709677419354982e-01
5.258964143426294591e-01 4.959677419354838745e-01
5.258964143426294591e-01 5.161290322580645018e-01
5.258964143426294591e-01 6.209677419354838745e-01
5.258964143426294591e-01 6.290322580645161255e-01
5.258964143426294591e-01 6.330645161290322509e-01
5.258964143426294591e-01 8.588709677419354982e-01
5.298804780876493759e-01 3.588709677419354982e-01
5.298804780876493759e-01 4.959677419354838745e-01
5.298804780876493759e-01 5.040322580645161255e-01
5.298804780876493759e-01 5.080645161290322509e-01
5.298804780876493759e-01 5.120967741935483764e-01
5.298804780876493759e-01 6.250000000000000000e-01
5.298804780876493759e-01 8.629032258064516236e-01
5.338645418326692926e-01 3.588709677419354982e-01
5.338645418326692926e-01 4.959677419354838745e-01
5.338645418326692926e-01 5.000000000000000000e-01
5.338645418326692926e-01 6.250000000000000000e-01
5.338645418326692926e-01 8.669354838709677491e-01
5.378486055776892094e-01 3.588709677419354982e-01
5.378486055776892094e-01 4.959677419354838745e-01
5.378486055776892094e-01 6.250000000000000000e-01
5.378486055776892094e-01 8.669354838709677491e-01
5.378486055776892094e-01 8.709677419354838745e-01
5.378486055776892094e-01 8.750000000000000000e-01
5.378486055776892094e-01 8.790322580645161255e-01
5.378486055776892094e-01 8.830645161290322509e-01
5.378486055776892094e-01 8.870967741935483764e-01
5.378486055776892094e-01 8.911290322580645018e-01
5.378486055776892094e-01 8.951612903225806273e-01
5.378486055776892094e-01 8.991935483870967527e-01
5.378486055776892094e-01 9.032258064516128782e-01
5.378486055776892094e-01 9.072580645161290036e-01
5.378486055776892094e-01 9.112903225806451291e-01
5.378486055776892094e-01 9.153225806451612545e-01
5.378486055776892094e-01 9.193548387096773800e-01
5.378486055776892094e-01 9.233870967741935054e-01
5.378486055776892094e-01 9.274193548387096309e-01
5.378486055776892094e-01 9.314516129032257563e-01
5.378486055776892094e-01 9.354838709677418818e-01
5.418326693227091262e-01 0.000000000000000000e+00
5.418326693227091262e-01 4.032258064516128920e-03
5.418326693227091262e-01 8.064516129032257841e-03
5.418326693227091262e-01 1.209677419354838676e-02
5.418326693227091262e-01 1.612903225806451568e-02
5.418326693227091262e-01 2.016129032258064460e-02
5.418326693227091262e-01 2.419354838709677352e-02
5.418326693227091262e-01 2.822580645161290244e-02
5.418326693227091262e-01 3.225806451612903136e-02
5.418326693227091262e-01 3.629032258064516375e-02
5.418326693227091262e-01 4.032258064516128920e-02
5.418326693227091262e-01 4.435483870967742159e-02
5.418326693227091262e-01 4.838709677419354704e-02
5.418326693227091262e-01 5.241935483870967943e-02
5.418326693227091262e-01 9.677419354838709409e-02
5.418326693227091262e-01 1.008064516129032195e-01
5.418326693227091262e-01 1.048387096774193589e-01
5.418326693227091262e-01 1.088709677419354843e-01
5.418326693227091262e-01 1.129032258064516098e-01
5.418326693227091262e-01 1.169354838709677352e-01
5.418326693227091262e-01 1.209677419354838745e-01
5.418326693227091262e-01 1.250000000000000000e-01
5.418326693227091262e-01 1.290322580645161255e-01
5.418326693227091262e-01 1.330645161290322509e-01
5.418326693227091262e-01 3.588709677419354982e-01
5.418326693227091262e-01 4.959677419354838745e-01
5.418326693227091262e-01 6.250000000000000000e-01
5.418326693227091262e-01 8.629032258064516236e-01
5.418326693227091262e-01 9.395161290322581182e-01
5.418326693227091262e-01 9.435483870967742437e-01
5.418326693227091262e-01 9.475806451612903691e-01
5.418326693227091262e-01 9.516129032258064946e-01
5.458167330677290430e-01 5.645161290322580488e-02
5.458167330677290430e-01 6.048387096774193727e-02
5.458167330677290430e-01 6.451612903225806273e-02
5.458167330677290430e-01 6.854838709677418818e-02
5.458167330677290430e-01 7.258064516129032751e-02
5.458167330677290430e-01 7.661290322580645296e-02
5.458167330677290430e-01 8.064516129032257841e-02
5.458167330677290430e-01 8.467741935483870386e-02
5.458167330677290430e-01 8.870967741935484319e-02
5.458167330677290430e-01 9.274193548387096864e-02
5.458167330677290430e-01 1.370967741935483764e-01
5.458167330677290430e-01 1.411290322580645296e-01
5.458167330677290430e-01 1.451612903225806550e-01
5.458167330677290430e-01 3.588709677419354982e-01
5.458167330677290430e-01 4.959677419354838745e-01
5.458167330677290430e-01 6.250000000000000000e-01
5.458167330677290430e-01 8.588709677419354982e-01
5.458167330677290430e-01 9.556451612903226200e-01
5.458167330677290430e-01 9.596774193548387455e-01
5.498007968127489598e-01 1.491935483870967805e-01
5.498007968127489598e-01 1.532258064516129059e-01
5.498007968127489598e-01 3.588709677419354982e-01
5.498007968127489598e-01 4.959677419354838745e-01
5.498007968127489598e-01 6.250000000000000000e-01
5.498007968127489598e-01 8.548387096774193727e-01
5.498007968127489598e-01 9.637096774193548709e-01
5.498007968127489598e-01 9.677419354838709964e-01
5.498007968127489598e-01 9.717741935483871218e-01
5.498007968127489598e-01 9.758064516129032473e-01
5.498007968127489598e-01 9.798387096774193727e-01
5.498007968127489598e-01 9.838709677419354982e-01
5.498007968127489598e-01 9.879032258064516236e-01
5.498007968127489598e-01 9.919354838709677491e-01
5.537848605577688765e-01 1.572580645161290314e-01
5.537848605577688765e-01 1.612903225806451568e-01
5.537848605577688765e-01 1.653225806451612823e-01
5.537848605577688765e-01 1.693548387096774077e-01
5.537848605577688765e-01 3.548387096774193727e-01
5.537848605577688765e-01 3.588709677419354982e-01
5.537848605577688765e-01 3.629032258064516236e-01
5.537848605577688765e-01 3.669354838709677491e-01
5.537848605577688765e-01 4.959677419354838745e-01
5.537848605577688765e-01 6.250000000000000000e-01
5.537848605577688765e-01 8.467741935483871218e-01
5.537848605577688765e-01 8.508064516129032473e-01
5.537848605577688765e-01 9.959677419354838745e-01
5.537848605577688765e-01 1.000000000000000000e+00
5.577689243027887933e-01 1.733870967741935609e-01
5.577689243027887933e-01 1.774193548387096864e-01
5.577689243027887933e-01 1.814516129032258118e-01
5.577689243027887933e-01 1.854838709677419373e-01
5.577689243027887933e-01 1.895161290322580627e-01
5.577689243027887933e-01 1.935483870967741882e-01
5.577689243027887933e-01 1.975806451612903136e-01
5.577689243027887933e-01 2.016129032258064391e-01
5.577689243027887933e-01 2.056451612903225923e-01
5.577689243027887933e-01 2.096774193548387177e-01
5.577689243027887933e-01 3.145161290322580627e-01
5.577689243027887933e-01 3.185483870967741882e-01
5.577689243027887933e-01 3.225806451612903136e-01
5.577689243027887933e-01 3.266129032258064391e-01
5.577689243027887933e-01 3.306451612903225645e-01
5.577689243027887933e-01 3.346774193548386900e-01
5.577689243027887933e-01 3.387096774193548154e-01
5.577689243027887933e-01 3.427419354838709409e-01
5.577689243027887933e-01 3.467741935483871218e-01
5.577689243027887933e-01 3.508064516129032473e-01
5.577689243027887933e-01 3.709677419354838745e-01
5.577689243027887933e-01 3.750000000000000000e-01
5.577689243027887933e-01 4.838709677419354982e-01
5.577689243027887933e-01 4.879032258064516236e-01
5.577689243027887933e-01 4.919354838709677491e-01
5.577689243027887933e-01 4.959677419354838745e-01
5.577689243027887933e-01 5.000000000000000000e-01
5.577689243027887933e-01 5.040322580645161255e-01
5.577689243027887933e-01 5.080645161290322509e-01
5.577689243027887933e-01 5.120967741935483764e-01
5.577689243027887933e-01 5.161290322580645018e-01
5.577689243027887933e-01 6.250000000000000000e-01
5.577689243027887933e-01 8.266129032258064946e-01
5.577689243027887933e-01 8.306451612903226200e-01
5.577689243027887933e-01 8.346774193548387455e-01
5.577689243027887933e-01 8.387096774193548709e-01
5.577689243027887933e-01 8.427419354838709964e-01
5.617529880478087101e-01 2.137096774193548432e-01
5.617529880478087101e-01 2.177419354838709686e-01
5.617529880478087101e-01 2.217741935483870941e-01
5.617529880478087101e-01 2.419354838709677491e-01
5.617529880478087101e-01 2.459677419354838745e-01
5.617529880478087101e-01 2.500000000000000000e-01
5.617529880478087101e-01 2.540322580645161255e-01
5.617529880478087101e-01 2.580645161290322509e-01
5.617529880478087101e-01 2.620967741935483764e-01
5.617529880478087101e-01 2.661290322580645018e-01
5.617529880478087101e-01 2.701612903225806273e-01
5.617529880478087101e-01 2.741935483870967527e-01
5.617529880478087101e-01 2.782258064516128782e-01
5.617529880478087101e-01 2.822580645161290591e-01
5.617529880478087101e-01 2.862903225806451846e-01
5.617529880478087101e-01 2.903225806451613100e-01
5.617529880478087101e-01 2.943548387096774355e-01
5.617529880478087101e-01 2.983870967741935609e-01
5.617529880478087101e-01 3.024193548387096864e-01
5.617529880478087101e-01 3.064516129032258118e-01
5.617529880478087101e-01 3.104838709677419373e-01
5.617529880478087101e-01 3.790322580645161255e-01
5.617529880478087101e-01 3.830645161290322509e-01
5.617529880478087101e-01 3.870967741935483764e-01
5.617529880478087101e-01 3.911290322580645018e-01
5.617529880478087101e-01 3.951612903225806273e-01
5.617529880478087101e-01 4.717741935483871218e-01
5.617529880478087101e-01 4.758064516129032473e-01
5.617529880478087101e-01 4.798387096774193727e-01
5.617529880478087101e-01 5.201612903225806273e-01
5.617529880478087101e-01 5.241935483870967527e-01
5.617529880478087101e-01 5.282258064516128782e-01
5.617529880478087101e-01 5.322580645161290036e-01
5.617529880478087101e-01 5.362903225806451291e-01
5.617529880478087101e-01 5.403225806451612545e-01
5.617529880478087101e-01 5.443548387096773800e-01
5.617529880478087101e-01 6.250000000000000000e-01
5.617529880478087101e-01 8.064516129032257563e-01
5.617529880478087101e-01 8.104838709677418818e-01
5.617529880478087101e-01 8.145161290322581182e-01
5.617529880478087101e-01 8.185483870967742437e-01
5.617529880478087101e-01 8.225806451612903691e-01
5.657370517928287379e-01 2.258064516129032195e-01
5.657370517928287379e-01 2.379032258064516236e-01
5.657370517928287379e-01 3.991935483870967527e-01
5.657370517928287379e-01 4.032258064516128782e-01
5.657370517928287379e-01 4.072580645161290591e-01
5.657370517928287379e-01 4.112903225806451846e-01
5.657370517928287379e-01 4.153225806451613100e-01
5.657370517928287379e-01 4.193548387096774355e-01
5.657370517928287379e-01 4.233870967741935609e-01
5.657370517928287379e-01 4.274193548387096864e-01
5.657370517928287379e-01 4.314516129032258118e-01
5.657370517928287379e-01 4.354838709677419373e-01
5.657370517928287379e-01 4.637096774193548154e-01
5.657370517928287379e-01 4.677419354838709409e-01
5.657370517928287379e-01 5.483870967741935054e-01
5.657370517928287379e-01 5.524193548387096309e-01
5.657370517928287379e-01 5.564516129032257563e-01
5.657370517928287379e-01 5.604838709677418818e-01
5.657370517928287379e-01 5.645161290322581182e-01
5.657370517928287379e-01 5.685483870967742437e-01
5.657370517928287379e-01 5.725806451612903691e-01
5.657370517928287379e-01 5.766129032258064946e-01
5.657370517928287379e-01 5.806451612903226200e-01
5.657370517928287379e-01 5.846774193548387455e-01
5.657370517928287379e-01 5.887096774193548709e-01
5.657370517928287379e-01 5.927419354838709964e-01
5.657370517928287379e-01 5.967741935483871218e-01
5.657370517928287379e-01 6.008064516129032473e-01
5.657370517928287379e-01 6.048387096774193727e-01
5.657370517928287379e-01 6.088709677419354982e-01
5.657370517928287379e-01 6.129032258064516236e-01
5.657370517928287379e-01 6.169354838709677491e-01
5.657370517928287379e-01 6.209677419354838745e-01
5.657370517928287379e-01 6.290322580645161255e-01
5.657370517928287379e-01 6.370967741935483764e-01
5.657370517928287379e-01 6.411290322580645018e-01
5.657370517928287379e-01 7.782258064516128782e-01
5.657370517928287379e-01 7.822580645161290036e-01
5.657370517928287379e-01 7.862903225806451291e-01
5.657370517928287379e-01 7.903225806451612545e-01
5.657370517928287379e-01 7.943548387096773800e-01
5.657370517928287379e-01 7.983870967741935054e-01
5.657370517928287379e-01 8.024193548387096309e-01
5.697211155378486547e-01 2.298387096774193450e-01
5.697211155378486547e-01 2.338709677419354704e-01
5.697211155378486547e-01 4.395161290322580627e-01
5.697211155378486547e-01 4.596774193548386900e-01
5.697211155378486547e-01 6.330645161290322509e-01
5.697211155378486547e-01 6.451612903225806273e-01
5.697211155378486547e-01 6.491935483870967527e-01
5.697211155378486547e-01 6.532258064516128782e-01
5.697211155378486547e-01 6.572580645161290036e-01
5.697211155378486547e-01 6.612903225806451291e-01
5.697211155378486547e-01 6.653225806451612545e-01
5.697211155378486547e-01 6.693548387096773800e-01
5.697211155378486547e-01 6.733870967741935054e-01
5.697211155378486547e-01 6.774193548387096309e-01
5.697211155378486547e-01 6.814516129032257563e-01
5.697211155378486547e-01 6.854838709677418818e-01
5.697211155378486547e-01 6.895161290322581182e-01
5.697211155378486547e-01 6.935483870967742437e-01
5.697211155378486547e-01 6.975806451612903691e-01
5.697211155378486547e-01 7.016129032258064946e-01
5.697211155378486547e-01 7.056451612903226200e-01
5.697211155378486547e-01 7.096774193548387455e-01
5.697211155378486547e-01 7.540322580645161255e-01
5.697211155378486547e-01 7.580645161290322509e-01
5.697211155378486547e-01 7.620967741935483764e-01
5.697211155378486547e-01 7.661290322580645018e-01
5.697211155378486547e-01 7.701612903225806273e-01
5.697211155378486547e-01 7.741935483870967527e-01
5.737051792828685715e-01 2.298387096774193450e-01
5.737051792828685715e-01 4.435483870967741882e-01
5.737051792828685715e-01 4.556451612903225645e-01
5.737051792828685715e-01 6.330645161290322509e-01
5.737051792828685715e-01 7.137096774193548709e-01
5.737051792828685715e-01 7.177419354838709964e-01
5.737051792828685715e-01 7.500000000000000000e-01
5.776892430278884882e-01 2.298387096774193450e-01
5.776892430278884882e-01 4.475806451612903136e-01
5.776892430278884882e-01 4.516129032258064391e-01
5.776892430278884882e-01 6.330645161290322509e-01
5.776892430278884882e-01 7.217741935483871218e-01
5.776892430278884882e-01 7.459677419354838745e-01
5.816733067729084050e-01 2.298387096774193450e-01
5.816733067729084050e-01 4.475806451612903136e-01
5.816733067729084050e-01 6.330645161290322509e-01
5.816733067729084050e-01 7.258064516129032473e-01
5.816733067729084050e-01 7.419354838709677491e-01
5.856573705179283218e-01 2.298387096774193450e-01
5.856573705179283218e-01 4.475806451612903136e-01
5.856573705179283218e-01 6.330645161290322509e-01
5.856573705179283218e-01 7.298387096774193727e-01
5.856573705179283218e-01 7.338709677419354982e-01
5.856573705179283218e-01 7.379032258064516236e-01
5.896414342629482386e-01 2.298387096774193450e-01
5.896414342629482386e-01 4.475806451612903136e-01
5.896414342629482386e-01 6.330645161290322509e-01
5.896414342629482386e-01 7.298387096774193727e-01
5.896414342629482386e-01 7.338709677419354982e-01
5.936254980079681554e-01 2.258064516129032195e-01
5.936254980079681554e-01 4.475806451612903136e-01
5.936254980079681554e-01 6.330645161290322509e-01
5.936254980079681554e-01 7.258064516129032473e-01
5.936254980079681554e-01 7.379032258064516236e-01
5.976095617529880721e-01 2.258064516129032195e-01
5.976095617529880721e-01 4.475806451612903136e-01
5.976095617529880721e-01 6.330645161290322509e-01
5.976095617529880721e-01 7.217741935483871218e-01
5.976095617529880721e-01 7.419354838709677491e-01
6.015936254980079889e-01 2.258064516129032195e-01
6.015936254980079889e-01 4.475806451612903136e-01
6.015936254980079889e-01 6.330645161290322509e-01
6.015936254980079889e-01 6.653225806451612545e-01
6.015936254980079889e-01 6.693548387096773800e-01
6.015936254980079889e-01 6.733870967741935054e-01
6.015936254980079889e-01 6.774193548387096309e-01
6.015936254980079889e-01 6.814516129032257563e-01
6.015936254980079889e-01 6.854838709677418818e-01
6.015936254980079889e-01 7.177419354838709964e-01
6.015936254980079889e-01 7.459677419354838745e-01
6.055776892430279057e-01 2.258064516129032195e-01
6.055776892430279057e-01 4.475806451612903136e-01
6.055776892430279057e-01 6.290322580645161255e-01
6.055776892430279057e-01 6.330645161290322509e-01
6.055776892430279057e-01 6.370967741935483764e-01
6.055776892430279057e-01 6.411290322580645018e-01
6.055776892430279057e-01 6.451612903225806273e-01
6.055776892430279057e-01 6.612903225806451291e-01
6.055776892430279057e-01 7.137096774193548709e-01
6.055776892430279057e-01 7.500000000000000000e-01
6.055776892430279057e-01 7.540322580645161255e-01
6.055776892430279057e-01 7.580645161290322509e-01
6.095617529880478225e-01 2.217741935483870941e-01
6.095617529880478225e-01 4.475806451612903136e-01
6.095617529880478225e-01 6.250000000000000000e-01
6.095617529880478225e-01 6.491935483870967527e-01
6.095617529880478225e-01 6.532258064516128782e-01
6.095617529880478225e-01 6.572580645161290036e-01
6.095617529880478225e-01 7.137096774193548709e-01
6.095617529880478225e-01 7.620967741935483764e-01
6.095617529880478225e-01 7.661290322580645018e-01
6.135458167330677393e-01 2.217741935483870941e-01
6.135458167330677393e-01 4.395161290322580627e-01
6.135458167330677393e-01 4.435483870967741882e-01
6.135458167330677393e-01 4.516129032258064391e-01
6.135458167330677393e-01 4.556451612903225645e-01
6.135458167330677393e-01 6.209677419354838745e-01
6.135458167330677393e-01 6.532258064516128782e-01
6.135458167330677393e-01 7.137096774193548709e-01
6.135458167330677393e-01 7.701612903225806273e-01
6.175298804780876560e-01 2.217741935483870941e-01
6.175298804780876560e-01 4.354838709677419373e-01
6.175298804780876560e-01 4.596774193548386900e-01
6.175298804780876560e-01 6.169354838709677491e-01
6.175298804780876560e-01 6.209677419354838745e-01
6.175298804780876560e-01 6.572580645161290036e-01
6.175298804780876560e-01 7.137096774193548709e-01
6.175298804780876560e-01 7.741935483870967527e-01
6.215139442231075728e-01 2.177419354838709686e-01
6.215139442231075728e-01 4.314516129032258118e-01
6.215139442231075728e-01 4.637096774193548154e-01
6.215139442231075728e-01 6.129032258064516236e-01
6.215139442231075728e-01 6.250000000000000000e-01
6.215139442231075728e-01 6.572580645161290036e-01
6.215139442231075728e-01 7.137096774193548709e-01
6.215139442231075728e-01 7.782258064516128782e-01
6.215139442231075728e-01 7.822580645161290036e-01
6.254980079681274896e-01 2.177419354838709686e-01
6.254980079681274896e-01 4.314516129032258118e-01
6.254980079681274896e-01 4.637096774193548154e-01
6.254980079681274896e-01 6.088709677419354982e-01
6.254980079681274896e-01 6.290322580645161255e-01
6.254980079681274896e-01 6.612903225806451291e-01
6.254980079681274896e-01 7.137096774193548709e-01
6.294820717131474064e-01 2.096774193548387177e-01
6.294820717131474064e-01 2.137096774193548432e-01
6.294820717131474064e-01 4.314516129032258118e-01
6.294820717131474064e-01 4.637096774193548154e-01
6.294820717131474064e-01 6.088709677419354982e-01
6.294820717131474064e-01 6.653225806451612545e-01
6.294820717131474064e-01 7.137096774193548709e-01
6.334661354581673232e-01 2.056451612903225923e-01
6.334661354581673232e-01 4.314516129032258118e-01
6.334661354581673232e-01 4.637096774193548154e-01
6.334661354581673232e-01 6.048387096774193727e-01
6.334661354581673232e-01 6.653225806451612545e-01
6.334661354581673232e-01 7.137096774193548709e-01
6.374501992031872399e-01 2.016129032258064391e-01
6.374501992031872399e-01 4.314516129032258118e-01
6.374501992031872399e-01 4.637096774193548154e-01
6.374501992031872399e-01 4.677419354838709409e-01
6.374501992031872399e-01 6.008064516129032473e-01
6.374501992031872399e-01 6.693548387096773800e-01
6.374501992031872399e-01 7.137096774193548709e-01
6.414342629482071567e-01 1.975806451612903136e-01
6.414342629482071567e-01 4.314516129032258118e-01
6.414342629482071567e-01 4.596774193548386900e-01
6.414342629482071567e-01 4.717741935483871218e-01
6.414342629482071567e-01 5.806451612903226200e-01
6.414342629482071567e-01 5.846774193548387455e-01
6.414342629482071567e-01 5.887096774193548709e-01
6.414342629482071567e-01 5.927419354838709964e-01
6.414342629482071567e-01 5.967741935483871218e-01
6.414342629482071567e-01 6.008064516129032473e-01
6.414342629482071567e-01 6.733870967741935054e-01
6.414342629482071567e-01 7.137096774193548709e-01
6.454183266932270735e-01 4.314516129032258118e-01
6.454183266932270735e-01 4.556451612903225645e-01
6.454183266932270735e-01 4.717741935483871218e-01
6.454183266932270735e-01 5.685483870967742437e-01
6.454183266932270735e-01 5.725806451612903691e-01
6.454183266932270735e-01 5.766129032258064946e-01
6.454183266932270735e-01 6.048387096774193727e-01
6.454183266932270735e-01 6.733870967741935054e-01
6.454183266932270735e-01 7.137096774193548709e-01
6.494023904382469903e-01 4.314516129032258118e-01
6.494023904382469903e-01 4.475806451612903136e-01
6.494023904382469903e-01 4.516129032258064391e-01
6.494023904382469903e-01 4.717741935483871218e-01
6.494023904382469903e-01 5.443548387096773800e-01
6.494023904382469903e-01 5.524193548387096309e-01
6.494023904382469903e-01 5.564516129032257563e-01
6.494023904382469903e-01 5.604838709677418818e-01
6.494023904382469903e-01 5.645161290322581182e-01
6.494023904382469903e-01 6.048387096774193727e-01
6.494023904382469903e-01 6.774193548387096309e-01
6.494023904382469903e-01 7.096774193548387455e-01
6.533864541832669071e-01 4.274193548387096864e-01
6.533864541832669071e-01 4.435483870967741882e-01
6.533864541832669071e-01 4.717741935483871218e-01
6.533864541832669071e-01 5.483870967741935054e-01
6.533864541832669071e-01 6.048387096774193727e-01
6.533864541832669071e-01 6.814516129032257563e-01
6.533864541832669071e-01 7.056451612903226200e-01
6.573705179282868238e-01 4.274193548387096864e-01
6.573705179282868238e-01 4.314516129032258118e-01
6.573705179282868238e-01 4.354838709677419373e-01
6.573705179282868238e-01 4.395161290322580627e-01
6.573705179282868238e-01 4.717741935483871218e-01
6.573705179282868238e-01 4.758064516129032473e-01
6.573705179282868238e-01 4.798387096774193727e-01
6.573705179282868238e-01 5.000000000000000000e-01
6.573705179282868238e-01 6.048387096774193727e-01
6.573705179282868238e-01 6.854838709677418818e-01
6.573705179282868238e-01 7.016129032258064946e-01
6.613545816733067406e-01 4.233870967741935609e-01
6.613545816733067406e-01 4.395161290322580627e-01
6.613545816733067406e-01 4.677419354838709409e-01
6.613545816733067406e-01 4.838709677419354982e-01
6.613545816733067406e-01 4.879032258064516236e-01
6.613545816733067406e-01 4.919354838709677491e-01
6.613545816733067406e-01 4.959677419354838745e-01
6.613545816733067406e-01 6.048387096774193727e-01
6.613545816733067406e-01 6.532258064516128782e-01
6.613545816733067406e-01 6.895161290322581182e-01
6.613545816733067406e-01 6.975806451612903691e-01
6.653386454183266574e-01 4.153225806451613100e-01
6.653386454183266574e-01 4.193548387096774355e-01
6.653386454183266574e-01 4.395161290322580627e-01
6.653386454183266574e-01 4.637096774193548154e-01
6.653386454183266574e-01 6.048387096774193727e-01
6.653386454183266574e-01 6.491935483870967527e-01
6.653386454183266574e-01 6.935483870967742437e-01
6.653386454183266574e-01 6.975806451612903691e-01
6.693227091633465742e-01 4.112903225806451846e-01
6.693227091633465742e-01 4.435483870967741882e-01
6.693227091633465742e-01 4.596774193548386900e-01
6.693227091633465742e-01 6.008064516129032473e-01
6.693227091633465742e-01 6.491935483870967527e-01
6.693227091633465742e-01 6.895161290322581182e-01
6.693227091633465742e-01 6.935483870967742437e-01
6.693227091633465742e-01 6.975806451612903691e-01
6.733067729083664910e-01 4.112903225806451846e-01
6.733067729083664910e-01 4.435483870967741882e-01
6.733067729083664910e-01 4.556451612903225645e-01
6.733067729083664910e-01 6.008064516129032473e-01
6.733067729083664910e-01 6.491935483870967527e-01
6.733067729083664910e-01 6.854838709677418818e-01
6.733067729083664910e-01 7.016129032258064946e-01
6.772908366533864077e-01 4.112903225806451846e-01
6.772908366533864077e-01 4.475806451612903136e-01
6.772908366533864077e-01 4.516129032258064391e-01
6.772908366533864077e-01 6.008064516129032473e-01
6.772908366533864077e-01 6.491935483870967527e-01
6.772908366533864077e-01 6.814516129032257563e-01
6.772908366533864077e-01 7.016129032258064946e-01
6.772908366533864077e-01 7.056451612903226200e-01
6.812749003984063245e-01 4.112903225806451846e-01
6.812749003984063245e-01 4.475806451612903136e-01
6.812749003984063245e-01 5.967741935483871218e-01
6.812749003984063245e-01 6.491935483870967527e-01
6.812749003984063245e-01 6.814516129032257563e-01
6.812749003984063245e-01 7.016129032258064946e-01
6.812749003984063245e-01 7.096774193548387455e-01
6.812749003984063245e-01 7.137096774193548709e-01
6.852589641434262413e-01 4.072580645161290591e-01
6.852589641434262413e-01 4.475806451612903136e-01
6.852589641434262413e-01 5.967741935483871218e-01
6.852589641434262413e-01 6.491935483870967527e-01
6.852589641434262413e-01 6.774193548387096309e-01
6.852589641434262413e-01 7.056451612903226200e-01
6.852589641434262413e-01 7.177419354838709964e-01
6.892430278884462691e-01 4.072580645161290591e-01
6.892430278884462691e-01 4.475806451612903136e-01
6.892430278884462691e-01 5.967741935483871218e-01
6.892430278884462691e-01 6.491935483870967527e-01
6.892430278884462691e-01 6.774193548387096309e-01
6.892430278884462691e-01 7.217741935483871218e-01
6.932270916334661859e-01 4.072580645161290591e-01
6.932270916334661859e-01 4.516129032258064391e-01
6.932270916334661859e-01 5.967741935483871218e-01
6.932270916334661859e-01 6.532258064516128782e-01
6.932270916334661859e-01 6.693548387096773800e-01
6.932270916334661859e-01 6.733870967741935054e-01
6.932270916334661859e-01 7.258064516129032473e-01
6.972111553784861027e-01 4.072580645161290591e-01
6.972111553784861027e-01 4.475806451612903136e-01
6.972111553784861027e-01 5.967741935483871218e-01
6.972111553784861027e-01 6.572580645161290036e-01
6.972111553784861027e-01 6.612903225806451291e-01
6.972111553784861027e-01 6.653225806451612545e-01
6.972111553784861027e-01 7.258064516129032473e-01
7.011952191235060194e-01 4.072580645161290591e-01
7.011952191235060194e-01 4.475806451612903136e-01
7.011952191235060194e-01 5.927419354838709964e-01
7.011952191235060194e-01 5.967741935483871218e-01
7.011952191235060194e-01 6.008064516129032473e-01
7.011952191235060194e-01 6.048387096774193727e-01
7.011952191235060194e-01 6.088709677419354982e-01
7.011952191235060194e-01 6.129032258064516236e-01
7.011952191235060194e-01 6.532258064516128782e-01
7.011952191235060194e-01 7.258064516129032473e-01
7.051792828685259362e-01 4.032258064516128782e-01
7.051792828685259362e-01 4.475806451612903136e-01
7.051792828685259362e-01 5.887096774193548709e-01
7.051792828685259362e-01 6.169354838709677491e-01
7.051792828685259362e-01 6.451612903225806273e-01
7.051792828685259362e-01 6.491935483870967527e-01
7.051792828685259362e-01 7.298387096774193727e-01
7.091633466135458530e-01 4.032258064516128782e-01
7.091633466135458530e-01 4.475806451612903136e-01
7.091633466135458530e-01 5.887096774193548709e-01
7.091633466135458530e-01 6.209677419354838745e-01
7.091633466135458530e-01 6.250000000000000000e-01
7.091633466135458530e-01 6.290322580645161255e-01
7.091633466135458530e-01 6.330645161290322509e-01
7.091633466135458530e-01 6.370967741935483764e-01
7.091633466135458530e-01 6.411290322580645018e-01
7.091633466135458530e-01 7.298387096774193727e-01
7.131474103585657698e-01 4.032258064516128782e-01
7.131474103585657698e-01 4.475806451612903136e-01
7.131474103585657698e-01 5.887096774193548709e-01
7.131474103585657698e-01 6.209677419354838745e-01
7.131474103585657698e-01 7.298387096774193727e-01
7.171314741035856866e-01 4.032258064516128782e-01
7.171314741035856866e-01 4.475806451612903136e-01
7.171314741035856866e-01 5.887096774193548709e-01
7.171314741035856866e-01 6.209677419354838745e-01
7.171314741035856866e-01 7.298387096774193727e-01
7.211155378486056033e-01 4.032258064516128782e-01
7.211155378486056033e-01 4.435483870967741882e-01
7.211155378486056033e-01 5.806451612903226200e-01
7.211155378486056033e-01 5.846774193548387455e-01
7.211155378486056033e-01 5.887096774193548709e-01
7.211155378486056033e-01 6.209677419354838745e-01
7.211155378486056033e-01 7.298387096774193727e-01
7.250996015936255201e-01 3.991935483870967527e-01
7.250996015936255201e-01 5.766129032258064946e-01
7.250996015936255201e-01 5.927419354838709964e-01
7.250996015936255201e-01 5.967741935483871218e-01
7.250996015936255201e-01 6.008064516129032473e-01
7.250996015936255201e-01 6.048387096774193727e-01
7.250996015936255201e-01 6.088709677419354982e-01
7.250996015936255201e-01 6.129032258064516236e-01
7.250996015936255201e-01 6.169354838709677491e-01
7.250996015936255201e-01 6.209677419354838745e-01
7.250996015936255201e-01 7.298387096774193727e-01
7.290836653386454369e-01 3.991935483870967527e-01
7.290836653386454369e-01 5.725806451612903691e-01
7.290836653386454369e-01 6.250000000000000000e-01
7.290836653386454369e-01 7.298387096774193727e-01
7.330677290836653537e-01 3.991935483870967527e-01
7.330677290836653537e-01 5.725806451612903691e-01
7.330677290836653537e-01 6.250000000000000000e-01
7.330677290836653537e-01 7.298387096774193727e-01
7.330677290836653537e-01 7.338709677419354982e-01
7.370517928286852705e-01 3.991935483870967527e-01
7.370517928286852705e-01 5.725806451612903691e-01
7.370517928286852705e-01 6.250000000000000000e-01
7.370517928286852705e-01 7.258064516129032473e-01
7.370517928286852705e-01 7.379032258064516236e-01
7.370517928286852705e-01 7.419354838709677491e-01
7.410358565737051872e-01 3.991935483870967527e-01
7.410358565737051872e-01 5.685483870967742437e-01
7.410358565737051872e-01 6.250000000000000000e-01
7.410358565737051872e-01 7.217741935483871218e-01
7.410358565737051872e-01 7.459677419354838745e-01
7.410358565737051872e-01 7.500000000000000000e-01
7.410358565737051872e-01 7.540322580645161255e-01
7.450199203187251040e-01 3.991935483870967527e-01
7.450199203187251040e-01 5.685483870967742437e-01
7.450199203187251040e-01 6.290322580645161255e-01
7.450199203187251040e-01 7.217741935483871218e-01
7.450199203187251040e-01 7.580645161290322509e-01
7.450199203187251040e-01 7.620967741935483764e-01
7.490039840637450208e-01 3.991935483870967527e-01
7.490039840637450208e-01 5.685483870967742437e-01
7.490039840637450208e-01 6.330645161290322509e-01
7.490039840637450208e-01 7.217741935483871218e-01
7.490039840637450208e-01 7.661290322580645018e-01
7.490039840637450208e-01 7.701612903225806273e-01
7.529880478087649376e-01 3.951612903225806273e-01
7.529880478087649376e-01 5.645161290322581182e-01
7.529880478087649376e-01 6.370967741935483764e-01
7.529880478087649376e-01 7.217741935483871218e-01
7.529880478087649376e-01 7.741935483870967527e-01
7.529880478087649376e-01 7.782258064516128782e-01
7.569721115537848544e-01 3.951612903225806273e-01
7.569721115537848544e-01 5.645161290322581182e-01
7.569721115537848544e-01 6.411290322580645018e-01
7.569721115537848544e-01 7.217741935483871218e-01
7.609561752988047711e-01 3.951612903225806273e-01
7.609561752988047711e-01 5.645161290322581182e-01
7.609561752988047711e-01 7.217741935483871218e-01
7.649402390438246879e-01 3.911290322580645018e-01
7.649402390438246879e-01 5.645161290322581182e-01
7.649402390438246879e-01 7.217741935483871218e-01
7.689243027888446047e-01 3.911290322580645018e-01
7.689243027888446047e-01 5.645161290322581182e-01
7.689243027888446047e-01 7.217741935483871218e-01
7.729083665338645215e-01 3.911290322580645018e-01
7.729083665338645215e-01 5.645161290322581182e-01
7.729083665338645215e-01 7.217741935483871218e-01
7.768924302788844383e-01 3.870967741935483764e-01
7.768924302788844383e-01 5.604838709677418818e-01
7.768924302788844383e-01 7.217741935483871218e-01
7.808764940239043550e-01 3.870967741935483764e-01
7.808764940239043550e-01 5.604838709677418818e-01
7.808764940239043550e-01 7.217741935483871218e-01
7.848605577689242718e-01 3.870967741935483764e-01
7.848605577689242718e-01 5.564516129032257563e-01
7.848605577689242718e-01 7.177419354838709964e-01
7.888446215139441886e-01 3.870967741935483764e-01
7.888446215139441886e-01 5.564516129032257563e-01
7.888446215139441886e-01 7.177419354838709964e-01
7.928286852589641054e-01 3.830645161290322509e-01
7.928286852589641054e-01 5.524193548387096309e-01
7.928286852589641054e-01 7.177419354838709964e-01
7.968127490039840222e-01 3.830645161290322509e-01
7.968127490039840222e-01 5.524193548387096309e-01
7.968127490039840222e-01 7.177419354838709964e-01
8.007968127490039389e-01 3.790322580645161255e-01
8.007968127490039389e-01 5.483870967741935054e-01
8.007968127490039389e-01 7.177419354838709964e-01
8.047808764940238557e-01 3.790322580645161255e-01
8.047808764940238557e-01 5.443548387096773800e-01
8.047808764940238557e-01 7.137096774193548709e-01
8.087649402390437725e-01 3.750000000000000000e-01
8.087649402390437725e-01 5.443548387096773800e-01
8.087649402390437725e-01 7.137096774193548709e-01
8.127490039840638003e-01 3.750000000000000000e-01
8.127490039840638003e-01 5.443548387096773800e-01
8.127490039840638003e-01 7.137096774193548709e-01
8.167330677290837171e-01 3.709677419354838745e-01
8.167330677290837171e-01 5.403225806451612545e-01
8.167330677290837171e-01 7.137096774193548709e-01
8.207171314741036339e-01 3.709677419354838745e-01
8.207171314741036339e-01 5.403225806451612545e-01
8.207171314741036339e-01 7.137096774193548709e-01
8.247011952191235507e-01 3.709677419354838745e-01
8.247011952191235507e-01 5.362903225806451291e-01
8.247011952191235507e-01 7.137096774193548709e-01
8.286852589641434674e-01 3.669354838709677491e-01
8.286852589641434674e-01 5.362903225806451291e-01
8.286852589641434674e-01 7.137096774193548709e-01
8.326693227091633842e-01 3.669354838709677491e-01
8.326693227091633842e-01 5.322580645161290036e-01
8.326693227091633842e-01 7.137096774193548709e-01
8.366533864541833010e-01 3.629032258064516236e-01
8.366533864541833010e-01 5.322580645161290036e-01
8.366533864541833010e-01 7.137096774193548709e-01
8.406374501992032178e-01 3.629032258064516236e-01
8.406374501992032178e-01 5.282258064516128782e-01
8.406374501992032178e-01 7.137096774193548709e-01
8.446215139442231346e-01 3.588709677419354982e-01
8.446215139442231346e-01 5.282258064516128782e-01
8.446215139442231346e-01 7.137096774193548709e-01
8.486055776892430513e-01 3.588709677419354982e-01
8.486055776892430513e-01 5.282258064516128782e-01
8.486055776892430513e-01 7.137096774193548709e-01
8.525896414342629681e-01 3.548387096774193727e-01
8.525896414342629681e-01 5.241935483870967527e-01
8.525896414342629681e-01 7.137096774193548709e-01
8.565737051792828849e-01 3.548387096774193727e-01
8.565737051792828849e-01 5.241935483870967527e-01
8.565737051792828849e-01 7.096774193548387455e-01
8.605577689243028017e-01 3.508064516129032473e-01
8.605577689243028017e-01 5.201612903225806273e-01
8.605577689243028017e-01 7.096774193548387455e-01
8.645418326693227185e-01 3.508064516129032473e-01
8.645418326693227185e-01 5.201612903225806273e-01
8.645418326693227185e-01 7.096774193548387455e-01
8.685258964143426352e-01 3.467741935483871218e-01
8.685258964143426352e-01 5.161290322580645018e-01
8.685258964143426352e-01 7.096774193548387455e-01
8.725099601593625520e-01 3.427419354838709409e-01
8.725099601593625520e-01 5.161290322580645018e-01
8.725099601593625520e-01 7.096774193548387455e-01
8.764940239043824688e-01 3.427419354838709409e-01
8.764940239043824688e-01 5.120967741935483764e-01
8.764940239043824688e-01 7.096774193548387455e-01
8.804780876494023856e-01 3.387096774193548154e-01
8.804780876494023856e-01 5.120967741935483764e-01
8.804780876494023856e-01 7.096774193548387455e-01
8.844621513944223024e-01 3.346774193548386900e-01
8.844621513944223024e-01 5.120967741935483764e-01
8.844621513944223024e-01 7.096774193548387455e-01
8.884462151394422191e-01 3.346774193548386900e-01
8.884462151394422191e-01 5.120967741935483764e-01
8.884462151394422191e-01 7.096774193548387455e-01
8.924302788844621359e-01 3.346774193548386900e-01
8.924302788844621359e-01 5.120967741935483764e-01
8.924302788844621359e-01 7.096774193548387455e-01
8.964143426294820527e-01 3.306451612903225645e-01
8.964143426294820527e-01 5.080645161290322509e-01
8.964143426294820527e-01 7.096774193548387455e-01
9.003984063745019695e-01 3.266129032258064391e-01
9.003984063745019695e-01 5.040322580645161255e-01
9.003984063745019695e-01 7.096774193548387455e-01
9.043824701195218863e-01 3.225806451612903136e-01
9.043824701195218863e-01 5.040322580645161255e-01
9.043824701195218863e-01 7.096774193548387455e-01
9.083665338645418030e-01 3.185483870967741882e-01
9.083665338645418030e-01 5.040322580645161255e-01
9.083665338645418030e-01 7.096774193548387455e-01
9.123505976095617198e-01 3.145161290322580627e-01
9.123505976095617198e-01 5.000000000000000000e-01
9.123505976095617198e-01 5.040322580645161255e-01
9.123505976095617198e-01 7.056451612903226200e-01
9.163346613545816366e-01 3.104838709677419373e-01
9.163346613545816366e-01 4.919354838709677491e-01
9.163346613545816366e-01 4.959677419354838745e-01
9.163346613545816366e-01 5.080645161290322509e-01
9.163346613545816366e-01 7.056451612903226200e-01
9.203187250996015534e-01 3.064516129032258118e-01
9.203187250996015534e-01 4.879032258064516236e-01
9.203187250996015534e-01 5.120967741935483764e-01
9.203187250996015534e-01 7.056451612903226200e-01
9.243027888446214702e-01 3.064516129032258118e-01
9.243027888446214702e-01 4.879032258064516236e-01
9.243027888446214702e-01 5.161290322580645018e-01
9.243027888446214702e-01 7.056451612903226200e-01
9.282868525896413869e-01 3.024193548387096864e-01
9.282868525896413869e-01 4.879032258064516236e-01
9.282868525896413869e-01 5.161290322580645018e-01
9.282868525896413869e-01 7.016129032258064946e-01
9.322709163346613037e-01 2.983870967741935609e-01
9.322709163346613037e-01 4.879032258064516236e-01
9.322709163346613037e-01 5.120967741935483764e-01
9.322709163346613037e-01 7.016129032258064946e-01
9.362549800796812205e-01 2.983870967741935609e-01
9.362549800796812205e-01 4.879032258064516236e-01
9.362549800796812205e-01 5.120967741935483764e-01
9.362549800796812205e-01 6.975806451612903691e-01
9.402390438247012483e-01 4.838709677419354982e-01
9.402390438247012483e-01 4.879032258064516236e-01
9.402390438247012483e-01 5.120967741935483764e-01
9.402390438247012483e-01 6.975806451612903691e-01
9.442231075697211651e-01 4.798387096774193727e-01
9.442231075697211651e-01 4.919354838709677491e-01
9.442231075697211651e-01 5.120967741935483764e-01
9.442231075697211651e-01 6.975806451612903691e-01
9.482071713147410819e-01 4.758064516129032473e-01
9.482071713147410819e-01 4.959677419354838745e-01
9.482071713147410819e-01 5.000000000000000000e-01
9.482071713147410819e-01 5.040322580645161255e-01
9.482071713147410819e-01 5.080645161290322509e-01
9.482071713147410819e-01 6.975806451612903691e-01
9.521912350597609986e-01 4.717741935483871218e-01
9.521912350597609986e-01 6.975806451612903691e-01
9.561752988047809154e-01 4.677419354838709409e-01
9.561752988047809154e-01 6.975806451612903691e-01
9.601593625498008322e-01 4.677419354838709409e-01
9.601593625498008322e-01 6.975806451612903691e-01
9.641434262948207490e-01 4.677419354838709409e-01
9.641434262948207490e-01 6.975806451612903691e-01
9.681274900398406658e-01 4.677419354838709409e-01
9.681274900398406658e-01 6.975806451612903691e-01
9.721115537848605825e-01 4.677419354838709409e-01
9.721115537848605825e-01 6.975806451612903691e-01
9.760956175298804993e-01 4.637096774193548154e-01
9.760956175298804993e-01 6.975806451612903691e-01
9.800796812749004161e-01 6.975806451612903691e-01
9.840637450199203329e-01 6.935483870967742437e-01
9.840637450199203329e-01 6.975806451612903691e-01
9.840637450199203329e-01 7.016129032258064946e-01
9.880478087649402497e-01 6.935483870967742437e-01
9.880478087649402497e-01 7.056451612903226200e-01
9.880478087649402497e-01 7.096774193548387455e-01
9.920318725099601664e-01 6.935483870967742437e-01
9.960159362549800832e-01 6.935483870967742437e-01
1.000000000000000000e+00 6.895161290322581182e-01
