8.859452791512012482e-03 6.315406383011474833e-01
6.111051887273788452e-03 6.396509084876731421e-01
4.232127685099840164e-03 6.382206434974948550e-01
1.154284528547934452e-02 6.339809066245714053e-01
1.006024866456202427e-02 6.335889883732130912e-01
1.292125927466972191e-02 6.343204357855799502e-01
1.103922468792720157e-02 6.303393732584324782e-01
1.231944776646902440e-02 6.337473990590157813e-01
1.480453572368395365e-02 6.334320283223721093e-01
1.675085956687290267e-02 6.346801893980088538e-01
2.435098932439680453e-02 6.329041656633150881e-01
3.168964805629323478e-02 9.935331844526481548e-01
2.745098039215686236e-02 6.345381526104417746e-01
3.080150322696449672e-02 9.950159708305400530e-01
2.920087031819218470e-02 6.360941330264565652e-01
3.709504288420373275e-02 9.941128535097067953e-01
3.088458744699464076e-02 6.380772566250768607e-01
3.854116774985895388e-02 9.954044467554030717e-01
3.868508281633623036e-02 6.377396252166187551e-01
4.135939200390495452e-02 9.959940649164327198e-01
3.913984518571227145e-02 6.408739954160234120e-01
4.443692347107856822e-02 9.964622863003587128e-01
4.522269569501718989e-02 6.428358483678300317e-01
4.743237794541260710e-02 9.971277113904779554e-01
5.207910296762836844e-02 6.460534687977785850e-01
4.926330620678616434e-02 9.986096474708592297e-01
5.827691151176159212e-02 6.482441667691770659e-01
5.661448791038756201e-02 9.970234483480453491e-01
5.831141736331012237e-02 6.515719861715066896e-01
5.817760330597486484e-02 9.984931878279894590e-01
6.596626203105437902e-02 6.513826897691367135e-01
5.999954418808806089e-02 9.990808772854506969e-01
6.775065885546306677e-02 6.534660857261521683e-01
7.054335158506599979e-02 6.546952177424579800e-01
7.361717989449115263e-02 9.995583734998945147e-01
7.352219407318853761e-02 6.560515318389413819e-01
7.602077025792323972e-02 9.996285217348486185e-01
7.460795484446719472e-02 6.578545157655505404e-01
7.942338371147200649e-02 9.996498892433010042e-01
8.103578120524830564e-02 6.593076355363070018e-01
8.307399969369939907e-02 9.996285217348486185e-01
8.803714848735241794e-02 6.608623870471717066e-01
8.681989346776960992e-02 9.995885346434079111e-01
8.773322219266464772e-02 6.642119517838807052e-01
9.029888918948035526e-02 9.994840594590641558e-01
9.522128421676290255e-02 6.648648541110256938e-01
9.371830397148561698e-02 9.992577786324545741e-01
9.524293944659624478e-02 6.683445414916301397e-01
9.691453087097946784e-02 9.987150137312710285e-01
1.026062143156213635e-01 6.691099511946637657e-01
9.886021844622697174e-02 9.973096819594502449e-01
1.022844768841476987e-01 6.725307111184198883e-01
1.062735466358443598e-01 9.990184123994385601e-01
1.078818934293938603e-01 6.749696789953874010e-01
1.077601493126256194e-01 9.976227436814060212e-01
1.133413911712648076e-01 6.788010411475267070e-01
1.105708400983655554e-01 9.971436120936250092e-01
1.185238423914758144e-01 6.827808768727288147e-01
1.131912945112323043e-01 9.971406821528052689e-01
1.236886983089075936e-01 6.863537229375257231e-01
1.143647411655561580e-01 9.978458505024736525e-01
1.289576860436913996e-01 6.886761944093947596e-01
1.158845313185570269e-01 9.961492035072296858e-01
1.287230582976275628e-01 6.920784699083512015e-01
1.361458814082046331e-01 6.924327954567639498e-01
1.371127075427805431e-01 6.949097087000633000e-01
1.381713173215222690e-01 6.974906386259613900e-01
1.443746779451840767e-01 6.992531681741189775e-01
1.511908143640075808e-01 7.013553952448533524e-01
1.582240697818205755e-01 3.644482756938680623e-01
1.502752539592192571e-01 7.045313211739526738e-01
1.597878802932944931e-01 3.676706202866801276e-01
1.567403716545930914e-01 7.068956533254519004e-01
1.601549925773368133e-01 3.712242153645249898e-01
1.620670161584355784e-01 3.718364767535742854e-01
1.643729226572402669e-01 3.727716370506761745e-01
1.630432957692035389e-01 7.090840094571326802e-01
1.646021512225749606e-01 3.795443422630443986e-01
1.676995121326078364e-01 3.789203097215333993e-01
1.623276730917175004e-01 7.124045593046908209e-01
1.708677625676215395e-01 3.840005661330062603e-01
1.689364920122612967e-01 7.147097098646941760e-01
1.750946487701844911e-01 3.881844391183269516e-01
1.756958845473241548e-01 7.171017817501165181e-01
1.799785471932195680e-01 3.912167895985505517e-01
1.755067459136412100e-01 7.205741740809940010e-01
1.790156199551169169e-01 3.944063109745941098e-01
1.829944411712680352e-01 7.212729236722575932e-01
1.861756582940727878e-01 3.954916146151856160e-01
1.828359608036265183e-01 7.246090713102953940e-01
1.856442837017204806e-01 3.988808658007667041e-01
1.906284909202333733e-01 7.253743449238178043e-01
1.921559675374211740e-01 4.010702181856679038e-01
1.903684207219995816e-01 7.286761039414492158e-01
1.984906250601816968e-01 4.029899651416573580e-01
1.974590899646464781e-01 7.301329988282618810e-01
1.995624544681049994e-01 4.057915066280631256e-01
2.039195921272039524e-01 7.315695780772626389e-01
1.999422838454883444e-01 4.080149805870834645e-01
2.053111111055876958e-01 7.334337153216734517e-01
2.049384208414338493e-01 4.099472381738407112e-01
2.083868914534904027e-01 7.347236877896035079e-01
2.102287854561034341e-01 4.137319201538895430e-01
2.113177570192526777e-01 7.358834834514096368e-01
2.150608289441294785e-01 4.177932579366744337e-01
2.133041825647666867e-01 7.379076039861798275e-01
2.193877221509134001e-01 4.217266328780980844e-01
2.212625991598721198e-01 7.372922185419433783e-01
2.236233565210782592e-01 4.256946070343357591e-01
2.239294587863910613e-01 7.401054589387335847e-01
2.278853604168284142e-01 4.296568133006850587e-01
2.321973098971533978e-01 7.390001539316731760e-01
2.322772774452745437e-01 4.335768030485115943e-01
2.313725490196078538e-01 7.429718875502008268e-01
2.373159512028317208e-01 4.375744926603885032e-01
2.352941176470588203e-01 7.429718875502008268e-01
2.423635135030410559e-01 4.399974996183838027e-01
2.392156862745098145e-01 7.429718875502008268e-01
2.416138143146264461e-01 4.432546630694370049e-01
2.431372549019607809e-01 7.469879518072288782e-01
2.516444302730116434e-01 8.161174253774264864e-01
2.485822641167461100e-01 4.442955377337758360e-01
2.470588235294117752e-01 7.469879518072288782e-01
2.522808637579574409e-01 8.167210859110968224e-01
2.480388938568021118e-01 4.477375893214021740e-01
2.509803921568627416e-01 7.469879518072288782e-01
2.531909745305265247e-01 8.182086803581954948e-01
2.532221353042176659e-01 4.502378682880363026e-01
2.549019607843137081e-01 7.469879518072288782e-01
2.600986844056523140e-01 8.168825581866170360e-01
2.580297320403213690e-01 4.539666048770168993e-01
2.591050365611034523e-01 7.171425756747763502e-01
2.589161588496234345e-01 7.189661287085478136e-01
2.592410919044221829e-01 7.216016613825946280e-01
2.603927206385004411e-01 7.235159331513755232e-01
2.588235294117647300e-01 7.469879518072288782e-01
2.617985727868097912e-01 8.181913866625021292e-01
2.624293442961632139e-01 4.578882831927067465e-01
2.627450980392156965e-01 7.228915662650602370e-01
2.627450980392156965e-01 7.269076305220883993e-01
2.627450980392156965e-01 7.309236947791164507e-01
2.627450980392156965e-01 7.349397590361446131e-01
2.627450980392156965e-01 7.389558232931726645e-01
2.627450980392156965e-01 7.429718875502008268e-01
2.627450980392156965e-01 7.469879518072288782e-01
2.648397959449200756e-01 8.186780456067848100e-01
2.667243886137536379e-01 4.618486619053956965e-01
2.666666666666666630e-01 7.469879518072288782e-01
2.681758654691899779e-01 8.188990777321945025e-01
2.710680447392138093e-01 4.657962562285020702e-01
2.789958383121034502e-01 5.949811703992079481e-01
2.705882352941176294e-01 7.510040160642570406e-01
2.717707618769696354e-01 8.187674755659739567e-01
2.757429867690684988e-01 4.696395513440302927e-01
2.787270360334100916e-01 5.958651048365052327e-01
2.745098039215686514e-01 7.510040160642570406e-01
2.754171916224318339e-01 8.185357487141939892e-01
2.808509488307012747e-01 4.722757563747682630e-01
2.842185164984388779e-01 5.911811380048682674e-01
2.784313725490196179e-01 7.550200803212850920e-01
2.790890787212251256e-01 8.182517622095386578e-01
2.799014228587860531e-01 4.756803380612500964e-01
2.871370274299646086e-01 5.958651048365052327e-01
2.823529411764705843e-01 7.590361445783132543e-01
2.826239121571073598e-01 8.181484067077602340e-01
2.849249144285624924e-01 4.784656573822403947e-01
2.891002502958929243e-01 5.949811703992079481e-01
2.862745098039215508e-01 7.630522088353414167e-01
2.864215369566284197e-01 8.180274976380954577e-01
2.894399478193829256e-01 4.825164019382637282e-01
2.922210437921332615e-01 5.946808052191979721e-01
2.901960784313725727e-01 7.630522088353414167e-01
2.991492837411808270e-01 7.804108367537159197e-01
2.902730939334016713e-01 8.176117340531985356e-01
2.935294333249604537e-01 4.868712075988305688e-01
2.955888406825525894e-01 5.945562762442048177e-01
2.941176470588235392e-01 7.630522088353414167e-01
2.992765506017295851e-01 7.797846308213669531e-01
2.939756940861972256e-01 8.173921839530433608e-01
2.972969926889145742e-01 4.916597831513672689e-01
2.990603687469938765e-01 5.945246726275424942e-01
2.980392156862745057e-01 7.670682730923694681e-01
2.995081240772360931e-01 7.787045280684727899e-01
2.973734524096453558e-01 8.171858079927827312e-01
2.998901336225589520e-01 4.968287288295441528e-01
3.034153717574571973e-01 4.963960623551892937e-01
3.037057835147624618e-01 5.947735192255120262e-01
3.019607843137254721e-01 7.670682730923694681e-01
3.019607843137254721e-01 7.791164658634538442e-01
3.009019416761493093e-01 8.167254801570291711e-01
3.054447753077564887e-01 5.027078309378785193e-01
3.076435891692252955e-01 5.949618538376878485e-01
3.058823529411764941e-01 7.710843373493976305e-01
3.058823529411764941e-01 7.751004016064256819e-01
3.041025140103610358e-01 8.159025889086390926e-01
3.072882442059470254e-01 5.087062783920800468e-01
3.099265967605877581e-01 5.097371019030515482e-01
3.123321713204039174e-01 5.105322551096314054e-01
3.098039215686274606e-01 5.943775100401605949e-01
3.098039215686274606e-01 7.751004016064256819e-01
3.062069670552862721e-01 8.137025300144071771e-01
3.142791048306332602e-01 5.156799801372844438e-01
3.137254901960784270e-01 5.943775100401605949e-01
3.137254901960784270e-01 7.751004016064256819e-01
3.143719285874919667e-01 8.128428241335244886e-01
3.177115144656614820e-01 5.206635984438789944e-01
3.176470588235293935e-01 5.943775100401605949e-01
3.176470588235293935e-01 7.751004016064256819e-01
3.145521633135264228e-01 8.095186907895298711e-01
3.214622732942385430e-01 5.251599763698658885e-01
3.215686274509804154e-01 5.943775100401605949e-01
3.215686274509804154e-01 7.791164658634538442e-01
3.215686274509804154e-01 8.112449799196786993e-01
3.253023651371454439e-01 5.294636725027294100e-01
3.254901960784313819e-01 5.943775100401605949e-01
3.254901960784313819e-01 7.791164658634538442e-01
3.254901960784313819e-01 8.072289156626506479e-01
3.294460470936695917e-01 5.339408873025903723e-01
3.294117647058823484e-01 5.943775100401605949e-01
3.294117647058823484e-01 7.791164658634538442e-01
3.294117647058823484e-01 8.072289156626506479e-01
3.333422699036721615e-01 5.381147228788276671e-01
3.333333333333333148e-01 5.943775100401605949e-01
3.380548803446193351e-01 6.762440783424250590e-01
3.360966610101361884e-01 6.752440918322997199e-01
3.333333333333333148e-01 7.831325301204818956e-01
3.333333333333333148e-01 8.032128514056224855e-01
3.372432049175925206e-01 5.422761284710112539e-01
3.372549019607843368e-01 5.983935742971887572e-01
3.421471417735458820e-01 6.715259194162760403e-01
3.388309038330928891e-01 6.704477742202130663e-01
3.372549019607843368e-01 7.871485943775100580e-01
3.372549019607843368e-01 7.911646586345381094e-01
3.372549019607843368e-01 7.991967871485943231e-01
3.414003709834479983e-01 5.467214011912137073e-01
3.411764705882353033e-01 5.943775100401605949e-01
3.411764705882353033e-01 5.983935742971887572e-01
3.411764705882353033e-01 6.024096385542169196e-01
3.411764705882353033e-01 6.064257028112449710e-01
3.411764705882353033e-01 6.104417670682731334e-01
3.411764705882353033e-01 6.144578313253011848e-01
3.459876797490698541e-01 6.677503125198805956e-01
3.411764705882353033e-01 7.951807228915662717e-01
3.457422665891000113e-01 5.521018129149750653e-01
3.450980392156862697e-01 5.943775100401605949e-01
3.450980392156862697e-01 6.184738955823293471e-01
3.449191866169213361e-01 6.637299218370268372e-01
3.450980392156862697e-01 7.951807228915662717e-01
3.497198536291298288e-01 5.586748907050813617e-01
3.490196078431372362e-01 5.943775100401605949e-01
3.490196078431372362e-01 6.224899598393573985e-01
3.517900263771925884e-01 6.592724996209369248e-01
3.490196078431372362e-01 7.991967871485943231e-01
3.530920692377121362e-01 5.649300793458867931e-01
3.529411764705882582e-01 5.943775100401605949e-01
3.529411764705882582e-01 6.224899598393573985e-01
3.529411764705882582e-01 6.586345381526104159e-01
3.529411764705882582e-01 7.991967871485943231e-01
3.547626715984341650e-01 5.694842697027696632e-01
3.568627450980392246e-01 5.662650602409639022e-01
3.568627450980392246e-01 5.903614457831325435e-01
3.568627450980392246e-01 6.265060240963855609e-01
3.568627450980392246e-01 6.586345381526104159e-01
3.568627450980392246e-01 7.991967871485943231e-01
3.607843137254901911e-01 5.702811244979919536e-01
3.607843137254901911e-01 5.863453815261043811e-01
3.607843137254901911e-01 6.265060240963855609e-01
3.607843137254901911e-01 6.586345381526104159e-01
3.607843137254901911e-01 7.991967871485943231e-01
3.647058823529411575e-01 5.742971887550201160e-01
3.647058823529411575e-01 5.783132530120481674e-01
3.647058823529411575e-01 5.823293172690763297e-01
3.647058823529411575e-01 5.863453815261043811e-01
3.647058823529411575e-01 6.305220883534136123e-01
3.647058823529411575e-01 6.506024096385542022e-01
3.647058823529411575e-01 6.546184738955823645e-01
3.622053550474126360e-01 8.006786273027504119e-01
3.686274509803921795e-01 5.863453815261043811e-01
3.686274509803921795e-01 6.345381526104417746e-01
3.686274509803921795e-01 6.385542168674698260e-01
3.686274509803921795e-01 6.425702811244979884e-01
3.686274509803921795e-01 6.465863453815261508e-01
3.645556942486734009e-01 8.026288237589145336e-01
3.725490196078431460e-01 5.863453815261043811e-01
3.725490196078431460e-01 6.345381526104417746e-01
3.727635985118218365e-01 8.020530903046150240e-01
3.764705882352941124e-01 5.903614457831325435e-01
3.764705882352941124e-01 6.305220883534136123e-01
3.733038828653447716e-01 8.053178124860991272e-01
3.803921568627450789e-01 5.903614457831325435e-01
3.803921568627450789e-01 6.305220883534136123e-01
3.816148736235667194e-01 8.057323786561905177e-01
3.843137254901961009e-01 5.943775100401605949e-01
3.843137254901961009e-01 6.305220883534136123e-01
3.818622176498905341e-01 8.091583394344492586e-01
3.882352941176470673e-01 5.983935742971887572e-01
3.882352941176470673e-01 6.024096385542169196e-01
3.882352941176470673e-01 6.064257028112449710e-01
3.882352941176470673e-01 6.104417670682731334e-01
3.882352941176470673e-01 6.305220883534136123e-01
3.904888391001697934e-01 8.102841763289637678e-01
3.982181531358875426e-01 2.253306747178535907e-01
3.989266772736229094e-01 2.257306620807772168e-01
4.005902140383042487e-01 2.263329359665363361e-01
3.921568627450980338e-01 6.144578313253011848e-01
3.921568627450980338e-01 6.184738955823293471e-01
3.921568627450980338e-01 6.305220883534136123e-01
3.907397743063412698e-01 8.139541667884208076e-01
3.960784313725490002e-01 2.289156626506023973e-01
3.960784313725490002e-01 2.329317269076305319e-01
3.960784313725490002e-01 2.369477911646586388e-01
3.960784313725490002e-01 6.224899598393573985e-01
3.960784313725490002e-01 6.265060240963855609e-01
3.985413828389901547e-01 8.163157594254629723e-01
4.000000000000000222e-01 2.409638554216867457e-01
4.000000000000000222e-01 6.265060240963855609e-01
4.000000000000000222e-01 8.192771084337349130e-01
4.039215686274509887e-01 2.409638554216867457e-01
4.039215686274509887e-01 6.265060240963855609e-01
4.039215686274509887e-01 8.192771084337349130e-01
4.078431372549019551e-01 2.449799196787148525e-01
4.078431372549019551e-01 6.265060240963855609e-01
4.078431372549019551e-01 8.192771084337349130e-01
4.117647058823529216e-01 2.449799196787148525e-01
4.117647058823529216e-01 2.489959839357429594e-01
4.117647058823529216e-01 6.224899598393573985e-01
4.117647058823529216e-01 6.265060240963855609e-01
4.117647058823529216e-01 8.232931726907630754e-01
4.146600964972201320e-01 9.841419274621384661e-01
4.131725018172908159e-01 9.837293649825405994e-01
4.156862745098039436e-01 2.409638554216867457e-01
4.156862745098039436e-01 2.530120481927710663e-01
4.156862745098039436e-01 2.570281124497991732e-01
4.156862745098039436e-01 6.184738955823293471e-01
4.156862745098039436e-01 6.305220883534136123e-01
4.156862745098039436e-01 6.345381526104417746e-01
4.156862745098039436e-01 6.385542168674698260e-01
4.156862745098039436e-01 6.425702811244979884e-01
4.156862745098039436e-01 6.465863453815261508e-01
4.156862745098039436e-01 6.506024096385542022e-01
4.156862745098039436e-01 6.546184738955823645e-01
4.149987942459262835e-01 6.563268879851154036e-01
4.158773552866620871e-01 6.607678716592715329e-01
4.172391927371933984e-01 6.654816959441328672e-01
4.190137664358332681e-01 6.685017401606861975e-01
4.156862745098039436e-01 8.232931726907630754e-01
4.185816651246711539e-01 9.055452511129699067e-01
4.170940704447418379e-01 9.081087225281827546e-01
4.165074121942013430e-01 9.118383597060930601e-01
4.162154535100996422e-01 9.157593941795695303e-01
4.160440429208535629e-01 9.197336140914923464e-01
4.159320730927135723e-01 9.237278113492158882e-01
4.158534334950815814e-01 9.277310772841120823e-01
4.157952592089856902e-01 9.317390265919440751e-01
4.157505193674439492e-01 9.357496298707993487e-01
4.157150601280734104e-01 9.397618469913869843e-01
4.156862745098039436e-01 9.437751003855350262e-01
4.156574888915344768e-01 9.477883538932256879e-01
4.156220296521639379e-01 9.518005708510136609e-01
4.156060754343486319e-01 9.555163819009268034e-01
4.155833603967182266e-01 9.591975078392533938e-01
4.155494606188001039e-01 9.628342307910480180e-01
4.154956650549281316e-01 9.664113954313653387e-01
4.154028940633140432e-01 9.699024079605024218e-01
4.152229052946638244e-01 9.732501029839223383e-01
4.148076576333694088e-01 9.762775762442379435e-01
4.136120214629188108e-01 9.779440666152441342e-01
4.229884332557227178e-01 9.859592640346073744e-02
4.213501274165715738e-01 1.010412219479347173e-01
4.206494253407250805e-01 1.047013541874073639e-01
4.202901269704121812e-01 1.085876723604504018e-01
4.200668437219243212e-01 1.125393049932825046e-01
4.199139084479789896e-01 1.165180409975089537e-01
4.198022014128761081e-01 1.205102843150050451e-01
4.197168278364366567e-01 1.245101110520752119e-01
4.196720879948949157e-01 1.285207142486212706e-01
4.196366287555243768e-01 1.325329313287363642e-01
4.196366287555243768e-01 1.365433739735469609e-01
4.196720879948949157e-01 1.405555910127347652e-01
4.197168278364366567e-01 1.445661944134623844e-01
4.197750021225325479e-01 1.485741434775497416e-01
4.198536417201645388e-01 1.525774096179918216e-01
4.199656115483045293e-01 1.565716067920417953e-01
4.201370221375506087e-01 1.605458266239290221e-01
4.204289808216523094e-01 1.644668613375121491e-01
4.210156390721928044e-01 1.681964981807283488e-01
4.225032337521221204e-01 1.707599697705642627e-01
4.196078431372549100e-01 2.409638554216867457e-01
4.196078431372549100e-01 2.610441767068273355e-01
4.196078431372549100e-01 2.650602409638554424e-01
4.196078431372549100e-01 5.983935742971887572e-01
4.196078431372549100e-01 6.024096385542169196e-01
4.196078431372549100e-01 6.064257028112449710e-01
4.196078431372549100e-01 6.104417670682731334e-01
4.196078431372549100e-01 6.144578313253011848e-01
4.175607893661614223e-01 6.764296921789196837e-01
4.196681098505174456e-01 6.786957142177567626e-01
4.219946289480682178e-01 6.811466403857218133e-01
4.196078431372549100e-01 8.273092369477911268e-01
4.196078431372549100e-01 8.313253012048192891e-01
4.196078431372549100e-01 8.353413654618473405e-01
4.196078431372549100e-01 8.393574297188755029e-01
4.196078431372549100e-01 8.433734939759036653e-01
4.196078431372549100e-01 8.473895582329317167e-01
4.196078431372549100e-01 8.514056224899598790e-01
4.196078431372549100e-01 8.554216867469879304e-01
4.196171237285121758e-01 8.581928914669063602e-01
4.195857311437244941e-01 8.625536525860918458e-01
4.195723838960653818e-01 8.671684290853284294e-01
4.194988584380731633e-01 8.714738248136784105e-01
4.194406841519772722e-01 8.754817742033649264e-01
4.193620445543452813e-01 8.794850400564065973e-01
4.192500747262052907e-01 8.834792372340946054e-01
4.190786641369592114e-01 8.874534572260529552e-01
4.187867054528575106e-01 8.913744916995294254e-01
4.182000472023170157e-01 8.951041288774397309e-01
4.167124525223876996e-01 8.976676002926525788e-01
4.258241093306637803e-01 8.616827952069600061e-02
4.236825165830155338e-01 8.841060756363351703e-02
4.215563909205443660e-01 9.066506470067343948e-02
4.206340211498386661e-01 1.786376205908815351e-01
4.221216158297679821e-01 1.812010921807174213e-01
4.227082740803084770e-01 1.849307291840046885e-01
4.227889321449979643e-01 1.890411068337976841e-01
4.227207304033286372e-01 1.931993664110483455e-01
4.223787250052041808e-01 1.975815701265688507e-01
4.220695510561413566e-01 2.020515376069848545e-01
4.215513221974320213e-01 2.064788668116285253e-01
4.235294117647058765e-01 2.088353413654618351e-01
4.235294117647058765e-01 2.128514056224899698e-01
4.235294117647058765e-01 2.168674698795180766e-01
4.235294117647058765e-01 2.208835341365461835e-01
4.235294117647058765e-01 2.248995983935742904e-01
4.235294117647058765e-01 2.289156626506023973e-01
4.235294117647058765e-01 2.329317269076305319e-01
4.235294117647058765e-01 2.369477911646586388e-01
4.235294117647058765e-01 2.690763052208835493e-01
4.273291282410568992e-01 5.800942323473562423e-01
4.248906716060660282e-01 5.826797061419791701e-01
4.230243820169776181e-01 5.865878286283139342e-01
4.211098811178303758e-01 5.908430134779381060e-01
4.182550172376282016e-01 5.939583435480951801e-01
4.208534894100225965e-01 6.893048248904566355e-01
4.228763431132606665e-01 6.919061717395876832e-01
4.241488511728889743e-01 6.956210011068402199e-01
4.252652721301488081e-01 6.998349629126556781e-01
4.261541169657207528e-01 7.034960358170324612e-01
4.273042328244842092e-01 7.068905819829948145e-01
4.235294117647058765e-01 7.108433734939758608e-01
4.235294117647058765e-01 8.273092369477911268e-01
4.298873703059393203e-01 6.609831547390773721e-02
4.281764924939374661e-01 6.859735566510231919e-02
4.272305358439802414e-01 7.219724616239896198e-02
4.262621805368575489e-01 7.577493582126576532e-02
4.244812567316579854e-01 7.819519374785144361e-02
4.237346012209194934e-01 2.749915399343658140e-01
4.263824409403491056e-01 2.772228989182271564e-01
4.286701213399532473e-01 2.792749514290875923e-01
4.303463710070240533e-01 4.035372189844558255e-01
4.288587763270947373e-01 4.061006905742917117e-01
4.282721180765542424e-01 4.098303275775789789e-01
4.279801593924525416e-01 4.137513620510555046e-01
4.278087488032064623e-01 4.177255819629782652e-01
4.277255646133448219e-01 4.217169683800322533e-01
4.276823842205225712e-01 4.257163870422911445e-01
4.276689497905203363e-01 4.297188753516713033e-01
4.276535985967961362e-01 4.337241744958947876e-01
4.276613197411529010e-01 4.377274406145089669e-01
4.276997641258525884e-01 4.417242877960044223e-01
4.278130004362787342e-01 4.457066227871810948e-01
4.280263194645407832e-01 4.496404556919288420e-01
4.285010078287336266e-01 4.533919597127106238e-01
4.298171918903130329e-01 4.559972757131354748e-01
4.299843510211098230e-01 4.757093980031305014e-01
4.287468064407470858e-01 4.783019157396311560e-01
4.283840879046942329e-01 4.820315527138145928e-01
4.283693788287813997e-01 4.859154184544031696e-01
4.286614586430254614e-01 4.900657842342798221e-01
4.294982395198780334e-01 4.943222100930624863e-01
4.314039008290159738e-01 4.973861601736198068e-01
4.274509803921568429e-01 5.622489959839357399e-01
4.274509803921568429e-01 5.662650602409639022e-01
4.274509803921568429e-01 5.702811244979919536e-01
4.274509803921568429e-01 5.742971887550201160e-01
4.274509803921568429e-01 7.148594377510040232e-01
4.274509803921568429e-01 7.188755020080320746e-01
4.274509803921568429e-01 7.228915662650602370e-01
4.274509803921568429e-01 8.232931726907630754e-01
4.313725490196078649e-01 8.716705255210399628e-03
4.313725490196078649e-01 9.756737538280496266e-03
4.313725490196078649e-01 1.228478487700702601e-02
4.313725490196078649e-01 1.530883832082870558e-02
4.313725490196078649e-01 1.858089458436731206e-02
4.313725490196078649e-01 2.200175198094253548e-02
4.313437634013383981e-01 2.551900009983724266e-02
4.313083041619678593e-01 2.910606947215086879e-02
4.312635643204261182e-01 3.274466874789498660e-02
4.312053900343302271e-01 3.642194777101569886e-02
4.311267504366982362e-01 4.012761025749561616e-02
4.309875813036627701e-01 4.411368474527799927e-02
4.307831033206015459e-01 4.807688222169954895e-02
4.304501792489021650e-01 5.198245538710934144e-02
4.297873430027097097e-01 5.567691870871557119e-02
4.282036156932294002e-01 5.818886673975601220e-02
4.277916842678963771e-01 2.879107377078593544e-01
4.296714915967017046e-01 2.910947130911658021e-01
4.307196150606900087e-01 2.953116651409376514e-01
4.316067445164948335e-01 2.997434878605885200e-01
4.313725490196078649e-01 3.012048192771084598e-01
4.313725490196078649e-01 3.052208835341365667e-01
4.313725490196078649e-01 3.092369477911646736e-01
4.313725490196078649e-01 3.132530120481927804e-01
4.313725490196078649e-01 3.172690763052208873e-01
4.313725490196078649e-01 3.212851405622489942e-01
4.313725490196078649e-01 3.253012048192771011e-01
4.313725490196078649e-01 3.293172690763052080e-01
4.313725490196078649e-01 3.333333333333333148e-01
4.313725490196078649e-01 3.373493975903614217e-01
4.313725490196078649e-01 3.413654618473895841e-01
4.313725490196078649e-01 3.453815261044176910e-01
4.313725490196078649e-01 3.493975903614457978e-01
4.313725490196078649e-01 3.534136546184739047e-01
4.313725490196078649e-01 3.574297188755020116e-01
4.313725490196078649e-01 3.614457831325301185e-01
4.317689673757116875e-01 3.639798264424073393e-01
4.314286250577710202e-01 3.686102476474982237e-01
4.312053900343302271e-01 3.734737420748508452e-01
4.311267504366982362e-01 3.774770079278925716e-01
4.310147806085582456e-01 3.814712051856161135e-01
4.308433700193121663e-01 3.854454250975388740e-01
4.305514113352104655e-01 3.893664597310864672e-01
4.299647530846699706e-01 3.930960967489256497e-01
4.284771584047406545e-01 3.956595681641385531e-01
4.276848068533867231e-01 4.635892201670404611e-01
4.286212021092354885e-01 4.658701119613097852e-01
4.277650058342545858e-01 4.681526170300140399e-01
4.313725490196078649e-01 5.020080321285140812e-01
4.313725490196078649e-01 5.060240963855421326e-01
4.313725490196078649e-01 5.100401606425702949e-01
4.313725490196078649e-01 5.140562248995983463e-01
4.313725490196078649e-01 5.180722891566265087e-01
4.313725490196078649e-01 5.220883534136546711e-01
4.313725490196078649e-01 5.381526104417670986e-01
4.313725490196078649e-01 5.421686746987951500e-01
4.313725490196078649e-01 5.461847389558233123e-01
4.313725490196078649e-01 5.502008032128513637e-01
4.313725490196078649e-01 5.542168674698795261e-01
4.313725490196078649e-01 5.582329317269075775e-01
4.313725490196078649e-01 7.269076305220883993e-01
4.313725490196078649e-01 8.192771084337349130e-01
4.352941176470588314e-01 3.293172690763052080e-01
4.352941176470588314e-01 5.261044176706827225e-01
4.352941176470588314e-01 5.301204819277108848e-01
4.352941176470588314e-01 5.341365461847389362e-01
4.352941176470588314e-01 7.309236947791164507e-01
4.352941176470588314e-01 8.192771084337349130e-01
4.392156862745097978e-01 3.293172690763052080e-01
4.392156862745097978e-01 5.301204819277108848e-01
4.392156862745097978e-01 7.349397590361446131e-01
4.392156862745097978e-01 8.152610441767068616e-01
4.431372549019607643e-01 3.293172690763052080e-01
4.431372549019607643e-01 5.301204819277108848e-01
4.431372549019607643e-01 7.349397590361446131e-01
4.431372549019607643e-01 7.389558232931726645e-01
4.431372549019607643e-01 7.429718875502008268e-01
4.431372549019607643e-01 7.469879518072288782e-01
4.431372549019607643e-01 7.510040160642570406e-01
4.431372549019607643e-01 7.550200803212850920e-01
4.431372549019607643e-01 7.590361445783132543e-01
4.431372549019607643e-01 7.630522088353414167e-01
4.430639280048518369e-01 7.661238161336918484e-01
4.432751163416861484e-01 7.713253533144002194e-01
4.435850867170694212e-01 7.762727002883479388e-01
4.431372549019607643e-01 7.791164658634538442e-01
4.431372549019607643e-01 7.831325301204818956e-01
4.431372549019607643e-01 7.871485943775100580e-01
4.431372549019607643e-01 7.911646586345381094e-01
4.431372549019607643e-01 7.951807228915662717e-01
4.431372549019607643e-01 7.991967871485943231e-01
4.431372549019607643e-01 8.032128514056224855e-01
4.431372549019607643e-01 8.112449799196786993e-01
4.470588235294117863e-01 3.293172690763052080e-01
4.470588235294117863e-01 5.301204819277108848e-01
4.470588235294117863e-01 7.309236947791164507e-01
4.470588235294117863e-01 8.072289156626506479e-01
4.470588235294117863e-01 8.112449799196786993e-01
4.509803921568627527e-01 3.293172690763052080e-01
4.509803921568627527e-01 5.301204819277108848e-01
4.509803921568627527e-01 7.108433734939758608e-01
4.509803921568627527e-01 7.269076305220883993e-01
4.509803921568627527e-01 8.112449799196786993e-01
4.549019607843137192e-01 3.293172690763052080e-01
4.549019607843137192e-01 5.301204819277108848e-01
4.475187902466631340e-01 7.214906495943456122e-01
4.477463435509479450e-01 7.220511436509154946e-01
4.465113208757019447e-01 7.225723196840031504e-01
4.549019607843137192e-01 8.112449799196786993e-01
4.588235294117646856e-01 3.293172690763052080e-01
4.588235294117646856e-01 5.301204819277108848e-01
4.588235294117646856e-01 5.582329317269075775e-01
4.588235294117646856e-01 5.622489959839357399e-01
4.588235294117646856e-01 5.662650602409639022e-01
4.581050143946948094e-01 5.629573332250537021e-01
4.573778181706609769e-01 5.639484971499886257e-01
4.588235294117646856e-01 8.112449799196786993e-01
4.627450980392157076e-01 3.293172690763052080e-01
4.627450980392157076e-01 5.301204819277108848e-01
4.627450980392157076e-01 5.542168674698795261e-01
4.627450980392157076e-01 8.112449799196786993e-01
4.595743947351972336e-01 3.253033963709052179e-01
4.666666666666666741e-01 5.301204819277108848e-01
4.666666666666666741e-01 5.502008032128513637e-01
4.666666666666666741e-01 8.152610441767068616e-01
4.642702179193934908e-01 3.237921387302206688e-01
4.705882352941176405e-01 5.261044176706827225e-01
4.705882352941176405e-01 5.301204819277108848e-01
4.705882352941176405e-01 5.341365461847389362e-01
4.705882352941176405e-01 5.381526104417670986e-01
4.705882352941176405e-01 5.421686746987951500e-01
4.705882352941176405e-01 5.461847389558233123e-01
4.705882352941176405e-01 8.152610441767068616e-01
4.734245991507800566e-01 3.211018372020038036e-01
4.745098039215686070e-01 5.180722891566265087e-01
4.745098039215686070e-01 5.220883534136546711e-01
4.745098039215686070e-01 5.421686746987951500e-01
4.745098039215686070e-01 8.112449799196786993e-01
4.745098039215686070e-01 8.152610441767068616e-01
4.745098039215686070e-01 8.192771084337349130e-01
4.745098039215686070e-01 8.232931726907630754e-01
4.745098039215686070e-01 8.273092369477911268e-01
4.745098039215686070e-01 8.313253012048192891e-01
4.798372782483770194e-01 3.189950722183688137e-01
4.784313725490196290e-01 5.100401606425702949e-01
4.784313725490196290e-01 5.140562248995983463e-01
4.784313725490196290e-01 5.421686746987951500e-01
4.784313725490196290e-01 8.072289156626506479e-01
4.784313725490196290e-01 8.353413654618473405e-01
4.784313725490196290e-01 8.393574297188755029e-01
4.819398735366834940e-01 8.371244801533779256e-01
4.792647171957308827e-01 3.156207394234492036e-01
4.836924128426129399e-01 5.122190413446759960e-01
4.823529411764705954e-01 5.461847389558233123e-01
4.823529411764705954e-01 8.032128514056224855e-01
4.854075127472991524e-01 8.422538581263109281e-01
4.847259646016812140e-01 3.133143832882009372e-01
4.891633453048473412e-01 5.064536082375061810e-01
4.862745098039215619e-01 5.502008032128513637e-01
4.862745098039215619e-01 7.991967871485943231e-01
4.901362495697742516e-01 8.473394359985598756e-01
4.906256773951919725e-01 3.096831034293658358e-01
4.890762771224128058e-01 5.024187640685786604e-01
4.901960784313725283e-01 5.542168674698795261e-01
4.901960784313725283e-01 5.582329317269075775e-01
4.901960784313725283e-01 7.991967871485943231e-01
4.894121214724602154e-01 8.511210759402950687e-01
4.965717111467657929e-01 3.069885477505953641e-01
4.974330599638907557e-01 4.999089709433528483e-01
4.912751956130652076e-01 5.592562302387876771e-01
4.910617136615602618e-01 7.992834851675982843e-01
4.966499471324770099e-01 8.517560718738170777e-01
4.958714392264464976e-01 3.035395424429656597e-01
5.034451725655326726e-01 4.979579884177410265e-01
4.966399656836966159e-01 5.637416093615837953e-01
4.996810606676245214e-01 7.992801329188318205e-01
4.977287353826778116e-01 8.540895280585321103e-01
5.018346079746169863e-01 3.011731375057474236e-01
5.054249513200392840e-01 4.959451607512646576e-01
5.045191190442910312e-01 5.672911166318179710e-01
5.019438979438763937e-01 7.970079201573775363e-01
4.996996546401550887e-01 8.555783324246224453e-01
5.081381379873217696e-01 2.986851618742106251e-01
5.058823529411764497e-01 4.939759036144578119e-01
5.045811166069196219e-01 5.711650188302108688e-01
5.060617105059517229e-01 7.949930239652552855e-01
5.005850427564890737e-01 8.576981129281850968e-01
5.072162518067759862e-01 2.954110693070573501e-01
5.098039215686274161e-01 4.939759036144578119e-01
5.114614767976579657e-01 5.732568875857513291e-01
5.099139151302640727e-01 7.931120014351130676e-01
5.049187076533687701e-01 8.593070177617576633e-01
5.122655117916234957e-01 2.931499954851036760e-01
5.137254901960783826e-01 4.939759036144578119e-01
5.175608469903760778e-01 5.753339045984019462e-01
5.118595252311148869e-01 7.910138036191732835e-01
5.095200318642252313e-01 8.629988009989285613e-01
5.168272205087466320e-01 2.897355199128063830e-01
5.176470588235294601e-01 4.939759036144578119e-01
5.184425826924031755e-01 5.777160558570456628e-01
5.176470588235294601e-01 7.911646586345381094e-01
5.127136685228085300e-01 8.678050213598601514e-01
5.146151987178361198e-01 8.678066652356066779e-01
5.154364636441802761e-01 8.677720278688523248e-01
5.210956305432060676e-01 2.862881124304816893e-01
5.215686274509804266e-01 4.939759036144578119e-01
5.030622625540869253e-01 5.689467412296188575e-01
5.194627471551226394e-01 5.802537115593721095e-01
5.215686274509804266e-01 7.911646586345381094e-01
5.255971874999209037e-01 2.832043066108412277e-01
5.254901960784313930e-01 4.939759036144578119e-01
5.276143743017432941e-01 5.807096589525907460e-01
5.254901960784313930e-01 7.871485943775100580e-01
5.308176310568609724e-01 2.811456970724625082e-01
5.294117647058823595e-01 4.859437751004015982e-01
5.294117647058823595e-01 4.899598393574297051e-01
5.294117647058823595e-01 4.939759036144578119e-01
5.273380196954616794e-01 5.839155525138347569e-01
5.294117647058823595e-01 7.831325301204818956e-01
5.313437978116174465e-01 2.794524699769330711e-01
5.333333333333333259e-01 4.779116465863453844e-01
5.333333333333333259e-01 4.819277108433734913e-01
5.333333333333333259e-01 4.939759036144578119e-01
5.350014031942312842e-01 5.847354800941564346e-01
5.333333333333333259e-01 7.791164658634538442e-01
5.329777215461374285e-01 2.785815236478460521e-01
5.372549019607842924e-01 4.738955823293172775e-01
5.372549019607842924e-01 4.939759036144578119e-01
5.349916088248730661e-01 5.881987912150241637e-01
5.372549019607842924e-01 7.630522088353414167e-01
5.372549019607842924e-01 7.670682730923694681e-01
5.372549019607842924e-01 7.710843373493976305e-01
5.372549019607842924e-01 7.751004016064256819e-01
5.372549019607842924e-01 7.791164658634538442e-01
5.332891239182037113e-01 2.781935674923819990e-01
5.411764705882352589e-01 4.698795180722891707e-01
5.411764705882352589e-01 4.979919678714859188e-01
5.418400398435015974e-01 5.898444150709154510e-01
5.444837951895725725e-01 7.599335254177480570e-01
5.411764705882352589e-01 7.590361445783132543e-01
5.411764705882352589e-01 7.831325301204818956e-01
5.450980392156862253e-01 4.658634538152610638e-01
5.450980392156862253e-01 4.979919678714859188e-01
5.484837849030964607e-01 5.914877299453135118e-01
5.489449499978446001e-01 7.518004503841679842e-01
5.451918815265753837e-01 7.521699356522044688e-01
5.450980392156862253e-01 7.871485943775100580e-01
5.517368674159561781e-01 4.677254277969669638e-01
5.490196078431373028e-01 4.979919678714859188e-01
5.499033279016194431e-01 5.938037375105548188e-01
5.528842363387858061e-01 7.473451171246129343e-01
5.490196078431373028e-01 7.911646586345381094e-01
5.508714354487465048e-01 4.642880952208262024e-01
5.529411764705882693e-01 4.979919678714859188e-01
5.520742773201645637e-01 5.952973667533140167e-01
5.519011514384628558e-01 7.437476046908418903e-01
5.529411764705882693e-01 7.911646586345381094e-01
5.559630279445235690e-01 4.619399968658136069e-01
5.568627450980392357e-01 4.979919678714859188e-01
5.534162767131027838e-01 5.974458428333516702e-01
5.594775831692067047e-01 7.423628562206708859e-01
5.568627450980392357e-01 7.911646586345381094e-01
5.611816578162331925e-01 4.546931084735416073e-01
5.607843137254902022e-01 4.979919678714859188e-01
5.609362962564417021e-01 5.975639106456590577e-01
5.605539371022685291e-01 7.394959914923951994e-01
5.607843137254902022e-01 7.911646586345381094e-01
5.663608543259803785e-01 4.499617941399038368e-01
5.606055382091332806e-01 4.927442473542678059e-01
5.601823526818086041e-01 6.006866550871571286e-01
5.615127849310417307e-01 7.368489725591921280e-01
5.647058823529411686e-01 7.911646586345381094e-01
5.716189235841453442e-01 4.475021406135757385e-01
5.683739134270295867e-01 4.949041667362080177e-01
5.646649444402724871e-01 6.034303139628708346e-01
5.691326538959116110e-01 7.360789029836565245e-01
5.686274509803921351e-01 7.911646586345381094e-01
5.709683515766050821e-01 4.440676341357876478e-01
5.712624029425319439e-01 4.934572864524425229e-01
5.685497700638484364e-01 6.080364905130379860e-01
5.718630764336671835e-01 6.072023696430686179e-01
5.685788184806119805e-01 7.327081285394638765e-01
5.725490196078431016e-01 7.911646586345381094e-01
5.774062861633650900e-01 4.418121750047968033e-01
5.758719585897564830e-01 4.936853658375666698e-01
5.726575664189808013e-01 6.134125852988224770e-01
5.752615939305327775e-01 6.125569732291212821e-01
5.737688936238340975e-01 7.296521207196151604e-01
5.764705882352940680e-01 7.911646586345381094e-01
5.764705882352940680e-01 8.152610441767068616e-01
5.833880038886313235e-01 4.396626721229778267e-01
5.799994247104954814e-01 4.937993586729617079e-01
5.745450753207300698e-01 6.144261443052425609e-01
5.786077999697049057e-01 7.248752807046335844e-01
5.803921568627451455e-01 7.911646586345381094e-01
5.803921568627451455e-01 8.152610441767068616e-01
5.829146038937181862e-01 4.363212284027041532e-01
5.828356055040643247e-01 4.929703774480485579e-01
5.854432101092100771e-01 7.204536240361817390e-01
5.818005212546125682e-01 7.198974133149372845e-01
5.843137254901961120e-01 7.951807228915662717e-01
5.843137254901961120e-01 8.152610441767068616e-01
5.905438306714024810e-01 4.354111774353288111e-01
5.882894500451477660e-01 4.989010734468638519e-01
5.875927356742870478e-01 7.141436698444909581e-01
5.882352941176470784e-01 7.951807228915662717e-01
5.882352941176470784e-01 8.152610441767068616e-01
5.903271681378029490e-01 4.320416716853134331e-01
5.936645206744216585e-01 4.928626286648550292e-01
5.932016675575070286e-01 7.086545868293311345e-01
5.897811927348740602e-01 7.083839552325521538e-01
5.921568627450980449e-01 7.911646586345381094e-01
5.921568627450980449e-01 8.112449799196786993e-01
5.980476999180573960e-01 4.311854169366462486e-01
5.960335120949785681e-01 4.937821707656012138e-01
5.971857613409120580e-01 7.014437941385500697e-01
5.937182269049990913e-01 7.016596003551499594e-01
5.960784313725490113e-01 7.911646586345381094e-01
5.960784313725490113e-01 8.072289156626506479e-01
5.977971860207617061e-01 4.277823896275414484e-01
5.993332735612056927e-01 4.942219764718656649e-01
6.004924518289044277e-01 6.948137140185778327e-01
5.975180805195122735e-01 6.945130259356597779e-01
5.999999999999999778e-01 7.951807228915662717e-01
5.999999999999999778e-01 8.032128514056224855e-01
6.051718879267390383e-01 4.269588366412673808e-01
6.025575105110000385e-01 4.947342540920117160e-01
6.034032924459132863e-01 6.887175019916491614e-01
6.007469968413751138e-01 6.882863138754661270e-01
6.039215686274509443e-01 7.991967871485943231e-01
6.048402373231581697e-01 4.234497859404538489e-01
6.046091321874044189e-01 4.959501572968774696e-01
6.026123747247836837e-01 6.867463133750431048e-01
6.078431372549019107e-01 7.991967871485943231e-01
6.104504642104182643e-01 4.208770833722966787e-01
6.114407052487984551e-01 4.937722235169994534e-01
6.117647058823529882e-01 7.991967871485943231e-01
6.160515470524985382e-01 4.172219732607037601e-01
6.117310425303146282e-01 4.939049178917693794e-01
6.156862745098039547e-01 7.991967871485943231e-01
6.156862745098039547e-01 8.032128514056224855e-01
6.156862745098039547e-01 8.072289156626506479e-01
6.156862745098039547e-01 8.112449799196786993e-01
6.156862745098039547e-01 8.152610441767068616e-01
6.220596804329212581e-01 4.144879579974196093e-01
6.181857391771878873e-01 4.960203056773507257e-01
6.196078431372549211e-01 7.911646586345381094e-01
6.196078431372549211e-01 7.951807228915662717e-01
6.196078431372549211e-01 8.032128514056224855e-01
6.196078431372549211e-01 8.192771084337349130e-01
6.205470491255469234e-01 4.111284718813232320e-01
6.196936195771045597e-01 4.948457136717961391e-01
6.235294117647058876e-01 7.871485943775100580e-01
6.235294117647058876e-01 7.951807228915662717e-01
6.235294117647058876e-01 7.991967871485943231e-01
6.235294117647058876e-01 8.032128514056224855e-01
6.235294117647058876e-01 8.232931726907630754e-01
6.287235198839220551e-01 4.083300537661645468e-01
6.251960931409734634e-01 4.068085566494075156e-01
6.218626994237888006e-01 4.944278038540260156e-01
6.274509803921568540e-01 7.831325301204818956e-01
6.274509803921568540e-01 7.991967871485943231e-01
6.274509803921568540e-01 8.072289156626506479e-01
6.274509803921568540e-01 8.273092369477911268e-01
6.322820093206531489e-01 4.034936894329795853e-01
6.227255765421717548e-01 4.942716712914743682e-01
6.313725490196078205e-01 7.831325301204818956e-01
6.313725490196078205e-01 8.032128514056224855e-01
6.313725490196078205e-01 8.313253012048192891e-01
6.375213201705585142e-01 3.999596435144678330e-01
6.352941176470587870e-01 7.791164658634538442e-01
6.376274720847825428e-01 8.309409170538695211e-01
6.365630057731679337e-01 3.964245808577299690e-01
6.392156862745097534e-01 7.791164658634538442e-01
6.368057794494590418e-01 8.342995075868950838e-01
6.418276934752095153e-01 3.938731045571359779e-01
6.431372549019608309e-01 7.791164658634538442e-01
6.424276236545148899e-01 8.375919482897009605e-01
6.467995259496520655e-01 3.900075364402302847e-01
6.470588235294117974e-01 7.791164658634538442e-01
6.473095430170788811e-01 8.427123220613597088e-01
6.517695722056041641e-01 3.861877503657590305e-01
6.509803921568627638e-01 7.791164658634538442e-01
6.512446223993274552e-01 8.481166886241010561e-01
6.573657786135799208e-01 3.832814646987656171e-01
6.539058995328149715e-01 7.817007346680934221e-01
6.545319297944433012e-01 8.531393009994411303e-01
6.563329206916558300e-01 3.800220340593198354e-01
6.577119270010906016e-01 7.814347619792992861e-01
6.572016358046847140e-01 8.583264921017619287e-01
6.620049581194168420e-01 3.772903187844451334e-01
6.627450980392156632e-01 7.791164658634538442e-01
6.587235693965910466e-01 8.631144686392602239e-01
6.603968687501607926e-01 8.646759065223416085e-01
6.611128790915815623e-01 8.672646794980812812e-01
6.618301044597162397e-01 8.706107865874075369e-01
6.620504849503620060e-01 8.735625092127177194e-01
6.623155360372608991e-01 8.766949220380958474e-01
6.625038989238080100e-01 8.796397974634221351e-01
6.625515413703967349e-01 8.818533783797249948e-01
6.626536538839561397e-01 8.828643398942896958e-01
6.672749510422969488e-01 3.736871488093249649e-01
6.666666666666666297e-01 7.791164658634538442e-01
6.701095683189729479e-01 8.048072366874261530e-01
6.727843637742539906e-01 3.711447359799560641e-01
6.705882352941175961e-01 7.791164658634538442e-01
6.720424682531943583e-01 8.068404090123243444e-01
6.719342786060902295e-01 3.677414319516312813e-01
6.745098039215686736e-01 7.791164658634538442e-01
6.743433167836652142e-01 8.125630981386097185e-01
6.751994679040531633e-01 8.121452534301991655e-01
6.770983908042385035e-01 3.651475571908279205e-01
6.784313725490196401e-01 7.791164658634538442e-01
6.818352210527176549e-01 3.613602411904314748e-01
6.823529411764706065e-01 7.791164658634538442e-01
6.862349392246744895e-01 3.574223062021895103e-01
6.862745098039215730e-01 7.791164658634538442e-01
6.906610842131069017e-01 3.534874733266618052e-01
6.901960784313725394e-01 7.831325301204818956e-01
6.954199914341134825e-01 3.497073831452556236e-01
6.941176470588235059e-01 7.831325301204818956e-01
7.008582865116277372e-01 3.469776466398137305e-01
6.980392156862744724e-01 7.871485943775100580e-01
6.998055711625983388e-01 3.437403365413295719e-01
7.019607843137254388e-01 7.871485943775100580e-01
7.019607843137254388e-01 7.911646586345381094e-01
7.056907583507435744e-01 3.410298030924689971e-01
7.058823529411765163e-01 7.831325301204818956e-01
7.058823529411765163e-01 7.951807228915662717e-01
7.058823529411765163e-01 7.991967871485943231e-01
7.108319045998631180e-01 3.374136402215583974e-01
7.098039215686274828e-01 7.791164658634538442e-01
7.098039215686274828e-01 8.032128514056224855e-01
7.161480229612732229e-01 3.339962877410774245e-01
7.137254901960784492e-01 7.751004016064256819e-01
7.137254901960784492e-01 8.072289156626506479e-01
7.137254901960784492e-01 8.112449799196786993e-01
7.137254901960784492e-01 8.152610441767068616e-01
7.163684558388138113e-01 8.096301367237086488e-01
7.157494755726599989e-01 8.110372898464341951e-01
7.214369309874361091e-01 3.320568070492621038e-01
7.176470588235294157e-01 7.751004016064256819e-01
7.176470588235294157e-01 8.072289156626506479e-01
7.221798365869486203e-01 3.296743350664067540e-01
7.215686274509803821e-01 7.751004016064256819e-01
7.215686274509803821e-01 8.072289156626506479e-01
7.233761390031990812e-01 3.270392941056664560e-01
7.254901960784313486e-01 7.751004016064256819e-01
7.254901960784313486e-01 8.072289156626506479e-01
7.309052865555071277e-01 3.267779977871553831e-01
7.294117647058823151e-01 7.751004016064256819e-01
7.294117647058823151e-01 8.072289156626506479e-01
7.307242948406685867e-01 3.234482938535960250e-01
7.333333333333332815e-01 7.751004016064256819e-01
7.333333333333332815e-01 8.072289156626506479e-01
7.382631899642886353e-01 3.225470123359985841e-01
7.372549019607843590e-01 7.751004016064256819e-01
7.372549019607843590e-01 8.072289156626506479e-01
7.374550219953937003e-01 3.194467377396352781e-01
7.411764705882353255e-01 7.751004016064256819e-01
7.411764705882353255e-01 8.072289156626506479e-01
7.424396145495348875e-01 3.171461610794188979e-01
7.450980392156862919e-01 7.751004016064256819e-01
7.450980392156862919e-01 8.072289156626506479e-01
7.470211176548664511e-01 3.138012083644238226e-01
7.490196078431372584e-01 7.710843373493976305e-01
7.490196078431372584e-01 7.991967871485943231e-01
7.490196078431372584e-01 8.032128514056224855e-01
7.490196078431372584e-01 8.112449799196786993e-01
7.510812753469080505e-01 3.102766664181630385e-01
7.529411764705882248e-01 7.710843373493976305e-01
7.529411764705882248e-01 7.751004016064256819e-01
7.529411764705882248e-01 7.791164658634538442e-01
7.529411764705882248e-01 7.831325301204818956e-01
7.529411764705882248e-01 7.871485943775100580e-01
7.529411764705882248e-01 7.911646586345381094e-01
7.529411764705882248e-01 7.951807228915662717e-01
7.451088430250392136e-01 8.073360506542416326e-01
7.552108663965162449e-01 3.065363065887571903e-01
7.568627450980391913e-01 7.710843373493976305e-01
7.507916469492164069e-01 8.151316929339285089e-01
7.527022575393464976e-01 8.140692719553848100e-01
7.587593006344475199e-01 3.030724885623835019e-01
7.607843137254901578e-01 7.710843373493976305e-01
7.620916342746246741e-01 2.997779076803011589e-01
7.647058823529411242e-01 7.670682730923694681e-01
7.650202947595686753e-01 2.968289605126787079e-01
7.686274509803922017e-01 7.670682730923694681e-01
7.671580193034720496e-01 2.946775304770702930e-01
7.725490196078431682e-01 7.670682730923694681e-01
7.764705882352941346e-01 7.670682730923694681e-01
7.803921568627451011e-01 7.670682730923694681e-01
7.843741895819987819e-01 7.651504017618376841e-01
7.855406398391898692e-01 7.614671266843456854e-01
7.941120471321411189e-01 7.616032269889915218e-01
7.961103459563637630e-01 7.590907412287565270e-01
7.978468192275613990e-01 7.566631693499589195e-01
8.058378382827904307e-01 7.570692863788485161e-01
8.065219027474157532e-01 7.538538848290249339e-01
8.144580344231251434e-01 7.545677028039103895e-01
8.165326510941810501e-01 7.527206732567033320e-01
8.199166873690224566e-01 7.517327602046175450e-01
8.235294116976907830e-01 7.510040160604233295e-01
8.271421360148700774e-01 7.502752719238965362e-01
8.305261724352307473e-01 7.492873588718107492e-01
8.326007891062866539e-01 7.474403293246036917e-01
8.405369207819960442e-01 7.481541472994890363e-01
8.412038901222723686e-01 7.449178997236471922e-01
8.491937752922668059e-01 7.453153119132626125e-01
8.509235485415510558e-01 7.428821728464104490e-01
8.526397002523070645e-01 7.404464811262446711e-01
8.606286521206664153e-01 7.407848265098714302e-01
8.612567983480974299e-01 7.375100990135529111e-01
8.692347160230080583e-01 7.380291930377393950e-01
8.711989991414799128e-01 7.359342765040606249e-01
8.742746393544389427e-01 7.344466592977665353e-01
8.763431778360231128e-01 7.323599123839199532e-01
8.844216731103027307e-01 7.333997250413035740e-01
8.863617838968695928e-01 7.310818893044002120e-01
8.883386057313056305e-01 7.287973214284961809e-01
8.964054686702130903e-01 7.299927406257998852e-01
8.985774127994755611e-01 7.281146865117412714e-01
9.019845276297037140e-01 7.270895914681537731e-01
9.055139034243492313e-01 7.262303888693500964e-01
9.088089862861213897e-01 7.251937438978862671e-01
9.106623800270551294e-01 7.233569077926736979e-01
9.175245310279184219e-01 7.226967273396790459e-01
9.244876531701461397e-01 7.220734159974567801e-01
9.262926452619699713e-01 7.200728686340339690e-01
9.293353521842886433e-01 7.186097653513029426e-01
9.314646284173553337e-01 7.165875227702968031e-01
9.395278727023990140e-01 7.179457727767317721e-01
9.417509018539396148e-01 7.161210834461986252e-01
9.451887761114858844e-01 7.151284664293076077e-01
9.487672369459223543e-01 7.143061647954187521e-01
9.521377990494810373e-01 7.132658768392889925e-01
9.544727997753915671e-01 7.112864789966284462e-01
9.636044388079979539e-01 7.118252809706469009e-01
9.641809709055130240e-01 7.086617089190845320e-01
9.686274509803921573e-01 7.068273092369478094e-01
9.725490196078431238e-01 7.068273092369478094e-01
9.764705882352940902e-01 7.068273092369478094e-01
9.803921568627450567e-01 7.028112449799196471e-01
9.856844276618942358e-01 7.033263473887459982e-01
9.875694679767441642e-01 7.012585162766741265e-01
9.942366606537618168e-01 7.025191618146442440e-01
9.943511277660910253e-01 7.002722943485920615e-01
9.919201016882617239e-01 7.012257923289804129e-01
9.894264505701322321e-01 7.010918687580220965e-01
9.913638976859111551e-01 6.992683884338007916e-01
9.931090939790010452e-01 6.983931180740515776e-01
9.925483847036957741e-01 7.050656874413531172e-01
9.946278003044426441e-01 7.050859554984931776e-01
9.957856656983494759e-01 7.051328575186222025e-01
