0.000000000000000000e+00 3.765182186234817818e-01
0.000000000000000000e+00 3.805668016194331815e-01
0.000000000000000000e+00 3.846153846153846367e-01
0.000000000000000000e+00 4.008097165991902910e-01
0.000000000000000000e+00 4.048582995951416907e-01
0.000000000000000000e+00 4.089068825910930904e-01
0.000000000000000000e+00 9.433198380566801822e-01
0.000000000000000000e+00 9.473684210526315264e-01
0.000000000000000000e+00 9.514170040485829816e-01
0.000000000000000000e+00 9.919028340080972006e-01
0.000000000000000000e+00 9.959514170040485448e-01
0.000000000000000000e+00 1.000000000000000000e+00
3.921568627450980338e-03 3.886639676113360364e-01
3.921568627450980338e-03 3.927125506072874361e-01
3.921568627450980338e-03 3.967611336032388913e-01
7.843137254901960675e-03 3.927125506072874361e-01
1.176470588235294101e-02 3.927125506072874361e-01
1.176470588235294101e-02 9.919028340080972006e-01
1.568627450980392135e-02 3.927125506072874361e-01
1.568627450980392135e-02 9.919028340080972006e-01
1.960784313725490169e-02 3.927125506072874361e-01
1.960784313725490169e-02 9.919028340080972006e-01
2.352941176470588203e-02 3.927125506072874361e-01
2.352941176470588203e-02 5.910931174089069096e-01
2.352941176470588203e-02 9.959514170040485448e-01
2.745098039215686236e-02 3.927125506072874361e-01
2.745098039215686236e-02 5.870445344129554543e-01
3.137254901960784270e-02 3.927125506072874361e-01
3.137254901960784270e-02 5.870445344129554543e-01
3.529411764705882304e-02 3.927125506072874361e-01
3.529411764705882304e-02 5.870445344129554543e-01
3.921568627450980338e-02 3.927125506072874361e-01
3.921568627450980338e-02 5.870445344129554543e-01
4.313725490196078372e-02 3.967611336032388913e-01
4.313725490196078372e-02 5.870445344129554543e-01
4.705882352941176405e-02 3.967611336032388913e-01
4.705882352941176405e-02 5.829959514170039991e-01
5.098039215686274439e-02 3.967611336032388913e-01
5.098039215686274439e-02 5.829959514170039991e-01
5.490196078431372473e-02 3.967611336032388913e-01
5.490196078431372473e-02 5.789473684210526550e-01
5.882352941176470507e-02 3.967611336032388913e-01
5.882352941176470507e-02 5.789473684210526550e-01
6.274509803921568540e-02 3.967611336032388913e-01
6.274509803921568540e-02 5.789473684210526550e-01
6.666666666666666574e-02 3.967611336032388913e-01
6.666666666666666574e-02 5.748987854251011997e-01
7.058823529411764608e-02 3.967611336032388913e-01
7.058823529411764608e-02 5.708502024291497445e-01
7.450980392156862642e-02 3.967611336032388913e-01
7.450980392156862642e-02 5.708502024291497445e-01
7.843137254901960675e-02 3.967611336032388913e-01
7.843137254901960675e-02 5.668016194331984003e-01
8.235294117647058709e-02 3.967611336032388913e-01
8.235294117647058709e-02 5.668016194331984003e-01
8.627450980392156743e-02 3.967611336032388913e-01
8.627450980392156743e-02 5.668016194331984003e-01
8.627450980392156743e-02 8.421052631578946901e-01
9.019607843137254777e-02 3.967611336032388913e-01
9.019607843137254777e-02 5.627530364372469451e-01
9.019607843137254777e-02 8.380566801619433459e-01
9.411764705882352811e-02 3.967611336032388913e-01
9.411764705882352811e-02 5.627530364372469451e-01
9.411764705882352811e-02 8.340080971659918907e-01
9.803921568627450844e-02 3.967611336032388913e-01
9.803921568627450844e-02 5.587044534412956009e-01
9.803921568627450844e-02 8.340080971659918907e-01
1.019607843137254888e-01 3.967611336032388913e-01
1.019607843137254888e-01 5.587044534412956009e-01
1.019607843137254888e-01 8.299595141700404355e-01
1.058823529411764691e-01 3.967611336032388913e-01
1.058823529411764691e-01 5.546558704453441457e-01
1.058823529411764691e-01 8.299595141700404355e-01
1.098039215686274495e-01 3.967611336032388913e-01
1.098039215686274495e-01 5.546558704453441457e-01
1.098039215686274495e-01 8.299595141700404355e-01
1.137254901960784298e-01 3.967611336032388913e-01
1.137254901960784298e-01 5.546558704453441457e-01
1.137254901960784298e-01 8.299595141700404355e-01
1.176470588235294101e-01 3.967611336032388913e-01
1.176470588235294101e-01 5.546558704453441457e-01
1.176470588235294101e-01 8.299595141700404355e-01
1.215686274509803905e-01 3.927125506072874361e-01
1.215686274509803905e-01 5.546558704453441457e-01
1.215686274509803905e-01 8.299595141700404355e-01
1.254901960784313708e-01 3.927125506072874361e-01
1.254901960784313708e-01 5.546558704453441457e-01
1.254901960784313708e-01 8.299595141700404355e-01
1.294117647058823650e-01 3.967611336032388913e-01
1.294117647058823650e-01 5.546558704453441457e-01
1.294117647058823650e-01 8.299595141700404355e-01
1.333333333333333315e-01 3.967611336032388913e-01
1.333333333333333315e-01 5.546558704453441457e-01
1.333333333333333315e-01 8.299595141700404355e-01
1.372549019607843257e-01 3.967611336032388913e-01
1.372549019607843257e-01 5.546558704453441457e-01
1.372549019607843257e-01 8.299595141700404355e-01
1.411764705882352922e-01 3.967611336032388913e-01
1.411764705882352922e-01 5.546558704453441457e-01
1.411764705882352922e-01 8.299595141700404355e-01
1.450980392156862864e-01 3.967611336032388913e-01
1.450980392156862864e-01 5.546558704453441457e-01
1.450980392156862864e-01 8.340080971659918907e-01
1.490196078431372528e-01 3.967611336032388913e-01
1.490196078431372528e-01 5.546558704453441457e-01
1.490196078431372528e-01 8.340080971659918907e-01
1.529411764705882470e-01 3.967611336032388913e-01
1.529411764705882470e-01 5.546558704453441457e-01
1.529411764705882470e-01 8.340080971659918907e-01
1.568627450980392135e-01 3.967611336032388913e-01
1.568627450980392135e-01 5.546558704453441457e-01
1.568627450980392135e-01 8.340080971659918907e-01
1.607843137254902077e-01 3.967611336032388913e-01
1.607843137254902077e-01 5.546558704453441457e-01
1.607843137254902077e-01 8.340080971659918907e-01
1.647058823529411742e-01 3.967611336032388913e-01
1.647058823529411742e-01 5.546558704453441457e-01
1.647058823529411742e-01 8.340080971659918907e-01
1.686274509803921684e-01 3.967611336032388913e-01
1.686274509803921684e-01 5.546558704453441457e-01
1.686274509803921684e-01 8.340080971659918907e-01
1.725490196078431349e-01 3.967611336032388913e-01
1.725490196078431349e-01 5.546558704453441457e-01
1.725490196078431349e-01 8.340080971659918907e-01
1.764705882352941291e-01 3.967611336032388913e-01
1.764705882352941291e-01 5.546558704453441457e-01
1.764705882352941291e-01 8.340080971659918907e-01
1.803921568627450955e-01 3.967611336032388913e-01
1.803921568627450955e-01 5.546558704453441457e-01
1.803921568627450955e-01 8.340080971659918907e-01
1.843137254901960898e-01 3.967611336032388913e-01
1.843137254901960898e-01 5.546558704453441457e-01
1.843137254901960898e-01 8.380566801619433459e-01
1.882352941176470562e-01 3.967611336032388913e-01
1.882352941176470562e-01 5.587044534412956009e-01
1.882352941176470562e-01 8.380566801619433459e-01
1.921568627450980504e-01 3.967611336032388913e-01
1.921568627450980504e-01 5.546558704453441457e-01
1.921568627450980504e-01 8.380566801619433459e-01
1.960784313725490169e-01 3.967611336032388913e-01
1.960784313725490169e-01 5.546558704453441457e-01
1.960784313725490169e-01 8.380566801619433459e-01
2.000000000000000111e-01 3.967611336032388913e-01
2.000000000000000111e-01 5.506072874493926905e-01
2.000000000000000111e-01 8.380566801619433459e-01
2.039215686274509776e-01 3.967611336032388913e-01
2.039215686274509776e-01 5.506072874493926905e-01
2.039215686274509776e-01 8.380566801619433459e-01
2.078431372549019718e-01 3.967611336032388913e-01
2.078431372549019718e-01 5.506072874493926905e-01
2.078431372549019718e-01 8.380566801619433459e-01
2.117647058823529382e-01 3.967611336032388913e-01
2.117647058823529382e-01 5.506072874493926905e-01
2.117647058823529382e-01 8.380566801619433459e-01
2.156862745098039325e-01 3.967611336032388913e-01
2.156862745098039325e-01 5.506072874493926905e-01
2.156862745098039325e-01 8.380566801619433459e-01
2.196078431372548989e-01 3.967611336032388913e-01
2.196078431372548989e-01 5.506072874493926905e-01
2.196078431372548989e-01 8.380566801619433459e-01
2.235294117647058931e-01 3.967611336032388913e-01
2.235294117647058931e-01 5.506072874493926905e-01
2.235294117647058931e-01 8.380566801619433459e-01
2.274509803921568596e-01 3.967611336032388913e-01
2.274509803921568596e-01 5.506072874493926905e-01
2.274509803921568596e-01 8.380566801619433459e-01
2.313725490196078538e-01 3.967611336032388913e-01
2.313725490196078538e-01 5.506072874493926905e-01
2.313725490196078538e-01 8.380566801619433459e-01
2.352941176470588203e-01 3.967611336032388913e-01
2.352941176470588203e-01 5.506072874493926905e-01
2.352941176470588203e-01 8.380566801619433459e-01
2.392156862745098145e-01 3.967611336032388913e-01
2.392156862745098145e-01 5.546558704453441457e-01
2.392156862745098145e-01 8.340080971659918907e-01
2.431372549019607809e-01 3.967611336032388913e-01
2.431372549019607809e-01 5.546558704453441457e-01
2.431372549019607809e-01 8.340080971659918907e-01
2.470588235294117752e-01 3.967611336032388913e-01
2.470588235294117752e-01 5.587044534412956009e-01
2.470588235294117752e-01 8.340080971659918907e-01
2.509803921568627416e-01 3.967611336032388913e-01
2.509803921568627416e-01 5.587044534412956009e-01
2.509803921568627416e-01 8.340080971659918907e-01
2.549019607843137081e-01 4.008097165991902910e-01
2.549019607843137081e-01 5.587044534412956009e-01
2.549019607843137081e-01 8.340080971659918907e-01
2.588235294117647300e-01 4.008097165991902910e-01
2.588235294117647300e-01 5.587044534412956009e-01
2.588235294117647300e-01 8.340080971659918907e-01
2.627450980392156965e-01 4.008097165991902910e-01
2.627450980392156965e-01 5.587044534412956009e-01
2.627450980392156965e-01 8.340080971659918907e-01
2.666666666666666630e-01 4.008097165991902910e-01
2.666666666666666630e-01 5.587044534412956009e-01
2.666666666666666630e-01 8.340080971659918907e-01
2.705882352941176294e-01 4.048582995951416907e-01
2.705882352941176294e-01 5.587044534412956009e-01
2.705882352941176294e-01 8.340080971659918907e-01
2.745098039215686514e-01 4.089068825910930904e-01
2.745098039215686514e-01 5.587044534412956009e-01
2.745098039215686514e-01 8.380566801619433459e-01
2.784313725490196179e-01 4.089068825910930904e-01
2.784313725490196179e-01 5.587044534412956009e-01
2.784313725490196179e-01 8.380566801619433459e-01
2.823529411764705843e-01 4.089068825910930904e-01
2.823529411764705843e-01 5.587044534412956009e-01
2.823529411764705843e-01 8.421052631578946901e-01
2.862745098039215508e-01 4.089068825910930904e-01
2.862745098039215508e-01 5.627530364372469451e-01
2.862745098039215508e-01 8.461538461538461453e-01
2.901960784313725727e-01 4.089068825910930904e-01
2.901960784313725727e-01 5.627530364372469451e-01
2.901960784313725727e-01 8.502024291497976005e-01
2.941176470588235392e-01 4.089068825910930904e-01
2.941176470588235392e-01 5.627530364372469451e-01
2.941176470588235392e-01 8.502024291497976005e-01
2.980392156862745057e-01 4.089068825910930904e-01
2.980392156862745057e-01 5.627530364372469451e-01
2.980392156862745057e-01 8.502024291497976005e-01
3.019607843137254721e-01 4.048582995951416907e-01
3.019607843137254721e-01 5.627530364372469451e-01
3.019607843137254721e-01 8.502024291497976005e-01
3.058823529411764941e-01 4.048582995951416907e-01
3.058823529411764941e-01 5.668016194331984003e-01
3.058823529411764941e-01 8.542510121457489447e-01
3.098039215686274606e-01 4.048582995951416907e-01
3.098039215686274606e-01 5.668016194331984003e-01
3.098039215686274606e-01 8.542510121457489447e-01
3.137254901960784270e-01 4.048582995951416907e-01
3.137254901960784270e-01 5.668016194331984003e-01
3.137254901960784270e-01 8.542510121457489447e-01
3.176470588235293935e-01 4.048582995951416907e-01
3.176470588235293935e-01 5.708502024291497445e-01
3.176470588235293935e-01 8.582995951417003999e-01
3.215686274509804154e-01 4.048582995951416907e-01
3.215686274509804154e-01 5.708502024291497445e-01
3.215686274509804154e-01 8.582995951417003999e-01
3.254901960784313819e-01 4.048582995951416907e-01
3.254901960784313819e-01 5.708502024291497445e-01
3.254901960784313819e-01 8.582995951417003999e-01
3.294117647058823484e-01 4.048582995951416907e-01
3.294117647058823484e-01 5.708502024291497445e-01
3.294117647058823484e-01 8.582995951417003999e-01
3.333333333333333148e-01 4.048582995951416907e-01
3.333333333333333148e-01 5.748987854251011997e-01
3.333333333333333148e-01 8.582995951417003999e-01
3.372549019607843368e-01 4.048582995951416907e-01
3.372549019607843368e-01 5.748987854251011997e-01
3.372549019607843368e-01 8.582995951417003999e-01
3.411764705882353033e-01 4.048582995951416907e-01
3.411764705882353033e-01 5.748987854251011997e-01
3.411764705882353033e-01 8.582995951417003999e-01
3.450980392156862697e-01 4.048582995951416907e-01
3.450980392156862697e-01 5.748987854251011997e-01
3.450980392156862697e-01 8.582995951417003999e-01
3.490196078431372362e-01 4.008097165991902910e-01
3.490196078431372362e-01 5.748987854251011997e-01
3.490196078431372362e-01 8.218623481781376361e-01
3.490196078431372362e-01 8.582995951417003999e-01
3.529411764705882582e-01 4.008097165991902910e-01
3.529411764705882582e-01 5.748987854251011997e-01
3.529411764705882582e-01 8.218623481781376361e-01
3.529411764705882582e-01 8.582995951417003999e-01
3.568627450980392246e-01 4.008097165991902910e-01
3.568627450980392246e-01 5.789473684210526550e-01
3.568627450980392246e-01 8.259109311740890913e-01
3.568627450980392246e-01 8.582995951417003999e-01
3.607843137254901911e-01 4.008097165991902910e-01
3.607843137254901911e-01 5.101214574898785825e-01
3.607843137254901911e-01 5.789473684210526550e-01
3.607843137254901911e-01 8.259109311740890913e-01
3.607843137254901911e-01 8.582995951417003999e-01
3.647058823529411575e-01 4.008097165991902910e-01
3.647058823529411575e-01 4.898785425101214730e-01
3.647058823529411575e-01 4.939271255060728727e-01
3.647058823529411575e-01 4.979757085020242724e-01
3.647058823529411575e-01 5.020242914979756721e-01
3.647058823529411575e-01 5.060728744939271273e-01
3.647058823529411575e-01 5.789473684210526550e-01
3.647058823529411575e-01 8.259109311740890913e-01
3.647058823529411575e-01 8.582995951417003999e-01
3.686274509803921795e-01 4.008097165991902910e-01
3.686274509803921795e-01 4.858299595141700178e-01
3.686274509803921795e-01 5.789473684210526550e-01
3.686274509803921795e-01 8.299595141700404355e-01
3.686274509803921795e-01 8.582995951417003999e-01
3.725490196078431460e-01 4.008097165991902910e-01
3.725490196078431460e-01 4.777327935222672184e-01
3.725490196078431460e-01 4.817813765182186181e-01
3.725490196078431460e-01 5.789473684210526550e-01
3.725490196078431460e-01 6.275303643724696734e-01
3.725490196078431460e-01 8.299595141700404355e-01
3.725490196078431460e-01 8.542510121457489447e-01
3.764705882352941124e-01 4.008097165991902910e-01
3.764705882352941124e-01 4.736842105263157632e-01
3.764705882352941124e-01 5.789473684210526550e-01
3.764705882352941124e-01 6.234817813765182182e-01
3.764705882352941124e-01 8.299595141700404355e-01
3.764705882352941124e-01 8.502024291497976005e-01
3.803921568627450789e-01 4.008097165991902910e-01
3.803921568627450789e-01 4.655870445344129638e-01
3.803921568627450789e-01 4.696356275303643635e-01
3.803921568627450789e-01 5.789473684210526550e-01
3.803921568627450789e-01 6.194331983805667630e-01
3.803921568627450789e-01 8.340080971659918907e-01
3.803921568627450789e-01 8.380566801619433459e-01
3.803921568627450789e-01 8.461538461538461453e-01
3.843137254901961009e-01 4.008097165991902910e-01
3.843137254901961009e-01 4.615384615384615641e-01
3.843137254901961009e-01 5.789473684210526550e-01
3.843137254901961009e-01 6.153846153846154188e-01
3.843137254901961009e-01 8.421052631578946901e-01
3.843137254901961009e-01 8.461538461538461453e-01
3.882352941176470673e-01 4.008097165991902910e-01
3.882352941176470673e-01 4.574898785425101089e-01
3.882352941176470673e-01 5.748987854251011997e-01
3.882352941176470673e-01 5.789473684210526550e-01
3.882352941176470673e-01 5.829959514170039991e-01
3.882352941176470673e-01 5.870445344129554543e-01
3.882352941176470673e-01 6.153846153846154188e-01
3.882352941176470673e-01 8.461538461538461453e-01
3.921568627450980338e-01 4.008097165991902910e-01
3.921568627450980338e-01 4.534412955465587092e-01
3.921568627450980338e-01 5.748987854251011997e-01
3.921568627450980338e-01 5.910931174089069096e-01
3.921568627450980338e-01 6.113360323886639636e-01
3.921568627450980338e-01 8.461538461538461453e-01
3.960784313725490002e-01 4.008097165991902910e-01
3.960784313725490002e-01 4.534412955465587092e-01
3.960784313725490002e-01 5.748987854251011997e-01
3.960784313725490002e-01 5.951417004048582537e-01
3.960784313725490002e-01 6.113360323886639636e-01
3.960784313725490002e-01 8.502024291497976005e-01
4.000000000000000222e-01 4.008097165991902910e-01
4.000000000000000222e-01 4.493927125506073095e-01
4.000000000000000222e-01 5.748987854251011997e-01
4.000000000000000222e-01 5.991902834008097090e-01
4.000000000000000222e-01 6.113360323886639636e-01
4.000000000000000222e-01 8.502024291497976005e-01
4.039215686274509887e-01 4.048582995951416907e-01
4.039215686274509887e-01 4.453441295546558543e-01
4.039215686274509887e-01 5.748987854251011997e-01
4.039215686274509887e-01 6.032388663967611642e-01
4.039215686274509887e-01 6.072874493927125084e-01
4.039215686274509887e-01 8.542510121457489447e-01
4.078431372549019551e-01 4.048582995951416907e-01
4.078431372549019551e-01 4.453441295546558543e-01
4.078431372549019551e-01 5.789473684210526550e-01
4.078431372549019551e-01 5.951417004048582537e-01
4.078431372549019551e-01 5.991902834008097090e-01
4.078431372549019551e-01 8.542510121457489447e-01
4.117647058823529216e-01 4.089068825910930904e-01
4.117647058823529216e-01 4.412955465587044546e-01
4.117647058823529216e-01 5.829959514170039991e-01
4.117647058823529216e-01 5.870445344129554543e-01
4.117647058823529216e-01 5.910931174089069096e-01
4.117647058823529216e-01 8.542510121457489447e-01
4.156862745098039436e-01 4.129554655870445457e-01
4.156862745098039436e-01 4.331983805668015997e-01
4.156862745098039436e-01 4.372469635627530549e-01
4.156862745098039436e-01 5.789473684210526550e-01
4.156862745098039436e-01 8.582995951417003999e-01
4.196078431372549100e-01 4.170040485829959453e-01
4.196078431372549100e-01 4.210526315789473450e-01
4.196078431372549100e-01 4.251012145748988003e-01
4.196078431372549100e-01 4.291497975708502000e-01
4.196078431372549100e-01 5.789473684210526550e-01
4.196078431372549100e-01 8.582995951417003999e-01
4.235294117647058765e-01 4.170040485829959453e-01
4.235294117647058765e-01 5.789473684210526550e-01
4.235294117647058765e-01 8.582995951417003999e-01
4.274509803921568429e-01 4.129554655870445457e-01
4.274509803921568429e-01 5.748987854251011997e-01
4.274509803921568429e-01 8.582995951417003999e-01
4.313725490196078649e-01 4.129554655870445457e-01
4.313725490196078649e-01 5.748987854251011997e-01
4.313725490196078649e-01 8.623481781376518551e-01
4.313725490196078649e-01 9.271255060728744724e-01
4.313725490196078649e-01 9.311740890688259276e-01
4.313725490196078649e-01 9.352226720647773828e-01
4.352941176470588314e-01 4.129554655870445457e-01
4.352941176470588314e-01 5.748987854251011997e-01
4.352941176470588314e-01 8.623481781376518551e-01
4.352941176470588314e-01 9.190283400809716730e-01
4.352941176470588314e-01 9.230769230769231282e-01
4.352941176470588314e-01 9.392712550607287270e-01
4.352941176470588314e-01 9.433198380566801822e-01
4.352941176470588314e-01 9.473684210526315264e-01
4.352941176470588314e-01 9.514170040485829816e-01
4.392156862745097978e-01 4.129554655870445457e-01
4.392156862745097978e-01 5.748987854251011997e-01
4.392156862745097978e-01 6.396761133603239280e-01
4.392156862745097978e-01 8.663967611336031993e-01
4.392156862745097978e-01 9.149797570850202177e-01
4.392156862745097978e-01 9.554655870445344368e-01
4.431372549019607643e-01 4.129554655870445457e-01
4.431372549019607643e-01 5.748987854251011997e-01
4.431372549019607643e-01 6.396761133603239280e-01
4.431372549019607643e-01 8.704453441295546545e-01
4.431372549019607643e-01 8.744939271255061097e-01
4.431372549019607643e-01 9.109311740890688736e-01
4.431372549019607643e-01 9.554655870445344368e-01
4.470588235294117863e-01 4.129554655870445457e-01
4.470588235294117863e-01 5.748987854251011997e-01
4.470588235294117863e-01 6.356275303643724728e-01
4.470588235294117863e-01 8.785425101214574539e-01
4.470588235294117863e-01 9.068825910931174183e-01
4.470588235294117863e-01 9.554655870445344368e-01
4.509803921568627527e-01 4.089068825910930904e-01
4.509803921568627527e-01 5.748987854251011997e-01
4.509803921568627527e-01 6.356275303643724728e-01
4.509803921568627527e-01 8.825910931174089091e-01
4.509803921568627527e-01 8.866396761133603643e-01
4.509803921568627527e-01 8.906882591093117085e-01
4.509803921568627527e-01 8.947368421052631637e-01
4.509803921568627527e-01 8.987854251012146189e-01
4.509803921568627527e-01 9.028340080971659631e-01
4.509803921568627527e-01 9.109311740890688736e-01
4.509803921568627527e-01 9.554655870445344368e-01
4.549019607843137192e-01 4.089068825910930904e-01
4.549019607843137192e-01 5.748987854251011997e-01
4.549019607843137192e-01 6.356275303643724728e-01
4.549019607843137192e-01 8.825910931174089091e-01
4.549019607843137192e-01 9.149797570850202177e-01
4.549019607843137192e-01 9.554655870445344368e-01
4.588235294117646856e-01 4.089068825910930904e-01
4.588235294117646856e-01 5.748987854251011997e-01
4.588235294117646856e-01 6.315789473684210176e-01
4.588235294117646856e-01 8.785425101214574539e-01
4.588235294117646856e-01 9.190283400809716730e-01
4.588235294117646856e-01 9.554655870445344368e-01
4.588235294117646856e-01 9.595141700404857810e-01
4.588235294117646856e-01 9.635627530364372362e-01
4.588235294117646856e-01 9.676113360323886914e-01
4.588235294117646856e-01 9.716599190283400356e-01
4.588235294117646856e-01 9.757085020242914908e-01
4.588235294117646856e-01 9.797570850202429460e-01
4.588235294117646856e-01 9.838056680161942902e-01
4.588235294117646856e-01 9.878542510121457454e-01
4.588235294117646856e-01 9.919028340080972006e-01
4.588235294117646856e-01 9.959514170040485448e-01
4.627450980392157076e-01 6.477732793522267274e-02
4.627450980392157076e-01 4.089068825910930904e-01
4.627450980392157076e-01 5.748987854251011997e-01
4.627450980392157076e-01 6.275303643724696734e-01
4.627450980392157076e-01 6.315789473684210176e-01
4.627450980392157076e-01 8.744939271255061097e-01
4.627450980392157076e-01 9.230769230769231282e-01
4.627450980392157076e-01 9.271255060728744724e-01
4.627450980392157076e-01 9.311740890688259276e-01
4.627450980392157076e-01 9.352226720647773828e-01
4.627450980392157076e-01 9.392712550607287270e-01
4.627450980392157076e-01 9.433198380566801822e-01
4.627450980392157076e-01 9.473684210526315264e-01
4.627450980392157076e-01 9.514170040485829816e-01
4.666666666666666741e-01 0.000000000000000000e+00
4.666666666666666741e-01 4.048582995951417046e-03
4.666666666666666741e-01 8.097165991902834092e-03
4.666666666666666741e-01 1.214574898785425114e-02
4.666666666666666741e-01 1.619433198380566818e-02
4.666666666666666741e-01 2.024291497975708523e-02
4.666666666666666741e-01 2.429149797570850228e-02
4.666666666666666741e-01 2.834008097165991932e-02
4.666666666666666741e-01 3.238866396761133637e-02
4.666666666666666741e-01 3.643724696356274995e-02
4.666666666666666741e-01 4.048582995951417046e-02
4.666666666666666741e-01 4.453441295546558404e-02
4.666666666666666741e-01 4.858299595141700455e-02
4.666666666666666741e-01 5.263157894736841813e-02
4.666666666666666741e-01 5.668016194331983865e-02
4.666666666666666741e-01 6.072874493927125222e-02
4.666666666666666741e-01 6.882591093117408632e-02
4.666666666666666741e-01 7.287449392712549989e-02
4.666666666666666741e-01 7.692307692307692735e-02
4.666666666666666741e-01 8.097165991902834092e-02
4.666666666666666741e-01 4.089068825910930904e-01
4.666666666666666741e-01 5.789473684210526550e-01
4.666666666666666741e-01 6.153846153846154188e-01
4.666666666666666741e-01 6.194331983805667630e-01
4.666666666666666741e-01 6.234817813765182182e-01
4.666666666666666741e-01 6.315789473684210176e-01
4.666666666666666741e-01 8.744939271255061097e-01
4.705882352941176405e-01 8.502024291497975450e-02
4.705882352941176405e-01 8.906882591093116808e-02
4.705882352941176405e-01 9.311740890688259553e-02
4.705882352941176405e-01 4.089068825910930904e-01
4.705882352941176405e-01 4.129554655870445457e-01
4.705882352941176405e-01 4.170040485829959453e-01
4.705882352941176405e-01 4.210526315789473450e-01
4.705882352941176405e-01 5.829959514170039991e-01
4.705882352941176405e-01 5.870445344129554543e-01
4.705882352941176405e-01 5.910931174089069096e-01
4.705882352941176405e-01 5.951417004048582537e-01
4.705882352941176405e-01 5.991902834008097090e-01
4.705882352941176405e-01 6.032388663967611642e-01
4.705882352941176405e-01 6.072874493927125084e-01
4.705882352941176405e-01 6.113360323886639636e-01
4.705882352941176405e-01 6.356275303643724728e-01
4.705882352941176405e-01 6.396761133603239280e-01
4.705882352941176405e-01 8.097165991902833815e-01
4.705882352941176405e-01 8.137651821862348367e-01
4.705882352941176405e-01 8.178137651821861809e-01
4.705882352941176405e-01 8.218623481781376361e-01
4.705882352941176405e-01 8.259109311740890913e-01
4.705882352941176405e-01 8.299595141700404355e-01
4.705882352941176405e-01 8.340080971659918907e-01
4.705882352941176405e-01 8.380566801619433459e-01
4.705882352941176405e-01 8.421052631578946901e-01
4.705882352941176405e-01 8.461538461538461453e-01
4.705882352941176405e-01 8.502024291497976005e-01
4.705882352941176405e-01 8.542510121457489447e-01
4.705882352941176405e-01 8.582995951417003999e-01
4.705882352941176405e-01 8.623481781376518551e-01
4.705882352941176405e-01 8.663967611336031993e-01
4.705882352941176405e-01 8.704453441295546545e-01
4.745098039215686070e-01 9.716599190283400911e-02
4.745098039215686070e-01 1.012145748987854227e-01
4.745098039215686070e-01 1.052631578947368363e-01
4.745098039215686070e-01 1.093117408906882637e-01
4.745098039215686070e-01 1.133603238866396773e-01
4.745098039215686070e-01 1.174089068825910909e-01
4.745098039215686070e-01 1.214574898785425044e-01
4.745098039215686070e-01 1.255060728744939180e-01
4.745098039215686070e-01 1.295546558704453455e-01
4.745098039215686070e-01 1.336032388663967729e-01
4.745098039215686070e-01 1.376518218623481726e-01
4.745098039215686070e-01 1.417004048582996001e-01
4.745098039215686070e-01 1.457489878542509998e-01
4.745098039215686070e-01 1.497975708502024272e-01
4.745098039215686070e-01 1.538461538461538547e-01
4.745098039215686070e-01 1.578947368421052544e-01
4.745098039215686070e-01 1.619433198380566818e-01
4.745098039215686070e-01 1.659919028340081093e-01
4.745098039215686070e-01 1.700404858299595090e-01
4.745098039215686070e-01 4.089068825910930904e-01
4.745098039215686070e-01 4.251012145748988003e-01
4.745098039215686070e-01 4.291497975708502000e-01
4.745098039215686070e-01 4.331983805668015997e-01
4.745098039215686070e-01 4.372469635627530549e-01
4.745098039215686070e-01 4.412955465587044546e-01
4.745098039215686070e-01 4.453441295546558543e-01
4.745098039215686070e-01 4.493927125506073095e-01
4.745098039215686070e-01 4.534412955465587092e-01
4.745098039215686070e-01 4.574898785425101089e-01
4.745098039215686070e-01 5.789473684210526550e-01
4.745098039215686070e-01 6.437246963562752722e-01
4.745098039215686070e-01 6.477732793522267274e-01
4.745098039215686070e-01 6.518218623481781826e-01
4.745098039215686070e-01 6.558704453441295268e-01
4.745098039215686070e-01 7.489878542510121084e-01
4.745098039215686070e-01 7.530364372469635637e-01
4.745098039215686070e-01 7.570850202429150189e-01
4.745098039215686070e-01 7.611336032388663630e-01
4.745098039215686070e-01 7.651821862348178183e-01
4.745098039215686070e-01 7.692307692307692735e-01
4.745098039215686070e-01 7.732793522267206177e-01
4.745098039215686070e-01 7.773279352226720729e-01
4.745098039215686070e-01 7.813765182186235281e-01
4.745098039215686070e-01 7.854251012145748723e-01
4.745098039215686070e-01 7.894736842105263275e-01
4.745098039215686070e-01 7.935222672064777827e-01
4.745098039215686070e-01 7.975708502024291269e-01
4.745098039215686070e-01 8.016194331983805821e-01
4.745098039215686070e-01 8.056680161943320373e-01
4.745098039215686070e-01 8.704453441295546545e-01
4.784313725490196290e-01 1.740890688259109365e-01
4.784313725490196290e-01 1.781376518218623362e-01
4.784313725490196290e-01 1.821862348178137636e-01
4.784313725490196290e-01 1.862348178137651911e-01
4.784313725490196290e-01 1.902834008097165908e-01
4.784313725490196290e-01 1.943319838056680182e-01
4.784313725490196290e-01 1.983805668016194457e-01
4.784313725490196290e-01 2.024291497975708454e-01
4.784313725490196290e-01 2.064777327935222728e-01
4.784313725490196290e-01 2.105263157894736725e-01
4.784313725490196290e-01 2.145748987854251000e-01
4.784313725490196290e-01 2.793522267206478005e-01
4.784313725490196290e-01 2.834008097165992002e-01
4.784313725490196290e-01 2.874493927125505999e-01
4.784313725490196290e-01 2.914979757085019996e-01
4.784313725490196290e-01 2.955465587044534548e-01
4.784313725490196290e-01 2.995951417004048545e-01
4.784313725490196290e-01 3.036437246963562542e-01
4.784313725490196290e-01 3.076923076923077094e-01
4.784313725490196290e-01 3.117408906882591091e-01
4.784313725490196290e-01 3.157894736842105088e-01
4.784313725490196290e-01 3.198380566801619640e-01
4.784313725490196290e-01 3.279352226720647634e-01
4.784313725490196290e-01 3.319838056680162186e-01
4.784313725490196290e-01 3.360323886639676183e-01
4.784313725490196290e-01 3.400809716599190180e-01
4.784313725490196290e-01 3.441295546558704177e-01
4.784313725490196290e-01 3.481781376518218729e-01
4.784313725490196290e-01 3.522267206477732726e-01
4.784313725490196290e-01 3.562753036437246723e-01
4.784313725490196290e-01 3.603238866396761275e-01
4.784313725490196290e-01 3.643724696356275272e-01
4.784313725490196290e-01 3.684210526315789269e-01
4.784313725490196290e-01 3.724696356275303821e-01
4.784313725490196290e-01 3.765182186234817818e-01
4.784313725490196290e-01 3.805668016194331815e-01
4.784313725490196290e-01 3.846153846153846367e-01
4.784313725490196290e-01 4.048582995951416907e-01
4.784313725490196290e-01 4.615384615384615641e-01
4.784313725490196290e-01 4.655870445344129638e-01
4.784313725490196290e-01 4.696356275303643635e-01
4.784313725490196290e-01 4.736842105263157632e-01
4.784313725490196290e-01 4.777327935222672184e-01
4.784313725490196290e-01 4.817813765182186181e-01
4.784313725490196290e-01 4.858299595141700178e-01
4.784313725490196290e-01 4.898785425101214730e-01
4.784313725490196290e-01 4.939271255060728727e-01
4.784313725490196290e-01 4.979757085020242724e-01
4.784313725490196290e-01 5.020242914979756721e-01
4.784313725490196290e-01 5.060728744939271273e-01
4.784313725490196290e-01 5.101214574898785825e-01
4.784313725490196290e-01 5.141700404858299267e-01
4.784313725490196290e-01 5.182186234817813819e-01
4.784313725490196290e-01 5.222672064777328371e-01
4.784313725490196290e-01 5.263157894736841813e-01
4.784313725490196290e-01 5.303643724696356365e-01
4.784313725490196290e-01 5.344129554655870917e-01
4.784313725490196290e-01 5.384615384615384359e-01
4.784313725490196290e-01 5.425101214574898911e-01
4.784313725490196290e-01 5.465587044534413463e-01
4.784313725490196290e-01 5.506072874493926905e-01
4.784313725490196290e-01 5.546558704453441457e-01
4.784313725490196290e-01 5.587044534412956009e-01
4.784313725490196290e-01 5.627530364372469451e-01
4.784313725490196290e-01 5.668016194331984003e-01
4.784313725490196290e-01 5.708502024291497445e-01
4.784313725490196290e-01 5.748987854251011997e-01
4.784313725490196290e-01 6.599190283400809820e-01
4.784313725490196290e-01 6.639676113360324372e-01
4.784313725490196290e-01 6.680161943319837814e-01
4.784313725490196290e-01 6.720647773279352366e-01
4.784313725490196290e-01 6.761133603238866918e-01
4.784313725490196290e-01 6.801619433198380360e-01
4.784313725490196290e-01 6.842105263157894912e-01
4.784313725490196290e-01 6.882591093117408354e-01
4.784313725490196290e-01 6.923076923076922906e-01
4.784313725490196290e-01 6.963562753036437458e-01
4.784313725490196290e-01 7.004048582995950900e-01
4.784313725490196290e-01 7.044534412955465452e-01
4.784313725490196290e-01 7.085020242914980004e-01
4.784313725490196290e-01 7.125506072874493446e-01
4.784313725490196290e-01 7.165991902834007998e-01
4.784313725490196290e-01 7.206477732793522550e-01
4.784313725490196290e-01 7.246963562753035992e-01
4.784313725490196290e-01 7.368421052631578538e-01
4.784313725490196290e-01 7.408906882591093090e-01
4.784313725490196290e-01 7.449392712550607643e-01
4.784313725490196290e-01 8.704453441295546545e-01
4.823529411764705954e-01 2.186234817813765274e-01
4.823529411764705954e-01 2.226720647773279271e-01
4.823529411764705954e-01 2.267206477732793546e-01
4.823529411764705954e-01 2.307692307692307820e-01
4.823529411764705954e-01 2.348178137651821817e-01
4.823529411764705954e-01 2.388663967611336092e-01
4.823529411764705954e-01 2.429149797570850089e-01
4.823529411764705954e-01 2.469635627530364363e-01
4.823529411764705954e-01 2.510121457489878360e-01
4.823529411764705954e-01 2.550607287449392913e-01
4.823529411764705954e-01 2.591093117408906910e-01
4.823529411764705954e-01 2.631578947368420907e-01
4.823529411764705954e-01 2.672064777327935459e-01
4.823529411764705954e-01 2.712550607287449456e-01
4.823529411764705954e-01 2.753036437246963453e-01
4.823529411764705954e-01 3.238866396761133637e-01
4.823529411764705954e-01 3.886639676113360364e-01
4.823529411764705954e-01 4.008097165991902910e-01
4.823529411764705954e-01 7.287449392712550544e-01
4.823529411764705954e-01 7.327935222672065096e-01
4.823529411764705954e-01 8.704453441295546545e-01
4.862745098039215619e-01 3.238866396761133637e-01
4.862745098039215619e-01 3.927125506072874361e-01
4.862745098039215619e-01 3.967611336032388913e-01
4.862745098039215619e-01 7.287449392712550544e-01
4.862745098039215619e-01 8.704453441295546545e-01
4.901960784313725283e-01 3.238866396761133637e-01
4.901960784313725283e-01 3.967611336032388913e-01
4.901960784313725283e-01 7.287449392712550544e-01
4.901960784313725283e-01 8.704453441295546545e-01
4.901960784313725283e-01 9.271255060728744724e-01
4.901960784313725283e-01 9.311740890688259276e-01
4.901960784313725283e-01 9.352226720647773828e-01
4.901960784313725283e-01 9.392712550607287270e-01
4.901960784313725283e-01 9.433198380566801822e-01
4.901960784313725283e-01 9.473684210526315264e-01
4.941176470588235503e-01 3.238866396761133637e-01
4.941176470588235503e-01 3.967611336032388913e-01
4.941176470588235503e-01 7.287449392712550544e-01
4.941176470588235503e-01 8.704453441295546545e-01
4.941176470588235503e-01 9.230769230769231282e-01
4.941176470588235503e-01 9.514170040485829816e-01
4.980392156862745168e-01 3.238866396761133637e-01
4.980392156862745168e-01 3.967611336032388913e-01
4.980392156862745168e-01 7.287449392712550544e-01
4.980392156862745168e-01 8.704453441295546545e-01
4.980392156862745168e-01 9.190283400809716730e-01
4.980392156862745168e-01 9.514170040485829816e-01
5.019607843137254832e-01 3.198380566801619640e-01
5.019607843137254832e-01 3.967611336032388913e-01
5.019607843137254832e-01 7.287449392712550544e-01
5.019607843137254832e-01 8.380566801619433459e-01
5.019607843137254832e-01 8.421052631578946901e-01
5.019607843137254832e-01 8.744939271255061097e-01
5.019607843137254832e-01 9.149797570850202177e-01
5.019607843137254832e-01 9.514170040485829816e-01
5.058823529411764497e-01 3.198380566801619640e-01
5.058823529411764497e-01 3.967611336032388913e-01
5.058823529411764497e-01 7.327935222672065096e-01
5.058823529411764497e-01 8.744939271255061097e-01
5.058823529411764497e-01 8.785425101214574539e-01
5.058823529411764497e-01 8.825910931174089091e-01
5.058823529411764497e-01 8.866396761133603643e-01
5.058823529411764497e-01 8.906882591093117085e-01
5.058823529411764497e-01 8.947368421052631637e-01
5.058823529411764497e-01 8.987854251012146189e-01
5.058823529411764497e-01 9.028340080971659631e-01
5.058823529411764497e-01 9.068825910931174183e-01
5.058823529411764497e-01 9.109311740890688736e-01
5.058823529411764497e-01 9.473684210526315264e-01
5.098039215686274161e-01 3.198380566801619640e-01
5.098039215686274161e-01 3.967611336032388913e-01
5.098039215686274161e-01 7.327935222672065096e-01
5.098039215686274161e-01 8.704453441295546545e-01
5.098039215686274161e-01 9.149797570850202177e-01
5.098039215686274161e-01 9.433198380566801822e-01
5.137254901960783826e-01 3.076923076923077094e-01
5.137254901960783826e-01 3.117408906882591091e-01
5.137254901960783826e-01 3.157894736842105088e-01
5.137254901960783826e-01 3.238866396761133637e-01
5.137254901960783826e-01 3.279352226720647634e-01
5.137254901960783826e-01 3.967611336032388913e-01
5.137254901960783826e-01 7.327935222672065096e-01
5.137254901960783826e-01 8.704453441295546545e-01
5.137254901960783826e-01 9.190283400809716730e-01
5.137254901960783826e-01 9.392712550607287270e-01
5.176470588235294601e-01 3.036437246963562542e-01
5.176470588235294601e-01 3.319838056680162186e-01
5.176470588235294601e-01 3.360323886639676183e-01
5.176470588235294601e-01 3.967611336032388913e-01
5.176470588235294601e-01 7.368421052631578538e-01
5.176470588235294601e-01 8.663967611336031993e-01
5.176470588235294601e-01 9.230769230769231282e-01
5.176470588235294601e-01 9.352226720647773828e-01
5.215686274509804266e-01 2.995951417004048545e-01
5.215686274509804266e-01 3.400809716599190180e-01
5.215686274509804266e-01 4.008097165991902910e-01
5.215686274509804266e-01 7.408906882591093090e-01
5.215686274509804266e-01 8.663967611336031993e-01
5.215686274509804266e-01 9.271255060728744724e-01
5.215686274509804266e-01 9.311740890688259276e-01
5.254901960784313930e-01 2.955465587044534548e-01
5.254901960784313930e-01 3.400809716599190180e-01
5.254901960784313930e-01 4.008097165991902910e-01
5.254901960784313930e-01 7.408906882591093090e-01
5.254901960784313930e-01 8.663967611336031993e-01
5.254901960784313930e-01 9.311740890688259276e-01
5.294117647058823595e-01 2.955465587044534548e-01
5.294117647058823595e-01 3.400809716599190180e-01
5.294117647058823595e-01 4.008097165991902910e-01
5.294117647058823595e-01 7.408906882591093090e-01
5.294117647058823595e-01 8.663967611336031993e-01
5.294117647058823595e-01 9.311740890688259276e-01
5.294117647058823595e-01 9.352226720647773828e-01
5.333333333333333259e-01 2.914979757085019996e-01
5.333333333333333259e-01 3.400809716599190180e-01
5.333333333333333259e-01 3.967611336032388913e-01
5.333333333333333259e-01 7.368421052631578538e-01
5.333333333333333259e-01 7.408906882591093090e-01
5.333333333333333259e-01 7.449392712550607643e-01
5.333333333333333259e-01 7.489878542510121084e-01
5.333333333333333259e-01 8.663967611336031993e-01
5.333333333333333259e-01 9.230769230769231282e-01
5.333333333333333259e-01 9.271255060728744724e-01
5.333333333333333259e-01 9.311740890688259276e-01
5.333333333333333259e-01 9.392712550607287270e-01
5.333333333333333259e-01 9.433198380566801822e-01
5.372549019607842924e-01 2.874493927125505999e-01
5.372549019607842924e-01 3.400809716599190180e-01
5.372549019607842924e-01 3.441295546558704177e-01
5.372549019607842924e-01 3.481781376518218729e-01
5.372549019607842924e-01 3.522267206477732726e-01
5.372549019607842924e-01 3.562753036437246723e-01
5.372549019607842924e-01 3.603238866396761275e-01
5.372549019607842924e-01 3.643724696356275272e-01
5.372549019607842924e-01 3.927125506072874361e-01
5.372549019607842924e-01 7.327935222672065096e-01
5.372549019607842924e-01 7.530364372469635637e-01
5.372549019607842924e-01 8.663967611336031993e-01
5.372549019607842924e-01 9.190283400809716730e-01
5.372549019607842924e-01 9.311740890688259276e-01
5.372549019607842924e-01 9.473684210526315264e-01
5.372549019607842924e-01 9.514170040485829816e-01
5.372549019607842924e-01 9.554655870445344368e-01
5.411764705882352589e-01 2.874493927125505999e-01
5.411764705882352589e-01 3.400809716599190180e-01
5.411764705882352589e-01 3.684210526315789269e-01
5.411764705882352589e-01 3.805668016194331815e-01
5.411764705882352589e-01 3.846153846153846367e-01
5.411764705882352589e-01 3.886639676113360364e-01
5.411764705882352589e-01 7.287449392712550544e-01
5.411764705882352589e-01 7.530364372469635637e-01
5.411764705882352589e-01 7.570850202429150189e-01
5.411764705882352589e-01 7.611336032388663630e-01
5.411764705882352589e-01 7.651821862348178183e-01
5.411764705882352589e-01 7.692307692307692735e-01
5.411764705882352589e-01 7.732793522267206177e-01
5.411764705882352589e-01 7.773279352226720729e-01
5.411764705882352589e-01 7.813765182186235281e-01
5.411764705882352589e-01 7.854251012145748723e-01
5.411764705882352589e-01 7.894736842105263275e-01
5.411764705882352589e-01 7.935222672064777827e-01
5.411764705882352589e-01 8.623481781376518551e-01
5.411764705882352589e-01 9.190283400809716730e-01
5.411764705882352589e-01 9.311740890688259276e-01
5.411764705882352589e-01 9.595141700404857810e-01
5.411764705882352589e-01 9.635627530364372362e-01
5.411764705882352589e-01 9.676113360323886914e-01
5.411764705882352589e-01 9.716599190283400356e-01
5.411764705882352589e-01 9.757085020242914908e-01
5.411764705882352589e-01 9.797570850202429460e-01
5.411764705882352589e-01 9.838056680161942902e-01
5.411764705882352589e-01 9.878542510121457454e-01
5.411764705882352589e-01 9.919028340080972006e-01
5.450980392156862253e-01 2.874493927125505999e-01
5.450980392156862253e-01 3.400809716599190180e-01
5.450980392156862253e-01 3.724696356275303821e-01
5.450980392156862253e-01 3.765182186234817818e-01
5.450980392156862253e-01 7.206477732793522550e-01
5.450980392156862253e-01 7.246963562753035992e-01
5.450980392156862253e-01 7.530364372469635637e-01
5.450980392156862253e-01 7.975708502024291269e-01
5.450980392156862253e-01 8.623481781376518551e-01
5.450980392156862253e-01 8.866396761133603643e-01
5.450980392156862253e-01 9.149797570850202177e-01
5.450980392156862253e-01 9.311740890688259276e-01
5.450980392156862253e-01 9.959514170040485448e-01
5.490196078431373028e-01 2.834008097165992002e-01
5.490196078431373028e-01 3.400809716599190180e-01
5.490196078431373028e-01 3.724696356275303821e-01
5.490196078431373028e-01 7.165991902834007998e-01
5.490196078431373028e-01 7.530364372469635637e-01
5.490196078431373028e-01 7.975708502024291269e-01
5.490196078431373028e-01 8.623481781376518551e-01
5.490196078431373028e-01 8.866396761133603643e-01
5.490196078431373028e-01 9.149797570850202177e-01
5.490196078431373028e-01 9.311740890688259276e-01
5.529411764705882693e-01 2.834008097165992002e-01
5.529411764705882693e-01 3.400809716599190180e-01
5.529411764705882693e-01 3.684210526315789269e-01
5.529411764705882693e-01 7.125506072874493446e-01
5.529411764705882693e-01 7.530364372469635637e-01
5.529411764705882693e-01 8.016194331983805821e-01
5.529411764705882693e-01 8.623481781376518551e-01
5.529411764705882693e-01 8.906882591093117085e-01
5.529411764705882693e-01 9.149797570850202177e-01
5.529411764705882693e-01 9.311740890688259276e-01
5.568627450980392357e-01 3.441295546558704177e-01
5.568627450980392357e-01 3.481781376518218729e-01
5.568627450980392357e-01 3.684210526315789269e-01
5.568627450980392357e-01 7.125506072874493446e-01
5.568627450980392357e-01 7.530364372469635637e-01
5.568627450980392357e-01 8.056680161943320373e-01
5.568627450980392357e-01 8.623481781376518551e-01
5.568627450980392357e-01 8.906882591093117085e-01
5.568627450980392357e-01 9.149797570850202177e-01
5.568627450980392357e-01 9.271255060728744724e-01
5.607843137254902022e-01 3.522267206477732726e-01
5.607843137254902022e-01 3.562753036437246723e-01
5.607843137254902022e-01 3.684210526315789269e-01
5.607843137254902022e-01 7.125506072874493446e-01
5.607843137254902022e-01 7.530364372469635637e-01
5.607843137254902022e-01 8.097165991902833815e-01
5.607843137254902022e-01 8.623481781376518551e-01
5.607843137254902022e-01 8.906882591093117085e-01
5.607843137254902022e-01 9.109311740890688736e-01
5.607843137254902022e-01 9.230769230769231282e-01
5.647058823529411686e-01 3.603238866396761275e-01
5.647058823529411686e-01 3.643724696356275272e-01
5.647058823529411686e-01 7.125506072874493446e-01
5.647058823529411686e-01 7.530364372469635637e-01
5.647058823529411686e-01 8.137651821862348367e-01
5.647058823529411686e-01 8.582995951417003999e-01
5.647058823529411686e-01 8.906882591093117085e-01
5.647058823529411686e-01 9.109311740890688736e-01
5.647058823529411686e-01 9.190283400809716730e-01
5.686274509803921351e-01 7.125506072874493446e-01
5.686274509803921351e-01 7.530364372469635637e-01
5.686274509803921351e-01 8.178137651821861809e-01
5.686274509803921351e-01 8.542510121457489447e-01
5.686274509803921351e-01 8.906882591093117085e-01
5.686274509803921351e-01 9.109311740890688736e-01
5.686274509803921351e-01 9.149797570850202177e-01
5.725490196078431016e-01 7.085020242914980004e-01
5.725490196078431016e-01 7.530364372469635637e-01
5.725490196078431016e-01 8.178137651821861809e-01
5.725490196078431016e-01 8.218623481781376361e-01
5.725490196078431016e-01 8.259109311740890913e-01
5.725490196078431016e-01 8.299595141700404355e-01
5.725490196078431016e-01 8.340080971659918907e-01
5.725490196078431016e-01 8.380566801619433459e-01
5.725490196078431016e-01 8.421052631578946901e-01
5.725490196078431016e-01 8.461538461538461453e-01
5.725490196078431016e-01 8.502024291497976005e-01
5.725490196078431016e-01 8.542510121457489447e-01
5.725490196078431016e-01 8.906882591093117085e-01
5.725490196078431016e-01 9.068825910931174183e-01
5.764705882352940680e-01 7.044534412955465452e-01
5.764705882352940680e-01 7.085020242914980004e-01
5.764705882352940680e-01 7.125506072874493446e-01
5.764705882352940680e-01 7.165991902834007998e-01
5.764705882352940680e-01 7.206477732793522550e-01
5.764705882352940680e-01 7.246963562753035992e-01
5.764705882352940680e-01 7.489878542510121084e-01
5.764705882352940680e-01 7.530364372469635637e-01
5.764705882352940680e-01 7.570850202429150189e-01
5.764705882352940680e-01 8.137651821862348367e-01
5.764705882352940680e-01 8.582995951417003999e-01
5.764705882352940680e-01 8.623481781376518551e-01
5.764705882352940680e-01 8.663967611336031993e-01
5.764705882352940680e-01 8.704453441295546545e-01
5.764705882352940680e-01 8.744939271255061097e-01
5.764705882352940680e-01 8.906882591093117085e-01
5.764705882352940680e-01 8.947368421052631637e-01
5.764705882352940680e-01 8.987854251012146189e-01
5.764705882352940680e-01 9.028340080971659631e-01
5.764705882352940680e-01 9.068825910931174183e-01
5.803921568627451455e-01 7.004048582995950900e-01
5.803921568627451455e-01 7.287449392712550544e-01
5.803921568627451455e-01 7.449392712550607643e-01
5.803921568627451455e-01 7.611336032388663630e-01
5.803921568627451455e-01 8.137651821862348367e-01
5.803921568627451455e-01 8.785425101214574539e-01
5.803921568627451455e-01 8.825910931174089091e-01
5.803921568627451455e-01 8.866396761133603643e-01
5.803921568627451455e-01 9.068825910931174183e-01
5.843137254901961120e-01 7.004048582995950900e-01
5.843137254901961120e-01 7.327935222672065096e-01
5.843137254901961120e-01 7.368421052631578538e-01
5.843137254901961120e-01 7.408906882591093090e-01
5.843137254901961120e-01 7.611336032388663630e-01
5.843137254901961120e-01 8.056680161943320373e-01
5.843137254901961120e-01 8.097165991902833815e-01
5.843137254901961120e-01 8.744939271255061097e-01
5.843137254901961120e-01 9.109311740890688736e-01
5.843137254901961120e-01 9.149797570850202177e-01
5.882352941176470784e-01 7.004048582995950900e-01
5.882352941176470784e-01 7.611336032388663630e-01
5.882352941176470784e-01 8.016194331983805821e-01
5.882352941176470784e-01 8.744939271255061097e-01
5.882352941176470784e-01 9.190283400809716730e-01
5.882352941176470784e-01 9.230769230769231282e-01
5.882352941176470784e-01 9.919028340080972006e-01
5.921568627450980449e-01 7.004048582995950900e-01
5.921568627450980449e-01 7.651821862348178183e-01
5.921568627450980449e-01 7.975708502024291269e-01
5.921568627450980449e-01 8.744939271255061097e-01
5.921568627450980449e-01 9.271255060728744724e-01
5.921568627450980449e-01 9.311740890688259276e-01
5.921568627450980449e-01 9.919028340080972006e-01
5.960784313725490113e-01 7.004048582995950900e-01
5.960784313725490113e-01 7.692307692307692735e-01
5.960784313725490113e-01 7.732793522267206177e-01
5.960784313725490113e-01 7.773279352226720729e-01
5.960784313725490113e-01 7.813765182186235281e-01
5.960784313725490113e-01 7.854251012145748723e-01
5.960784313725490113e-01 7.935222672064777827e-01
5.960784313725490113e-01 8.704453441295546545e-01
5.960784313725490113e-01 9.352226720647773828e-01
5.960784313725490113e-01 9.392712550607287270e-01
5.960784313725490113e-01 9.433198380566801822e-01
5.960784313725490113e-01 9.919028340080972006e-01
5.999999999999999778e-01 7.004048582995950900e-01
5.999999999999999778e-01 7.894736842105263275e-01
5.999999999999999778e-01 7.935222672064777827e-01
5.999999999999999778e-01 8.704453441295546545e-01
5.999999999999999778e-01 9.473684210526315264e-01
5.999999999999999778e-01 9.919028340080972006e-01
6.039215686274509443e-01 7.004048582995950900e-01
6.039215686274509443e-01 7.975708502024291269e-01
6.039215686274509443e-01 8.704453441295546545e-01
6.039215686274509443e-01 9.514170040485829816e-01
6.039215686274509443e-01 9.919028340080972006e-01
6.078431372549019107e-01 7.004048582995950900e-01
6.078431372549019107e-01 8.016194331983805821e-01
6.078431372549019107e-01 8.704453441295546545e-01
6.078431372549019107e-01 9.554655870445344368e-01
6.078431372549019107e-01 9.595141700404857810e-01
6.078431372549019107e-01 9.919028340080972006e-01
6.117647058823529882e-01 6.963562753036437458e-01
6.117647058823529882e-01 8.056680161943320373e-01
6.117647058823529882e-01 8.704453441295546545e-01
6.117647058823529882e-01 9.635627530364372362e-01
6.117647058823529882e-01 9.676113360323886914e-01
6.117647058823529882e-01 9.716599190283400356e-01
6.117647058823529882e-01 9.757085020242914908e-01
6.117647058823529882e-01 9.797570850202429460e-01
6.117647058823529882e-01 9.838056680161942902e-01
6.117647058823529882e-01 9.878542510121457454e-01
6.156862745098039547e-01 6.963562753036437458e-01
6.156862745098039547e-01 8.097165991902833815e-01
6.156862745098039547e-01 8.704453441295546545e-01
6.196078431372549211e-01 6.963562753036437458e-01
6.196078431372549211e-01 8.137651821862348367e-01
6.196078431372549211e-01 8.178137651821861809e-01
6.196078431372549211e-01 8.704453441295546545e-01
6.235294117647058876e-01 6.963562753036437458e-01
6.235294117647058876e-01 8.704453441295546545e-01
6.274509803921568540e-01 6.963562753036437458e-01
6.274509803921568540e-01 8.704453441295546545e-01
6.313725490196078205e-01 6.923076923076922906e-01
6.313725490196078205e-01 8.704453441295546545e-01
6.352941176470587870e-01 6.923076923076922906e-01
6.352941176470587870e-01 8.704453441295546545e-01
6.392156862745097534e-01 6.923076923076922906e-01
6.392156862745097534e-01 8.704453441295546545e-01
6.431372549019608309e-01 6.882591093117408354e-01
6.431372549019608309e-01 8.704453441295546545e-01
6.470588235294117974e-01 6.882591093117408354e-01
6.470588235294117974e-01 8.704453441295546545e-01
6.509803921568627638e-01 6.882591093117408354e-01
6.509803921568627638e-01 8.704453441295546545e-01
6.549019607843137303e-01 6.882591093117408354e-01
6.549019607843137303e-01 8.704453441295546545e-01
6.588235294117646967e-01 6.882591093117408354e-01
6.588235294117646967e-01 8.704453441295546545e-01
6.627450980392156632e-01 6.882591093117408354e-01
6.627450980392156632e-01 8.704453441295546545e-01
6.666666666666666297e-01 6.882591093117408354e-01
6.666666666666666297e-01 8.704453441295546545e-01
6.705882352941175961e-01 6.882591093117408354e-01
6.705882352941175961e-01 8.704453441295546545e-01
6.745098039215686736e-01 6.882591093117408354e-01
6.745098039215686736e-01 8.704453441295546545e-01
6.784313725490196401e-01 6.882591093117408354e-01
6.784313725490196401e-01 8.744939271255061097e-01
6.823529411764706065e-01 6.882591093117408354e-01
6.823529411764706065e-01 8.744939271255061097e-01
6.862745098039215730e-01 6.882591093117408354e-01
6.862745098039215730e-01 8.744939271255061097e-01
6.901960784313725394e-01 6.882591093117408354e-01
6.901960784313725394e-01 8.704453441295546545e-01
6.941176470588235059e-01 6.842105263157894912e-01
6.941176470588235059e-01 8.704453441295546545e-01
6.980392156862744724e-01 6.842105263157894912e-01
6.980392156862744724e-01 8.704453441295546545e-01
7.019607843137254388e-01 6.801619433198380360e-01
7.019607843137254388e-01 8.704453441295546545e-01
7.058823529411765163e-01 6.761133603238866918e-01
7.058823529411765163e-01 8.704453441295546545e-01
7.098039215686274828e-01 6.761133603238866918e-01
7.098039215686274828e-01 8.704453441295546545e-01
7.137254901960784492e-01 6.720647773279352366e-01
7.137254901960784492e-01 8.704453441295546545e-01
7.176470588235294157e-01 6.720647773279352366e-01
7.176470588235294157e-01 8.704453441295546545e-01
7.215686274509803821e-01 6.720647773279352366e-01
7.215686274509803821e-01 8.704453441295546545e-01
7.254901960784313486e-01 6.720647773279352366e-01
7.254901960784313486e-01 8.744939271255061097e-01
7.294117647058823151e-01 6.680161943319837814e-01
7.294117647058823151e-01 8.744939271255061097e-01
7.333333333333332815e-01 6.680161943319837814e-01
7.333333333333332815e-01 8.744939271255061097e-01
7.372549019607843590e-01 6.639676113360324372e-01
7.372549019607843590e-01 8.744939271255061097e-01
7.411764705882353255e-01 6.599190283400809820e-01
7.411764705882353255e-01 8.744939271255061097e-01
7.450980392156862919e-01 6.599190283400809820e-01
7.450980392156862919e-01 8.744939271255061097e-01
7.490196078431372584e-01 6.558704453441295268e-01
7.490196078431372584e-01 8.744939271255061097e-01
7.529411764705882248e-01 6.558704453441295268e-01
7.529411764705882248e-01 8.744939271255061097e-01
7.568627450980391913e-01 6.558704453441295268e-01
7.568627450980391913e-01 8.744939271255061097e-01
7.607843137254901578e-01 6.558704453441295268e-01
7.607843137254901578e-01 8.744939271255061097e-01
7.647058823529411242e-01 6.558704453441295268e-01
7.647058823529411242e-01 8.744939271255061097e-01
7.686274509803922017e-01 6.558704453441295268e-01
7.686274509803922017e-01 8.744939271255061097e-01
7.725490196078431682e-01 6.518218623481781826e-01
7.725490196078431682e-01 8.744939271255061097e-01
7.764705882352941346e-01 6.518218623481781826e-01
7.764705882352941346e-01 8.744939271255061097e-01
7.803921568627451011e-01 6.518218623481781826e-01
7.803921568627451011e-01 8.744939271255061097e-01
7.843137254901960675e-01 6.518218623481781826e-01
7.843137254901960675e-01 8.744939271255061097e-01
7.882352941176470340e-01 6.477732793522267274e-01
7.882352941176470340e-01 8.744939271255061097e-01
7.921568627450980005e-01 6.477732793522267274e-01
7.921568627450980005e-01 8.744939271255061097e-01
7.960784313725489669e-01 6.437246963562752722e-01
7.960784313725489669e-01 8.744939271255061097e-01
8.000000000000000444e-01 6.437246963562752722e-01
8.000000000000000444e-01 8.744939271255061097e-01
8.039215686274510109e-01 6.437246963562752722e-01
8.039215686274510109e-01 8.744939271255061097e-01
8.078431372549019773e-01 6.437246963562752722e-01
8.078431372549019773e-01 8.744939271255061097e-01
8.117647058823529438e-01 6.396761133603239280e-01
8.117647058823529438e-01 8.744939271255061097e-01
8.156862745098039102e-01 6.396761133603239280e-01
8.156862745098039102e-01 8.785425101214574539e-01
8.196078431372548767e-01 6.396761133603239280e-01
8.196078431372548767e-01 8.785425101214574539e-01
8.235294117647058432e-01 6.396761133603239280e-01
8.235294117647058432e-01 8.785425101214574539e-01
8.274509803921568096e-01 6.356275303643724728e-01
8.274509803921568096e-01 8.785425101214574539e-01
8.313725490196078871e-01 6.356275303643724728e-01
8.313725490196078871e-01 8.785425101214574539e-01
8.352941176470588536e-01 6.356275303643724728e-01
8.352941176470588536e-01 8.785425101214574539e-01
8.392156862745098200e-01 6.315789473684210176e-01
8.392156862745098200e-01 8.785425101214574539e-01
8.431372549019607865e-01 6.315789473684210176e-01
8.431372549019607865e-01 8.785425101214574539e-01
8.470588235294117530e-01 6.315789473684210176e-01
8.470588235294117530e-01 8.785425101214574539e-01
8.509803921568627194e-01 6.315789473684210176e-01
8.509803921568627194e-01 8.785425101214574539e-01
8.549019607843136859e-01 6.315789473684210176e-01
8.549019607843136859e-01 8.785425101214574539e-01
8.588235294117646523e-01 6.315789473684210176e-01
8.588235294117646523e-01 8.785425101214574539e-01
8.627450980392157298e-01 6.315789473684210176e-01
8.627450980392157298e-01 8.744939271255061097e-01
8.666666666666666963e-01 8.744939271255061097e-01
8.705882352941176627e-01 8.744939271255061097e-01
8.745098039215686292e-01 8.704453441295546545e-01
8.784313725490195957e-01 8.704453441295546545e-01
8.823529411764705621e-01 8.704453441295546545e-01
8.862745098039215286e-01 8.704453441295546545e-01
8.901960784313724950e-01 8.704453441295546545e-01
8.941176470588235725e-01 8.704453441295546545e-01
8.980392156862745390e-01 8.663967611336031993e-01
9.019607843137255054e-01 8.663967611336031993e-01
9.058823529411764719e-01 8.663967611336031993e-01
9.098039215686274384e-01 8.663967611336031993e-01
9.137254901960784048e-01 8.663967611336031993e-01
9.176470588235293713e-01 8.663967611336031993e-01
9.215686274509803377e-01 8.663967611336031993e-01
9.254901960784314152e-01 8.663967611336031993e-01
9.294117647058823817e-01 8.663967611336031993e-01
9.333333333333333481e-01 8.663967611336031993e-01
9.372549019607843146e-01 8.663967611336031993e-01
9.411764705882352811e-01 8.663967611336031993e-01
9.450980392156862475e-01 8.623481781376518551e-01
9.490196078431372140e-01 8.623481781376518551e-01
9.529411764705881804e-01 8.623481781376518551e-01
9.568627450980392579e-01 8.623481781376518551e-01
9.607843137254902244e-01 8.582995951417003999e-01
9.647058823529411908e-01 8.542510121457489447e-01
9.686274509803921573e-01 8.502024291497976005e-01
9.725490196078431238e-01 8.461538461538461453e-01
9.921568627450980671e-01 8.825910931174089091e-01
9.960784313725490335e-01 8.825910931174089091e-01
1.000000000000000000e+00 8.623481781376518551e-01
1.000000000000000000e+00 8.663967611336031993e-01
1.000000000000000000e+00 8.704453441295546545e-01
1.000000000000000000e+00 8.744939271255061097e-01
1.000000000000000000e+00 8.785425101214574539e-01
1.000000000000000000e+00 8.825910931174089091e-01
1.000000000000000000e+00 8.866396761133603643e-01
1.000000000000000000e+00 8.906882591093117085e-01
1.000000000000000000e+00 8.947368421052631637e-01
