6.912225857377052307e-03 7.922345642149448697e-01
4.800482187420129776e-03 8.266806123051791966e-01
2.695480361580848694e-03 8.273700392507016277e-01
1.542222336865961552e-03 8.279505538418888699e-01
9.664909682218350562e-03 7.955821676291525701e-01
8.355754661355532797e-03 8.161419793406966550e-01
6.128003588859357031e-03 8.182260683318599570e-01
4.900987260956682356e-03 8.201360085289924884e-01
1.293832669217212517e-02 8.002847168669104949e-01
7.843137254901960675e-03 8.080000000000000515e-01
7.843137254901960675e-03 8.120000000000000551e-01
7.138927485428603337e-04 8.198903484940528452e-01
1.176470588235294101e-02 7.960000000000000409e-01
1.176470588235294101e-02 8.000000000000000444e-01
1.176470588235294101e-02 8.040000000000000480e-01
1.568627450980392135e-02 8.000000000000000444e-01
1.960784313725490169e-02 8.000000000000000444e-01
2.352941176470588203e-02 8.000000000000000444e-01
2.745098039215686236e-02 8.000000000000000444e-01
3.137254901960784270e-02 8.000000000000000444e-01
3.529411764705882304e-02 8.000000000000000444e-01
3.921568627450980338e-02 8.000000000000000444e-01
4.242177064137934994e-02 8.000000000004486855e-01
4.705882353596986534e-02 8.000000000000000444e-01
5.098039220416621109e-02 8.000000000000000444e-01
5.490196073701025803e-02 8.000000000000000444e-01
5.882352928297052141e-02 8.000000000000000444e-01
6.274509804577378669e-02 8.000000000000000444e-01
6.666666670085392987e-02 8.000000000000000444e-01
7.058823532830491021e-02 8.000000000000000444e-01
7.450980403724660750e-02 8.000000000000000444e-01
7.842555705072157268e-02 8.000456121197203618e-01
8.233848701009478799e-02 8.001048968333634992e-01
8.624644004347489790e-02 8.001849885884440017e-01
9.014476812725678856e-02 8.002989127533510771e-01
9.402194273579345118e-02 8.004730066866614369e-01
9.784305186721943548e-02 8.007684761076234725e-01
1.014644494517615014e-01 8.013570466544479576e-01
1.039029937484027694e-01 8.028109923005104509e-01
1.117832807614011492e-01 8.011890076994896415e-01
1.142218250580424171e-01 8.026429533455521348e-01
1.178432227298959745e-01 8.032315238923766199e-01
1.216643317740104674e-01 8.035269933133386555e-01
1.255415063825471300e-01 8.037010872466490152e-01
1.294398345063468014e-01 8.038150114115560907e-01
1.333477874997091306e-01 8.038951031666365932e-01
1.372549020771052231e-01 8.039999999995514068e-01
1.411620163809322315e-01 8.041048968333635028e-01
1.450699694552396168e-01 8.041849885884440052e-01
1.489682975390214936e-01 8.042989127533510807e-01
1.528454722275937039e-01 8.044730066866614404e-01
1.566665812789841405e-01 8.047684761076234761e-01
1.602937943909280849e-01 8.053114344328642371e-01
1.627409772865255067e-01 8.067060953434557202e-01
1.705787404600129231e-01 8.050040193293244162e-01
1.729940441256735961e-01 8.063440407086164274e-01
1.765710478695623198e-01 8.067585169728845873e-01
1.802916973085124386e-01 8.067585169728845873e-01
1.838687009723656285e-01 8.063440407086164274e-01
1.862840046380263015e-01 8.050040193293244162e-01
1.941217678115137180e-01 8.067060953434557202e-01
1.965689506489034788e-01 8.053114344328642371e-01
2.001961639063665754e-01 8.047684761076234761e-01
2.040172729504810545e-01 8.044730066866614404e-01
2.078944475590177310e-01 8.042989127533510807e-01
2.117927756427996078e-01 8.041849885884440052e-01
2.157007287171069931e-01 8.041048968333635028e-01
2.196136586355529330e-01 8.040456121197203654e-01
2.235294117174024264e-01 8.040000000000000480e-01
2.274509802764788646e-01 8.040000000000000480e-01
2.313725489723043871e-01 8.040000000000000480e-01
2.352941175313808253e-01 8.040000000000000480e-01
2.392156862679517271e-01 8.040000000000000480e-01
2.431372548270281375e-01 8.040000000000000480e-01
2.519489422550096336e-01 4.096389770470559855e-01
2.470588234413629569e-01 8.040000000000000480e-01
2.536212052802975236e-01 4.121656731627881265e-01
2.509803921226754775e-01 8.040000000000000480e-01
2.545912647340218271e-01 4.157074636202305329e-01
2.574322498996979292e-01 4.149802354248240399e-01
2.549019607501264439e-01 8.040000000000000480e-01
2.646382796249407421e-01 2.379144045654684181e-01
2.598218268851804624e-01 4.200488971090817203e-01
2.588235294459519942e-01 8.040000000000000480e-01
2.633289570833428628e-01 2.395621668212115640e-01
2.630777023762336797e-01 4.244071076982654511e-01
2.627450980865191354e-01 8.040000000000000480e-01
2.679705675148094657e-01 2.421707080304622561e-01
2.663965479334971520e-01 4.288625680929981088e-01
2.666666666193632240e-01 8.040000000000000480e-01
2.715755953152170776e-01 2.453290749629959411e-01
2.689249419538742303e-01 4.341425683517008971e-01
2.722801794928005337e-01 4.337014095056802021e-01
2.705882353414210684e-01 8.040000000000000480e-01
2.751728540809149637e-01 2.487750481017865223e-01
2.748213805664586618e-01 4.388457642029970907e-01
2.745098039215686514e-01 8.040000000000000480e-01
2.788333581477476786e-01 2.523416877589188534e-01
2.785230232905436809e-01 4.435102789835073112e-01
2.784313725490196179e-01 8.040000000000000480e-01
2.825906616856467268e-01 2.559736482532171120e-01
2.823759967798490367e-01 4.478582844855263922e-01
2.823529411764705843e-01 8.040000000000000480e-01
2.868431146573914292e-01 2.599208450171863749e-01
2.862514542260089501e-01 4.521417156017851213e-01
2.911850114553874436e-01 7.545346532501280290e-01
2.862745098039215508e-01 8.040000000000000480e-01
2.914666032395782369e-01 2.637034275147598361e-01
2.901044276898485097e-01 4.564897210164927110e-01
2.924894004338877695e-01 7.575035753175616282e-01
2.901960784313725727e-01 8.040000000000000480e-01
2.965641334406374230e-01 2.663124894788488906e-01
2.938060704139335289e-01 4.611542357970029316e-01
2.928360361359356179e-01 7.614263523779809528e-01
2.945767848680535539e-01 7.622099451161921113e-01
2.966355616911588444e-01 7.635881007343996441e-01
2.941176470588235392e-01 8.040000000000000480e-01
2.959270531539896498e-01 2.696261955024674695e-01
2.963627818501645694e-01 4.662496453020721909e-01
2.997156495223844419e-01 4.657503546979278597e-01
2.960819872790107499e-01 7.711010324601084154e-01
2.980392156862745057e-01 7.720000000000000195e-01
2.980392156862745057e-01 7.760000000000000231e-01
2.980392156862745057e-01 8.040000000000000480e-01
3.014018574734126932e-01 2.721779775775503563e-01
3.022723609586154825e-01 4.708457643194123854e-01
3.019607843137254721e-01 7.800000000000000266e-01
3.019607843137254721e-01 7.840000000000000302e-01
3.019607843137254721e-01 7.880000000000000338e-01
3.019607843137254721e-01 8.040000000000000480e-01
3.066899820244597397e-01 2.757455244592856847e-01
3.059807544471422336e-01 4.754493133854120757e-01
3.058823529411764941e-01 7.920000000000000373e-01
3.058823529411764941e-01 7.960000000000000409e-01
3.058823529411764941e-01 8.000000000000000444e-01
3.058823529411764941e-01 8.040000000000000480e-01
3.121584880421413022e-01 2.782774489326402811e-01
3.098453795931253030e-01 4.797083321795798661e-01
3.098039215686274606e-01 8.040000000000000480e-01
3.116770676136308982e-01 2.816320963623002438e-01
3.137438926208357959e-01 4.838500476212939105e-01
3.137254901960784270e-01 8.040000000000000480e-01
3.176470588734519040e-01 2.840000000274280345e-01
3.176538095825141017e-01 4.879390344783023359e-01
3.176470588235293935e-01 8.080000000000000515e-01
3.236170500334279443e-01 2.863679036376997611e-01
3.216312579336969013e-01 4.919955455227791319e-01
3.215686274509804154e-01 8.080000000000000515e-01
3.231356296049175403e-01 2.897225510673597237e-01
3.256443855382945007e-01 4.959871835561862063e-01
3.254901960784313819e-01 8.080000000000000515e-01
3.286041357390144246e-01 2.922544753369875070e-01
3.297121157123268920e-01 4.999691938683099579e-01
3.294117647058823484e-01 8.080000000000000515e-01
3.338922600572307720e-01 2.958220226261764618e-01
3.339019381868031933e-01 5.039208450171863696e-01
3.412795246889193668e-01 5.485261518526822755e-01
3.323427057669808282e-01 8.072562245461158970e-01
3.393670644930691926e-01 2.983738044975325354e-01
3.389684311899484603e-01 5.079616358072671645e-01
3.423989998030604331e-01 5.485196770071052441e-01
3.366244553092995195e-01 8.076066523308400580e-01
3.387738299419117416e-01 3.016843921039253362e-01
3.439863073502612556e-01 5.104640432521700966e-01
3.439722995602471078e-01 5.491469061719254086e-01
3.411909246727565792e-01 8.078951031666365967e-01
3.456140922711176122e-01 8.685372730940580377e-01
3.439817039401033005e-01 3.042837560605257674e-01
3.431099332741224250e-01 5.135864468878135192e-01
3.450980392156862697e-01 5.520000000000000462e-01
3.451038547139843038e-01 8.079543878802797341e-01
3.485728121234797916e-01 8.645205150227993629e-01
3.466881762363710484e-01 8.652076346166431842e-01
3.447097500250903002e-01 8.663238426931202385e-01
3.487513539379042404e-01 3.080483488438476303e-01
3.490197101788344858e-01 5.168820288931019746e-01
3.490196078431372362e-01 5.520000000000000462e-01
3.493309481358201074e-01 8.081669242192293101e-01
3.518875076782469469e-01 8.586106168515980075e-01
3.489273697790385986e-01 8.579577269405126438e-01
3.532094303758212539e-01 3.119516511561523653e-01
3.529411764705882582e-01 5.200000000000000178e-01
3.529411764705882582e-01 5.520000000000000462e-01
3.535693100078360351e-01 8.084795863642357805e-01
3.550645756425664934e-01 8.540706779323518072e-01
3.579075837873068600e-01 3.157359639091882886e-01
3.568627450980392246e-01 5.240000000000000213e-01
3.568627450980392246e-01 5.520000000000000462e-01
3.568627450980392246e-01 8.080000000000000515e-01
3.601205764237937479e-01 8.502822394967078923e-01
3.630628977810927416e-01 3.183553565107286043e-01
3.607843137254901911e-01 5.240000000000000213e-01
3.607843137254901911e-01 5.520000000000000462e-01
3.607843137254901911e-01 8.080000000000000515e-01
3.593010154694282199e-01 8.468686445867642520e-01
3.624272982973386070e-01 3.216446434892714090e-01
3.647058823529411575e-01 5.240000000000000213e-01
3.647058823529411575e-01 5.520000000000000462e-01
3.647058823529411575e-01 8.080000000000000515e-01
3.661655435256440660e-01 8.453436627341434084e-01
3.675826122911245442e-01 3.242640359452925725e-01
3.686274509803921795e-01 5.280000000000000249e-01
3.686274509803921795e-01 5.520000000000000462e-01
3.686274509803921795e-01 8.080000000000000515e-01
3.653917704635829544e-01 8.419586268309503518e-01
3.723522622161659079e-01 3.280286289232463015e-01
3.725490196078431460e-01 5.320000000000000284e-01
3.725490196078431460e-01 5.360000000000000320e-01
3.725490196078431460e-01 5.520000000000000462e-01
3.725490196078431460e-01 8.080000000000000515e-01
3.725490196078431460e-01 8.399999999999999689e-01
3.773590523345560221e-01 3.321530815061414788e-01
3.764705882352941124e-01 5.400000000000000355e-01
3.764705882352941124e-01 5.440000000000000391e-01
3.764705882352941124e-01 5.480000000000000426e-01
3.764705882352941124e-01 5.520000000000000462e-01
3.764705882352941124e-01 8.080000000000000515e-01
3.764705882352941124e-01 8.359999999999999654e-01
3.823575497093592013e-01 3.357744236316066444e-01
3.803921568627450789e-01 5.560000000000000497e-01
3.803921568627450789e-01 8.120000000000000551e-01
3.803921568627450789e-01 8.199999999999999512e-01
3.803921568627450789e-01 8.239999999999999547e-01
3.803921568627450789e-01 8.279999999999999583e-01
3.803921568627450789e-01 8.319999999999999618e-01
3.878853214868143717e-01 3.382442758046090847e-01
3.843137254901961009e-01 5.560000000000000497e-01
3.843137254901961009e-01 8.159999999999999476e-01
3.874722139183979785e-01 3.414253397239372378e-01
3.882352941176470673e-01 5.560000000000000497e-01
3.882352941176470673e-01 8.120000000000000551e-01
3.947214352414377125e-01 3.421934704119339310e-01
3.921568627450980338e-01 5.600000000000000533e-01
3.921568627450980338e-01 8.120000000000000551e-01
3.950342477522972851e-01 3.455499691944569074e-01
3.960784313725490002e-01 5.600000000000000533e-01
3.960784313725490002e-01 8.080000000000000515e-01
4.025725124869495852e-01 3.457497111540287493e-01
3.967341341543942912e-01 5.614735480071977314e-01
4.000000000000000222e-01 8.080000000000000515e-01
4.038460778532716455e-01 3.480555303777218557e-01
4.163545918194394568e-01 4.177820650674402558e-01
4.056007804823856810e-01 5.613610593006014282e-01
4.039215686274509887e-01 8.080000000000000515e-01
4.053838689364127612e-01 3.505945573579519747e-01
4.156563404034457898e-01 4.199409366436302471e-01
4.130342962238572335e-01 4.131566587612032770e-01
4.079536550856645016e-01 5.636209586970507557e-01
4.073106710933714902e-01 8.088282921626233080e-01
4.131008100024807783e-01 3.511747010499238764e-01
4.148466944256249400e-01 4.199208307862281608e-01
4.127364096724811526e-01 4.138434376381337487e-01
4.105921737877104016e-01 5.650114518227055127e-01
4.115227475935278045e-01 8.084725481558125981e-01
4.126068946010634231e-01 3.542387588396668230e-01
4.166833557923525500e-01 4.167537963101640153e-01
4.122952561396375226e-01 5.670517927370964939e-01
4.157249101175836681e-01 8.082720355696511039e-01
4.189176920148562355e-01 3.569824483422562311e-01
4.197416202618293180e-01 4.146356395529582906e-01
4.190425606606546505e-01 5.685211763782426209e-01
4.196078430616793642e-01 8.082097936667269611e-01
4.253827828037388126e-01 3.597110457625239954e-01
4.218845576801172892e-01 4.120296424105763244e-01
4.262072575333363811e-01 5.698457794059067494e-01
4.235071575189281456e-01 8.082306007227162414e-01
4.242248480272132194e-01 3.631265122815966473e-01
4.274509803921568429e-01 4.119999999999999774e-01
4.274509803921568429e-01 5.719999999999999529e-01
4.274054857136683760e-01 8.082533006190788516e-01
4.280732458996057144e-01 3.677335986271500490e-01
4.316305553497217229e-01 3.672229088675230679e-01
4.313725490196078649e-01 4.119999999999999774e-01
4.313725490196078649e-01 5.759999999999999565e-01
4.312912988738675235e-01 8.083681098460220316e-01
4.322287911631386148e-01 3.749445502441376421e-01
4.344703117816928195e-01 3.768348183473572144e-01
4.352941176470588314e-01 3.800000000000000044e-01
4.352941176470588314e-01 4.079999999999999738e-01
4.352941176470588314e-01 5.759999999999999565e-01
4.357474985148976909e-01 8.082357990597375252e-01
4.392156862745097978e-01 3.840000000000000080e-01
4.392156862745097978e-01 3.880000000000000115e-01
4.392156862745097978e-01 3.920000000000000151e-01
4.392156862745097978e-01 3.960000000000000187e-01
4.392156862745097978e-01 4.079999999999999738e-01
4.392156862745097978e-01 5.759999999999999565e-01
4.392156862745097978e-01 8.080000000000000515e-01
4.431372549019607643e-01 4.000000000000000222e-01
4.431372549019607643e-01 4.040000000000000258e-01
4.431372549019607643e-01 5.799999999999999600e-01
4.431372549019607643e-01 8.080000000000000515e-01
4.470588235294117863e-01 4.079999999999999738e-01
4.530618545708849365e-01 5.488096242398023961e-01
4.470588235294117863e-01 5.799999999999999600e-01
4.560269300004138882e-01 6.305738141695037546e-01
4.470588235294117863e-01 8.120000000000000551e-01
4.509803921568627527e-01 4.079999999999999738e-01
4.532126727167005709e-01 5.522293078303337488e-01
4.509803921568627527e-01 5.480000000000000426e-01
4.509803921568627527e-01 5.799999999999999600e-01
4.569554728108878305e-01 6.300132039636373582e-01
4.538214130911464861e-01 7.366792344227433009e-01
4.531872022084380558e-01 7.442538028210401446e-01
4.521695091274987033e-01 7.461580380853265471e-01
4.519818340081210306e-01 7.492723696418106538e-01
4.520735916334624460e-01 7.522449444436933863e-01
4.526857127088542154e-01 7.554309973553754443e-01
4.542546121987934282e-01 7.574816548638045877e-01
4.509803921568627527e-01 8.120000000000000551e-01
4.549019607843137192e-01 4.079999999999999738e-01
4.549019607843137192e-01 5.520000000000000462e-01
4.549019607843137192e-01 5.560000000000000497e-01
4.549019607843137192e-01 5.600000000000000533e-01
4.549019607843137192e-01 5.759999999999999565e-01
4.592588735872185635e-01 6.287734194360673490e-01
4.521748403680748152e-01 7.379631308540701706e-01
4.516571635508215832e-01 7.379477596506476278e-01
4.531350381334549593e-01 7.652232258450240021e-01
4.552663851540773021e-01 7.673922600988298814e-01
4.574861583427763390e-01 7.694097746890038447e-01
4.549019607843137192e-01 8.120000000000000551e-01
4.588235294117646856e-01 4.079999999999999738e-01
4.588235294117646856e-01 5.639999999999999458e-01
4.588235294117646856e-01 5.679999999999999494e-01
4.588235294117646856e-01 5.719999999999999529e-01
4.588235294117646856e-01 5.759999999999999565e-01
4.605558536618071241e-01 6.268512134142220082e-01
4.588235294117646856e-01 7.760000000000000231e-01
4.588235294117646856e-01 7.800000000000000266e-01
4.588235294117646856e-01 8.080000000000000515e-01
4.627450980392157076e-01 4.079999999999999738e-01
4.627450980392157076e-01 5.639999999999999458e-01
4.627450980392157076e-01 5.799999999999999600e-01
4.627450980392157076e-01 5.839999999999999636e-01
4.627450980392157076e-01 6.280000000000000027e-01
4.627450980392157076e-01 7.840000000000000302e-01
4.627450980392157076e-01 7.880000000000000338e-01
4.627450980392157076e-01 7.920000000000000373e-01
4.627450980392157076e-01 8.080000000000000515e-01
4.666666666666666741e-01 4.079999999999999738e-01
4.666666666666666741e-01 5.639999999999999458e-01
4.666666666666666741e-01 5.879999999999999671e-01
4.666666666666666741e-01 5.919999999999999707e-01
4.666666666666666741e-01 6.280000000000000027e-01
4.666666666666666741e-01 7.960000000000000409e-01
4.666666666666666741e-01 8.040000000000000480e-01
4.705882352941176405e-01 4.079999999999999738e-01
4.705882352941176405e-01 5.600000000000000533e-01
4.705882352941176405e-01 5.639999999999999458e-01
4.705882352941176405e-01 5.879999999999999671e-01
4.705882352941176405e-01 5.959999999999999742e-01
4.705882352941176405e-01 5.999999999999999778e-01
4.705882352941176405e-01 6.039999999999999813e-01
4.705882352941176405e-01 6.079999999999999849e-01
4.705882352941176405e-01 6.119999999999999885e-01
4.705882352941176405e-01 6.159999999999999920e-01
4.705882352941176405e-01 6.280000000000000027e-01
4.705882352941176405e-01 8.000000000000000444e-01
4.745098039215686070e-01 4.079999999999999738e-01
4.745098039215686070e-01 5.600000000000000533e-01
4.745098039215686070e-01 5.679999999999999494e-01
4.745098039215686070e-01 5.879999999999999671e-01
4.745098039215686070e-01 6.199999999999999956e-01
4.745098039215686070e-01 6.239999999999999991e-01
4.745098039215686070e-01 8.000000000000000444e-01
4.784313725490196290e-01 4.079999999999999738e-01
4.784313725490196290e-01 5.600000000000000533e-01
4.784313725490196290e-01 5.639999999999999458e-01
4.784313725490196290e-01 5.879999999999999671e-01
4.784313725490196290e-01 6.239999999999999991e-01
4.784313725490196290e-01 8.000000000000000444e-01
4.823529411764705954e-01 4.079999999999999738e-01
4.823529411764705954e-01 5.600000000000000533e-01
4.823529411764705954e-01 5.879999999999999671e-01
4.823529411764705954e-01 6.239999999999999991e-01
4.823529411764705954e-01 8.000000000000000444e-01
4.920610104413593588e-01 9.892741904631257022e-01
4.891365320622628743e-01 1.739269025651737910e-01
4.876317421408077890e-01 1.764792300460394370e-01
4.870168286110913569e-01 1.801822664780775018e-01
4.867305737538902277e-01 1.840887192436493902e-01
4.865624584458476121e-01 1.880475145607197196e-01
4.864526239220924864e-01 1.920259783955698407e-01
4.864193716170905346e-01 1.960079934343375574e-01
4.864193716170905346e-01 1.999920065838523553e-01
4.864927871644670332e-01 2.039587985330435782e-01
4.869790144116325492e-01 2.085844176048412824e-01
4.862745098039215619e-01 2.119999999999999940e-01
4.862745098039215619e-01 2.159999999999999976e-01
4.862745098039215619e-01 2.200000000000000011e-01
4.862745098039215619e-01 2.240000000000000047e-01
4.895015881597703511e-01 3.058007247708737775e-01
4.883338980111932570e-01 3.082817402128130158e-01
4.883338980111932570e-01 3.117182597871869798e-01
4.895015881597703511e-01 3.141992752291262181e-01
4.862745098039215619e-01 4.079999999999999738e-01
4.862745098039215619e-01 5.600000000000000533e-01
4.862745098039215619e-01 5.879999999999999671e-01
4.862745098039215619e-01 6.239999999999999991e-01
4.862745098039215619e-01 7.960000000000000409e-01
4.862745098039215619e-01 8.000000000000000444e-01
4.862745098039215619e-01 8.040000000000000480e-01
4.862745098039215619e-01 8.080000000000000515e-01
4.862745098039215619e-01 8.199999999999999512e-01
4.862745098039215619e-01 8.239999999999999547e-01
4.862745098039215619e-01 8.279999999999999583e-01
4.935088731549387986e-01 9.896958269253373075e-01
4.928799866443024924e-01 1.499009243696927951e-01
4.912653621263327053e-01 1.524317154816817454e-01
4.904823332594698271e-01 1.560935473290155640e-01
4.899098236323790601e-01 1.599064526928123120e-01
4.891669580224426439e-01 1.635835076842922786e-01
4.876031778962807706e-01 1.661365343555808172e-01
4.901960784313725283e-01 2.280000000000000082e-01
4.901960784313725283e-01 2.320000000000000118e-01
4.901960784313725283e-01 2.479999999999999982e-01
4.901960784313725283e-01 2.520000000000000018e-01
4.901960784313725283e-01 2.560000000000000053e-01
4.901960784313725283e-01 2.600000000000000089e-01
4.901960784313725283e-01 2.640000000000000124e-01
4.904582502181166759e-01 2.676830230811610978e-01
4.902531514066960638e-01 2.720079935152825978e-01
4.901390054560489928e-01 2.759920065838523673e-01
4.900179643132016039e-01 2.799740217281214694e-01
4.899081297894464782e-01 2.839524855193157893e-01
4.897839089076025387e-01 2.879166599736781573e-01
4.895547270402768603e-01 2.918311061644926485e-01
4.890571235423432639e-01 2.955619714609347137e-01
4.877130124927954724e-01 2.981580703752115258e-01
4.877130124927954724e-01 3.218419296247884698e-01
4.890571235423432639e-01 3.244380285390652818e-01
4.895547270402768603e-01 3.281688938355073470e-01
4.898278033046973845e-01 3.320779608017183082e-01
4.900090971909686899e-01 3.360341418490279675e-01
4.901960784263424409e-01 3.400000000086637608e-01
4.903830596717763668e-01 3.439658581509720259e-01
4.906082479551425179e-01 3.479166599955060279e-01
4.909383972385423234e-01 3.518177335219224711e-01
4.915131474822284630e-01 3.555359931199345569e-01
4.929670932447062781e-01 3.581105560436844693e-01
4.901960784313725283e-01 4.079999999999999738e-01
4.901960784313725283e-01 5.600000000000000533e-01
4.901960784313725283e-01 5.839999999999999636e-01
4.901960784313725283e-01 6.239999999999999991e-01
4.901960784313725283e-01 7.920000000000000373e-01
4.901960784313725283e-01 8.120000000000000551e-01
4.901960784313725283e-01 8.159999999999999476e-01
4.901960784313725283e-01 8.319999999999999618e-01
4.901960784313725283e-01 8.359999999999999654e-01
4.901960784313725283e-01 8.399999999999999689e-01
4.927769870241628936e-01 8.413931359127163612e-01
4.923548981291698268e-01 9.873642045147716928e-01
4.967105475939153081e-01 1.258634656444191924e-01
4.951467674677534347e-01 1.284164922866039005e-01
4.944039018578170186e-01 1.320935472489800366e-01
4.938313922598300820e-01 1.359064526346046575e-01
4.930483633638633734e-01 1.395682846056297555e-01
4.914337388458935862e-01 1.420990756303071867e-01
4.941176470588235503e-01 2.359999999999999876e-01
4.941176470588235503e-01 2.399999999999999911e-01
4.941176470588235503e-01 2.439999999999999947e-01
4.913466322454898005e-01 3.658894439563155077e-01
4.928005780079676157e-01 3.684640068800654200e-01
4.933753282516537553e-01 3.721822665508370820e-01
4.935336310286349004e-01 3.767898529875092217e-01
4.941176470588235503e-01 3.800000000000000044e-01
4.941176470588235503e-01 3.840000000000000080e-01
4.941176470588235503e-01 3.880000000000000115e-01
4.941176470588235503e-01 3.920000000000000151e-01
4.941176470588235503e-01 3.960000000000000187e-01
4.941176470588235503e-01 4.000000000000000222e-01
4.941176470588235503e-01 4.040000000000000258e-01
4.941176470588235503e-01 4.079999999999999738e-01
4.968886618721573001e-01 5.138894439563155281e-01
4.954347161096794849e-01 5.164640068800654404e-01
4.948599658659933453e-01 5.201822665508371024e-01
4.945737110087922161e-01 5.240887193309609060e-01
4.942776436205296164e-01 5.287486481918022285e-01
4.941176470588235503e-01 5.320000000000000284e-01
4.941176470588235503e-01 5.360000000000000320e-01
4.941176470588235503e-01 5.400000000000000355e-01
4.941176470588235503e-01 5.440000000000000391e-01
4.941176470588235503e-01 5.480000000000000426e-01
4.941176470588235503e-01 5.520000000000000462e-01
4.941176470588235503e-01 5.560000000000000497e-01
4.941176470588235503e-01 5.600000000000000533e-01
4.941176470588235503e-01 5.639999999999999458e-01
4.941176470588235503e-01 5.679999999999999494e-01
4.941176470588235503e-01 5.719999999999999529e-01
4.941176470588235503e-01 5.759999999999999565e-01
4.941176470588235503e-01 5.799999999999999600e-01
4.941176470588235503e-01 5.839999999999999636e-01
4.941176470588235503e-01 6.159999999999999920e-01
4.941176470588235503e-01 6.199999999999999956e-01
4.941176470588235503e-01 6.239999999999999991e-01
4.941176470588235503e-01 6.280000000000000027e-01
4.968886618721573001e-01 7.098894439563154801e-01
4.954347161096794849e-01 7.124640068800653925e-01
4.948599658659933453e-01 7.161822664780774783e-01
4.945737110087922161e-01 7.200887193309608580e-01
4.944055957007496005e-01 7.240475145607196961e-01
4.942957611769944748e-01 7.280259782718785377e-01
4.942186144530698044e-01 7.320133726371131910e-01
4.941615414777462689e-01 7.360053793337428818e-01
4.941176470588235503e-01 7.400000001287941886e-01
4.941176470588235503e-01 7.439999999526965002e-01
4.941176470588235503e-01 7.479999999658126786e-01
4.941176470588235503e-01 7.519999999526965073e-01
4.941176470588235503e-01 7.559999999934419179e-01
4.940737526399008317e-01 7.599946207885841520e-01
4.939765164149267918e-01 7.639714040877734202e-01
4.938485251900548434e-01 7.679365629337262522e-01
4.941176470588235503e-01 7.720000000000000195e-01
4.941176470588235503e-01 7.760000000000000231e-01
4.941176470588235503e-01 7.800000000000000266e-01
4.941176470588235503e-01 7.840000000000000302e-01
4.941176470588235503e-01 7.880000000000000338e-01
4.941176470588235503e-01 8.159999999999999476e-01
4.911858265972970372e-01 8.492801082339137553e-01
4.926435895017622357e-01 8.525356335896067117e-01
4.932843204574002272e-01 8.562197251887991856e-01
4.936214198228245920e-01 8.601039424751070195e-01
4.938296984168975001e-01 8.640475144806841756e-01
4.939395329406526258e-01 8.680259782718785511e-01
4.940166796645772962e-01 8.720133726371132044e-01
4.940737526399008317e-01 8.760053790895435677e-01
4.941176470588235503e-01 8.800000000065580918e-01
4.941176470588235503e-01 8.839999999526965135e-01
4.941176470588235503e-01 8.880000000065580990e-01
4.941176470588235503e-01 8.920000000749326308e-01
4.941176470588235503e-01 8.960000000065581061e-01
4.941176470588235503e-01 9.000000001287942197e-01
4.941176470588235503e-01 9.039999998843220030e-01
4.941176470588235503e-01 9.079999999119512388e-01
4.941176470588235503e-01 9.120000000341872415e-01
4.941176470588235503e-01 9.160000000341872450e-01
4.941176470588235503e-01 9.200000000341872486e-01
4.941176470588235503e-01 9.240000001156780662e-01
4.941176470588235503e-01 9.280000001156780698e-01
4.941176470588235503e-01 9.320000000341872592e-01
4.941176470588235503e-01 9.360000000341873738e-01
4.941176470588235503e-01 9.399999999658126271e-01
4.941176470588235503e-01 9.439999999658126306e-01
4.941176470588235503e-01 9.479999998843219311e-01
4.941176470588235503e-01 9.519999999658126377e-01
4.941176470588235503e-01 9.560000000473034554e-01
4.940335893902503273e-01 9.606957545410841348e-01
4.941176470588235503e-01 9.639999999999999680e-01
4.940824371465115661e-01 9.692100137537345006e-01
4.942402312140021792e-01 9.733148550642654051e-01
4.942499747980892977e-01 9.770935860918834592e-01
4.942435044199502414e-01 9.807793848053552033e-01
4.941981474025798349e-01 9.841289107312913842e-01
4.941353353265132142e-01 9.856806645281612766e-01
5.010550938309261682e-01 9.001706751249730076e-02
4.994693787298256638e-01 9.253025438683107340e-02
4.987715748716237130e-01 9.620635260443669012e-02
4.983573288186544659e-01 1.000779640467953924e-01
4.980392156863375774e-01 1.040000000728269758e-01
4.977612658108210297e-01 1.079372590973507601e-01
4.973978642951788487e-01 1.118311060626292625e-01
4.967258777464831354e-01 1.155261491567362159e-01
4.951771934279332044e-01 1.180730974348261908e-01
4.980392156862745168e-01 2.359999999999999876e-01
4.980392156862745168e-01 4.119999999999999774e-01
4.980392156862745168e-01 4.359999999999999987e-01
4.980392156862745168e-01 4.400000000000000022e-01
4.980392156862745168e-01 4.440000000000000058e-01
4.980392156862745168e-01 4.480000000000000093e-01
4.990975537798458816e-01 4.516400959207676480e-01
4.982242799010219159e-01 4.564063924134243444e-01
4.981803463301712753e-01 4.600285958303720890e-01
4.980831101051972354e-01 4.640053792523431420e-01
4.980392156862745168e-01 4.680000000341872912e-01
4.980392156862745168e-01 4.719999999658127110e-01
4.980392156862745168e-01 4.759999999658127146e-01
4.979953212673517982e-01 4.799946206662570880e-01
4.979382482920282627e-01 4.839866273228690119e-01
4.978611015681035923e-01 4.879740216044301526e-01
4.977512670443484666e-01 4.919524855193158075e-01
4.975831517363058509e-01 4.959112806690391118e-01
4.972968968791047217e-01 4.998177334491629153e-01
4.967221466354185822e-01 5.035359931199345773e-01
4.952682008729407670e-01 5.061105560436844897e-01
4.980392156862745168e-01 5.879999999999999671e-01
4.980392156862745168e-01 5.919999999999999707e-01
4.980392156862745168e-01 5.959999999999999742e-01
4.980392156862745168e-01 5.999999999999999778e-01
4.980392156862745168e-01 6.039999999999999813e-01
4.980392156862745168e-01 6.079999999999999849e-01
4.980392156862745168e-01 6.119999999999999885e-01
4.980392156862745168e-01 6.239999999999999991e-01
4.980392156862745168e-01 6.320000000000000062e-01
4.980392156862745168e-01 6.360000000000000098e-01
4.980392156862745168e-01 6.400000000000000133e-01
4.980392156862745168e-01 6.440000000000000169e-01
4.980392156862745168e-01 6.480000000000000204e-01
4.980392156862745168e-01 6.520000000000000240e-01
4.980392156862745168e-01 6.560000000000000275e-01
4.979953212673517982e-01 6.600053791300161121e-01
4.980392156862745168e-01 6.640000000749326503e-01
4.980392156862745168e-01 6.680000001156780609e-01
4.980392156862745168e-01 6.720000000341872504e-01
4.979953212673517982e-01 6.759946209104564785e-01
4.979382482920282627e-01 6.799866273628868418e-01
4.978611015681035923e-01 6.839740217281214951e-01
4.977512670443484666e-01 6.879524855193157595e-01
4.975831517363058509e-01 6.919112807563505552e-01
4.972968968791047217e-01 6.958177335219224435e-01
4.967221466354185822e-01 6.995359931199345294e-01
4.952682008729407670e-01 7.021105560436844417e-01
4.980392156862745168e-01 8.159999999999999476e-01
4.943529044971892716e-01 9.873862135298550058e-01
5.043486655927171824e-01 7.421530674025415830e-02
5.026265423516651509e-01 7.631919896719045748e-02
5.014261972978619752e-01 7.973348286584951150e-02
4.996458337413987039e-01 8.219927522912622020e-02
5.019607843137254832e-01 2.359999999999999876e-01
5.019607843137254832e-01 4.119999999999999774e-01
5.019607843137254832e-01 4.319999999999999951e-01
5.019607843137254832e-01 6.239999999999999991e-01
5.019607843137254832e-01 8.120000000000000551e-01
5.005123228770589350e-01 9.910597607530653441e-01
5.088872740757377500e-01 5.426585846394300222e-02
5.070673179593594426e-01 5.658735348284244654e-02
5.060362085801042298e-01 6.009016496187541412e-02
5.050213478402891809e-01 6.362471239268779888e-02
5.032454313491196984e-01 6.606790542788804066e-02
5.058823529411764497e-01 2.359999999999999876e-01
5.058823529411764497e-01 4.119999999999999774e-01
5.058823529411764497e-01 4.279999999999999916e-01
5.058823529411764497e-01 6.239999999999999991e-01
5.058823529411764497e-01 8.120000000000000551e-01
4.994585205581696385e-01 9.940261353775858844e-01
5.112578672146899095e-01 4.542543693073093636e-02
5.082331508188051572e-01 4.651815961301326852e-02
5.098039215686274161e-01 2.359999999999999876e-01
5.098039215686274161e-01 4.159999999999999809e-01
5.098039215686274161e-01 4.199999999999999845e-01
5.098039215686274161e-01 4.239999999999999880e-01
5.098039215686274161e-01 6.239999999999999991e-01
5.098039215686274161e-01 8.120000000000000551e-01
5.011393862100792518e-01 9.934088247828185558e-01
5.160404407684051620e-01 1.004647025465965279e-02
5.163289360966825114e-01 1.011665360257029550e-02
5.156457430016541110e-01 2.295130745507776779e-02
5.142846855483309554e-01 2.508197203371673872e-02
5.136238808877475748e-01 2.834595714532770275e-02
5.130601522428275274e-01 3.175822989654261685e-02
5.122312791677483546e-01 3.534284598566591468e-02
5.106508977510326730e-01 3.736427096650004470e-02
5.137254901960783826e-01 2.359999999999999876e-01
5.137254901960783826e-01 4.119999999999999774e-01
5.137254901960783826e-01 4.239999999999999880e-01
5.137254901960783826e-01 6.239999999999999991e-01
5.137254901960783826e-01 8.120000000000000551e-01
5.144027898827677747e-01 8.612694218754768372e-03
5.142611310625558874e-01 1.580055070854723479e-02
5.139240316389238616e-01 1.629387307586148415e-02
5.176470588235294601e-01 2.359999999999999876e-01
5.176470588235294601e-01 4.079999999999999738e-01
5.176470588235294601e-01 4.279999999999999916e-01
5.176470588235294601e-01 6.280000000000000027e-01
5.176470588235294601e-01 8.120000000000000551e-01
5.215686274509804266e-01 2.359999999999999876e-01
5.215686274509804266e-01 4.040000000000000258e-01
5.215686274509804266e-01 4.279999999999999916e-01
5.215686274509804266e-01 6.280000000000000027e-01
5.215686274509804266e-01 8.120000000000000551e-01
5.266989532451821221e-01 2.345049098767340301e-01
5.254901960784313930e-01 3.960000000000000187e-01
5.254901960784313930e-01 4.000000000000000222e-01
5.254901960784313930e-01 4.279999999999999916e-01
5.254901960784313930e-01 6.280000000000000027e-01
5.254901960784313930e-01 8.080000000000000515e-01
5.254901960784313930e-01 8.120000000000000551e-01
5.296716670341351518e-01 2.324948122659698246e-01
5.313856581992962846e-01 3.936939294291660341e-01
5.294117647058823595e-01 4.319999999999999951e-01
5.294117647058823595e-01 6.320000000000000062e-01
5.294117647058823595e-01 7.920000000000000373e-01
5.294117647058823595e-01 7.960000000000000409e-01
5.294117647058823595e-01 8.000000000000000444e-01
5.294117647058823595e-01 8.040000000000000480e-01
5.294117647058823595e-01 8.159999999999999476e-01
5.329562796182775175e-01 2.312500284570269404e-01
5.366506812938799387e-01 3.902172194439917918e-01
5.333333333333333259e-01 4.359999999999999987e-01
5.333333333333333259e-01 6.119999999999999885e-01
5.333333333333333259e-01 6.360000000000000098e-01
5.361599515968312746e-01 7.884205728918314282e-01
5.333333333333333259e-01 7.880000000000000338e-01
5.333333333333333259e-01 8.199999999999999512e-01
5.352103874406904938e-01 2.293768107593059657e-01
5.361127528681547405e-01 3.869970711758360382e-01
5.404733911941886904e-01 4.369210173003375552e-01
5.372549019607842924e-01 6.119999999999999885e-01
5.372549019607842924e-01 6.400000000000000133e-01
5.401595915987283947e-01 7.827159661985934047e-01
5.372549019607842924e-01 8.199999999999999512e-01
5.428151509354767201e-01 2.305822126772254788e-01
5.432984092135858534e-01 3.859820681773126205e-01
5.423163813634720443e-01 4.391476609138771914e-01
5.411764705882352589e-01 6.119999999999999885e-01
5.411764705882352589e-01 6.400000000000000133e-01
5.447882333633434770e-01 7.794126914106309645e-01
5.411764705882352589e-01 8.199999999999999512e-01
5.446738806891017193e-01 2.287872254354879342e-01
5.434199320257403487e-01 3.825086990054696878e-01
5.447171011578985089e-01 4.406399161648005269e-01
5.450980392156862253e-01 6.119999999999999885e-01
5.450980392156862253e-01 6.400000000000000133e-01
5.451360465663538379e-01 7.772209060369059674e-01
5.450980392156862253e-01 8.199999999999999512e-01
5.474642078739171414e-01 2.276006390138063662e-01
5.507906488024210123e-01 3.816969289863482162e-01
5.460269797008996395e-01 4.426588719338178657e-01
5.490196078431373028e-01 6.119999999999999885e-01
5.490196078431373028e-01 6.400000000000000133e-01
5.462167816117917685e-01 7.744330253209918968e-01
5.490196078431373028e-01 8.199999999999999512e-01
5.491740336997763539e-01 2.258821708355099045e-01
5.510050137650550628e-01 3.782493751449510500e-01
5.529411765165277437e-01 4.440000001366721794e-01
5.529411764705882693e-01 6.119999999999999885e-01
5.529411764705882693e-01 6.360000000000000098e-01
5.529411764705882693e-01 6.400000000000000133e-01
5.531575880864265660e-01 7.739825287163257794e-01
5.529411764705882693e-01 8.199999999999999512e-01
5.563056960368675252e-01 2.267664613444358157e-01
5.583457695452642700e-01 3.774539456460624942e-01
5.594995179113146921e-01 4.452480896394699905e-01
5.568627450980392357e-01 6.159999999999999920e-01
5.568627450980392357e-01 6.199999999999999956e-01
5.568627450980392357e-01 6.239999999999999991e-01
5.568627450980392357e-01 6.280000000000000027e-01
5.568627450980392357e-01 6.320000000000000062e-01
5.568627450980392357e-01 6.440000000000000169e-01
5.530032970842120310e-01 7.706541327089071469e-01
5.562382204939757546e-01 8.193666033842600394e-01
5.575152699744292395e-01 2.249298771037720190e-01
5.583681099956818716e-01 3.740826992541551599e-01
5.607632020251556160e-01 4.472368036764673982e-01
5.607843137254902022e-01 6.159999999999999920e-01
5.607843137254902022e-01 6.440000000000000169e-01
5.573565642258115904e-01 7.690033991420641701e-01
5.607388189669662015e-01 8.196554751414805162e-01
5.584629691589404477e-01 2.234082886842079507e-01
5.652141954201985730e-01 3.718671016073785696e-01
5.630785647231866253e-01 4.487405337528325711e-01
5.647058823529411686e-01 6.159999999999999920e-01
5.647058823529411686e-01 6.440000000000000169e-01
5.615067290060002936e-01 7.660535609219223385e-01
5.646101781099466255e-01 8.195269933133385587e-01
5.605441717357904086e-01 2.245943702571094047e-01
5.714689771571725974e-01 3.699195917993783889e-01
5.644473479056328902e-01 4.508382216114550922e-01
5.686274509803921351e-01 6.159999999999999920e-01
5.686274509803921351e-01 6.440000000000000169e-01
5.648602097222179541e-01 7.632191192731261342e-01
5.684149057356704393e-01 8.191900890599935758e-01
5.716055077669557338e-01 3.666321495380252538e-01
5.694164704933177834e-01 4.525989581113681326e-01
5.725490196078431016e-01 6.119999999999999885e-01
5.725490196078431016e-01 6.159999999999999920e-01
5.725490196078431016e-01 6.480000000000000204e-01
5.674063099018644696e-01 7.610754742696881348e-01
5.720124161621902292e-01 8.185491953557356704e-01
5.790967374519608857e-01 3.661108842920511863e-01
5.749104734455399157e-01 4.562295818849234075e-01
5.764705882352940680e-01 6.079999999999999849e-01
5.764705882352940680e-01 6.199999999999999956e-01
5.764705882352940680e-01 6.239999999999999991e-01
5.764705882352940680e-01 6.280000000000000027e-01
5.764705882352940680e-01 6.480000000000000204e-01
5.747315022341139557e-01 8.169062947202473390e-01
5.796507225791905915e-01 3.629095210330560706e-01
5.793541234639455473e-01 4.601627684687264463e-01
5.803921568627451455e-01 6.039999999999999813e-01
5.803921568627451455e-01 6.320000000000000062e-01
5.803921568627451455e-01 6.480000000000000204e-01
5.803921568627451455e-01 8.159999999999999476e-01
5.872897923887506755e-01 3.632263353932648764e-01
5.832140292237312229e-01 4.639179068981902909e-01
5.843137254901961120e-01 6.039999999999999813e-01
5.843137254901961120e-01 6.360000000000000098e-01
5.843137254901961120e-01 6.400000000000000133e-01
5.843137254901961120e-01 6.480000000000000204e-01
5.843137254901961120e-01 8.159999999999999476e-01
5.893464180613484649e-01 3.613660700060427056e-01
5.871329081915866999e-01 4.682472250489518317e-01
5.882352941176470784e-01 6.039999999999999813e-01
5.882352941176470784e-01 6.440000000000000169e-01
5.882352941176470784e-01 6.480000000000000204e-01
5.882352941176470784e-01 8.159999999999999476e-01
5.926683841604173386e-01 3.603045770281460003e-01
5.896134331338472867e-01 4.731268414091318597e-01
5.924520484328169578e-01 4.723414818048476960e-01
5.921568627450980449e-01 6.039999999999999813e-01
5.921568627450980449e-01 6.520000000000000240e-01
5.921568627450980449e-01 8.159999999999999476e-01
5.955669099572297176e-01 3.596954229718539731e-01
5.934376182491142293e-01 4.758343268372118295e-01
5.960784313725490113e-01 6.039999999999999813e-01
5.960784313725490113e-01 6.520000000000000240e-01
5.960784313725490113e-01 8.159999999999999476e-01
5.988888760562985913e-01 3.586339299939572678e-01
5.951098812744021194e-01 4.783610229529440261e-01
5.999999999999999778e-01 6.039999999999999813e-01
5.999999999999999778e-01 6.560000000000000275e-01
5.999999999999999778e-01 8.120000000000000551e-01
6.006353668877671970e-01 3.569544289633631573e-01
6.028287788163687599e-01 6.030913614747114293e-01
6.023212370006184591e-01 6.546647033365443624e-01
6.039215686274509443e-01 8.120000000000000551e-01
6.085313562322042236e-01 3.570612686164676974e-01
6.058695937059453973e-01 6.012346196882426552e-01
6.044541491679481515e-01 6.574696739381179489e-01
6.078431372549019107e-01 8.000000000000000444e-01
6.078431372549019107e-01 8.040000000000000480e-01
6.078431372549019107e-01 8.080000000000000515e-01
6.078431372549019107e-01 8.120000000000000551e-01
6.090645526097540063e-01 3.538631723206490109e-01
6.137440650751266880e-01 6.028109923005103843e-01
6.129662663703236980e-01 6.575188539829105450e-01
6.117647058823529882e-01 7.920000000000000373e-01
6.117647058823529882e-01 7.960000000000000409e-01
6.117647058823529882e-01 8.159999999999999476e-01
6.117647058823529882e-01 8.199999999999999512e-01
6.165114391748063305e-01 3.533112433953210507e-01
6.161826093717679420e-01 6.013570466544478910e-01
6.144259247499719301e-01 6.597988206305308578e-01
6.173016997323572674e-01 7.871933113932609860e-01
6.136954190711692014e-01 7.880444047145720443e-01
6.156862745098039547e-01 8.239999999999999547e-01
6.165785199542548334e-01 3.500465606786310468e-01
6.197981914871157905e-01 6.007228639442473428e-01
6.165696106896754181e-01 6.626465319097042395e-01
6.215940573298390781e-01 7.791670164316892855e-01
6.184349524834211742e-01 7.789610696211457519e-01
6.196078431372549211e-01 8.239999999999999547e-01
6.228989885127007575e-01 3.478023026710143073e-01
6.236106618304106952e-01 6.003681098460219578e-01
6.239606654850136103e-01 6.629510428858921278e-01
6.244200018987826617e-01 7.736828891821205811e-01
6.235294117647058876e-01 8.239999999999999547e-01
6.293569238920349029e-01 3.446161960773169719e-01
6.274742208175916325e-01 6.001139241576310956e-01
6.236828294646579174e-01 6.660248938817531217e-01
6.282690203230480996e-01 7.687613077177666288e-01
6.274509803921568540e-01 8.279999999999999583e-01
6.352882589286594772e-01 3.426645604521036392e-01
6.313329270466341292e-01 5.998446409881580399e-01
6.288367180692433500e-01 6.689991964325309182e-01
6.331975824738322878e-01 7.634436679407954340e-01
6.315805948412447357e-01 8.255917183328419506e-01
6.363525359507868906e-01 3.405027074366808182e-01
6.354897547886459996e-01 5.994168198900297062e-01
6.340279915917883535e-01 6.737970245098695576e-01
6.380204422481576820e-01 7.601911212166305720e-01
6.355908568390398194e-01 8.269374355645849883e-01
6.377021997792682306e-01 3.382099346816540009e-01
6.396238057965448753e-01 5.988239151425659434e-01
6.376807950761205213e-01 6.787130611706525540e-01
6.364978604575655119e-01 7.571341413911432117e-01
6.393297313294525885e-01 8.274726884760893464e-01
6.454036060355458071e-01 3.387091838419437617e-01
6.431372549019608309e-01 5.999999999999999778e-01
6.403259908880892803e-01 6.839052367210388672e-01
6.429846083816693758e-01 6.840614788878011110e-01
6.447646067578199913e-01 6.982013899870216367e-01
6.438570901851955464e-01 7.007763007888569984e-01
6.435514617811742832e-01 7.041499751961091125e-01
6.435494244257308205e-01 7.080421418808400258e-01
6.436121847697388043e-01 7.119866272819417308e-01
6.437275385002459993e-01 7.159318798581952858e-01
6.439805411252047529e-01 7.198311060626292335e-01
6.444543239528167655e-01 7.235467515254858650e-01
6.456793501607928087e-01 7.264615048160776301e-01
6.403495321616384794e-01 7.527148681171238476e-01
6.428597210948675533e-01 8.277233289177529096e-01
6.473589945286649661e-01 3.365885704886168450e-01
6.470588235294117974e-01 5.999999999999999778e-01
6.421597519999041603e-01 6.907359861414879010e-01
6.426632254494025753e-01 6.917003951866644851e-01
6.439543626380755947e-01 7.338362008268013437e-01
6.451200428761213468e-01 7.363237166965845848e-01
6.454744764247580813e-01 7.395715398690663189e-01
6.451621337670504497e-01 7.431316176601685530e-01
6.443708894418224142e-01 7.463118567615747434e-01
6.429125176852240608e-01 7.476980831921100634e-01
6.476940994958996223e-01 8.283222832165192395e-01
6.502975250247354788e-01 3.350402309340425044e-01
6.509803921568627638e-01 5.959999999999999742e-01
6.519468954417343420e-01 8.287673604995943188e-01
6.518492690881020346e-01 3.330657208468765229e-01
6.549019607843137303e-01 5.959999999999999742e-01
6.549019607843137303e-01 8.279999999999999583e-01
6.593611225040684198e-01 3.330699856793508107e-01
6.588235294117646967e-01 5.959999999999999742e-01
6.588235294117646967e-01 8.279999999999999583e-01
6.595503118966578038e-01 3.298368321899324829e-01
6.627450980392156632e-01 5.919999999999999707e-01
6.627450980392156632e-01 8.279999999999999583e-01
6.653489228726053861e-01 3.277866648482158918e-01
6.666666666666666297e-01 5.679999999999999494e-01
6.666666666666666297e-01 5.719999999999999529e-01
6.666666666666666297e-01 5.759999999999999565e-01
6.666666666666666297e-01 5.799999999999999600e-01
6.666666666666666297e-01 5.839999999999999636e-01
6.666666666666666297e-01 5.879999999999999671e-01
6.666666666666666297e-01 5.919999999999999707e-01
6.666666666666666297e-01 8.319999999999999618e-01
6.717899187166681552e-01 3.245797568592242999e-01
6.705882352941175961e-01 5.639999999999999458e-01
6.705882352941175961e-01 5.959999999999999742e-01
6.705882352941175961e-01 8.319999999999999618e-01
6.776434983300301251e-01 3.227343085967004366e-01
6.760538971690717158e-01 5.579565578550100824e-01
6.727507666625338612e-01 5.583691564993933376e-01
6.745098039215686736e-01 5.959999999999999742e-01
6.745098039215686736e-01 8.319999999999999618e-01
6.788845108073278123e-01 3.202966792962979592e-01
6.797030847935079390e-01 5.503660562001169154e-01
6.765551645491345578e-01 5.505447763465345368e-01
6.784313725490196401e-01 5.959999999999999742e-01
6.784313725490196401e-01 8.319999999999999618e-01
6.784313725490196401e-01 8.359999999999999654e-01
6.784313725490196401e-01 8.399999999999999689e-01
6.784313725490196401e-01 8.439999999999999725e-01
6.803104452980572869e-01 3.177729420643299885e-01
6.831107846070902934e-01 5.434195531625301001e-01
6.800878938944900920e-01 5.434659715448506567e-01
6.823529411764706065e-01 5.959999999999999742e-01
6.823529411764706065e-01 8.279999999999999583e-01
6.823529411764706065e-01 8.479999999999999760e-01
6.823529411764706065e-01 8.519999999999999796e-01
6.823529411764706065e-01 8.559999999999999831e-01
6.878107496738141702e-01 3.174831559965387018e-01
6.860424004404979126e-01 5.373082508966326998e-01
6.834662425532644914e-01 5.369793369099498115e-01
6.862745098039215730e-01 5.959999999999999742e-01
6.862745098039215730e-01 8.279999999999999583e-01
6.862745098039215730e-01 8.599999999999999867e-01
6.878440893930839461e-01 3.143099482487887175e-01
6.854584418912874622e-01 5.350865163579583417e-01
6.901960784313725394e-01 5.959999999999999742e-01
6.901960784313725394e-01 8.279999999999999583e-01
6.902326392416309186e-01 8.628453058758750460e-01
6.954719654037890830e-01 3.133692050706595178e-01
6.941176470588235059e-01 5.959999999999999742e-01
6.941176470588235059e-01 8.279999999999999583e-01
6.938521713179344186e-01 8.677153056610841242e-01
6.951890459046790038e-01 3.101890646740794177e-01
6.973865147326232528e-01 5.957460288286674510e-01
6.980392156862744724e-01 8.279999999999999583e-01
6.979545736637173814e-01 8.735479965368285749e-01
7.016604405541346789e-01 3.078370291868923192e-01
7.019549687340276289e-01 5.960456121197202917e-01
7.019607843137254388e-01 8.279999999999999583e-01
7.001553436745797665e-01 8.784925395846366891e-01
7.033011897471641571e-01 8.779248896706849381e-01
7.080169808366062467e-01 3.057064387211576029e-01
7.058678987748007172e-01 5.961048968333634290e-01
7.058823529411765163e-01 8.279999999999999583e-01
7.050706421038793748e-01 8.832485939292237243e-01
7.077612086920542778e-01 3.023510451857000514e-01
7.097758518081808132e-01 5.961849885884439315e-01
7.091512206149762632e-01 8.282539711713324815e-01
7.071730256336284937e-01 8.889302510879933950e-01
7.100503019953156025e-01 8.885372113510966452e-01
7.140783874117130337e-01 3.002019048552028724e-01
7.136741799756362026e-01 5.962989127533510070e-01
7.137254901895203618e-01 8.279999999999999583e-01
7.104295812811994848e-01 8.943298885636031814e-01
7.119541503986636100e-01 8.933176347985863908e-01
7.208702486747985416e-01 2.977613588133826705e-01
7.175513545805348725e-01 5.964730066866613667e-01
7.176470589392074384e-01 8.279999999999999583e-01
7.207007589101718237e-01 2.946375580774620029e-01
7.213724635446138178e-01 5.967684761076234023e-01
7.215686274036768877e-01 8.279999999999999583e-01
7.284764816811052368e-01 2.941547307260334310e-01
7.249938612164673613e-01 5.973570466544478874e-01
7.254901959903825581e-01 8.279999999999999583e-01
7.296868531509329570e-01 2.918556160280713629e-01
7.274324055131086153e-01 5.988109923005103807e-01
7.294117647124404025e-01 8.279999999999999583e-01
7.311141760398943701e-01 2.894222467280924138e-01
7.353126925261069813e-01 5.971890076994895713e-01
7.333333332991460729e-01 8.279999999999999583e-01
7.380341202340217066e-01 2.881663986331550187e-01
7.377512368227483464e-01 5.986429533455520646e-01
7.372549020080878535e-01 8.279999999999999583e-01
7.444491416078937718e-01 2.869951857868581757e-01
7.413726344072903984e-01 5.992315238923765497e-01
7.411764706355388199e-01 8.279999999999999583e-01
7.461950806307369177e-01 2.849559214231557891e-01
7.451937434586808351e-01 5.995269933133385853e-01
7.450980392906189076e-01 8.279999999999999583e-01
7.488592628212691338e-01 2.835725032349582508e-01
7.490709182272885513e-01 5.997010872466489451e-01
7.490196079311860489e-01 8.279999999999999583e-01
7.506005395559922633e-01 2.816222531404345975e-01
7.529634305944936656e-01 5.997693992772837879e-01
7.529411763825394344e-01 8.279999999999999583e-01
7.587555394873168879e-01 2.821805088035762576e-01
7.568627450106333310e-01 5.997902063332730682e-01
7.568569294369416056e-01 8.280456121197202757e-01
7.606747147826906641e-01 2.798620072292397065e-01
7.607620594797124269e-01 5.997693992772837879e-01
7.607698595181870971e-01 8.281048968333634130e-01
7.622440012089688466e-01 2.776565563119948177e-01
7.646545720488253650e-01 5.997010872466489451e-01
7.646778125524766878e-01 8.281849885884439155e-01
7.703765121448383768e-01 2.780016336347908013e-01
7.685317466573621248e-01 5.995269933133385853e-01
7.685761406762764425e-01 8.282989127533509910e-01
7.721290768002041505e-01 2.756008742018603019e-01
7.723528557014766038e-01 5.992315238923765497e-01
7.724533152848130912e-01 8.284730066866613507e-01
7.733736901489250970e-01 2.733962001968175404e-01
7.759742533733301473e-01 5.986429533455520646e-01
7.762744244162390617e-01 8.287684761076233864e-01
7.794408393745292374e-01 2.723911066160071837e-01
7.784127976699714013e-01 5.971890076994895713e-01
7.798958220007811137e-01 8.293570466544478714e-01
7.862517802939549272e-01 2.709501891694963138e-01
7.862872690391525810e-01 5.987653803117573004e-01
7.823343662974223678e-01 8.308109923005103647e-01
7.869977139141958178e-01 2.689489768999628883e-01
7.887171747950453282e-01 5.972521496973931532e-01
7.902146533104207338e-01 8.291890076994895553e-01
7.881974533182002363e-01 2.668767676986754100e-01
7.923249568655520436e-01 5.965834875046275299e-01
7.926531976070619878e-01 8.306429533455520486e-01
7.952588592996071570e-01 2.672399431802332526e-01
7.961228253951012634e-01 5.961740939478622492e-01
7.962745952789155313e-01 8.312315238923765337e-01
7.957448341883719412e-01 2.657315880395472174e-01
7.999556059665338115e-01 5.958259060521376993e-01
8.000957042429945876e-01 8.315269933133385694e-01
7.963481712629836284e-01 2.650050246492028361e-01
8.037592900198469170e-01 5.954621246587484817e-01
8.039728789315667701e-01 8.317010872466489291e-01
8.073757107911732067e-01 5.948527471432462077e-01
8.078712071372209369e-01 8.318150114115560045e-01
8.098192318137187318e-01 5.934196085240691643e-01
8.117791600487287429e-01 8.318951031666365070e-01
8.176143235330670667e-01 5.951099047046154444e-01
8.156862744749737715e-01 8.320000000004486029e-01
8.200084736616368719e-01 5.938300530500709717e-01
8.195933888490067876e-01 8.321048968333634166e-01
8.235294118113664075e-01 5.935369522152468269e-01
8.235013419642414068e-01 8.321849885884439191e-01
8.270503496931518317e-01 5.938300530500709717e-01
8.273996700880410504e-01 8.322989127533509945e-01
8.294444999963447307e-01 5.951099047046154444e-01
8.312768446965778102e-01 8.324730066866613543e-01
8.372454071266796083e-01 5.933739963024854402e-01
8.350979537406922892e-01 8.327684761076233899e-01
8.396975669228042838e-01 5.947478503026067953e-01
8.387193514125458327e-01 8.333570466544478750e-01
8.433276031790620797e-01 5.952771360557526092e-01
8.411578957091870867e-01 8.348109923005103683e-01
8.471545277724062961e-01 5.955269933133385818e-01
8.490381827221854527e-01 8.331890076994895589e-01
8.510317024609784786e-01 5.957010872466489415e-01
8.514767270188267068e-01 8.346429533455520522e-01
8.549300305447603554e-01 5.958150114115560170e-01
8.550923091341745552e-01 8.352771360557526004e-01
8.588379835781404514e-01 5.958951031666365195e-01
8.589047795575049937e-01 8.356318901539779853e-01
8.627509136189135397e-01 5.959543878802796568e-01
8.627683385774278513e-01 8.358860758423688475e-01
8.666666667139701907e-01 5.959999999999999742e-01
8.666434261684723417e-01 8.361139241576310832e-01
8.705882353283049824e-01 5.959999999999999742e-01
8.705069852138609399e-01 8.363681098460219454e-01
8.745098040096174197e-01 5.959999999999999742e-01
8.743194555717077598e-01 8.367228639442473304e-01
8.784313725148322760e-01 5.959999999999999742e-01
8.779350376870556083e-01 8.373570466544478785e-01
8.823529411291670677e-01 5.959999999999999742e-01
8.803735819836968624e-01 8.388109923005103719e-01
8.862745097973634412e-01 5.959999999999999742e-01
8.882538689966952283e-01 8.371890076994895624e-01
8.901960783971851754e-01 5.959999999999999742e-01
8.906924132933364824e-01 8.386429533455520557e-01
8.941176471061270670e-01 5.959999999999999742e-01
8.943138108778786455e-01 8.392315238923765408e-01
8.980392156797164516e-01 5.959999999999999742e-01
8.981349199292690821e-01 8.395269933133385765e-01
9.019607844017742959e-01 5.959999999999999742e-01
9.020120946178412646e-01 8.397010872466489362e-01
9.058823529753636805e-01 5.959999999999999742e-01
9.059104227834776646e-01 8.398150114115560116e-01
9.098039215620693509e-01 5.959999999999999742e-01
9.098183756531487143e-01 8.398951031666365141e-01
9.137254900804003821e-01 5.959999999999999742e-01
9.137313056534491773e-01 8.399543878802796515e-01
9.176470587893421627e-01 5.959999999999999742e-01
9.176470587762258768e-01 8.399999999999999689e-01
9.215686274167931291e-01 5.959999999999999742e-01
9.215686274167931291e-01 8.399999999999999689e-01
9.254843805801333811e-01 5.960456121197202917e-01
9.254901961126187349e-01 8.399999999999999689e-01
9.293973105395065826e-01 5.961048968333634290e-01
9.294117647400697013e-01 8.399999999999999689e-01
9.333052636547412018e-01 5.961849885884439315e-01
9.333275179164350899e-01 8.399543878802796515e-01
9.371872103073994875e-01 5.963403475857339542e-01
9.372404478353357771e-01 8.398951031666365141e-01
9.406991370933075469e-01 5.964797178844455372e-01
9.411542163806563277e-01 8.398606235458282443e-01
9.441006631695427753e-01 5.967312221569008868e-01
9.453967282187887289e-01 8.399386431882157611e-01
9.472277753402058575e-01 5.972615951709449034e-01
9.489627457687210832e-01 8.398828746247454236e-01
9.490619478637680739e-01 5.986322705671190958e-01
9.524381689734153777e-01 8.397582631185650515e-01
9.561690415620950345e-01 5.974844772368669288e-01
9.556737583961484317e-01 8.394333458016626226e-01
9.574383869675883174e-01 5.992315238923765497e-01
9.576882664022930980e-01 8.384258631011470841e-01
9.584227006334592458e-01 6.006854694220237212e-01
9.639810682192225810e-01 8.403350113555788647e-01
9.609972052203089588e-01 5.995789153464138321e-01
9.637924395428568713e-01 8.402039449326693665e-01
9.666458081855785478e-01 8.408012466132640528e-01
9.713293565382413730e-01 8.434944701902568065e-01
9.726879587342195377e-01 8.418843878917395829e-01
9.971817247569561005e-01 6.112813398130237941e-01
1.000000000000000000e+00 8.163626921251416757e-01
1.000000000000000000e+00 8.160000000524646468e-01
9.997576757450588048e-01 8.158844790235161293e-01
