6.919688545167446136e-03 6.726858603539053183e-01
6.042976338370156797e-03 6.744811370041329246e-01
1.206410990273656947e-02 6.749148039512657959e-01
1.147062930544022474e-02 6.778943670766022223e-01
1.714523555133645738e-02 6.803548130606312805e-01
2.226521452400094525e-02 6.835045742177368044e-01
2.784608571389921017e-02 6.857442243121479875e-01
2.725858234488674758e-02 6.890711313676004535e-01
3.395576430494273712e-02 6.913329283983284945e-01
4.021625073957603436e-02 6.934625702936954017e-01
4.035039576422808083e-02 6.969821129253885861e-01
4.803835860961540305e-02 6.976079174658521564e-01
4.857113361955150976e-02 7.010964258682220729e-01
5.650440549231634801e-02 7.011025788917861767e-01
5.804791733115519103e-02 7.034977110263382905e-01
5.996785595943797398e-02 7.060399326685540267e-01
6.804146778323372224e-02 7.055633992460698112e-01
6.994538198798617989e-02 7.081108385502502545e-01
7.147339600800298176e-02 7.104812918734878524e-01
7.962327430309527887e-02 7.107423384560831447e-01
7.994993237686182086e-02 7.142019007707574030e-01
8.666842189875541280e-02 7.161323505116555799e-01
9.344252067702737974e-02 7.180535233629400382e-01
9.368125479841558911e-02 7.215506093626374851e-01
1.065979781214240196e-01 3.393571950421465644e-01
1.014971274070534113e-01 7.220376283294471786e-01
1.058527581847834714e-01 3.411300214632211336e-01
1.021507607295739778e-01 7.254325255417215512e-01
1.121637898820552481e-01 3.412914294233294621e-01
1.104092761731806649e-01 7.253312546972553454e-01
1.120885820902522284e-01 3.442482339225924060e-01
1.122542725835565108e-01 7.273138096070285163e-01
1.192792753750566148e-01 3.444317341638429841e-01
1.155479890181325131e-01 7.288047124902620189e-01
1.195120313950460283e-01 3.475927312249018630e-01
1.178548376937974124e-01 7.309215449940781317e-01
1.270876758066121492e-01 3.473061936612359957e-01
1.260180420507792387e-01 7.298714714651781676e-01
1.287095450232390303e-01 3.495721660084675775e-01
1.283672515554007132e-01 7.319452761966589449e-01
1.304712964458514257e-01 3.518464023883573488e-01
1.389957274779800578e-01 5.123249081283455242e-01
1.316935944025527938e-01 7.334363026838603972e-01
1.386493948626924544e-01 3.509781009071111790e-01
1.378949547757987171e-01 5.141124288405870546e-01
1.339616567235101252e-01 7.355303832391131280e-01
1.409541753910612816e-01 3.530613334170147888e-01
1.439456148746554309e-01 5.164647050836188580e-01
1.420696457590107376e-01 7.347765280309405123e-01
1.443255667768087724e-01 3.545170302987635247e-01
1.486042230466980973e-01 5.176393422082549156e-01
1.439967408736836652e-01 7.372524489209327792e-01
1.466848561020706598e-01 3.565838008672535531e-01
1.482125333340045814e-01 5.208099909144005002e-01
1.453367438579116766e-01 7.395469454958375488e-01
1.548968096078981449e-01 3.554626888463296441e-01
1.555162832421858599e-01 5.216226281929730035e-01
1.522716121446949233e-01 7.412677325299699138e-01
1.572427775133314609e-01 3.575453593321633039e-01
1.549194879514311507e-01 5.247826932329653360e-01
1.592544678748731568e-01 7.429836260460493946e-01
1.605918893493396282e-01 3.589981172218010275e-01
1.610625609119921975e-01 5.267911306275034899e-01
1.594953591721748054e-01 7.464944973660809779e-01
1.628227328770016635e-01 3.610931671092309503e-01
1.678587647043322528e-01 5.291697804379150716e-01
1.672530578803425039e-01 7.471343147024175346e-01
1.709378928634961436e-01 3.606172463805855655e-01
1.677000118642737458e-01 5.327238950441465226e-01
1.673508546072681735e-01 7.505361557393929184e-01
1.718703123600383853e-01 3.638805971895785474e-01
1.745840265042310213e-01 5.347890489029989425e-01
1.754112007887264346e-01 7.513093567456199384e-01
1.803519397469868502e-01 3.635353668623531043e-01
1.809629281012972435e-01 5.364919507602007309e-01
1.755234308036675295e-01 7.547115913827984190e-01
1.820866939908062920e-01 3.658354066692219853e-01
1.823229186649603650e-01 5.390993181413886726e-01
1.838494284840470061e-01 7.556666268352917326e-01
1.842523753808518738e-01 3.681690357888975917e-01
1.834575926119169087e-01 5.415446132147462288e-01
1.839321731755217404e-01 7.590698891869313014e-01
1.924370616243397947e-01 3.670463953512134170e-01
1.908379993319688495e-01 5.431290420947558761e-01
1.916384359856313224e-01 7.597642580445840288e-01
1.948655779028026502e-01 3.688696823427798366e-01
1.975170907002588849e-01 5.444649088085310451e-01
1.917954038266738992e-01 7.633075215786679912e-01
1.985534540179603180e-01 3.697830501241022860e-01
1.989016308105735487e-01 5.467569562961028806e-01
1.985111313150216272e-01 7.653068719969998712e-01
2.024425664296795047e-01 3.704401500707953376e-01
2.008307227972617737e-01 5.492603637166934005e-01
2.054446179993173471e-01 7.674740254974813380e-01
2.063210962084314481e-01 3.711042554695503926e-01
2.089502101740992324e-01 5.485040281636740511e-01
2.054502292745939152e-01 7.707898983594850817e-01
2.099698618249698223e-01 3.720389320860030269e-01
2.111914258412747325e-01 5.506467413360353058e-01
2.135903972512772919e-01 7.710929037016192034e-01
2.119775308942622449e-01 3.738215950196953630e-01
2.145133268036148455e-01 5.521406083570893353e-01
2.150717571762357783e-01 7.734959372059981852e-01
2.204037699665612471e-01 3.731792701136152357e-01
2.167708339219651115e-01 5.542823233844812458e-01
2.168726954659185302e-01 7.760823214371064260e-01
2.213799531257919229e-01 3.763924863150174827e-01
2.249249789550177014e-01 5.534678726043138486e-01
2.248826179805419601e-01 7.760219859450848690e-01
2.295291959096423529e-01 3.759647082113909966e-01
2.269964332597076140e-01 5.559023916947707367e-01
2.256280702792785309e-01 7.794493705991448751e-01
2.316087325663288565e-01 3.783130351437970496e-01
2.289572764776862668e-01 5.583525628834549170e-01
2.336544850032992171e-01 7.793527973457450297e-01
2.337540515923626216e-01 3.806738646743136889e-01
2.370191408313564452e-01 5.581906641035344618e-01
2.355371901624275233e-01 7.818930040989946484e-01
2.419466255559809265e-01 3.796871757956888360e-01
2.376980530425198135e-01 5.616389426303100008e-01
2.374198951619900522e-01 7.844332108847076324e-01
2.442995749028160912e-01 3.816696839065026325e-01
2.456561134625918907e-01 5.619501760909755284e-01
2.454753493387944741e-01 7.843095097181084219e-01
2.478392560449659832e-01 3.828513167252732274e-01
2.462985900063298650e-01 5.654165057447229081e-01
2.462311486313350506e-01 7.877340791004406872e-01
2.513497553583934896e-01 3.840437634505998177e-01
2.543075588466368608e-01 5.653955486666318864e-01
2.542811875166140489e-01 7.876258035460601548e-01
2.535815113493479767e-01 3.860489294755007905e-01
2.560924728583084398e-01 5.679871503487020634e-01
2.561478836520289515e-01 7.901742120696404470e-01
2.616211532986499888e-01 3.856046851230938710e-01
2.578779135037921888e-01 5.705488558921870679e-01
2.580042173758857471e-01 7.927224514344821671e-01
2.688450684909485799e-01 8.645010637633220307e-01
2.624235347852357236e-01 3.889348023310457148e-01
2.657694116009645668e-01 5.706580286757414466e-01
2.660296786584206430e-01 7.926652565950129681e-01
2.697301599204786626e-01 8.648050961423848770e-01
2.704280777478375031e-01 3.891342971061927392e-01
2.661106102976732446e-01 5.741490503684942848e-01
2.667115412995003654e-01 7.961016431802485638e-01
2.711258340503804876e-01 8.657202021790851854e-01
2.711520382647656380e-01 3.925472460275155617e-01
2.730643534953494100e-01 5.758616093131991853e-01
2.746986411723562060e-01 7.963857487277147262e-01
2.763938096097924291e-01 8.607594028303070521e-01
2.792169998480730775e-01 3.923971476866920938e-01
2.798022939438724044e-01 5.774029685259095546e-01
2.768595041322314265e-01 7.983539094650206058e-01
2.806367401114457372e-01 8.656365478750501774e-01
2.811490269415109489e-01 3.948856788444157218e-01
2.813288374637515354e-01 5.799731309658612277e-01
2.809917355371900904e-01 8.024691358024691468e-01
2.829373942405247200e-01 8.646607750201781295e-01
2.831477381573789809e-01 3.973680144078155507e-01
2.830268001002990697e-01 5.825984604731432315e-01
2.851239669421487544e-01 8.024691358024691468e-01
2.863466846342929695e-01 8.642747559210818276e-01
2.912959212125548203e-01 3.968009873975543722e-01
2.909956522207045038e-01 5.826254433409958633e-01
2.945428965767183382e-01 7.583513618216930485e-01
2.892561983471074183e-01 8.024691358024691468e-01
2.899642999554322143e-01 8.640330269922685824e-01
2.932525624776998185e-01 3.993293768913727670e-01
2.916489758784690522e-01 5.860988364943950923e-01
2.968221196927869343e-01 7.606718015010035527e-01
2.933884297520661377e-01 8.065843621399176877e-01
2.936502242076484137e-01 8.637927346503545545e-01
2.951715745855399975e-01 4.018398185477136120e-01
2.996178279988744864e-01 5.861258193622477242e-01
2.998569627650359282e-01 7.638303851641699005e-01
2.975206611570248016e-01 8.065843621399176877e-01
2.973336874981687972e-01 8.634545040772479974e-01
3.032256619300508493e-01 4.016949706543198606e-01
3.013448298844789708e-01 5.887240209854341932e-01
3.034287320444175595e-01 7.678853293196700180e-01
3.016528925619834656e-01 8.065843621399176877e-01
3.011584091110901529e-01 8.628256189044748448e-01
3.040001380819180588e-01 4.050922432048207900e-01
3.028817202526429275e-01 5.912913683573849388e-01
3.066195557572232167e-01 7.746701571254880347e-01
3.057851239669421295e-01 8.065843621399176877e-01
3.037714131738343815e-01 8.612889457367544077e-01
3.120310147723937555e-01 4.050196229859634456e-01
3.096924776264056711e-01 5.927527535036292150e-01
3.099173553719008489e-01 7.736625514403292492e-01
3.099173553719008489e-01 8.065843621399176877e-01
3.122670636012042089e-01 8.629635753600624071e-01
3.138397831566225871e-01 4.075716468273808402e-01
3.166286462286779790e-01 5.944399620806836149e-01
3.226607452446887403e-01 6.542839981446399999e-01
3.140495867768595128e-01 7.777777777777777901e-01
3.140495867768595128e-01 8.065843621399176877e-01
3.142085178473325580e-01 8.614682182228889928e-01
3.154766213318163648e-01 4.101013843815221604e-01
3.170325078006664410e-01 5.978902013907246848e-01
3.237417981197888150e-01 6.542373332338706771e-01
3.181818181818181768e-01 7.818930041152263311e-01
3.181818181818181768e-01 7.860082304526748720e-01
3.181818181818181768e-01 7.901234567901234129e-01
3.181818181818181768e-01 7.942386831275720649e-01
3.181818181818181768e-01 7.983539094650206058e-01
3.181818181818181768e-01 8.024691358024691468e-01
3.181818181818181768e-01 8.065843621399176877e-01
3.181818181818181768e-01 8.106995884773662286e-01
3.181818181818181768e-01 8.600823045267489420e-01
3.225360359685795486e-01 4.112741737621702365e-01
3.249276499302426457e-01 5.977791773870112513e-01
3.263427144886294484e-01 6.541766665466661745e-01
3.223140495867768407e-01 8.148148148148147696e-01
3.223140495867768407e-01 8.600823045267489420e-01
3.294530084264303271e-01 4.124233857805192915e-01
3.269324761955837433e-01 6.000313978542098914e-01
3.291119334195579116e-01 6.541316693181238318e-01
3.264462809917355601e-01 8.189300411522634215e-01
3.264462809917355601e-01 8.600823045267489420e-01
3.313360080947476138e-01 4.145848053816989509e-01
3.297188536390038838e-01 6.015198724593492363e-01
3.324431717638234307e-01 6.539724056636282423e-01
3.305785123966942241e-01 8.189300411522634215e-01
3.305785123966942241e-01 8.600823045267489420e-01
3.344670403161863481e-01 4.161673526472695617e-01
3.316979169025863206e-01 6.037648639425160502e-01
3.358979374747569357e-01 6.537400663508401433e-01
3.347107438016528880e-01 8.230452674897119625e-01
3.347107438016528880e-01 8.600823045267489420e-01
3.366310191321502110e-01 4.183256437612981049e-01
3.395165879027302047e-01 6.037240933258960496e-01
3.393850738047006210e-01 6.533667537876703957e-01
3.388429752066115519e-01 8.230452674897119625e-01
3.388429752066115519e-01 8.600823045267489420e-01
3.446019052042941233e-01 9.409532367822871501e-01
3.447218043113912667e-01 4.178852426279106025e-01
3.397993053625191773e-01 6.071939677097777377e-01
3.430002096868497996e-01 6.524790638502986351e-01
3.429752066115702713e-01 8.271604938271605034e-01
3.429752066115702713e-01 8.600823045267489420e-01
3.467435552122856701e-01 9.390197697818019051e-01
3.456866341827760647e-01 4.211279051536463980e-01
3.464516716728310297e-01 6.095342336459911303e-01
3.471074380165289353e-01 6.543209876543210068e-01
3.471074380165289353e-01 8.312757201646090444e-01
3.471074380165289353e-01 8.353909465020575853e-01
3.471074380165289353e-01 8.395061728395061262e-01
3.471074380165289353e-01 8.559670781893004010e-01
3.501108236329953383e-01 9.360676191224037712e-01
3.541072321178252991e-01 4.204857126117871879e-01
3.512396694214875992e-01 6.131687242798353754e-01
3.512396694214875992e-01 6.502057613168724659e-01
3.512396694214875992e-01 8.436213991769547782e-01
3.512396694214875992e-01 8.477366255144033191e-01
3.512396694214875992e-01 8.518518518518518601e-01
3.540469669325138624e-01 9.328555489052853256e-01
3.564323288078750651e-01 4.223123238428683757e-01
3.553719008264462631e-01 6.131687242798353754e-01
3.553719008264462631e-01 6.502057613168724659e-01
3.553719008264462631e-01 8.477366255144033191e-01
3.586873647214244287e-01 9.298093387549393185e-01
3.604292990548405573e-01 4.231615349075013577e-01
3.595041322314049825e-01 6.172839506172839164e-01
3.595041322314049825e-01 6.502057613168724659e-01
3.595041322314049825e-01 8.477366255144033191e-01
3.634733210109974966e-01 9.283217364853179054e-01
3.650424592091109366e-01 4.235926343775076597e-01
3.636363636363636465e-01 6.213991769547324573e-01
3.636363636363636465e-01 6.460905349794238139e-01
3.636363636363636465e-01 8.477366255144033191e-01
3.643843824869360537e-01 9.259901090179617489e-01
3.677685950413223104e-01 4.238683127572016596e-01
3.677685950413223104e-01 6.213991769547324573e-01
3.677685950413223104e-01 6.460905349794238139e-01
3.677685950413223104e-01 8.477366255144033191e-01
3.654905155297245578e-01 9.235260149860685663e-01
3.719008264462809743e-01 4.238683127572016596e-01
3.719008264462809743e-01 6.255144032921811093e-01
3.719008264462809743e-01 6.460905349794238139e-01
3.719008264462809743e-01 8.518518518518518601e-01
3.730098126554276528e-01 9.230792428914902370e-01
3.760330578512396937e-01 4.279835390946502005e-01
3.760330578512396937e-01 6.296296296296296502e-01
3.760330578512396937e-01 6.337448559670781911e-01
3.760330578512396937e-01 6.378600823045267321e-01
3.760330578512396937e-01 6.419753086419752730e-01
3.760330578512396937e-01 8.518518518518518601e-01
3.730226223557140952e-01 9.195752262220231454e-01
3.801652892561983577e-01 4.279835390946502005e-01
3.801652892561983577e-01 6.378600823045267321e-01
3.787934894044306389e-01 8.511684183009762261e-01
3.787268681753780952e-01 9.171421373729621296e-01
3.842975206611570216e-01 4.279835390946502005e-01
3.842975206611570216e-01 6.378600823045267321e-01
3.831226058941226698e-01 8.520013263602137510e-01
3.841645918259289361e-01 9.135099048471152505e-01
3.884297520661156855e-01 4.238683127572016596e-01
3.884297520661156855e-01 6.378600823045267321e-01
3.873867185128282986e-01 8.526610078967038486e-01
3.900573089293565832e-01 9.096506813757476717e-01
3.925619834710744049e-01 4.238683127572016596e-01
4.007505897109296944e-01 5.094394127075625445e-01
3.925619834710744049e-01 6.378600823045267321e-01
3.910298352504980590e-01 8.534393591668318901e-01
3.957331796784785416e-01 9.072792371025945046e-01
3.995741534524035465e-01 3.834793346976179129e-01
3.984756674396243703e-01 3.852558927035625858e-01
3.984014027297866356e-01 3.888429229352776684e-01
3.995931491732966911e-01 3.909289687969245142e-01
3.966942148760330689e-01 4.115226337448559812e-01
3.966942148760330689e-01 4.156378600823045222e-01
3.966942148760330689e-01 4.197530864197530631e-01
3.966942148760330689e-01 4.238683127572016596e-01
4.029426717676591885e-01 5.105604224285223980e-01
3.966942148760330689e-01 6.378600823045267321e-01
3.932512261450660240e-01 8.553168863851439152e-01
3.953482417634126556e-01 9.039056164201985100e-01
4.082218311142084000e-01 1.994666274820948715e-01
4.001409071261902151e-01 3.746855514154696642e-01
3.996129567149934170e-01 3.754626871431591129e-01
3.981705732058641312e-01 3.765457180987875074e-01
3.973407815556880829e-01 3.987454172126074781e-01
4.008264462809917328e-01 3.991769547325103029e-01
4.008264462809917328e-01 4.032921810699588439e-01
4.008264462809917328e-01 4.074074074074073848e-01
4.008264462809917328e-01 4.279835390946502005e-01
4.008264462809917328e-01 4.320987654320987414e-01
4.037755469672289488e-01 5.088227565487494219e-01
4.008264462809917328e-01 6.378600823045267321e-01
4.017130147313606736e-01 8.551435127797816227e-01
4.035197503745463488e-01 9.023000315438243213e-01
4.074662644165945036e-01 2.012422689420665378e-01
4.049586776859503967e-01 4.362139917695473379e-01
4.046129350067493302e-01 5.067563667747770895e-01
4.049586776859503967e-01 6.378600823045267321e-01
4.049586776859503967e-01 8.559670781893004010e-01
4.036923509306651336e-01 8.982969273721086445e-01
4.137371796267954038e-01 2.014516171391568522e-01
4.106179947583851741e-01 4.357785962621677500e-01
4.114278793885288166e-01 5.052270846330721987e-01
4.090909090909091161e-01 6.378600823045267321e-01
4.090909090909091161e-01 8.600823045267489420e-01
4.090909090909091161e-01 8.971193415637860324e-01
4.132911760910449872e-01 2.042945060445907901e-01
4.102119238535327228e-01 4.397867600183930081e-01
4.170816206327093156e-01 5.043219265685160435e-01
4.132231404958677801e-01 6.337448559670781911e-01
4.210446836380672964e-01 6.955730843704712729e-01
4.132231404958677801e-01 8.600823045267489420e-01
4.132231404958677801e-01 8.930041152263374915e-01
4.206476223478016752e-01 2.048252318634118940e-01
4.185189563138333457e-01 4.417311206408258695e-01
4.180006304229532677e-01 5.021601327139045834e-01
4.173553719008264440e-01 6.337448559670781911e-01
4.207495684092787402e-01 6.961473069180554862e-01
4.173553719008264440e-01 8.641975308641974829e-01
4.173553719008264440e-01 8.930041152263374915e-01
4.203654657741469625e-01 2.079279159076910521e-01
4.185537995928359511e-01 4.454495339369815010e-01
4.194077925914359573e-01 4.997380485915322579e-01
4.214876033057851079e-01 6.337448559670781911e-01
4.250651418389213565e-01 6.910985379820927532e-01
4.214876033057851079e-01 8.683127572016461349e-01
4.214876033057851079e-01 8.930041152263374915e-01
4.279797085587797589e-01 2.085285380678136291e-01
4.256771935984597910e-01 4.478923312418063296e-01
4.270001597729442544e-01 5.001447297941219450e-01
4.256198347107438273e-01 6.296296296296296502e-01
4.293393601224688716e-01 6.940216616288579221e-01
4.256198347107438273e-01 8.724279835390946758e-01
4.256198347107438273e-01 8.888888888888888395e-01
4.280388640135927014e-01 2.118966778004426899e-01
4.331810759276552014e-01 4.508949728560951997e-01
4.286044030113546066e-01 4.975242701434787196e-01
4.297520661157024913e-01 6.213991769547324573e-01
4.297520661157024913e-01 6.255144032921811093e-01
4.297520661157024913e-01 6.296296296296296502e-01
4.294721099968002997e-01 6.908963407416648383e-01
4.297520661157024913e-01 8.765432098765432167e-01
4.297520661157024913e-01 8.806584362139917577e-01
4.297520661157024913e-01 8.847736625514402986e-01
4.354691283309770622e-01 2.124120272507262486e-01
4.338842975206611552e-01 4.526748971193415572e-01
4.301534954223720231e-01 4.947783680941235107e-01
4.338842975206611552e-01 6.172839506172839164e-01
4.338842975206611552e-01 6.337448559670781911e-01
4.338842975206611552e-01 6.378600823045267321e-01
4.367308246668366589e-01 6.871893866631535452e-01
4.338842975206611552e-01 8.806584362139917577e-01
4.380165289256198191e-01 2.139917695473251003e-01
4.380165289256198191e-01 4.526748971193415572e-01
4.380165289256198191e-01 4.938271604938271331e-01
4.380165289256198191e-01 6.131687242798353754e-01
4.380165289256198191e-01 6.419753086419752730e-01
4.380165289256198191e-01 6.460905349794238139e-01
4.423721448618395113e-01 6.857587728513320213e-01
4.380165289256198191e-01 8.806584362139917577e-01
4.421487603305785385e-01 2.181069958847736689e-01
4.421487603305785385e-01 4.567901234567900981e-01
4.421487603305785385e-01 4.897119341563785921e-01
4.421487603305785385e-01 6.049382716049382935e-01
4.421487603305785385e-01 6.090534979423868345e-01
4.421487603305785385e-01 6.502057613168724659e-01
4.421487603305785385e-01 6.543209876543210068e-01
4.421487603305785385e-01 6.872427983539094454e-01
4.421487603305785385e-01 8.806584362139917577e-01
4.462809917355372025e-01 2.222222222222222099e-01
4.462809917355372025e-01 4.609053497942386945e-01
4.462809917355372025e-01 4.855967078189300512e-01
4.462809917355372025e-01 6.008230452674897526e-01
4.462809917355372025e-01 6.584362139917695478e-01
4.462809917355372025e-01 6.625514403292180887e-01
4.462809917355372025e-01 6.831275720164609044e-01
4.462809917355372025e-01 8.806584362139917577e-01
4.504132231404958664e-01 2.222222222222222099e-01
4.504132231404958664e-01 4.609053497942386945e-01
4.504132231404958664e-01 4.814814814814814548e-01
4.504132231404958664e-01 5.967078189300411006e-01
4.504132231404958664e-01 6.666666666666666297e-01
4.504132231404958664e-01 6.707818930041152816e-01
4.504132231404958664e-01 6.748971193415638226e-01
4.504132231404958664e-01 6.790123456790123635e-01
4.504132231404958664e-01 8.477366255144033191e-01
4.504132231404958664e-01 8.806584362139917577e-01
4.590621962720020099e-01 8.648178540170192719e-03
4.545454545454545303e-01 2.263374485596707786e-01
4.545454545454545303e-01 4.650205761316872355e-01
4.545454545454545303e-01 4.773662551440329138e-01
4.545454545454545303e-01 5.925925925925925597e-01
4.545454545454545303e-01 6.790123456790123635e-01
4.545454545454545303e-01 8.806584362139917577e-01
4.577579804025552201e-01 1.108410966931363227e-02
4.589578642479571480e-01 1.200533240799765353e-02
4.599792678053452599e-01 1.453259042579174709e-02
4.617634100285320509e-01 1.620448570230922231e-02
4.586776859504132497e-01 2.263374485596707786e-01
4.586776859504132497e-01 4.691358024691357764e-01
4.586776859504132497e-01 4.732510288065843729e-01
4.586776859504132497e-01 5.925925925925925597e-01
4.586776859504132497e-01 6.790123456790123635e-01
4.586776859504132497e-01 8.806584362139917577e-01
4.618665207088886726e-01 9.276688145171781974e-01
4.602036088616549003e-01 9.305413178297108345e-01
4.596541786012201536e-01 9.343412213354206353e-01
4.594312651460020769e-01 9.383403510379857426e-01
4.593690492473504472e-01 9.423868312581747952e-01
4.594312651460020769e-01 9.464333115134545560e-01
4.596541786012201536e-01 9.504324412160196633e-01
4.602036088616549003e-01 9.542323447799371250e-01
4.616792403538673151e-01 9.568127036677220865e-01
4.606360377058817956e-01 2.379140972040992216e-02
4.625332782000268761e-01 2.567227795018733882e-02
4.638773987083195660e-01 2.859209291517175039e-02
4.658843605559750412e-01 3.043075680728894727e-02
4.628099173553719137e-01 2.263374485596707786e-01
4.628099173553719137e-01 4.732510288065843729e-01
4.628099173553719137e-01 5.925925925925925597e-01
4.628099173553719137e-01 6.790123456790123635e-01
4.628099173553719137e-01 8.806584362139917577e-01
4.628099173553719137e-01 8.930041152263374915e-01
4.628099173553719137e-01 8.971193415637860324e-01
4.628099173553719137e-01 9.012345679012345734e-01
4.628099173553719137e-01 9.053497942386831143e-01
4.628099173553719137e-01 9.094650205761316553e-01
4.628099173553719137e-01 9.135802469135801962e-01
4.628099173553719137e-01 9.176954732510288482e-01
4.628099173553719137e-01 9.218106995884773891e-01
4.598456512451603029e-01 9.650021561386959990e-01
4.613683222108020399e-01 9.672500451346078831e-01
4.619789014234638724e-01 9.706780492572915087e-01
4.622844437383546445e-01 9.742559547978740797e-01
4.624642357069033149e-01 9.778184860071872375e-01
4.625818118059041861e-01 9.813010261533973155e-01
4.626644406655768815e-01 9.846410822111790750e-01
4.627255895887001369e-01 9.877324139070793318e-01
4.627726290184737135e-01 9.903190516552470291e-01
4.628099173553719137e-01 9.913847493007779121e-01
4.654551225364177425e-01 3.854129470764072751e-02
4.686897602047740419e-01 3.907223636046849163e-02
4.710709038305996854e-01 1.376006777059102792e-01
4.701977148767529924e-01 1.397950792310993229e-01
4.711924479458450277e-01 1.419499865091126134e-01
4.669421487603305776e-01 2.263374485596707786e-01
4.669421487603305776e-01 4.732510288065843729e-01
4.669421487603305776e-01 5.925925925925925597e-01
4.669421487603305776e-01 6.790123456790123635e-01
4.669421487603305776e-01 8.806584362139917577e-01
4.669421487603305776e-01 8.847736625514402986e-01
4.669421487603305776e-01 8.888888888888888395e-01
4.685524731859072034e-01 4.786593138351423471e-02
4.709851612379747365e-01 4.983788872364747213e-02
4.734050519283368175e-01 5.187661141500168188e-02
4.742682105380549018e-01 1.133811100023902063e-01
4.725495053672670309e-01 1.158415229826755544e-01
4.717272067892803733e-01 1.195528391578475208e-01
4.711658972838517201e-01 1.234358913376508715e-01
4.704859682925484066e-01 1.271928272813936112e-01
4.690438049830003564e-01 1.297751773659469587e-01
4.694666031965493147e-01 1.498822518063847031e-01
4.714200618137578402e-01 1.522070975982615926e-01
4.734357359803720300e-01 1.545104221043219206e-01
4.710743801652892415e-01 2.263374485596707786e-01
4.710743801652892415e-01 4.732510288065843729e-01
4.710743801652892415e-01 5.925925925925925597e-01
4.710743801652892415e-01 6.790123456790123635e-01
4.735916689488544051e-01 8.376972222702631088e-01
4.719924795309520249e-01 8.402249395465017923e-01
4.710743801652892415e-01 8.436213991769547782e-01
4.710743801652892415e-01 8.477366255144033191e-01
4.710743801652892415e-01 8.518518518518518601e-01
4.710743801652892415e-01 8.559670781893004010e-01
4.710743801652892415e-01 8.600823045267489420e-01
4.710743801652892415e-01 8.641975308641974829e-01
4.710743801652892415e-01 8.683127572016461349e-01
4.710743801652892415e-01 8.724279835390946758e-01
4.710743801652892415e-01 8.765432098765432167e-01
4.710743801652892415e-01 8.888888888888888395e-01
4.725958578142314681e-01 6.014096771593017976e-02
4.748680730495113411e-01 6.226564833770770191e-02
4.770900051894574889e-01 6.445537334300363574e-02
4.772208988520293960e-01 1.005789931722698149e-01
4.750918312143045941e-01 1.028479467166728833e-01
4.729416956047504672e-01 1.051075050862191745e-01
4.719536294083088168e-01 1.627394649815274152e-01
4.735476241999282965e-01 1.652418999348713446e-01
4.742084234108194241e-01 1.690062408298618202e-01
4.745494724570750722e-01 1.729937820856309871e-01
4.747834378590784499e-01 1.770395609719830621e-01
4.749438705707877406e-01 1.811145122319505751e-01
4.750611348804529288e-01 1.852040213606987451e-01
4.752066115702479610e-01 1.893004115226337436e-01
4.752066115702479610e-01 1.934156378600823123e-01
4.752066115702479610e-01 1.975308641975308532e-01
4.752066115702479610e-01 2.016460905349794219e-01
4.752066115702479610e-01 2.057613168724279906e-01
4.752066115702479610e-01 2.098765432098765316e-01
4.752066115702479610e-01 2.139917695473251003e-01
4.752066115702479610e-01 2.181069958847736689e-01
4.752066115702479610e-01 2.222222222222222099e-01
4.752066115702479610e-01 2.263374485596707786e-01
4.752066115702479610e-01 2.304526748971193473e-01
4.752066115702479610e-01 2.345679012345678882e-01
4.781708776804595717e-01 3.888704688958977140e-01
4.766482067148178348e-01 3.914567321941827549e-01
4.760376275021560022e-01 3.952654073324577411e-01
4.757320851872652301e-01 3.992783654581299468e-01
4.755522932187165597e-01 4.033484580409674725e-01
4.754347171197156885e-01 4.074400719896570933e-01
4.753520882600429931e-01 4.115414698803517846e-01
4.752909393369197377e-01 4.156479245561313096e-01
4.752438999071461612e-01 4.197572466872613317e-01
4.752066115702479610e-01 4.238683127182970578e-01
4.752066115702479610e-01 4.279835390964909503e-01
4.752066115702479610e-01 4.320987654320987414e-01
4.752066115702479610e-01 4.362139917695473379e-01
4.752066115702479610e-01 4.403292181069958788e-01
4.752066115702479610e-01 4.444444444444444198e-01
4.752066115702479610e-01 4.485596707818930162e-01
4.752066115702479610e-01 4.526748971193415572e-01
4.752066115702479610e-01 4.567901234567900981e-01
4.752066115702479610e-01 4.609053497942386945e-01
4.752066115702479610e-01 4.650205761316872355e-01
4.752066115702479610e-01 4.691358024691357764e-01
4.752066115702479610e-01 4.732510288065843729e-01
4.752066115702479610e-01 5.925925925925925597e-01
4.752066115702479610e-01 6.790123456790123635e-01
4.785912594611733684e-01 7.512696965984663189e-01
4.769430909159570464e-01 7.537478176879777170e-01
4.762394351505651602e-01 7.574954959415397537e-01
4.758637506834208497e-01 7.614711483407750059e-01
4.756297852814174720e-01 7.655169272271270531e-01
4.754693525697081813e-01 7.695918784870946494e-01
4.753520882600429931e-01 7.736813875758250525e-01
4.752909393369197377e-01 7.777878422925318391e-01
4.752438999071461612e-01 7.818971643827345996e-01
4.752066115702479610e-01 7.860082304545156218e-01
4.752066115702479610e-01 7.901234568327095698e-01
4.752066115702479610e-01 7.942386831257313151e-01
4.751693232333497607e-01 7.983497491570398230e-01
4.751222838035761842e-01 8.024590713286423593e-01
4.750611348804529288e-01 8.065655260044218844e-01
4.749785060207802334e-01 8.106669239351342870e-01
4.748609299217793622e-01 8.147585378874618867e-01
4.744660368974297771e-01 8.190785488895852007e-01
4.741218170470535287e-01 8.230943227417324426e-01
4.734656971500232348e-01 8.268986700058132966e-01
4.718915160133480557e-01 8.294694505319566424e-01
4.752066115702479610e-01 8.930041152263374915e-01
4.758023529502078408e-01 7.262043983085318677e-02
4.773759016024395341e-01 7.503794928305540513e-02
4.779547696888893360e-01 7.872064700690309391e-02
4.780245648652761692e-01 8.230452678974453651e-02
4.778828459747582191e-01 8.621073161707443200e-02
4.773396228628679627e-01 8.991813491320874152e-02
4.758087185400053376e-01 9.237053881039068715e-02
4.793388429752066249e-01 2.386831275720164569e-01
4.793388429752066249e-01 2.427983539094650256e-01
4.793388429752066249e-01 2.469135802469135665e-01
4.793388429752066249e-01 2.510288065843621630e-01
4.793388429752066249e-01 2.551440329218107039e-01
4.793388429752066249e-01 2.592592592592592449e-01
4.793388429752066249e-01 2.633744855967078413e-01
4.793388429752066249e-01 2.674897119341563823e-01
4.793388429752066249e-01 2.716049382716049232e-01
4.793388429752066249e-01 2.757201646090535196e-01
4.793388429752066249e-01 2.798353909465020606e-01
4.793388429752066249e-01 2.839506172839506015e-01
4.793388429752066249e-01 2.880658436213991980e-01
4.793388429752066249e-01 2.921810699588477389e-01
4.793388429752066249e-01 2.962962962962962798e-01
4.793388429752066249e-01 3.004115226337448763e-01
4.793388429752066249e-01 3.045267489711934172e-01
4.793388429752066249e-01 3.086419753086419582e-01
4.793388429752066249e-01 3.127572016460905546e-01
4.793388429752066249e-01 3.168724279835390956e-01
4.793388429752066249e-01 3.209876543209876365e-01
4.793388429752066249e-01 3.251028806584362330e-01
4.793388429752066249e-01 3.292181069958847739e-01
4.793388429752066249e-01 3.333333333333333148e-01
4.793388429752066249e-01 3.374485596707819113e-01
4.793388429752066249e-01 3.415637860082304522e-01
4.793388429752066249e-01 3.456790123845835949e-01
4.793015546383084247e-01 3.497900783751468068e-01
4.792545152085348481e-01 3.538994005876766047e-01
4.791933662854115927e-01 3.580058552643656244e-01
4.791107374257388973e-01 3.621072531132235595e-01
4.789931613267380262e-01 3.661988671055689260e-01
4.788133693581893557e-01 3.702689596447507059e-01
4.785078270432985836e-01 3.742819177704229117e-01
4.778972478306367511e-01 3.780905929086978978e-01
4.763745768649950141e-01 3.806768562069829387e-01
4.793388429752066249e-01 4.773662551440329138e-01
4.823031090854182357e-01 5.411338433814943949e-01
4.807804381197764987e-01 5.437201066797794358e-01
4.801698589071146661e-01 5.475287818180544219e-01
4.798643165922238940e-01 5.515417399437266832e-01
4.793388429752066249e-01 5.555555555555555802e-01
4.793388429752066249e-01 5.596707818930041212e-01
4.793388429752066249e-01 5.637860082304526621e-01
4.793388429752066249e-01 5.679012345679012030e-01
4.793388429752066249e-01 5.720164609053497440e-01
4.793388429752066249e-01 5.761316872427983959e-01
4.793388429752066249e-01 5.802469135802469369e-01
4.793388429752066249e-01 5.843621399176954778e-01
4.793388429752066249e-01 5.884773662551440188e-01
4.793388429752066249e-01 5.925925925925925597e-01
4.793388429752066249e-01 5.967078189300411006e-01
4.793388429752066249e-01 6.008230452674897526e-01
4.793388429752066249e-01 6.049382716049382935e-01
4.793388429752066249e-01 6.090534979423868345e-01
4.793388429752066249e-01 6.131687242798353754e-01
4.793388429752066249e-01 6.172839506172839164e-01
4.793388429752066249e-01 6.213991769547324573e-01
4.793388429752066249e-01 6.255144032921811093e-01
4.793388429752066249e-01 6.296296296296296502e-01
4.801698589071146661e-01 6.335411770296821565e-01
4.793388429752066249e-01 6.378600823045267321e-01
4.793388429752066249e-01 6.419753086419752730e-01
4.793388429752066249e-01 6.790123456790123635e-01
4.814720934445484990e-01 7.384610287289407049e-01
4.793388429717547750e-01 7.407407408397768123e-01
4.772055925058647508e-01 7.430204527525408054e-01
4.793388429752066249e-01 8.930041152263374915e-01
4.834710743801652888e-01 3.045267489711934172e-01
4.834710743801652888e-01 4.814814814814814548e-01
4.834710743801652888e-01 4.855967078189300512e-01
4.834710743801652888e-01 4.897119341563785921e-01
4.834710743801652888e-01 4.938271604938271331e-01
4.834710743801652888e-01 4.979423868312757295e-01
4.834710743801652888e-01 5.020576131687243260e-01
4.834710743801652888e-01 5.061728395061728669e-01
4.834710743801652888e-01 5.102880658436214079e-01
4.834710743801652888e-01 5.144032921810699488e-01
4.834710743801652888e-01 5.185185185185184897e-01
4.834710743801652888e-01 5.226337448559670307e-01
4.834710743801652888e-01 5.267489711934156826e-01
4.820294792355954150e-01 5.303539673942946342e-01
4.805068082699536780e-01 5.329402306925796751e-01
4.834710743801652888e-01 6.460905349794238139e-01
4.834710743801652888e-01 6.502057613168724659e-01
4.834710743801652888e-01 6.543209876543210068e-01
4.834710743801652888e-01 6.584362139917695478e-01
4.834710743801652888e-01 6.625514403292180887e-01
4.834710743801652888e-01 6.666666666666666297e-01
4.834710743801652888e-01 6.707818930041152816e-01
4.834710743801652888e-01 6.748971193415638226e-01
4.834710743801652888e-01 6.790123456790123635e-01
4.834710743801652888e-01 6.831275720164609044e-01
4.834710743801652888e-01 6.872427983539094454e-01
4.834710743801652888e-01 6.913580246913579863e-01
4.834710743801652888e-01 6.954732510288066383e-01
4.834710743801652888e-01 6.995884773662551792e-01
4.834710743801652888e-01 7.037037037037037202e-01
4.834710743801652888e-01 7.078189300411522611e-01
4.834710743801652888e-01 7.119341563786008020e-01
4.834710743801652888e-01 7.160493827160493430e-01
4.828139352669924000e-01 7.200103331407065044e-01
4.824382507998480896e-01 7.239859855399417565e-01
4.817345950344562033e-01 7.277336637935037933e-01
4.800864264892398814e-01 7.302117848830151914e-01
4.834710743801652888e-01 8.930041152263374915e-01
4.876033057851239527e-01 3.045267489711934172e-01
4.876033057851239527e-01 4.897119341563785921e-01
4.876033057851239527e-01 6.790123456790123635e-01
4.876033057851239527e-01 8.930041152263374915e-01
4.917355371900826722e-01 3.045267489711934172e-01
4.917355371900826722e-01 4.897119341563785921e-01
4.917355371900826722e-01 6.790123456790123635e-01
4.917355371900826722e-01 8.930041152263374915e-01
4.958677685950413361e-01 3.045267489711934172e-01
4.958677685950413361e-01 4.897119341563785921e-01
4.958677685950413361e-01 6.790123456790123635e-01
4.958677685950413361e-01 8.930041152263374915e-01
5.000000000000000000e-01 3.045267489711934172e-01
5.000000000000000000e-01 4.855967078189300512e-01
5.000000000000000000e-01 4.897119341563785921e-01
5.000000000000000000e-01 6.790123456790123635e-01
5.000000000000000000e-01 8.930041152263374915e-01
5.041322314049586639e-01 3.004115226337448763e-01
5.041322314049586639e-01 4.814814814814814548e-01
5.041322314049586639e-01 4.938271604938271331e-01
5.041322314049586639e-01 6.790123456790123635e-01
5.041322314049586639e-01 8.930041152263374915e-01
5.082644628099173278e-01 3.004115226337448763e-01
5.082644628099173278e-01 4.814814814814814548e-01
5.082644628099173278e-01 4.979423868312757295e-01
5.082644628099173278e-01 6.790123456790123635e-01
5.082644628099173278e-01 8.971193415637860324e-01
5.123966942148759918e-01 2.962962962962962798e-01
5.123966942148759918e-01 4.773662551440329138e-01
5.123966942148759918e-01 4.979423868312757295e-01
5.123966942148759918e-01 6.790123456790123635e-01
5.123966942148759918e-01 8.930041152263374915e-01
5.123966942148759918e-01 8.971193415637860324e-01
5.123966942148759918e-01 9.012345679012345734e-01
5.123966942148759918e-01 9.053497942386831143e-01
5.123966942148759918e-01 9.094650205761316553e-01
5.123966942148759918e-01 9.135802469135801962e-01
5.123966942148759918e-01 9.176954732510288482e-01
5.123966942148759918e-01 9.218106995884773891e-01
5.123966942148759918e-01 9.259259259259259300e-01
5.165289256198346557e-01 2.839506172839506015e-01
5.165289256198346557e-01 2.880658436213991980e-01
5.165289256198346557e-01 2.921810699588477389e-01
5.165289256198346557e-01 3.004115226337448763e-01
5.165289256198346557e-01 4.773662551440329138e-01
5.165289256198346557e-01 5.020576131687243260e-01
5.165289256198346557e-01 6.790123456790123635e-01
5.165289256198346557e-01 8.930041152263374915e-01
5.200876386312782707e-01 9.255948846473707192e-01
5.206611570247934306e-01 2.798353909465020606e-01
5.206611570247934306e-01 3.045267489711934172e-01
5.206611570247934306e-01 4.732510288065843729e-01
5.206611570247934306e-01 5.061728395061728669e-01
5.206611570247934306e-01 6.790123456790123635e-01
5.206611570247934306e-01 8.888888888888888395e-01
5.179014873502330030e-01 9.291436231940402024e-01
5.247933884297520946e-01 2.757201646090535196e-01
5.247933884297520946e-01 3.086419753086419582e-01
5.247933884297520946e-01 4.691358024691357764e-01
5.247933884297520946e-01 5.102880658436214079e-01
5.247933884297520946e-01 6.790123456790123635e-01
5.247933884297520946e-01 8.888888888888888395e-01
5.229687194719002674e-01 9.345412746631375223e-01
5.313866963159785684e-01 2.746097045737881936e-01
5.289256198347107585e-01 3.086419753086419582e-01
5.289256198347107585e-01 4.691358024691357764e-01
5.289256198347107585e-01 5.102880658436214079e-01
5.289256198347107585e-01 5.144032921810699488e-01
5.289256198347107585e-01 5.185185185185184897e-01
5.289256198347107585e-01 5.226337448559670307e-01
5.289256198347107585e-01 6.790123456790123635e-01
5.289256198347107585e-01 8.888888888888888395e-01
5.262829596657798703e-01 9.406373891921966379e-01
5.298999271953039880e-01 9.403241378046311993e-01
5.299505989417464535e-01 2.707965589497801639e-01
5.330578512396694224e-01 3.127572016460905546e-01
5.330578512396694224e-01 4.691358024691357764e-01
5.330578512396694224e-01 5.102880658436214079e-01
5.330578512396694224e-01 5.267489711934156826e-01
5.330578512396694224e-01 5.308641975308642236e-01
5.330578512396694224e-01 5.349794238683127645e-01
5.330578512396694224e-01 6.790123456790123635e-01
5.330578512396694224e-01 6.831275720164609044e-01
5.330578512396694224e-01 8.888888888888888395e-01
5.320307486575127642e-01 9.481023220683605368e-01
5.385999758015886929e-01 2.663152018186364378e-01
5.349004533361212399e-01 2.649708711015206219e-01
5.371900826446280863e-01 3.127572016460905546e-01
5.371900826446280863e-01 4.691358024691357764e-01
5.371900826446280863e-01 5.061728395061728669e-01
5.371900826446280863e-01 5.390946502057613055e-01
5.371900826446280863e-01 5.432098765432098464e-01
5.392497660811559346e-01 5.448083437868075363e-01
5.371900826446280863e-01 6.748971193415638226e-01
5.371900826446280863e-01 6.872427983539094454e-01
5.371900826446280863e-01 6.913580246913579863e-01
5.371900826446280863e-01 8.888888888888888395e-01
5.338658156558440115e-01 9.543794336682760449e-01
5.363552790238090839e-01 9.558926063159541853e-01
5.387952389880583670e-01 9.574152205954784556e-01
5.427606237209440243e-01 2.611116670779193849e-01
5.413223140495867503e-01 3.127572016460905546e-01
5.413223140495867503e-01 4.650205761316872355e-01
5.413223140495867503e-01 5.061728395061728669e-01
5.383723691194356453e-01 5.536645845713193959e-01
5.403828645213545334e-01 5.559611119905538690e-01
5.414487263916564208e-01 5.591259596420455891e-01
5.425964862662405741e-01 5.621920920191754156e-01
5.444146924275011790e-01 5.639588734663930625e-01
5.413223140495867503e-01 6.707818930041152816e-01
5.413223140495867503e-01 6.954732510288066383e-01
5.413223140495867503e-01 8.888888888888888395e-01
5.381513516041488421e-01 9.657616713515447815e-01
5.400953231002242338e-01 9.680497876182582173e-01
5.412850715293936465e-01 9.715768525505308340e-01
5.420854001278095913e-01 9.749706824461751298e-01
5.430636143866033327e-01 9.781185335770954392e-01
5.447796609806866419e-01 9.795624552900162874e-01
5.483960810075090286e-01 2.573658265566277081e-01
5.454545454545454142e-01 3.127572016460905546e-01
5.454545454545454142e-01 4.650205761316872355e-01
5.454545454545454142e-01 4.691358024691357764e-01
5.454545454545454142e-01 4.732510288065843729e-01
5.454545454545454142e-01 4.773662551440329138e-01
5.454545454545454142e-01 4.814814814814814548e-01
5.454545454545454142e-01 5.061728395061728669e-01
5.441034721866757629e-01 5.716713928238348341e-01
5.470535168847576735e-01 5.712387098225577553e-01
5.454545454545454142e-01 6.666666666666666297e-01
5.454545454545454142e-01 6.995884773662551792e-01
5.454545454545454142e-01 8.888888888888888395e-01
5.444327012360603568e-01 9.869626073388060306e-01
5.475286890710280296e-01 9.867360659246429133e-01
5.476203919215173466e-01 2.539324417404654199e-01
5.495867768595040781e-01 3.127572016460905546e-01
5.495867768595040781e-01 4.609053497942386945e-01
5.495867768595040781e-01 4.855967078189300512e-01
5.495867768595040781e-01 5.061728395061728669e-01
5.485656974896834237e-01 5.760269908774874326e-01
5.495867768595040781e-01 6.666666666666666297e-01
5.495867768595040781e-01 7.037037037037037202e-01
5.495867768595040781e-01 7.078189300411522611e-01
5.503707278230273170e-01 7.107285504581966062e-01
5.526278395963878376e-01 7.121141615990594920e-01
5.495867768595040781e-01 8.888888888888888395e-01
5.498304677430120302e-01 9.911248817725620830e-01
5.538337939100274054e-01 2.515747059098782379e-01
5.571332961948173290e-01 3.125442148170936019e-01
5.537190082644628530e-01 4.567901234567900981e-01
5.537190082644628530e-01 4.897119341563785921e-01
5.537190082644628530e-01 5.020576131687243260e-01
5.514637945847170597e-01 5.804798614622741493e-01
5.537190082644628530e-01 6.666666666666666297e-01
5.545117620889613574e-01 7.175081678715998779e-01
5.537190082644628530e-01 8.888888888888888395e-01
5.543956543364146894e-01 9.949651532806456089e-01
5.598621644110473028e-01 2.483208058631898307e-01
5.584489612172411910e-01 3.126741962492036730e-01
5.578512396694215170e-01 4.526748971193415572e-01
5.578512396694215170e-01 4.938271604938271331e-01
5.578512396694215170e-01 4.979423868312757295e-01
5.542981830456348291e-01 5.840821174211002775e-01
5.578512396694215170e-01 6.666666666666666297e-01
5.581793110848458639e-01 7.233818733730303929e-01
5.578512396694215170e-01 8.888888888888888395e-01
5.541585812841596237e-01 9.966788361780345440e-01
5.658242865831183410e-01 2.461775733539336430e-01
5.660583323699014402e-01 3.154546429073522562e-01
5.619834710743801809e-01 4.526748971193415572e-01
5.619834710743801809e-01 4.938271604938271331e-01
5.564205597986059404e-01 5.867608261846557482e-01
5.619834710743801809e-01 6.666666666666666297e-01
5.621997899072069815e-01 7.288259189672204874e-01
5.619834710743801809e-01 8.888888888888888395e-01
5.542661736619250989e-01 9.978380692191421986e-01
5.668763525669524572e-01 2.443836822788664209e-01
5.661157024793388448e-01 3.127572016460905546e-01
5.661157024793388448e-01 4.526748971193415572e-01
5.661157024793388448e-01 4.938271604938271331e-01
5.661157024793388448e-01 6.666666666666666297e-01
5.659232642125167079e-01 7.339370918288681267e-01
5.661157024793388448e-01 8.888888888888888395e-01
5.701537453687931523e-01 2.427485120827707066e-01
5.730604940663622804e-01 3.150860263636420244e-01
5.702479338842975087e-01 4.485596707818930162e-01
5.702479338842975087e-01 4.526748971193415572e-01
5.702479338842975087e-01 4.938271604938271331e-01
5.702479338842975087e-01 6.666666666666666297e-01
5.691916197875114269e-01 7.395367456510003601e-01
5.702479338842975087e-01 8.888888888888888395e-01
5.728582481128232651e-01 2.414962669284516084e-01
5.734885788728552036e-01 3.157154674777845615e-01
5.749151639496976607e-01 3.108482107504773051e-01
5.743801652892561727e-01 4.444444444444444198e-01
5.743801652892561727e-01 4.567901234567900981e-01
5.743801652892561727e-01 4.938271604938271331e-01
5.743801652892561727e-01 6.707818930041152816e-01
5.708756657290341430e-01 7.445804887209777068e-01
5.728577224976452165e-01 7.457653340723542357e-01
5.742729226944338627e-01 7.482736095823941946e-01
5.762169800904648476e-01 7.498914997329084731e-01
5.743801652892561727e-01 8.847736625514402986e-01
5.741687342832403340e-01 2.396180950020873057e-01
5.799701738013492980e-01 3.152605793726296901e-01
5.776446298421898939e-01 3.121988795996631927e-01
5.785123966942148366e-01 4.403292181069958788e-01
5.785123966942148366e-01 4.609053497942386945e-01
5.785123966942148366e-01 4.897119341563785921e-01
5.785123966942148366e-01 4.938271604938271331e-01
5.785123966942148366e-01 6.707818930041152816e-01
5.752918341039287009e-01 7.571660826539944322e-01
5.768355242051722565e-01 7.582813661944105554e-01
5.775859940639304080e-01 7.604657917996339167e-01
5.779813548159392633e-01 7.613843618987948814e-01
5.785123966942148366e-01 8.765432098765432167e-01
5.785123966942148366e-01 8.806584362139917577e-01
5.785123966942148366e-01 8.847736625514402986e-01
5.796825568834396147e-01 2.376165982635707052e-01
5.814095057724120164e-01 3.131915591944606780e-01
5.793227080432774567e-01 3.192472207041863741e-01
5.806983431978227639e-01 3.180904869917672850e-01
5.826446280991735005e-01 4.403292181069958788e-01
5.826446280991735005e-01 4.650205761316872355e-01
5.826446280991735005e-01 4.814814814814814548e-01
5.826446280991735005e-01 4.855967078189300512e-01
5.826446280991735005e-01 4.979423868312757295e-01
5.826446280991735005e-01 6.625514403292180887e-01
5.826446280991735005e-01 6.666666666666666297e-01
5.826446280991735005e-01 6.748971193415638226e-01
5.826446280991735005e-01 6.790123456790123635e-01
5.826446280991735005e-01 6.831275720164609044e-01
5.826446280991735005e-01 8.641975308641974829e-01
5.826446280991735005e-01 8.683127572016461349e-01
5.826446280991735005e-01 8.724279835390946758e-01
5.826446280991735005e-01 8.888888888888888395e-01
5.826446280991735005e-01 8.930041152263374915e-01
5.850542041286441730e-01 2.342639908878661470e-01
5.843757466924923705e-01 3.119601402719171523e-01
5.867768595041322754e-01 4.403292181069958788e-01
5.867768595041322754e-01 4.691358024691357764e-01
5.867768595041322754e-01 4.732510288065843729e-01
5.867768595041322754e-01 4.773662551440329138e-01
5.804977006325113820e-01 4.943294505897234958e-01
5.867768595041322754e-01 6.584362139917695478e-01
5.867768595041322754e-01 6.872427983539094454e-01
5.867768595041322754e-01 8.600823045267489420e-01
5.867768595041322754e-01 8.971193415637860324e-01
5.899067121473225983e-01 2.304567982359594924e-01
5.880368981425735386e-01 3.110009120133371829e-01
5.909090909090909394e-01 4.362139917695473379e-01
5.876648433887484702e-01 4.952756732859392441e-01
5.909090909090909394e-01 6.584362139917695478e-01
5.909090909090909394e-01 6.913580246913579863e-01
5.900801874496127697e-01 8.566368378293048869e-01
5.909090909090909394e-01 8.971193415637860324e-01
5.945794662652625906e-01 2.265127006362584183e-01
5.914637341879862564e-01 3.102804408696146488e-01
5.950413223140496033e-01 4.362139917695473379e-01
5.887328021012800949e-01 4.977177379809994973e-01
5.950413223140496033e-01 6.584362139917695478e-01
5.950413223140496033e-01 6.954732510288066383e-01
5.975797351234215515e-01 8.471854635679121337e-01
5.949813448164642526e-01 8.482642078203525005e-01
5.923603249498265999e-01 8.493728222653131876e-01
5.950413223140496033e-01 8.971193415637860324e-01
5.996406229914258423e-01 2.222981378322906876e-01
5.944860083635988834e-01 3.097370905157776355e-01
5.974195155667233470e-01 4.367073558871212846e-01
5.896117598403337601e-01 4.988796727888961113e-01
5.991735537190082672e-01 6.584362139917695478e-01
5.991735537190082672e-01 6.954732510288066383e-01
5.996297227047010514e-01 8.416531626451300152e-01
5.991735537190082672e-01 8.971193415637860324e-01
6.045329917909207929e-01 2.184192410446492705e-01
5.974870288267362106e-01 3.090971426569057434e-01
5.991739427193629730e-01 4.344444645586933440e-01
6.033057851239669311e-01 6.584362139917695478e-01
6.051923351117971528e-01 6.973459638996287735e-01
6.034200482102556329e-01 8.357845634980646254e-01
6.033057851239669311e-01 8.971193415637860324e-01
6.100756459261390541e-01 2.155208563941833633e-01
5.989823302577349518e-01 3.079325925497004568e-01
6.086174156141567204e-01 4.332869749453010511e-01
6.074380165289255951e-01 6.584362139917695478e-01
6.053239291857096527e-01 7.010389052905380280e-01
6.072279705028847951e-01 8.306908887032986577e-01
6.074380165289255951e-01 8.971193415637860324e-01
6.089326185366708000e-01 2.124626827004668372e-01
6.015400425723391731e-01 3.094528768184774958e-01
6.089416363003301580e-01 4.300084496319385718e-01
6.115702479338842590e-01 6.584362139917695478e-01
6.128349825932282169e-01 7.019662024642996379e-01
6.107706721715266962e-01 8.252566218215190430e-01
6.115702479338842590e-01 8.971193415637860324e-01
6.141200883608418648e-01 2.098674888672497629e-01
6.170231605243045037e-01 4.293395963352779066e-01
6.173045113278660123e-01 6.569220998933837929e-01
6.130630324656251018e-01 7.057677878722272702e-01
6.180881666546794717e-01 8.170611273790536755e-01
6.154166246884144043e-01 8.184272547859944291e-01
6.130098241442921703e-01 8.193352429652318580e-01
6.157024793388429229e-01 8.971193415637860324e-01
6.188954100525584368e-01 2.059692796462846975e-01
6.169418051303942052e-01 4.259929802822554623e-01
6.201208330912627575e-01 6.548859736793042341e-01
6.196066625143280548e-01 7.084603903969891592e-01
6.221666956716794816e-01 8.091141630094421666e-01
6.186707313336078373e-01 8.091606873532166677e-01
6.204366123001668898e-01 8.964135360730612900e-01
6.236075377531931085e-01 2.015560327043039168e-01
6.238703724597114419e-01 4.237877680519318013e-01
6.232897646990720464e-01 6.536539818187543371e-01
6.259453900423948003e-01 7.107582236759923955e-01
6.244850707738776041e-01 8.028724625639123147e-01
6.239669421487603618e-01 8.971193415637860324e-01
6.278843888420032604e-01 1.973979900338482807e-01
6.305730841257263242e-01 4.217750999536135081e-01
6.257436825097192346e-01 6.517224784618542710e-01
6.253962456383396207e-01 7.141233644335158726e-01
6.277199507592831074e-01 7.967711043977198093e-01
6.280991735537190257e-01 8.971193415637860324e-01
6.321555453953107140e-01 1.931948160826072458e-01
6.307149998149026437e-01 4.182304151048653607e-01
6.342681142971042796e-01 6.529449933503636005e-01
6.319804423667148008e-01 7.175350923990876373e-01
6.331074756574008866e-01 7.905145666366557577e-01
6.299274339810136958e-01 7.905003955240894609e-01
6.322314049586776896e-01 8.971193415637860324e-01
6.364088950573535408e-01 1.889277699773790065e-01
6.386869143567640572e-01 4.173542118009463397e-01
6.369307322999123722e-01 6.507968290887654605e-01
6.362988362267391063e-01 7.218921516606117139e-01
6.390886417463083058e-01 7.712205166558624425e-01
6.371761459264565497e-01 7.736227745549419943e-01
6.360321873031683504e-01 7.771530441500039688e-01
6.350106774003837495e-01 7.802981352773705748e-01
6.330028985499996930e-01 7.823765539054455820e-01
6.363636363636363535e-01 8.971193415637860324e-01
6.409600726711228713e-01 1.842196416282267379e-01
6.387696589318234697e-01 4.139509494493067709e-01
6.409808973931372389e-01 6.491471474354036930e-01
6.394457524384502545e-01 7.270121456022324846e-01
6.427353020499591008e-01 7.512911582287064016e-01
6.411129137359690144e-01 7.534864675023673630e-01
6.402967596459798738e-01 7.571671903857993824e-01
6.394827163986060992e-01 7.605287023985742856e-01
6.377117539032493010e-01 7.630119804540119732e-01
6.404958677685950175e-01 8.930041152263374915e-01
6.453842885752808511e-01 1.790734374753885638e-01
6.468300051132817030e-01 4.131777484430797509e-01
6.444754114858940452e-01 6.478664447848566654e-01
6.407976746636111498e-01 7.321470530450712166e-01
6.419726426324475765e-01 7.343504591207805632e-01
6.421399964096624613e-01 7.375737470018949304e-01
6.420670270531106949e-01 7.409491028919108491e-01
6.408810666839260817e-01 7.432843412578282738e-01
6.446280991735536814e-01 8.930041152263374915e-01
6.514078617973391161e-01 1.754039820444620590e-01
6.480593650547925577e-01 1.739139207648381646e-01
6.469572868144277678e-01 4.097769352369807772e-01
6.467873122954879150e-01 6.454457618591257217e-01
6.487603305785123453e-01 8.847736625514402986e-01
6.487603305785123453e-01 8.888888888888888395e-01
6.555481356383909830e-01 1.712029136098354165e-01
6.550690691267748722e-01 4.090582856356545505e-01
6.528925619834711203e-01 6.460905349794238139e-01
6.528925619834711203e-01 8.765432098765432167e-01
6.528925619834711203e-01 8.806584362139917577e-01
6.528925619834711203e-01 8.930041152263374915e-01
6.544781814479415649e-01 1.673379005943789188e-01
6.552217498571758503e-01 4.056617088995321807e-01
6.570247933884297842e-01 6.460905349794238139e-01
6.570247933884297842e-01 8.724279835390946758e-01
6.570247933884297842e-01 8.971193415637860324e-01
6.597881953949724654e-01 1.641060226594975580e-01
6.630789575884734610e-01 4.051457058936319133e-01
6.611570247933884481e-01 6.419753086419752730e-01
6.624739920972531060e-01 7.010461330440647121e-01
6.611570247933884481e-01 8.683127572016461349e-01
6.611570247933884481e-01 8.971193415637860324e-01
6.647618302381751443e-01 1.589967981828836474e-01
6.635920868143593276e-01 4.016323983501604578e-01
6.685639586653714384e-01 6.010692700678520461e-01
6.670721752457474674e-01 6.030184098302843188e-01
6.667533341683601344e-01 6.069861863837520133e-01
6.665243923785318936e-01 6.106588062078120993e-01
6.652892561983471120e-01 6.131687242798353754e-01
6.652892561983471120e-01 6.172839506172839164e-01
6.652892561983471120e-01 6.213991769547324573e-01
6.652892561983471120e-01 6.255144032921811093e-01
6.652892561983471120e-01 6.378600823045267321e-01
6.627152936421488727e-01 7.020133584613218458e-01
6.632635343708251918e-01 7.005869058150522299e-01
6.652892561983471120e-01 8.683127572016461349e-01
6.652892561983471120e-01 8.971193415637860324e-01
6.712483975561027716e-01 1.546973655452576202e-01
6.678096787063096951e-01 1.536946912131314513e-01
6.715090769566287587e-01 4.012338465296207413e-01
6.704186850683455656e-01 5.929369936934806296e-01
6.675904231369187425e-01 5.932822458066597804e-01
6.694214876033057759e-01 6.296296296296296502e-01
6.694214876033057759e-01 6.337448559670781911e-01
6.694214876033057759e-01 8.641975308641974829e-01
6.694214876033057759e-01 8.971193415637860324e-01
6.743803404363964971e-01 1.492261072293061819e-01
6.721512709603806313e-01 3.977747200739114031e-01
6.724278189334248479e-01 5.843920900712533673e-01
6.716917419665654476e-01 5.850472560692808743e-01
6.700053546204393085e-01 5.858989714102535995e-01
6.735537190082644399e-01 6.337448559670781911e-01
6.735537190082644399e-01 8.641975308641974829e-01
6.735537190082644399e-01 8.971193415637860324e-01
6.793438306738321941e-01 1.440220635871952704e-01
6.801486443689723771e-01 3.978531598947068204e-01
6.776859504132231038e-01 6.378600823045267321e-01
6.776859504132231038e-01 8.600823045267489420e-01
6.776859504132231038e-01 8.971193415637860324e-01
6.845547388604079631e-01 1.408328015099513386e-01
6.820646864018106159e-01 3.953576197633577038e-01
6.818181818181817677e-01 6.378600823045267321e-01
6.818181818181817677e-01 8.600823045267489420e-01
6.818181818181817677e-01 8.971193415637860324e-01
6.833974082188388754e-01 1.368986668971600984e-01
6.840810121435380031e-01 3.928807367007305373e-01
6.859504132231405427e-01 6.419753086419752730e-01
6.880900274196347643e-01 8.592581409671623538e-01
6.859504132231405427e-01 8.971193415637860324e-01
6.908771266962578927e-01 1.335977020485656364e-01
6.874173060559845005e-01 1.324766994580442447e-01
6.922231289127087628e-01 3.936260023207974745e-01
6.900826446280992066e-01 6.419753086419752730e-01
6.895129975664606725e-01 8.575149547019321750e-01
6.900826446280992066e-01 8.971193415637860324e-01
6.960645791745460054e-01 1.267421003546059799e-01
6.923354101503914615e-01 1.263126295722001580e-01
6.943815413446113860e-01 3.914016451623861803e-01
6.953510325305810591e-01 6.410720422844796706e-01
6.924231178031018397e-01 8.564847831790615151e-01
6.942148760330578705e-01 8.971193415637860324e-01
6.989905609405784315e-01 1.215312740566216604e-01
6.972093881812131411e-01 3.899582007022214247e-01
6.979728910262881225e-01 6.425013958922981550e-01
6.952375475555843121e-01 8.555779607910011242e-01
6.983471074380165344e-01 8.971193415637860324e-01
7.032001343197843424e-01 1.170861413654461225e-01
6.990366125121435514e-01 3.877642973845464303e-01
7.004743659510931364e-01 6.417291532251446773e-01
6.965875608022978893e-01 8.540855042579863499e-01
7.024793388818797446e-01 8.971193415637860324e-01
7.083153715799754835e-01 1.139163715868360405e-01
7.055725201941287494e-01 3.865032705741622276e-01
7.088587200711673475e-01 6.438341882212064160e-01
7.000758427172160125e-01 8.541061579577486906e-01
7.066074772580224206e-01 8.970823520541050256e-01
7.073154998789271675e-01 1.106151544825277333e-01
7.126837263195505701e-01 3.851504860802288932e-01
7.114445275938799940e-01 6.424360829886957003e-01
7.032737419786593280e-01 8.529564291717860458e-01
7.107338995156845529e-01 8.970356871433357027e-01
7.116463034594631143e-01 1.087989228333963582e-01
7.139945379289998062e-01 3.825367111137803477e-01
7.148537938369259326e-01 6.416653463574568672e-01
7.148615929431685334e-01 8.970120099694501858e-01
7.160145646011195630e-01 1.051850978691330207e-01
7.151940193542949409e-01 3.799784362206902188e-01
7.185905304903834612e-01 6.408828998582414282e-01
7.189819321664807639e-01 8.969396986214012157e-01
7.193474015605844096e-01 1.021455297804219065e-01
7.206173264806366996e-01 3.779644166860047227e-01
7.211664561567104892e-01 6.392793966123810900e-01
7.230937446459521079e-01 8.968370159856310364e-01
7.214720488779924334e-01 1.002013441884253980e-01
7.259564024650237979e-01 3.744336710941576496e-01
7.293693832841448010e-01 6.409815421611561037e-01
7.271865148147547142e-01 8.966798477050649252e-01
7.311718492920958878e-01 3.702948139161216234e-01
7.322827181552752362e-01 6.393521018144233681e-01
7.312276175863557937e-01 8.964110124799223867e-01
7.358895141274421903e-01 3.663114358759878009e-01
7.360884633140392097e-01 6.386906855441188968e-01
7.347442327641635629e-01 8.959022406780893233e-01
7.409050872410870570e-01 3.624679706299652748e-01
7.401035233960709947e-01 6.383445734208940125e-01
7.373999713781512755e-01 8.944620347175548103e-01
7.463527843086741331e-01 3.598221446255244760e-01
7.441913163660320851e-01 6.382400640686533011e-01
7.455001070360414150e-01 8.964226097079308619e-01
7.457669055154777515e-01 3.563084649022691397e-01
7.486952464394501794e-01 6.381853097227426774e-01
7.468884521229423035e-01 8.957330577751936307e-01
7.514230254739292514e-01 3.536924478122336901e-01
7.532084701517366421e-01 6.384095775247110582e-01
7.511174733801514458e-01 8.896289441328296688e-01
7.568458923175238606e-01 3.499562872686076687e-01
7.561983471074380514e-01 6.378600823045267321e-01
7.577147522512130973e-01 8.945267865412251940e-01
7.625059503734820110e-01 3.473011884927450499e-01
7.603305785123967153e-01 6.378600823045267321e-01
7.604879111859491614e-01 8.931296592410735702e-01
7.618648185402401296e-01 3.437322660904078564e-01
7.644628099173553792e-01 6.378600823045267321e-01
7.640925981344901530e-01 8.921013772698433986e-01
7.671423770596988989e-01 3.408015659435866818e-01
7.685950413223140432e-01 6.378600823045267321e-01
7.663042117718391610e-01 8.904086642643751492e-01
7.719149162506007134e-01 3.365745742615109393e-01
7.727272727272727071e-01 6.378600823045267321e-01
7.751477558843113957e-01 8.918587881036930121e-01
7.758292057166599198e-01 3.321781642346953167e-01
7.768595041322313710e-01 6.378600823045267321e-01
7.777151390525304242e-01 8.902099366661988533e-01
7.818094745926820188e-01 3.280159794407371820e-01
7.785528587593026906e-01 3.271178251128536441e-01
7.809917355371900349e-01 6.378600823045267321e-01
7.785041631615050584e-01 6.382112471519014729e-01
7.812048108354239240e-01 6.385085615310280849e-01
7.811841296826051995e-01 8.895414455457486547e-01
7.834704189613261871e-01 3.229819451757695026e-01
7.851239669421488099e-01 6.337448559670781911e-01
7.814217198924893193e-01 6.453613165129788998e-01
7.836919816495651059e-01 6.453774597173855820e-01
7.851848154919138789e-01 8.891099565209716893e-01
7.886838420680993833e-01 3.178959914153526300e-01
7.859853680865177550e-01 3.169909755684006125e-01
7.902494928720676937e-01 6.341410423284051801e-01
7.828674800847926774e-01 6.473079597569787458e-01
7.895460411245273091e-01 8.886734110112430862e-01
7.881758079887175583e-01 3.157333019476981639e-01
7.901129973609739565e-01 6.303615504530845071e-01
7.932199892378219985e-01 8.882901832241461015e-01
7.969715650085636982e-01 6.292435623046179760e-01
7.970360799060945967e-01 8.876006312332012094e-01
8.041552084725165361e-01 6.264739308464091216e-01
7.996432746987605089e-01 8.860172933329724110e-01
8.062163893869896958e-01 6.241251967805188094e-01
8.081389251261302809e-01 8.876919229562804103e-01
8.096507375384969230e-01 6.229563779853966032e-01
8.104204699129620160e-01 8.862062410965040327e-01
8.141130805883266541e-01 6.214688582260028404e-01
8.142501686592412691e-01 8.855986761093549431e-01
8.178351624281442467e-01 6.206565941176127588e-01
8.182816388560406606e-01 8.852951431811265648e-01
8.213202063964049060e-01 6.196120506576012765e-01
8.223694317787080266e-01 8.851166548022478819e-01
8.233659651038075511e-01 6.177409833254974281e-01
8.264784223525972751e-01 8.849999704009564594e-01
8.302571189424796660e-01 6.168017934243924527e-01
8.305970455431250787e-01 8.849179836590951309e-01
8.377735743410731351e-01 6.159641991164381825e-01
8.347206459797881228e-01 8.848573169718906284e-01
8.396311977975385865e-01 6.136801923187296115e-01
8.388470682779227694e-01 8.848106520611213055e-01
8.417346878525654441e-01 6.113857166403751098e-01
8.429752066097294660e-01 8.847736625514402986e-01
8.498874116873691431e-01 6.125066029319899963e-01
8.471033449861449238e-01 8.847366730417592917e-01
8.523137653766061916e-01 6.107531846912938045e-01
8.512297672842796814e-01 8.846900081309899688e-01
8.556899147147644102e-01 6.099784729133720385e-01
8.553533676800154639e-01 8.846293414437854663e-01
8.596201397358076424e-01 6.094380408879264133e-01
8.594719908268875219e-01 8.845473547019241378e-01
8.636124099760887907e-01 6.089996469939255030e-01
8.635809814044147492e-01 8.844306703006327153e-01
8.676237794886918486e-01 6.085921152674022006e-01
8.676687743670998820e-01 8.842521819217540324e-01
8.712471865448515596e-01 6.081508712207327472e-01
8.717002445638991626e-01 8.839486489935256541e-01
8.749614265248994993e-01 6.073573447477432774e-01
8.755299433101784157e-01 8.833410840063765646e-01
8.773372649284433278e-01 6.055882506018864797e-01
8.781457693385313901e-01 8.818184125750735403e-01
8.854392809266117270e-01 6.064015020714084159e-01
8.863170405788239892e-01 8.836136861903585160e-01
8.865019295870688598e-01 6.032863796320686589e-01
8.889328666071769636e-01 8.820910147590554917e-01
8.949636522822913554e-01 6.039411812338503216e-01
8.927625653534562167e-01 8.814834497719064021e-01
8.973012826533426356e-01 6.020219313462721322e-01
8.967940355502554972e-01 8.811799168436780239e-01
9.008866200657236201e-01 6.009157592010442306e-01
9.008818285129406300e-01 8.810014284647993410e-01
9.044952101580709947e-01 5.998192332002790783e-01
9.049908190904678573e-01 8.808847440635079185e-01
9.068986230148848859e-01 5.978874804235519980e-01
9.087710679768034039e-01 8.808027573216465900e-01
9.151032250095543219e-01 5.989433544622771999e-01
9.125139973196585430e-01 8.807420906344420874e-01
9.173185994038572932e-01 5.966380392150641976e-01
9.162053669858647442e-01 8.806954257236727646e-01
9.195477658342031679e-01 5.943612378491126558e-01
9.198259438545836053e-01 8.806584362139917577e-01
9.281179526847718186e-01 5.953735907182649001e-01
9.233491017044452853e-01 8.806584362139917577e-01
9.301919085218971484e-01 5.934590816700451299e-01
9.267199908744944148e-01 8.806584362139917577e-01
9.336424911538310223e-01 5.921086579705674424e-01
9.298370992995736994e-01 8.806584362139917577e-01
9.360968297913146996e-01 5.901588231877044066e-01
9.324466462347132945e-01 8.806584362139917577e-01
9.446321045017747053e-01 5.914637617538817116e-01
9.335335096313563952e-01 8.806584362139917577e-01
9.471401413508174771e-01 5.896961730909667798e-01
9.508886293797708111e-01 5.888403398862708249e-01
9.544611033793031218e-01 5.882164126092236378e-01
9.582135436793285388e-01 5.873452005912683793e-01
9.604478937820031259e-01 5.856889834399469086e-01
9.689698908593474824e-01 5.871875123044192346e-01
9.711636605598936711e-01 5.855409705469101223e-01
9.745060892978659739e-01 5.847730044548116179e-01
9.776085636767073428e-01 5.842849148608111332e-01
9.808079914713263570e-01 5.836155456996239277e-01
9.826836729814752980e-01 5.821546781731485876e-01
9.900825038813978463e-01 5.832616042886159535e-01
9.911516921725586071e-01 5.816850820398188349e-01
9.919196125119924545e-01 5.810349376248425957e-01
