0.000000000000000000e+00 8.431372549019607865e-01
4.081632653061224858e-03 8.431372549019607865e-01
4.081632653061224858e-03 8.509803921568627194e-01
4.081632653061224858e-03 8.549019607843136859e-01
8.163265306122449716e-03 8.470588235294117530e-01
1.224489795918367284e-02 8.470588235294117530e-01
1.632653061224489943e-02 8.470588235294117530e-01
2.040816326530612082e-02 8.470588235294117530e-01
2.448979591836734568e-02 8.470588235294117530e-01
2.857142857142857054e-02 8.470588235294117530e-01
3.265306122448979886e-02 8.470588235294117530e-01
3.673469387755102372e-02 8.470588235294117530e-01
4.081632653061224164e-02 6.235294117647058876e-01
4.081632653061224164e-02 8.470588235294117530e-01
4.489795918367346650e-02 6.196078431372549211e-01
4.489795918367346650e-02 8.470588235294117530e-01
4.897959183673469136e-02 6.196078431372549211e-01
4.897959183673469136e-02 8.470588235294117530e-01
5.306122448979591621e-02 6.196078431372549211e-01
5.306122448979591621e-02 8.431372549019607865e-01
5.714285714285714107e-02 6.196078431372549211e-01
5.714285714285714107e-02 8.431372549019607865e-01
6.122448979591836593e-02 6.196078431372549211e-01
6.122448979591836593e-02 8.470588235294117530e-01
6.530612244897959773e-02 6.196078431372549211e-01
6.530612244897959773e-02 8.470588235294117530e-01
6.938775510204081565e-02 6.196078431372549211e-01
6.938775510204081565e-02 8.470588235294117530e-01
7.346938775510204744e-02 6.156862745098039547e-01
7.346938775510204744e-02 8.470588235294117530e-01
7.755102040816326536e-02 6.156862745098039547e-01
7.755102040816326536e-02 8.470588235294117530e-01
8.163265306122448328e-02 6.156862745098039547e-01
8.163265306122448328e-02 8.470588235294117530e-01
8.571428571428571508e-02 6.156862745098039547e-01
8.571428571428571508e-02 8.509803921568627194e-01
8.979591836734693300e-02 6.156862745098039547e-01
8.979591836734693300e-02 8.509803921568627194e-01
9.387755102040816479e-02 6.156862745098039547e-01
9.387755102040816479e-02 8.509803921568627194e-01
9.795918367346938271e-02 6.156862745098039547e-01
9.795918367346938271e-02 8.509803921568627194e-01
1.020408163265306145e-01 6.156862745098039547e-01
1.020408163265306145e-01 8.509803921568627194e-01
1.061224489795918324e-01 6.156862745098039547e-01
1.061224489795918324e-01 8.509803921568627194e-01
1.102040816326530642e-01 6.156862745098039547e-01
1.102040816326530642e-01 8.509803921568627194e-01
1.142857142857142821e-01 6.156862745098039547e-01
1.142857142857142821e-01 8.509803921568627194e-01
1.183673469387755139e-01 6.156862745098039547e-01
1.183673469387755139e-01 8.509803921568627194e-01
1.224489795918367319e-01 6.117647058823529882e-01
1.224489795918367319e-01 8.470588235294117530e-01
1.265306122448979498e-01 6.117647058823529882e-01
1.265306122448979498e-01 8.470588235294117530e-01
1.306122448979591955e-01 6.117647058823529882e-01
1.306122448979591955e-01 8.470588235294117530e-01
1.346938775510204134e-01 6.117647058823529882e-01
1.346938775510204134e-01 8.470588235294117530e-01
1.387755102040816313e-01 6.117647058823529882e-01
1.387755102040816313e-01 8.470588235294117530e-01
1.428571428571428492e-01 6.117647058823529882e-01
1.428571428571428492e-01 8.470588235294117530e-01
1.469387755102040949e-01 6.117647058823529882e-01
1.469387755102040949e-01 8.470588235294117530e-01
1.510204081632653128e-01 6.117647058823529882e-01
1.510204081632653128e-01 8.470588235294117530e-01
1.551020408163265307e-01 6.117647058823529882e-01
1.551020408163265307e-01 8.509803921568627194e-01
1.591836734693877486e-01 6.117647058823529882e-01
1.591836734693877486e-01 8.509803921568627194e-01
1.632653061224489666e-01 4.196078431372549100e-01
1.632653061224489666e-01 6.117647058823529882e-01
1.632653061224489666e-01 8.509803921568627194e-01
1.673469387755102122e-01 4.156862745098039436e-01
1.673469387755102122e-01 6.117647058823529882e-01
1.673469387755102122e-01 8.509803921568627194e-01
1.714285714285714302e-01 4.156862745098039436e-01
1.714285714285714302e-01 6.117647058823529882e-01
1.714285714285714302e-01 8.509803921568627194e-01
1.755102040816326481e-01 4.156862745098039436e-01
1.755102040816326481e-01 6.117647058823529882e-01
1.755102040816326481e-01 8.509803921568627194e-01
1.795918367346938660e-01 4.156862745098039436e-01
1.795918367346938660e-01 6.117647058823529882e-01
1.795918367346938660e-01 8.509803921568627194e-01
1.836734693877551117e-01 4.156862745098039436e-01
1.836734693877551117e-01 6.117647058823529882e-01
1.836734693877551117e-01 8.509803921568627194e-01
1.877551020408163296e-01 4.196078431372549100e-01
1.877551020408163296e-01 6.078431372549019107e-01
1.877551020408163296e-01 8.509803921568627194e-01
1.918367346938775475e-01 4.196078431372549100e-01
1.918367346938775475e-01 6.078431372549019107e-01
1.918367346938775475e-01 8.509803921568627194e-01
1.959183673469387654e-01 4.196078431372549100e-01
1.959183673469387654e-01 6.039215686274509443e-01
1.959183673469387654e-01 8.509803921568627194e-01
2.000000000000000111e-01 4.196078431372549100e-01
2.000000000000000111e-01 6.039215686274509443e-01
2.000000000000000111e-01 8.509803921568627194e-01
2.040816326530612290e-01 4.196078431372549100e-01
2.040816326530612290e-01 6.039215686274509443e-01
2.040816326530612290e-01 8.509803921568627194e-01
2.081632653061224469e-01 4.196078431372549100e-01
2.081632653061224469e-01 6.039215686274509443e-01
2.081632653061224469e-01 8.509803921568627194e-01
2.122448979591836649e-01 4.196078431372549100e-01
2.122448979591836649e-01 6.039215686274509443e-01
2.122448979591836649e-01 8.509803921568627194e-01
2.163265306122449105e-01 4.196078431372549100e-01
2.163265306122449105e-01 6.039215686274509443e-01
2.163265306122449105e-01 8.509803921568627194e-01
2.204081632653061285e-01 4.196078431372549100e-01
2.204081632653061285e-01 6.039215686274509443e-01
2.204081632653061285e-01 8.509803921568627194e-01
2.244897959183673464e-01 4.196078431372549100e-01
2.244897959183673464e-01 6.039215686274509443e-01
2.244897959183673464e-01 8.509803921568627194e-01
2.285714285714285643e-01 4.196078431372549100e-01
2.285714285714285643e-01 6.039215686274509443e-01
2.285714285714285643e-01 8.509803921568627194e-01
2.326530612244897822e-01 4.196078431372549100e-01
2.326530612244897822e-01 6.039215686274509443e-01
2.326530612244897822e-01 8.509803921568627194e-01
2.367346938775510279e-01 4.196078431372549100e-01
2.367346938775510279e-01 6.078431372549019107e-01
2.367346938775510279e-01 8.156862745098039102e-01
2.367346938775510279e-01 8.509803921568627194e-01
2.408163265306122458e-01 4.196078431372549100e-01
2.408163265306122458e-01 6.078431372549019107e-01
2.408163265306122458e-01 8.196078431372548767e-01
2.408163265306122458e-01 8.509803921568627194e-01
2.448979591836734637e-01 4.196078431372549100e-01
2.448979591836734637e-01 6.078431372549019107e-01
2.448979591836734637e-01 8.235294117647058432e-01
2.448979591836734637e-01 8.470588235294117530e-01
2.489795918367346816e-01 4.235294117647058765e-01
2.489795918367346816e-01 6.078431372549019107e-01
2.489795918367346816e-01 8.235294117647058432e-01
2.489795918367346816e-01 8.470588235294117530e-01
2.530612244897958996e-01 4.235294117647058765e-01
2.530612244897958996e-01 6.078431372549019107e-01
2.530612244897958996e-01 8.274509803921568096e-01
2.530612244897958996e-01 8.470588235294117530e-01
2.571428571428571175e-01 4.235294117647058765e-01
2.571428571428571175e-01 6.078431372549019107e-01
2.571428571428571175e-01 8.313725490196078871e-01
2.571428571428571175e-01 8.352941176470588536e-01
2.571428571428571175e-01 8.392156862745098200e-01
2.571428571428571175e-01 8.431372549019607865e-01
2.612244897959183909e-01 4.235294117647058765e-01
2.612244897959183909e-01 6.078431372549019107e-01
2.612244897959183909e-01 8.392156862745098200e-01
2.653061224489796088e-01 4.235294117647058765e-01
2.653061224489796088e-01 6.078431372549019107e-01
2.653061224489796088e-01 8.392156862745098200e-01
2.693877551020408267e-01 4.235294117647058765e-01
2.693877551020408267e-01 6.078431372549019107e-01
2.693877551020408267e-01 8.431372549019607865e-01
2.734693877551020447e-01 4.235294117647058765e-01
2.734693877551020447e-01 6.078431372549019107e-01
2.734693877551020447e-01 8.431372549019607865e-01
2.775510204081632626e-01 4.235294117647058765e-01
2.775510204081632626e-01 6.039215686274509443e-01
2.775510204081632626e-01 8.431372549019607865e-01
2.816326530612244805e-01 4.235294117647058765e-01
2.816326530612244805e-01 6.039215686274509443e-01
2.816326530612244805e-01 8.431372549019607865e-01
2.857142857142856984e-01 4.235294117647058765e-01
2.857142857142856984e-01 6.039215686274509443e-01
2.857142857142856984e-01 8.431372549019607865e-01
2.897959183673469163e-01 4.235294117647058765e-01
2.897959183673469163e-01 6.039215686274509443e-01
2.897959183673469163e-01 8.431372549019607865e-01
2.938775510204081898e-01 4.196078431372549100e-01
2.938775510204081898e-01 6.039215686274509443e-01
2.938775510204081898e-01 8.470588235294117530e-01
2.979591836734694077e-01 4.196078431372549100e-01
2.979591836734694077e-01 5.411764705882352589e-01
2.979591836734694077e-01 6.039215686274509443e-01
2.979591836734694077e-01 8.470588235294117530e-01
3.020408163265306256e-01 4.196078431372549100e-01
3.020408163265306256e-01 5.450980392156862253e-01
3.020408163265306256e-01 5.999999999999999778e-01
3.020408163265306256e-01 8.470588235294117530e-01
3.061224489795918435e-01 4.196078431372549100e-01
3.061224489795918435e-01 5.490196078431373028e-01
3.061224489795918435e-01 5.529411764705882693e-01
3.061224489795918435e-01 5.999999999999999778e-01
3.061224489795918435e-01 8.470588235294117530e-01
3.102040816326530615e-01 4.196078431372549100e-01
3.102040816326530615e-01 5.568627450980392357e-01
3.102040816326530615e-01 5.607843137254902022e-01
3.102040816326530615e-01 5.999999999999999778e-01
3.102040816326530615e-01 8.470588235294117530e-01
3.142857142857142794e-01 4.196078431372549100e-01
3.142857142857142794e-01 5.647058823529411686e-01
3.142857142857142794e-01 5.960784313725490113e-01
3.142857142857142794e-01 8.470588235294117530e-01
3.142857142857142794e-01 9.960784313725490335e-01
3.183673469387754973e-01 4.196078431372549100e-01
3.183673469387754973e-01 5.686274509803921351e-01
3.183673469387754973e-01 5.725490196078431016e-01
3.183673469387754973e-01 5.960784313725490113e-01
3.183673469387754973e-01 8.509803921568627194e-01
3.183673469387754973e-01 9.960784313725490335e-01
3.224489795918367152e-01 4.235294117647058765e-01
3.224489795918367152e-01 5.764705882352940680e-01
3.224489795918367152e-01 5.803921568627451455e-01
3.224489795918367152e-01 5.843137254901961120e-01
3.224489795918367152e-01 5.921568627450980449e-01
3.224489795918367152e-01 8.509803921568627194e-01
3.224489795918367152e-01 1.000000000000000000e+00
3.265306122448979331e-01 4.235294117647058765e-01
3.265306122448979331e-01 5.882352941176470784e-01
3.265306122448979331e-01 5.921568627450980449e-01
3.265306122448979331e-01 8.509803921568627194e-01
3.306122448979592066e-01 4.235294117647058765e-01
3.306122448979592066e-01 5.921568627450980449e-01
3.306122448979592066e-01 8.509803921568627194e-01
3.346938775510204245e-01 4.235294117647058765e-01
3.346938775510204245e-01 5.921568627450980449e-01
3.346938775510204245e-01 8.509803921568627194e-01
3.346938775510204245e-01 9.215686274509803377e-01
3.387755102040816424e-01 4.235294117647058765e-01
3.387755102040816424e-01 5.921568627450980449e-01
3.387755102040816424e-01 8.509803921568627194e-01
3.387755102040816424e-01 9.176470588235293713e-01
3.428571428571428603e-01 4.235294117647058765e-01
3.428571428571428603e-01 5.921568627450980449e-01
3.428571428571428603e-01 8.509803921568627194e-01
3.428571428571428603e-01 8.901960784313724950e-01
3.428571428571428603e-01 9.137254901960784048e-01
3.469387755102040782e-01 4.235294117647058765e-01
3.469387755102040782e-01 5.921568627450980449e-01
3.469387755102040782e-01 8.509803921568627194e-01
3.469387755102040782e-01 8.901960784313724950e-01
3.469387755102040782e-01 9.137254901960784048e-01
3.510204081632652962e-01 4.235294117647058765e-01
3.510204081632652962e-01 5.921568627450980449e-01
3.510204081632652962e-01 8.549019607843136859e-01
3.510204081632652962e-01 8.901960784313724950e-01
3.510204081632652962e-01 9.098039215686274384e-01
3.510204081632652962e-01 9.725490196078431238e-01
3.551020408163265141e-01 4.235294117647058765e-01
3.551020408163265141e-01 5.921568627450980449e-01
3.551020408163265141e-01 8.549019607843136859e-01
3.551020408163265141e-01 8.901960784313724950e-01
3.551020408163265141e-01 9.019607843137255054e-01
3.551020408163265141e-01 9.058823529411764719e-01
3.551020408163265141e-01 9.725490196078431238e-01
3.591836734693877320e-01 4.235294117647058765e-01
3.591836734693877320e-01 5.921568627450980449e-01
3.591836734693877320e-01 8.549019607843136859e-01
3.591836734693877320e-01 8.941176470588235725e-01
3.591836734693877320e-01 8.980392156862745390e-01
3.591836734693877320e-01 9.764705882352940902e-01
3.632653061224490054e-01 4.196078431372549100e-01
3.632653061224490054e-01 5.921568627450980449e-01
3.632653061224490054e-01 8.549019607843136859e-01
3.632653061224490054e-01 8.941176470588235725e-01
3.632653061224490054e-01 9.803921568627450567e-01
3.632653061224490054e-01 9.921568627450980671e-01
3.632653061224490054e-01 9.960784313725490335e-01
3.673469387755102233e-01 4.196078431372549100e-01
3.673469387755102233e-01 5.960784313725490113e-01
3.673469387755102233e-01 8.549019607843136859e-01
3.673469387755102233e-01 8.901960784313724950e-01
3.673469387755102233e-01 9.764705882352940902e-01
3.673469387755102233e-01 9.803921568627450567e-01
3.673469387755102233e-01 9.843137254901960231e-01
3.673469387755102233e-01 9.882352941176471006e-01
3.714285714285714413e-01 4.196078431372549100e-01
3.714285714285714413e-01 5.960784313725490113e-01
3.714285714285714413e-01 8.549019607843136859e-01
3.714285714285714413e-01 8.901960784313724950e-01
3.714285714285714413e-01 9.764705882352940902e-01
3.755102040816326592e-01 4.196078431372549100e-01
3.755102040816326592e-01 5.960784313725490113e-01
3.755102040816326592e-01 8.549019607843136859e-01
3.755102040816326592e-01 8.862745098039215286e-01
3.755102040816326592e-01 9.725490196078431238e-01
3.795918367346938771e-01 4.196078431372549100e-01
3.795918367346938771e-01 5.921568627450980449e-01
3.795918367346938771e-01 8.549019607843136859e-01
3.795918367346938771e-01 8.823529411764705621e-01
3.795918367346938771e-01 9.686274509803921573e-01
3.836734693877550950e-01 4.196078431372549100e-01
3.836734693877550950e-01 5.921568627450980449e-01
3.836734693877550950e-01 8.549019607843136859e-01
3.836734693877550950e-01 8.705882352941176627e-01
3.836734693877550950e-01 8.745098039215686292e-01
3.836734693877550950e-01 8.784313725490195957e-01
3.836734693877550950e-01 9.686274509803921573e-01
3.877551020408163129e-01 4.196078431372549100e-01
3.877551020408163129e-01 5.921568627450980449e-01
3.877551020408163129e-01 8.588235294117646523e-01
3.877551020408163129e-01 8.627450980392157298e-01
3.877551020408163129e-01 8.666666666666666963e-01
3.877551020408163129e-01 9.647058823529411908e-01
3.918367346938775309e-01 4.196078431372549100e-01
3.918367346938775309e-01 5.921568627450980449e-01
3.918367346938775309e-01 8.588235294117646523e-01
3.918367346938775309e-01 9.607843137254902244e-01
3.959183673469387488e-01 4.196078431372549100e-01
3.959183673469387488e-01 5.921568627450980449e-01
3.959183673469387488e-01 8.588235294117646523e-01
3.959183673469387488e-01 9.568627450980392579e-01
4.000000000000000222e-01 4.196078431372549100e-01
4.000000000000000222e-01 5.921568627450980449e-01
4.000000000000000222e-01 8.588235294117646523e-01
4.000000000000000222e-01 9.529411764705881804e-01
4.040816326530612401e-01 4.196078431372549100e-01
4.040816326530612401e-01 5.921568627450980449e-01
4.040816326530612401e-01 8.588235294117646523e-01
4.040816326530612401e-01 9.529411764705881804e-01
4.081632653061224580e-01 4.156862745098039436e-01
4.081632653061224580e-01 5.921568627450980449e-01
4.081632653061224580e-01 6.392156862745097534e-01
4.081632653061224580e-01 8.588235294117646523e-01
4.081632653061224580e-01 9.490196078431372140e-01
4.122448979591836760e-01 4.156862745098039436e-01
4.122448979591836760e-01 5.960784313725490113e-01
4.122448979591836760e-01 6.313725490196078205e-01
4.122448979591836760e-01 6.352941176470587870e-01
4.122448979591836760e-01 8.588235294117646523e-01
4.122448979591836760e-01 9.450980392156862475e-01
4.163265306122448939e-01 4.156862745098039436e-01
4.163265306122448939e-01 5.960784313725490113e-01
4.163265306122448939e-01 6.274509803921568540e-01
4.163265306122448939e-01 8.588235294117646523e-01
4.163265306122448939e-01 9.411764705882352811e-01
4.204081632653061118e-01 4.156862745098039436e-01
4.204081632653061118e-01 5.960784313725490113e-01
4.204081632653061118e-01 5.999999999999999778e-01
4.204081632653061118e-01 6.039215686274509443e-01
4.204081632653061118e-01 6.078431372549019107e-01
4.204081632653061118e-01 6.117647058823529882e-01
4.204081632653061118e-01 6.156862745098039547e-01
4.204081632653061118e-01 6.196078431372549211e-01
4.204081632653061118e-01 6.235294117647058876e-01
4.204081632653061118e-01 8.588235294117646523e-01
4.204081632653061118e-01 9.372549019607843146e-01
4.244897959183673297e-01 4.156862745098039436e-01
4.244897959183673297e-01 5.960784313725490113e-01
4.244897959183673297e-01 8.588235294117646523e-01
4.244897959183673297e-01 9.333333333333333481e-01
4.285714285714285476e-01 4.156862745098039436e-01
4.285714285714285476e-01 5.960784313725490113e-01
4.285714285714285476e-01 8.588235294117646523e-01
4.285714285714285476e-01 9.333333333333333481e-01
4.326530612244898211e-01 4.156862745098039436e-01
4.326530612244898211e-01 5.960784313725490113e-01
4.326530612244898211e-01 8.588235294117646523e-01
4.326530612244898211e-01 9.294117647058823817e-01
4.367346938775510390e-01 4.156862745098039436e-01
4.367346938775510390e-01 5.921568627450980449e-01
4.367346938775510390e-01 8.549019607843136859e-01
4.367346938775510390e-01 9.254901960784314152e-01
4.408163265306122569e-01 4.156862745098039436e-01
4.408163265306122569e-01 5.921568627450980449e-01
4.408163265306122569e-01 8.549019607843136859e-01
4.408163265306122569e-01 9.254901960784314152e-01
4.448979591836734748e-01 4.156862745098039436e-01
4.448979591836734748e-01 5.882352941176470784e-01
4.448979591836734748e-01 8.549019607843136859e-01
4.448979591836734748e-01 9.215686274509803377e-01
4.489795918367346927e-01 4.156862745098039436e-01
4.489795918367346927e-01 5.882352941176470784e-01
4.489795918367346927e-01 8.549019607843136859e-01
4.489795918367346927e-01 9.176470588235293713e-01
4.530612244897959107e-01 4.156862745098039436e-01
4.530612244897959107e-01 5.882352941176470784e-01
4.530612244897959107e-01 8.549019607843136859e-01
4.530612244897959107e-01 9.098039215686274384e-01
4.530612244897959107e-01 9.137254901960784048e-01
4.571428571428571286e-01 2.039215686274509776e-01
4.571428571428571286e-01 4.156862745098039436e-01
4.571428571428571286e-01 5.882352941176470784e-01
4.571428571428571286e-01 8.549019607843136859e-01
4.571428571428571286e-01 9.019607843137255054e-01
4.571428571428571286e-01 9.058823529411764719e-01
4.612244897959183465e-01 2.039215686274509776e-01
4.612244897959183465e-01 4.156862745098039436e-01
4.612244897959183465e-01 5.882352941176470784e-01
4.612244897959183465e-01 8.549019607843136859e-01
4.612244897959183465e-01 8.980392156862745390e-01
4.653061224489795644e-01 2.039215686274509776e-01
4.653061224489795644e-01 4.196078431372549100e-01
4.653061224489795644e-01 4.627450980392157076e-01
4.653061224489795644e-01 5.882352941176470784e-01
4.653061224489795644e-01 8.549019607843136859e-01
4.653061224489795644e-01 8.941176470588235725e-01
4.693877551020408379e-01 2.039215686274509776e-01
4.693877551020408379e-01 4.196078431372549100e-01
4.693877551020408379e-01 4.627450980392157076e-01
4.693877551020408379e-01 5.882352941176470784e-01
4.693877551020408379e-01 8.549019607843136859e-01
4.693877551020408379e-01 8.901960784313724950e-01
4.734693877551020558e-01 2.039215686274509776e-01
4.734693877551020558e-01 4.196078431372549100e-01
4.734693877551020558e-01 4.588235294117646856e-01
4.734693877551020558e-01 5.882352941176470784e-01
4.734693877551020558e-01 6.784313725490196401e-01
4.734693877551020558e-01 6.823529411764706065e-01
4.734693877551020558e-01 6.862745098039215730e-01
4.734693877551020558e-01 6.901960784313725394e-01
4.734693877551020558e-01 6.941176470588235059e-01
4.734693877551020558e-01 6.980392156862744724e-01
4.734693877551020558e-01 7.019607843137254388e-01
4.734693877551020558e-01 7.058823529411765163e-01
4.734693877551020558e-01 7.098039215686274828e-01
4.734693877551020558e-01 7.137254901960784492e-01
4.734693877551020558e-01 7.176470588235294157e-01
4.734693877551020558e-01 7.215686274509803821e-01
4.734693877551020558e-01 8.588235294117646523e-01
4.734693877551020558e-01 8.901960784313724950e-01
4.775510204081632737e-01 2.039215686274509776e-01
4.775510204081632737e-01 4.196078431372549100e-01
4.775510204081632737e-01 4.588235294117646856e-01
4.775510204081632737e-01 5.882352941176470784e-01
4.775510204081632737e-01 6.666666666666666297e-01
4.775510204081632737e-01 6.705882352941175961e-01
4.775510204081632737e-01 6.745098039215686736e-01
4.775510204081632737e-01 8.588235294117646523e-01
4.775510204081632737e-01 8.862745098039215286e-01
4.816326530612244916e-01 2.039215686274509776e-01
4.816326530612244916e-01 4.235294117647058765e-01
4.816326530612244916e-01 4.549019607843137192e-01
4.816326530612244916e-01 5.882352941176470784e-01
4.816326530612244916e-01 6.509803921568627638e-01
4.816326530612244916e-01 6.549019607843137303e-01
4.816326530612244916e-01 6.588235294117646967e-01
4.816326530612244916e-01 6.627450980392156632e-01
4.816326530612244916e-01 8.588235294117646523e-01
4.816326530612244916e-01 8.862745098039215286e-01
4.857142857142857095e-01 2.039215686274509776e-01
4.857142857142857095e-01 4.235294117647058765e-01
4.857142857142857095e-01 5.882352941176470784e-01
4.857142857142857095e-01 6.392156862745097534e-01
4.857142857142857095e-01 6.431372549019608309e-01
4.857142857142857095e-01 6.470588235294117974e-01
4.857142857142857095e-01 8.588235294117646523e-01
4.857142857142857095e-01 8.862745098039215286e-01
4.897959183673469274e-01 2.039215686274509776e-01
4.897959183673469274e-01 4.235294117647058765e-01
4.897959183673469274e-01 5.882352941176470784e-01
4.897959183673469274e-01 6.313725490196078205e-01
4.897959183673469274e-01 6.352941176470587870e-01
4.897959183673469274e-01 8.627450980392157298e-01
4.897959183673469274e-01 8.784313725490195957e-01
4.897959183673469274e-01 8.823529411764705621e-01
4.938775510204081454e-01 2.078431372549019718e-01
4.938775510204081454e-01 4.235294117647058765e-01
4.938775510204081454e-01 5.921568627450980449e-01
4.938775510204081454e-01 6.196078431372549211e-01
4.938775510204081454e-01 6.235294117647058876e-01
4.938775510204081454e-01 6.274509803921568540e-01
4.938775510204081454e-01 8.666666666666666963e-01
4.938775510204081454e-01 8.705882352941176627e-01
4.938775510204081454e-01 8.745098039215686292e-01
4.979591836734693633e-01 0.000000000000000000e+00
4.979591836734693633e-01 2.078431372549019718e-01
4.979591836734693633e-01 2.117647058823529382e-01
4.979591836734693633e-01 4.274509803921568429e-01
4.979591836734693633e-01 5.921568627450980449e-01
4.979591836734693633e-01 5.960784313725490113e-01
4.979591836734693633e-01 5.999999999999999778e-01
4.979591836734693633e-01 6.039215686274509443e-01
4.979591836734693633e-01 6.078431372549019107e-01
4.979591836734693633e-01 6.117647058823529882e-01
4.979591836734693633e-01 6.156862745098039547e-01
4.979591836734693633e-01 8.705882352941176627e-01
5.020408163265306367e-01 0.000000000000000000e+00
5.020408163265306367e-01 2.039215686274509776e-01
5.020408163265306367e-01 2.156862745098039325e-01
5.020408163265306367e-01 4.235294117647058765e-01
5.020408163265306367e-01 5.921568627450980449e-01
5.020408163265306367e-01 8.705882352941176627e-01
5.061224489795917991e-01 0.000000000000000000e+00
5.061224489795917991e-01 1.960784313725490169e-01
5.061224489795917991e-01 2.000000000000000111e-01
5.061224489795917991e-01 2.156862745098039325e-01
5.061224489795917991e-01 4.235294117647058765e-01
5.061224489795917991e-01 5.921568627450980449e-01
5.061224489795917991e-01 8.705882352941176627e-01
5.102040816326530726e-01 0.000000000000000000e+00
5.102040816326530726e-01 1.921568627450980504e-01
5.102040816326530726e-01 2.156862745098039325e-01
5.102040816326530726e-01 4.235294117647058765e-01
5.102040816326530726e-01 5.882352941176470784e-01
5.102040816326530726e-01 8.666666666666666963e-01
5.142857142857142350e-01 3.921568627450980338e-03
5.142857142857142350e-01 1.921568627450980504e-01
5.142857142857142350e-01 2.156862745098039325e-01
5.142857142857142350e-01 4.235294117647058765e-01
5.142857142857142350e-01 5.882352941176470784e-01
5.142857142857142350e-01 8.666666666666666963e-01
5.183673469387755084e-01 3.921568627450980338e-03
5.183673469387755084e-01 1.921568627450980504e-01
5.183673469387755084e-01 2.156862745098039325e-01
5.183673469387755084e-01 4.235294117647058765e-01
5.183673469387755084e-01 5.882352941176470784e-01
5.183673469387755084e-01 8.666666666666666963e-01
5.224489795918367818e-01 7.843137254901960675e-03
5.224489795918367818e-01 1.921568627450980504e-01
5.224489795918367818e-01 2.156862745098039325e-01
5.224489795918367818e-01 4.235294117647058765e-01
5.224489795918367818e-01 5.882352941176470784e-01
5.224489795918367818e-01 8.666666666666666963e-01
5.265306122448979442e-01 1.176470588235294101e-02
5.265306122448979442e-01 1.568627450980392135e-02
5.265306122448979442e-01 1.960784313725490169e-02
5.265306122448979442e-01 2.352941176470588203e-02
5.265306122448979442e-01 2.745098039215686236e-02
5.265306122448979442e-01 3.137254901960784270e-02
5.265306122448979442e-01 3.529411764705882304e-02
5.265306122448979442e-01 6.274509803921568540e-02
5.265306122448979442e-01 6.666666666666666574e-02
5.265306122448979442e-01 7.058823529411764608e-02
5.265306122448979442e-01 7.450980392156862642e-02
5.265306122448979442e-01 7.843137254901960675e-02
5.265306122448979442e-01 8.235294117647058709e-02
5.265306122448979442e-01 8.627450980392156743e-02
5.265306122448979442e-01 9.019607843137254777e-02
5.265306122448979442e-01 9.411764705882352811e-02
5.265306122448979442e-01 9.803921568627450844e-02
5.265306122448979442e-01 1.019607843137254888e-01
5.265306122448979442e-01 1.921568627450980504e-01
5.265306122448979442e-01 2.156862745098039325e-01
5.265306122448979442e-01 4.235294117647058765e-01
5.265306122448979442e-01 5.882352941176470784e-01
5.265306122448979442e-01 8.666666666666666963e-01
5.306122448979592177e-01 3.921568627450980338e-02
5.306122448979592177e-01 4.313725490196078372e-02
5.306122448979592177e-01 4.705882352941176405e-02
5.306122448979592177e-01 5.098039215686274439e-02
5.306122448979592177e-01 5.490196078431372473e-02
5.306122448979592177e-01 5.882352941176470507e-02
5.306122448979592177e-01 1.058823529411764691e-01
5.306122448979592177e-01 1.098039215686274495e-01
5.306122448979592177e-01 1.137254901960784298e-01
5.306122448979592177e-01 1.176470588235294101e-01
5.306122448979592177e-01 1.529411764705882470e-01
5.306122448979592177e-01 1.568627450980392135e-01
5.306122448979592177e-01 1.607843137254902077e-01
5.306122448979592177e-01 1.647058823529411742e-01
5.306122448979592177e-01 1.686274509803921684e-01
5.306122448979592177e-01 1.725490196078431349e-01
5.306122448979592177e-01 1.764705882352941291e-01
5.306122448979592177e-01 1.803921568627450955e-01
5.306122448979592177e-01 1.843137254901960898e-01
5.306122448979592177e-01 1.882352941176470562e-01
5.306122448979592177e-01 1.921568627450980504e-01
5.306122448979592177e-01 1.960784313725490169e-01
5.306122448979592177e-01 2.000000000000000111e-01
5.306122448979592177e-01 2.039215686274509776e-01
5.306122448979592177e-01 2.078431372549019718e-01
5.306122448979592177e-01 2.117647058823529382e-01
5.306122448979592177e-01 2.156862745098039325e-01
5.306122448979592177e-01 4.196078431372549100e-01
5.306122448979592177e-01 5.882352941176470784e-01
5.306122448979592177e-01 8.666666666666666963e-01
5.346938775510203801e-01 1.215686274509803905e-01
5.346938775510203801e-01 1.254901960784313708e-01
5.346938775510203801e-01 1.294117647058823650e-01
5.346938775510203801e-01 1.333333333333333315e-01
5.346938775510203801e-01 1.372549019607843257e-01
5.346938775510203801e-01 1.411764705882352922e-01
5.346938775510203801e-01 1.450980392156862864e-01
5.346938775510203801e-01 1.490196078431372528e-01
5.346938775510203801e-01 2.196078431372548989e-01
5.346938775510203801e-01 2.235294117647058931e-01
5.346938775510203801e-01 2.274509803921568596e-01
5.346938775510203801e-01 4.196078431372549100e-01
5.346938775510203801e-01 5.882352941176470784e-01
5.346938775510203801e-01 8.666666666666666963e-01
5.387755102040816535e-01 2.313725490196078538e-01
5.387755102040816535e-01 2.352941176470588203e-01
5.387755102040816535e-01 2.392156862745098145e-01
5.387755102040816535e-01 2.431372549019607809e-01
5.387755102040816535e-01 2.470588235294117752e-01
5.387755102040816535e-01 2.509803921568627416e-01
5.387755102040816535e-01 2.549019607843137081e-01
5.387755102040816535e-01 2.588235294117647300e-01
5.387755102040816535e-01 3.803921568627450789e-01
5.387755102040816535e-01 3.843137254901961009e-01
5.387755102040816535e-01 3.882352941176470673e-01
5.387755102040816535e-01 3.921568627450980338e-01
5.387755102040816535e-01 3.960784313725490002e-01
5.387755102040816535e-01 4.000000000000000222e-01
5.387755102040816535e-01 4.039215686274509887e-01
5.387755102040816535e-01 4.078431372549019551e-01
5.387755102040816535e-01 4.117647058823529216e-01
5.387755102040816535e-01 4.156862745098039436e-01
5.387755102040816535e-01 4.196078431372549100e-01
5.387755102040816535e-01 4.235294117647058765e-01
5.387755102040816535e-01 5.882352941176470784e-01
5.387755102040816535e-01 5.921568627450980449e-01
5.387755102040816535e-01 5.960784313725490113e-01
5.387755102040816535e-01 5.999999999999999778e-01
5.387755102040816535e-01 6.039215686274509443e-01
5.387755102040816535e-01 6.078431372549019107e-01
5.387755102040816535e-01 6.117647058823529882e-01
5.387755102040816535e-01 6.156862745098039547e-01
5.387755102040816535e-01 6.196078431372549211e-01
5.387755102040816535e-01 6.235294117647058876e-01
5.387755102040816535e-01 6.274509803921568540e-01
5.387755102040816535e-01 6.313725490196078205e-01
5.387755102040816535e-01 6.352941176470587870e-01
5.387755102040816535e-01 6.392156862745097534e-01
5.387755102040816535e-01 6.431372549019608309e-01
5.387755102040816535e-01 6.470588235294117974e-01
5.387755102040816535e-01 6.509803921568627638e-01
5.387755102040816535e-01 8.666666666666666963e-01
5.428571428571428159e-01 2.627450980392156965e-01
5.428571428571428159e-01 2.666666666666666630e-01
5.428571428571428159e-01 2.705882352941176294e-01
5.428571428571428159e-01 2.745098039215686514e-01
5.428571428571428159e-01 2.784313725490196179e-01
5.428571428571428159e-01 2.823529411764705843e-01
5.428571428571428159e-01 2.862745098039215508e-01
5.428571428571428159e-01 2.901960784313725727e-01
5.428571428571428159e-01 2.941176470588235392e-01
5.428571428571428159e-01 2.980392156862745057e-01
5.428571428571428159e-01 3.019607843137254721e-01
5.428571428571428159e-01 3.058823529411764941e-01
5.428571428571428159e-01 3.098039215686274606e-01
5.428571428571428159e-01 3.137254901960784270e-01
5.428571428571428159e-01 3.176470588235293935e-01
5.428571428571428159e-01 3.215686274509804154e-01
5.428571428571428159e-01 3.254901960784313819e-01
5.428571428571428159e-01 3.294117647058823484e-01
5.428571428571428159e-01 3.333333333333333148e-01
5.428571428571428159e-01 3.372549019607843368e-01
5.428571428571428159e-01 3.411764705882353033e-01
5.428571428571428159e-01 3.450980392156862697e-01
5.428571428571428159e-01 3.490196078431372362e-01
5.428571428571428159e-01 3.529411764705882582e-01
5.428571428571428159e-01 3.568627450980392246e-01
5.428571428571428159e-01 3.607843137254901911e-01
5.428571428571428159e-01 3.647058823529411575e-01
5.428571428571428159e-01 3.686274509803921795e-01
5.428571428571428159e-01 3.725490196078431460e-01
5.428571428571428159e-01 3.764705882352941124e-01
5.428571428571428159e-01 4.274509803921568429e-01
5.428571428571428159e-01 4.313725490196078649e-01
5.428571428571428159e-01 4.352941176470588314e-01
5.428571428571428159e-01 4.392156862745097978e-01
5.428571428571428159e-01 4.431372549019607643e-01
5.428571428571428159e-01 4.470588235294117863e-01
5.428571428571428159e-01 4.509803921568627527e-01
5.428571428571428159e-01 4.549019607843137192e-01
5.428571428571428159e-01 4.588235294117646856e-01
5.428571428571428159e-01 4.627450980392157076e-01
5.428571428571428159e-01 4.666666666666666741e-01
5.428571428571428159e-01 4.705882352941176405e-01
5.428571428571428159e-01 4.745098039215686070e-01
5.428571428571428159e-01 4.784313725490196290e-01
5.428571428571428159e-01 4.823529411764705954e-01
5.428571428571428159e-01 4.862745098039215619e-01
5.428571428571428159e-01 4.901960784313725283e-01
5.428571428571428159e-01 4.941176470588235503e-01
5.428571428571428159e-01 4.980392156862745168e-01
5.428571428571428159e-01 5.019607843137254832e-01
5.428571428571428159e-01 5.058823529411764497e-01
5.428571428571428159e-01 5.098039215686274161e-01
5.428571428571428159e-01 5.882352941176470784e-01
5.428571428571428159e-01 6.549019607843137303e-01
5.428571428571428159e-01 6.588235294117646967e-01
5.428571428571428159e-01 6.627450980392156632e-01
5.428571428571428159e-01 6.666666666666666297e-01
5.428571428571428159e-01 6.705882352941175961e-01
5.428571428571428159e-01 6.745098039215686736e-01
5.428571428571428159e-01 6.784313725490196401e-01
5.428571428571428159e-01 6.823529411764706065e-01
5.428571428571428159e-01 6.862745098039215730e-01
5.428571428571428159e-01 6.901960784313725394e-01
5.428571428571428159e-01 6.941176470588235059e-01
5.428571428571428159e-01 6.980392156862744724e-01
5.428571428571428159e-01 7.019607843137254388e-01
5.428571428571428159e-01 7.058823529411765163e-01
5.428571428571428159e-01 7.098039215686274828e-01
5.428571428571428159e-01 7.137254901960784492e-01
5.428571428571428159e-01 7.176470588235294157e-01
5.428571428571428159e-01 7.215686274509803821e-01
5.428571428571428159e-01 7.254901960784313486e-01
5.428571428571428159e-01 7.333333333333332815e-01
5.428571428571428159e-01 7.372549019607843590e-01
5.428571428571428159e-01 7.411764705882353255e-01
5.428571428571428159e-01 7.450980392156862919e-01
5.428571428571428159e-01 7.490196078431372584e-01
5.428571428571428159e-01 7.529411764705882248e-01
5.428571428571428159e-01 7.568627450980391913e-01
5.428571428571428159e-01 7.607843137254901578e-01
5.428571428571428159e-01 7.647058823529411242e-01
5.428571428571428159e-01 7.686274509803922017e-01
5.428571428571428159e-01 7.725490196078431682e-01
5.428571428571428159e-01 7.764705882352941346e-01
5.428571428571428159e-01 7.803921568627451011e-01
5.428571428571428159e-01 7.843137254901960675e-01
5.428571428571428159e-01 7.882352941176470340e-01
5.428571428571428159e-01 7.921568627450980005e-01
5.428571428571428159e-01 7.960784313725489669e-01
5.428571428571428159e-01 8.000000000000000444e-01
5.428571428571428159e-01 8.666666666666666963e-01
5.469387755102040893e-01 3.490196078431372362e-01
5.469387755102040893e-01 5.137254901960783826e-01
5.469387755102040893e-01 5.176470588235294601e-01
5.469387755102040893e-01 5.215686274509804266e-01
5.469387755102040893e-01 5.254901960784313930e-01
5.469387755102040893e-01 5.294117647058823595e-01
5.469387755102040893e-01 5.333333333333333259e-01
5.469387755102040893e-01 5.372549019607842924e-01
5.469387755102040893e-01 5.411764705882352589e-01
5.469387755102040893e-01 5.450980392156862253e-01
5.469387755102040893e-01 5.490196078431373028e-01
5.469387755102040893e-01 5.529411764705882693e-01
5.469387755102040893e-01 5.843137254901961120e-01
5.469387755102040893e-01 7.294117647058823151e-01
5.469387755102040893e-01 8.039215686274510109e-01
5.469387755102040893e-01 8.078431372549019773e-01
5.469387755102040893e-01 8.117647058823529438e-01
5.469387755102040893e-01 8.156862745098039102e-01
5.469387755102040893e-01 8.196078431372548767e-01
5.469387755102040893e-01 8.235294117647058432e-01
5.469387755102040893e-01 8.274509803921568096e-01
5.469387755102040893e-01 8.313725490196078871e-01
5.469387755102040893e-01 8.352941176470588536e-01
5.469387755102040893e-01 8.392156862745098200e-01
5.469387755102040893e-01 8.431372549019607865e-01
5.469387755102040893e-01 8.470588235294117530e-01
5.469387755102040893e-01 8.509803921568627194e-01
5.469387755102040893e-01 8.549019607843136859e-01
5.469387755102040893e-01 8.588235294117646523e-01
5.469387755102040893e-01 8.627450980392157298e-01
5.469387755102040893e-01 8.666666666666666963e-01
5.469387755102040893e-01 8.705882352941176627e-01
5.469387755102040893e-01 9.490196078431372140e-01
5.469387755102040893e-01 9.529411764705881804e-01
5.469387755102040893e-01 9.568627450980392579e-01
5.469387755102040893e-01 9.607843137254902244e-01
5.469387755102040893e-01 9.647058823529411908e-01
5.469387755102040893e-01 9.686274509803921573e-01
5.469387755102040893e-01 9.725490196078431238e-01
5.469387755102040893e-01 9.764705882352940902e-01
5.510204081632652517e-01 3.490196078431372362e-01
5.510204081632652517e-01 5.568627450980392357e-01
5.510204081632652517e-01 5.607843137254902022e-01
5.510204081632652517e-01 5.647058823529411686e-01
5.510204081632652517e-01 5.686274509803921351e-01
5.510204081632652517e-01 5.725490196078431016e-01
5.510204081632652517e-01 5.764705882352940680e-01
5.510204081632652517e-01 5.803921568627451455e-01
5.510204081632652517e-01 5.843137254901961120e-01
5.510204081632652517e-01 7.254901960784313486e-01
5.510204081632652517e-01 8.745098039215686292e-01
5.510204081632652517e-01 8.784313725490195957e-01
5.510204081632652517e-01 9.058823529411764719e-01
5.510204081632652517e-01 9.098039215686274384e-01
5.510204081632652517e-01 9.137254901960784048e-01
5.510204081632652517e-01 9.176470588235293713e-01
5.510204081632652517e-01 9.215686274509803377e-01
5.510204081632652517e-01 9.254901960784314152e-01
5.510204081632652517e-01 9.294117647058823817e-01
5.510204081632652517e-01 9.333333333333333481e-01
5.510204081632652517e-01 9.372549019607843146e-01
5.510204081632652517e-01 9.411764705882352811e-01
5.510204081632652517e-01 9.450980392156862475e-01
5.510204081632652517e-01 9.803921568627450567e-01
5.510204081632652517e-01 9.843137254901960231e-01
5.551020408163265252e-01 3.490196078431372362e-01
5.551020408163265252e-01 5.843137254901961120e-01
5.551020408163265252e-01 7.254901960784313486e-01
5.551020408163265252e-01 8.823529411764705621e-01
5.551020408163265252e-01 8.862745098039215286e-01
5.551020408163265252e-01 8.901960784313724950e-01
5.551020408163265252e-01 8.941176470588235725e-01
5.551020408163265252e-01 8.980392156862745390e-01
5.551020408163265252e-01 9.019607843137255054e-01
5.551020408163265252e-01 9.882352941176471006e-01
5.551020408163265252e-01 9.921568627450980671e-01
5.551020408163265252e-01 9.960784313725490335e-01
5.591836734693877986e-01 3.490196078431372362e-01
5.591836734693877986e-01 5.843137254901961120e-01
5.591836734693877986e-01 7.254901960784313486e-01
5.591836734693877986e-01 8.823529411764705621e-01
5.591836734693877986e-01 1.000000000000000000e+00
5.632653061224489610e-01 3.490196078431372362e-01
5.632653061224489610e-01 5.843137254901961120e-01
5.632653061224489610e-01 7.254901960784313486e-01
5.632653061224489610e-01 8.823529411764705621e-01
5.673469387755102344e-01 3.490196078431372362e-01
5.673469387755102344e-01 5.843137254901961120e-01
5.673469387755102344e-01 7.254901960784313486e-01
5.673469387755102344e-01 8.823529411764705621e-01
5.714285714285713969e-01 3.490196078431372362e-01
5.714285714285713969e-01 5.843137254901961120e-01
5.714285714285713969e-01 7.254901960784313486e-01
5.714285714285713969e-01 8.784313725490195957e-01
5.755102040816326703e-01 3.490196078431372362e-01
5.755102040816326703e-01 5.843137254901961120e-01
5.755102040816326703e-01 7.294117647058823151e-01
5.755102040816326703e-01 8.784313725490195957e-01
5.795918367346938327e-01 3.490196078431372362e-01
5.795918367346938327e-01 5.843137254901961120e-01
5.795918367346938327e-01 5.882352941176470784e-01
5.795918367346938327e-01 5.921568627450980449e-01
5.795918367346938327e-01 5.960784313725490113e-01
5.795918367346938327e-01 7.294117647058823151e-01
5.795918367346938327e-01 8.784313725490195957e-01
5.836734693877551061e-01 3.490196078431372362e-01
5.836734693877551061e-01 5.843137254901961120e-01
5.836734693877551061e-01 5.999999999999999778e-01
5.836734693877551061e-01 6.039215686274509443e-01
5.836734693877551061e-01 6.078431372549019107e-01
5.836734693877551061e-01 6.117647058823529882e-01
5.836734693877551061e-01 7.294117647058823151e-01
5.836734693877551061e-01 8.745098039215686292e-01
5.877551020408163795e-01 3.490196078431372362e-01
5.877551020408163795e-01 5.843137254901961120e-01
5.877551020408163795e-01 6.156862745098039547e-01
5.877551020408163795e-01 6.196078431372549211e-01
5.877551020408163795e-01 7.294117647058823151e-01
5.877551020408163795e-01 8.745098039215686292e-01
5.918367346938775420e-01 3.490196078431372362e-01
5.918367346938775420e-01 5.843137254901961120e-01
5.918367346938775420e-01 6.235294117647058876e-01
5.918367346938775420e-01 7.294117647058823151e-01
5.918367346938775420e-01 8.705882352941176627e-01
5.959183673469388154e-01 3.529411764705882582e-01
5.959183673469388154e-01 5.843137254901961120e-01
5.959183673469388154e-01 6.274509803921568540e-01
5.959183673469388154e-01 7.333333333333332815e-01
5.959183673469388154e-01 8.705882352941176627e-01
5.999999999999999778e-01 3.490196078431372362e-01
5.999999999999999778e-01 3.529411764705882582e-01
5.999999999999999778e-01 3.568627450980392246e-01
5.999999999999999778e-01 3.607843137254901911e-01
5.999999999999999778e-01 3.647058823529411575e-01
5.999999999999999778e-01 3.686274509803921795e-01
5.999999999999999778e-01 3.725490196078431460e-01
5.999999999999999778e-01 3.764705882352941124e-01
5.999999999999999778e-01 3.803921568627450789e-01
5.999999999999999778e-01 3.843137254901961009e-01
5.999999999999999778e-01 5.843137254901961120e-01
5.999999999999999778e-01 6.313725490196078205e-01
5.999999999999999778e-01 7.333333333333332815e-01
5.999999999999999778e-01 7.372549019607843590e-01
5.999999999999999778e-01 8.666666666666666963e-01
6.040816326530612512e-01 3.490196078431372362e-01
6.040816326530612512e-01 3.882352941176470673e-01
6.040816326530612512e-01 3.921568627450980338e-01
6.040816326530612512e-01 5.803921568627451455e-01
6.040816326530612512e-01 6.352941176470587870e-01
6.040816326530612512e-01 6.392156862745097534e-01
6.040816326530612512e-01 7.294117647058823151e-01
6.040816326530612512e-01 7.411764705882353255e-01
6.040816326530612512e-01 7.450980392156862919e-01
6.040816326530612512e-01 7.490196078431372584e-01
6.040816326530612512e-01 7.529411764705882248e-01
6.040816326530612512e-01 8.666666666666666963e-01
6.081632653061224136e-01 3.490196078431372362e-01
6.081632653061224136e-01 3.960784313725490002e-01
6.081632653061224136e-01 4.000000000000000222e-01
6.081632653061224136e-01 4.039215686274509887e-01
6.081632653061224136e-01 5.803921568627451455e-01
6.081632653061224136e-01 6.431372549019608309e-01
6.081632653061224136e-01 7.294117647058823151e-01
6.081632653061224136e-01 7.568627450980391913e-01
6.081632653061224136e-01 8.627450980392157298e-01
6.122448979591836871e-01 3.490196078431372362e-01
6.122448979591836871e-01 4.078431372549019551e-01
6.122448979591836871e-01 4.117647058823529216e-01
6.122448979591836871e-01 5.764705882352940680e-01
6.122448979591836871e-01 6.470588235294117974e-01
6.122448979591836871e-01 6.509803921568627638e-01
6.122448979591836871e-01 7.294117647058823151e-01
6.122448979591836871e-01 7.607843137254901578e-01
6.122448979591836871e-01 7.647058823529411242e-01
6.122448979591836871e-01 8.627450980392157298e-01
6.163265306122448495e-01 3.490196078431372362e-01
6.163265306122448495e-01 4.156862745098039436e-01
6.163265306122448495e-01 5.764705882352940680e-01
6.163265306122448495e-01 6.549019607843137303e-01
6.163265306122448495e-01 7.294117647058823151e-01
6.163265306122448495e-01 7.686274509803922017e-01
6.163265306122448495e-01 8.627450980392157298e-01
6.204081632653061229e-01 3.490196078431372362e-01
6.204081632653061229e-01 5.764705882352940680e-01
6.204081632653061229e-01 6.588235294117646967e-01
6.204081632653061229e-01 7.294117647058823151e-01
6.204081632653061229e-01 7.725490196078431682e-01
6.204081632653061229e-01 7.764705882352941346e-01
6.204081632653061229e-01 8.627450980392157298e-01
6.244897959183673963e-01 3.450980392156862697e-01
6.244897959183673963e-01 5.764705882352940680e-01
6.244897959183673963e-01 6.627450980392156632e-01
6.244897959183673963e-01 7.254901960784313486e-01
6.244897959183673963e-01 7.803921568627451011e-01
6.244897959183673963e-01 8.588235294117646523e-01
6.285714285714285587e-01 3.450980392156862697e-01
6.285714285714285587e-01 5.725490196078431016e-01
6.285714285714285587e-01 6.666666666666666297e-01
6.285714285714285587e-01 7.215686274509803821e-01
6.285714285714285587e-01 7.843137254901960675e-01
6.285714285714285587e-01 8.588235294117646523e-01
6.326530612244898322e-01 3.450980392156862697e-01
6.326530612244898322e-01 5.725490196078431016e-01
6.326530612244898322e-01 6.705882352941175961e-01
6.326530612244898322e-01 6.745098039215686736e-01
6.326530612244898322e-01 6.901960784313725394e-01
6.326530612244898322e-01 6.941176470588235059e-01
6.326530612244898322e-01 6.980392156862744724e-01
6.326530612244898322e-01 7.019607843137254388e-01
6.326530612244898322e-01 7.058823529411765163e-01
6.326530612244898322e-01 7.098039215686274828e-01
6.326530612244898322e-01 7.137254901960784492e-01
6.326530612244898322e-01 7.176470588235294157e-01
6.326530612244898322e-01 7.215686274509803821e-01
6.326530612244898322e-01 7.882352941176470340e-01
6.326530612244898322e-01 8.509803921568627194e-01
6.326530612244898322e-01 8.549019607843136859e-01
6.326530612244898322e-01 8.627450980392157298e-01
6.367346938775509946e-01 3.450980392156862697e-01
6.367346938775509946e-01 5.725490196078431016e-01
6.367346938775509946e-01 6.784313725490196401e-01
6.367346938775509946e-01 6.823529411764706065e-01
6.367346938775509946e-01 6.862745098039215730e-01
6.367346938775509946e-01 7.215686274509803821e-01
6.367346938775509946e-01 7.921568627450980005e-01
6.367346938775509946e-01 7.960784313725489669e-01
6.367346938775509946e-01 8.470588235294117530e-01
6.367346938775509946e-01 8.666666666666666963e-01
6.408163265306122680e-01 3.450980392156862697e-01
6.408163265306122680e-01 5.686274509803921351e-01
6.408163265306122680e-01 7.215686274509803821e-01
6.408163265306122680e-01 8.000000000000000444e-01
6.408163265306122680e-01 8.431372549019607865e-01
6.408163265306122680e-01 8.705882352941176627e-01
6.448979591836734304e-01 3.450980392156862697e-01
6.448979591836734304e-01 5.686274509803921351e-01
6.448979591836734304e-01 7.215686274509803821e-01
6.448979591836734304e-01 8.039215686274510109e-01
6.448979591836734304e-01 8.078431372549019773e-01
6.448979591836734304e-01 8.392156862745098200e-01
6.448979591836734304e-01 8.705882352941176627e-01
6.489795918367347038e-01 3.450980392156862697e-01
6.489795918367347038e-01 5.490196078431373028e-01
6.489795918367347038e-01 5.529411764705882693e-01
6.489795918367347038e-01 5.568627450980392357e-01
6.489795918367347038e-01 5.607843137254902022e-01
6.489795918367347038e-01 5.647058823529411686e-01
6.489795918367347038e-01 5.686274509803921351e-01
6.489795918367347038e-01 7.215686274509803821e-01
6.489795918367347038e-01 8.117647058823529438e-01
6.489795918367347038e-01 8.156862745098039102e-01
6.489795918367347038e-01 8.196078431372548767e-01
6.489795918367347038e-01 8.235294117647058432e-01
6.489795918367347038e-01 8.313725490196078871e-01
6.489795918367347038e-01 8.352941176470588536e-01
6.489795918367347038e-01 8.745098039215686292e-01
6.530612244897958663e-01 3.450980392156862697e-01
6.530612244897958663e-01 5.372549019607842924e-01
6.530612244897958663e-01 5.411764705882352589e-01
6.530612244897958663e-01 5.450980392156862253e-01
6.530612244897958663e-01 5.725490196078431016e-01
6.530612244897958663e-01 6.392156862745097534e-01
6.530612244897958663e-01 7.254901960784313486e-01
6.530612244897958663e-01 8.274509803921568096e-01
6.530612244897958663e-01 8.745098039215686292e-01
6.571428571428571397e-01 3.490196078431372362e-01
6.571428571428571397e-01 5.333333333333333259e-01
6.571428571428571397e-01 5.725490196078431016e-01
6.571428571428571397e-01 7.254901960784313486e-01
6.571428571428571397e-01 8.274509803921568096e-01
6.571428571428571397e-01 8.745098039215686292e-01
6.612244897959184131e-01 3.490196078431372362e-01
6.612244897959184131e-01 5.725490196078431016e-01
6.612244897959184131e-01 7.254901960784313486e-01
6.612244897959184131e-01 8.313725490196078871e-01
6.612244897959184131e-01 8.745098039215686292e-01
6.653061224489795755e-01 3.490196078431372362e-01
6.653061224489795755e-01 5.725490196078431016e-01
6.653061224489795755e-01 7.254901960784313486e-01
6.653061224489795755e-01 8.745098039215686292e-01
6.693877551020408490e-01 3.490196078431372362e-01
6.693877551020408490e-01 5.764705882352940680e-01
6.693877551020408490e-01 7.254901960784313486e-01
6.693877551020408490e-01 8.745098039215686292e-01
6.734693877551020114e-01 3.529411764705882582e-01
6.734693877551020114e-01 5.764705882352940680e-01
6.734693877551020114e-01 7.215686274509803821e-01
6.734693877551020114e-01 8.745098039215686292e-01
6.775510204081632848e-01 3.529411764705882582e-01
6.775510204081632848e-01 5.764705882352940680e-01
6.775510204081632848e-01 7.215686274509803821e-01
6.775510204081632848e-01 8.745098039215686292e-01
6.816326530612244472e-01 3.529411764705882582e-01
6.816326530612244472e-01 5.764705882352940680e-01
6.816326530612244472e-01 7.215686274509803821e-01
6.816326530612244472e-01 8.745098039215686292e-01
6.857142857142857206e-01 3.529411764705882582e-01
6.857142857142857206e-01 5.764705882352940680e-01
6.857142857142857206e-01 7.215686274509803821e-01
6.857142857142857206e-01 8.745098039215686292e-01
6.897959183673469941e-01 3.529411764705882582e-01
6.897959183673469941e-01 5.764705882352940680e-01
6.897959183673469941e-01 7.215686274509803821e-01
6.897959183673469941e-01 8.745098039215686292e-01
6.938775510204081565e-01 3.529411764705882582e-01
6.938775510204081565e-01 5.764705882352940680e-01
6.938775510204081565e-01 7.215686274509803821e-01
6.938775510204081565e-01 8.745098039215686292e-01
6.979591836734694299e-01 3.529411764705882582e-01
6.979591836734694299e-01 5.764705882352940680e-01
6.979591836734694299e-01 7.215686274509803821e-01
6.979591836734694299e-01 8.745098039215686292e-01
7.020408163265305923e-01 3.529411764705882582e-01
7.020408163265305923e-01 5.764705882352940680e-01
7.020408163265305923e-01 7.215686274509803821e-01
7.020408163265305923e-01 8.745098039215686292e-01
7.061224489795918657e-01 3.490196078431372362e-01
7.061224489795918657e-01 5.764705882352940680e-01
7.061224489795918657e-01 7.215686274509803821e-01
7.061224489795918657e-01 8.784313725490195957e-01
7.102040816326530281e-01 3.490196078431372362e-01
7.102040816326530281e-01 5.764705882352940680e-01
7.102040816326530281e-01 7.215686274509803821e-01
7.102040816326530281e-01 8.784313725490195957e-01
7.142857142857143016e-01 3.490196078431372362e-01
7.142857142857143016e-01 5.764705882352940680e-01
7.142857142857143016e-01 7.215686274509803821e-01
7.142857142857143016e-01 8.784313725490195957e-01
7.183673469387754640e-01 3.490196078431372362e-01
7.183673469387754640e-01 5.764705882352940680e-01
7.183673469387754640e-01 7.215686274509803821e-01
7.183673469387754640e-01 8.784313725490195957e-01
7.224489795918367374e-01 3.450980392156862697e-01
7.224489795918367374e-01 5.764705882352940680e-01
7.224489795918367374e-01 7.215686274509803821e-01
7.224489795918367374e-01 8.784313725490195957e-01
7.265306122448980108e-01 3.450980392156862697e-01
7.265306122448980108e-01 5.764705882352940680e-01
7.265306122448980108e-01 7.176470588235294157e-01
7.265306122448980108e-01 8.784313725490195957e-01
7.306122448979591733e-01 3.450980392156862697e-01
7.306122448979591733e-01 5.764705882352940680e-01
7.306122448979591733e-01 7.176470588235294157e-01
7.306122448979591733e-01 8.784313725490195957e-01
7.346938775510204467e-01 3.450980392156862697e-01
7.346938775510204467e-01 5.725490196078431016e-01
7.346938775510204467e-01 7.176470588235294157e-01
7.346938775510204467e-01 8.784313725490195957e-01
7.387755102040816091e-01 3.450980392156862697e-01
7.387755102040816091e-01 5.725490196078431016e-01
7.387755102040816091e-01 7.176470588235294157e-01
7.387755102040816091e-01 8.784313725490195957e-01
7.428571428571428825e-01 3.411764705882353033e-01
7.428571428571428825e-01 5.725490196078431016e-01
7.428571428571428825e-01 7.176470588235294157e-01
7.428571428571428825e-01 8.784313725490195957e-01
7.469387755102040449e-01 3.411764705882353033e-01
7.469387755102040449e-01 5.725490196078431016e-01
7.469387755102040449e-01 7.176470588235294157e-01
7.469387755102040449e-01 8.784313725490195957e-01
7.510204081632653184e-01 3.411764705882353033e-01
7.510204081632653184e-01 5.725490196078431016e-01
7.510204081632653184e-01 7.176470588235294157e-01
7.510204081632653184e-01 8.745098039215686292e-01
7.551020408163264808e-01 3.411764705882353033e-01
7.551020408163264808e-01 5.725490196078431016e-01
7.551020408163264808e-01 7.176470588235294157e-01
7.551020408163264808e-01 8.745098039215686292e-01
7.591836734693877542e-01 3.411764705882353033e-01
7.591836734693877542e-01 5.725490196078431016e-01
7.591836734693877542e-01 7.176470588235294157e-01
7.591836734693877542e-01 8.745098039215686292e-01
7.632653061224490276e-01 3.372549019607843368e-01
7.632653061224490276e-01 5.725490196078431016e-01
7.632653061224490276e-01 7.137254901960784492e-01
7.632653061224490276e-01 8.745098039215686292e-01
7.673469387755101900e-01 3.372549019607843368e-01
7.673469387755101900e-01 5.725490196078431016e-01
7.673469387755101900e-01 7.137254901960784492e-01
7.673469387755101900e-01 8.745098039215686292e-01
7.714285714285714635e-01 3.372549019607843368e-01
7.714285714285714635e-01 5.725490196078431016e-01
7.714285714285714635e-01 7.137254901960784492e-01
7.714285714285714635e-01 8.705882352941176627e-01
7.755102040816326259e-01 3.372549019607843368e-01
7.755102040816326259e-01 5.725490196078431016e-01
7.755102040816326259e-01 7.137254901960784492e-01
7.755102040816326259e-01 8.705882352941176627e-01
7.795918367346938993e-01 3.372549019607843368e-01
7.795918367346938993e-01 5.764705882352940680e-01
7.795918367346938993e-01 7.098039215686274828e-01
7.795918367346938993e-01 8.705882352941176627e-01
7.836734693877550617e-01 3.372549019607843368e-01
7.836734693877550617e-01 5.764705882352940680e-01
7.836734693877550617e-01 7.098039215686274828e-01
7.836734693877550617e-01 8.705882352941176627e-01
7.877551020408163351e-01 3.372549019607843368e-01
7.877551020408163351e-01 5.764705882352940680e-01
7.877551020408163351e-01 7.098039215686274828e-01
7.877551020408163351e-01 8.666666666666666963e-01
7.918367346938774975e-01 3.372549019607843368e-01
7.918367346938774975e-01 5.764705882352940680e-01
7.918367346938774975e-01 7.058823529411765163e-01
7.918367346938774975e-01 8.666666666666666963e-01
7.959183673469387710e-01 3.372549019607843368e-01
7.959183673469387710e-01 5.764705882352940680e-01
7.959183673469387710e-01 7.058823529411765163e-01
7.959183673469387710e-01 8.666666666666666963e-01
8.000000000000000444e-01 3.372549019607843368e-01
8.000000000000000444e-01 5.803921568627451455e-01
8.000000000000000444e-01 7.058823529411765163e-01
8.000000000000000444e-01 8.666666666666666963e-01
8.040816326530612068e-01 3.372549019607843368e-01
8.040816326530612068e-01 5.803921568627451455e-01
8.040816326530612068e-01 7.058823529411765163e-01
8.040816326530612068e-01 8.666666666666666963e-01
8.081632653061224802e-01 3.372549019607843368e-01
8.081632653061224802e-01 5.803921568627451455e-01
8.081632653061224802e-01 7.058823529411765163e-01
8.081632653061224802e-01 8.666666666666666963e-01
8.122448979591836427e-01 3.372549019607843368e-01
8.122448979591836427e-01 5.803921568627451455e-01
8.122448979591836427e-01 7.058823529411765163e-01
8.122448979591836427e-01 8.666666666666666963e-01
8.163265306122449161e-01 3.372549019607843368e-01
8.163265306122449161e-01 5.764705882352940680e-01
8.163265306122449161e-01 7.058823529411765163e-01
8.163265306122449161e-01 8.666666666666666963e-01
8.204081632653060785e-01 3.411764705882353033e-01
8.204081632653060785e-01 5.764705882352940680e-01
8.204081632653060785e-01 7.058823529411765163e-01
8.204081632653060785e-01 8.666666666666666963e-01
8.244897959183673519e-01 3.411764705882353033e-01
8.244897959183673519e-01 5.764705882352940680e-01
8.244897959183673519e-01 7.058823529411765163e-01
8.244897959183673519e-01 8.666666666666666963e-01
8.285714285714286254e-01 3.411764705882353033e-01
8.285714285714286254e-01 5.764705882352940680e-01
8.285714285714286254e-01 7.058823529411765163e-01
8.285714285714286254e-01 8.666666666666666963e-01
8.326530612244897878e-01 3.411764705882353033e-01
8.326530612244897878e-01 5.764705882352940680e-01
8.326530612244897878e-01 7.058823529411765163e-01
8.326530612244897878e-01 8.705882352941176627e-01
8.367346938775510612e-01 3.411764705882353033e-01
8.367346938775510612e-01 5.725490196078431016e-01
8.367346938775510612e-01 7.058823529411765163e-01
8.367346938775510612e-01 8.705882352941176627e-01
8.408163265306122236e-01 3.411764705882353033e-01
8.408163265306122236e-01 5.725490196078431016e-01
8.408163265306122236e-01 7.058823529411765163e-01
8.408163265306122236e-01 8.705882352941176627e-01
8.448979591836734970e-01 3.372549019607843368e-01
8.448979591836734970e-01 5.725490196078431016e-01
8.448979591836734970e-01 7.058823529411765163e-01
8.448979591836734970e-01 8.705882352941176627e-01
8.489795918367346594e-01 3.372549019607843368e-01
8.489795918367346594e-01 5.725490196078431016e-01
8.489795918367346594e-01 7.019607843137254388e-01
8.489795918367346594e-01 8.705882352941176627e-01
8.530612244897959329e-01 3.333333333333333148e-01
8.530612244897959329e-01 5.725490196078431016e-01
8.530612244897959329e-01 7.019607843137254388e-01
8.530612244897959329e-01 8.705882352941176627e-01
8.571428571428570953e-01 5.725490196078431016e-01
8.571428571428570953e-01 7.019607843137254388e-01
8.571428571428570953e-01 8.745098039215686292e-01
8.612244897959183687e-01 5.725490196078431016e-01
8.612244897959183687e-01 7.019607843137254388e-01
8.653061224489796421e-01 5.725490196078431016e-01
8.653061224489796421e-01 7.019607843137254388e-01
8.693877551020408045e-01 5.725490196078431016e-01
8.693877551020408045e-01 7.019607843137254388e-01
8.734693877551020780e-01 5.725490196078431016e-01
8.734693877551020780e-01 7.019607843137254388e-01
8.775510204081632404e-01 5.686274509803921351e-01
8.775510204081632404e-01 7.019607843137254388e-01
8.816326530612245138e-01 5.686274509803921351e-01
8.816326530612245138e-01 7.019607843137254388e-01
8.857142857142856762e-01 5.686274509803921351e-01
8.857142857142856762e-01 7.019607843137254388e-01
8.897959183673469497e-01 5.647058823529411686e-01
8.897959183673469497e-01 7.019607843137254388e-01
8.938775510204081121e-01 5.647058823529411686e-01
8.938775510204081121e-01 7.019607843137254388e-01
8.979591836734693855e-01 5.607843137254902022e-01
8.979591836734693855e-01 7.019607843137254388e-01
9.020408163265306589e-01 5.607843137254902022e-01
9.020408163265306589e-01 7.019607843137254388e-01
9.061224489795918213e-01 5.607843137254902022e-01
9.061224489795918213e-01 7.019607843137254388e-01
9.102040816326530948e-01 5.568627450980392357e-01
9.102040816326530948e-01 7.019607843137254388e-01
9.142857142857142572e-01 5.568627450980392357e-01
9.142857142857142572e-01 7.019607843137254388e-01
9.183673469387755306e-01 5.568627450980392357e-01
9.183673469387755306e-01 7.019607843137254388e-01
9.224489795918366930e-01 5.568627450980392357e-01
9.224489795918366930e-01 7.019607843137254388e-01
9.265306122448979664e-01 5.568627450980392357e-01
9.265306122448979664e-01 7.019607843137254388e-01
9.306122448979591288e-01 5.607843137254902022e-01
9.306122448979591288e-01 7.019607843137254388e-01
9.346938775510204023e-01 5.607843137254902022e-01
9.346938775510204023e-01 6.980392156862744724e-01
9.387755102040816757e-01 5.607843137254902022e-01
9.387755102040816757e-01 6.980392156862744724e-01
9.428571428571428381e-01 5.607843137254902022e-01
9.428571428571428381e-01 6.980392156862744724e-01
9.469387755102041115e-01 5.607843137254902022e-01
9.469387755102041115e-01 6.980392156862744724e-01
9.510204081632652739e-01 5.607843137254902022e-01
9.510204081632652739e-01 6.980392156862744724e-01
9.551020408163265474e-01 5.607843137254902022e-01
9.551020408163265474e-01 6.980392156862744724e-01
9.591836734693877098e-01 5.607843137254902022e-01
9.591836734693877098e-01 6.941176470588235059e-01
9.632653061224489832e-01 5.607843137254902022e-01
9.632653061224489832e-01 6.941176470588235059e-01
9.673469387755102566e-01 5.607843137254902022e-01
9.673469387755102566e-01 6.941176470588235059e-01
9.714285714285714191e-01 5.607843137254902022e-01
9.714285714285714191e-01 6.941176470588235059e-01
9.755102040816326925e-01 5.607843137254902022e-01
9.755102040816326925e-01 6.941176470588235059e-01
9.795918367346938549e-01 5.607843137254902022e-01
9.795918367346938549e-01 6.941176470588235059e-01
9.836734693877551283e-01 5.607843137254902022e-01
9.836734693877551283e-01 6.941176470588235059e-01
9.877551020408162907e-01 5.568627450980392357e-01
9.877551020408162907e-01 6.901960784313725394e-01
9.918367346938775642e-01 5.568627450980392357e-01
9.918367346938775642e-01 6.901960784313725394e-01
9.959183673469387266e-01 5.568627450980392357e-01
9.959183673469387266e-01 6.862745098039215730e-01
1.000000000000000000e+00 5.529411764705882693e-01
1.000000000000000000e+00 6.862745098039215730e-01
