0.000000000000000000e+00 5.421686746987951500e-01
0.000000000000000000e+00 5.461847389558233123e-01
0.000000000000000000e+00 5.502008032128513637e-01
0.000000000000000000e+00 5.542168674698795261e-01
0.000000000000000000e+00 5.742971887550201160e-01
0.000000000000000000e+00 5.783132530120481674e-01
0.000000000000000000e+00 5.823293172690763297e-01
0.000000000000000000e+00 5.863453815261043811e-01
0.000000000000000000e+00 5.903614457831325435e-01
0.000000000000000000e+00 6.987951807228915957e-01
0.000000000000000000e+00 7.028112449799196471e-01
0.000000000000000000e+00 7.510040160642570406e-01
0.000000000000000000e+00 7.550200803212850920e-01
0.000000000000000000e+00 7.590361445783132543e-01
0.000000000000000000e+00 7.630522088353414167e-01
3.937007874015747977e-03 5.582329317269075775e-01
3.937007874015747977e-03 5.702811244979919536e-01
3.937007874015747977e-03 7.068273092369478094e-01
3.937007874015747977e-03 7.429718875502008268e-01
3.937007874015747977e-03 7.469879518072288782e-01
7.874015748031495954e-03 5.622489959839357399e-01
7.874015748031495954e-03 5.662650602409639022e-01
7.874015748031495954e-03 7.108433734939758608e-01
7.874015748031495954e-03 7.148594377510040232e-01
7.874015748031495954e-03 7.188755020080320746e-01
7.874015748031495954e-03 7.228915662650602370e-01
7.874015748031495954e-03 7.269076305220883993e-01
7.874015748031495954e-03 7.309236947791164507e-01
7.874015748031495954e-03 7.349397590361446131e-01
7.874015748031495954e-03 7.389558232931726645e-01
1.181102362204724393e-02 5.622489959839357399e-01
1.181102362204724393e-02 7.269076305220883993e-01
1.574803149606299191e-02 5.622489959839357399e-01
1.574803149606299191e-02 7.269076305220883993e-01
1.968503937007873988e-02 5.622489959839357399e-01
1.968503937007873988e-02 7.269076305220883993e-01
2.362204724409448786e-02 5.622489959839357399e-01
2.362204724409448786e-02 7.269076305220883993e-01
2.755905511811023584e-02 5.622489959839357399e-01
2.755905511811023584e-02 7.269076305220883993e-01
3.149606299212598381e-02 5.662650602409639022e-01
3.149606299212598381e-02 7.269076305220883993e-01
3.543307086614173179e-02 5.662650602409639022e-01
3.543307086614173179e-02 7.269076305220883993e-01
3.937007874015747977e-02 5.702811244979919536e-01
3.937007874015747977e-02 7.309236947791164507e-01
4.330708661417322775e-02 5.702811244979919536e-01
4.330708661417322775e-02 7.309236947791164507e-01
4.724409448818897572e-02 5.742971887550201160e-01
4.724409448818897572e-02 7.309236947791164507e-01
5.118110236220472370e-02 5.742971887550201160e-01
5.118110236220472370e-02 7.309236947791164507e-01
5.511811023622047168e-02 5.742971887550201160e-01
5.511811023622047168e-02 7.309236947791164507e-01
5.905511811023621965e-02 5.742971887550201160e-01
5.905511811023621965e-02 7.309236947791164507e-01
6.299212598425196763e-02 5.783132530120481674e-01
6.299212598425196763e-02 7.309236947791164507e-01
6.692913385826772255e-02 5.783132530120481674e-01
6.692913385826772255e-02 7.309236947791164507e-01
7.086614173228346358e-02 5.783132530120481674e-01
7.086614173228346358e-02 7.309236947791164507e-01
7.480314960629921850e-02 5.823293172690763297e-01
7.480314960629921850e-02 7.309236947791164507e-01
7.874015748031495954e-02 5.823293172690763297e-01
7.874015748031495954e-02 7.349397590361446131e-01
8.267716535433071445e-02 5.823293172690763297e-01
8.267716535433071445e-02 7.349397590361446131e-01
8.661417322834645549e-02 5.863453815261043811e-01
8.661417322834645549e-02 7.389558232931726645e-01
9.055118110236221041e-02 5.863453815261043811e-01
9.055118110236221041e-02 7.389558232931726645e-01
9.448818897637795144e-02 5.863453815261043811e-01
9.448818897637795144e-02 7.389558232931726645e-01
9.842519685039370636e-02 5.903614457831325435e-01
9.842519685039370636e-02 7.389558232931726645e-01
1.023622047244094474e-01 5.903614457831325435e-01
1.023622047244094474e-01 7.389558232931726645e-01
1.062992125984252023e-01 5.943775100401605949e-01
1.062992125984252023e-01 7.429718875502008268e-01
1.102362204724409434e-01 5.943775100401605949e-01
1.102362204724409434e-01 7.429718875502008268e-01
1.141732283464566983e-01 5.983935742971887572e-01
1.141732283464566983e-01 7.429718875502008268e-01
1.181102362204724393e-01 5.983935742971887572e-01
1.181102362204724393e-01 7.469879518072288782e-01
1.220472440944881942e-01 6.024096385542169196e-01
1.220472440944881942e-01 7.469879518072288782e-01
1.259842519685039353e-01 6.024096385542169196e-01
1.259842519685039353e-01 7.469879518072288782e-01
1.299212598425196763e-01 6.024096385542169196e-01
1.299212598425196763e-01 7.469879518072288782e-01
1.338582677165354451e-01 6.064257028112449710e-01
1.338582677165354451e-01 7.469879518072288782e-01
1.377952755905511861e-01 6.064257028112449710e-01
1.377952755905511861e-01 7.469879518072288782e-01
1.417322834645669272e-01 6.064257028112449710e-01
1.417322834645669272e-01 7.510040160642570406e-01
1.456692913385826682e-01 6.064257028112449710e-01
1.456692913385826682e-01 7.510040160642570406e-01
1.496062992125984370e-01 6.064257028112449710e-01
1.496062992125984370e-01 7.510040160642570406e-01
1.535433070866141780e-01 6.064257028112449710e-01
1.535433070866141780e-01 7.550200803212850920e-01
1.574803149606299191e-01 6.064257028112449710e-01
1.574803149606299191e-01 7.550200803212850920e-01
1.614173228346456601e-01 6.064257028112449710e-01
1.614173228346456601e-01 7.590361445783132543e-01
1.653543307086614289e-01 6.104417670682731334e-01
1.653543307086614289e-01 7.590361445783132543e-01
1.692913385826771699e-01 6.104417670682731334e-01
1.692913385826771699e-01 7.630522088353414167e-01
1.732283464566929110e-01 6.104417670682731334e-01
1.732283464566929110e-01 7.630522088353414167e-01
1.771653543307086520e-01 6.144578313253011848e-01
1.771653543307086520e-01 7.670682730923694681e-01
1.811023622047244208e-01 6.144578313253011848e-01
1.811023622047244208e-01 7.710843373493976305e-01
1.850393700787401619e-01 6.144578313253011848e-01
1.850393700787401619e-01 7.710843373493976305e-01
1.889763779527559029e-01 3.293172690763052080e-01
1.889763779527559029e-01 6.144578313253011848e-01
1.889763779527559029e-01 7.751004016064256819e-01
1.929133858267716439e-01 3.293172690763052080e-01
1.929133858267716439e-01 6.144578313253011848e-01
1.929133858267716439e-01 7.751004016064256819e-01
1.968503937007874127e-01 3.333333333333333148e-01
1.968503937007874127e-01 6.144578313253011848e-01
1.968503937007874127e-01 7.791164658634538442e-01
2.007874015748031538e-01 3.333333333333333148e-01
2.007874015748031538e-01 6.144578313253011848e-01
2.007874015748031538e-01 7.831325301204818956e-01
2.047244094488188948e-01 3.333333333333333148e-01
2.047244094488188948e-01 6.144578313253011848e-01
2.047244094488188948e-01 7.871485943775100580e-01
2.086614173228346358e-01 3.333333333333333148e-01
2.086614173228346358e-01 6.144578313253011848e-01
2.086614173228346358e-01 7.871485943775100580e-01
2.125984251968504046e-01 3.333333333333333148e-01
2.125984251968504046e-01 6.144578313253011848e-01
2.125984251968504046e-01 7.911646586345381094e-01
2.165354330708661457e-01 3.333333333333333148e-01
2.165354330708661457e-01 6.144578313253011848e-01
2.165354330708661457e-01 7.911646586345381094e-01
2.204724409448818867e-01 3.293172690763052080e-01
2.204724409448818867e-01 6.144578313253011848e-01
2.204724409448818867e-01 7.911646586345381094e-01
2.244094488188976277e-01 3.293172690763052080e-01
2.244094488188976277e-01 6.184738955823293471e-01
2.244094488188976277e-01 7.911646586345381094e-01
2.283464566929133965e-01 3.293172690763052080e-01
2.283464566929133965e-01 6.224899598393573985e-01
2.283464566929133965e-01 7.911646586345381094e-01
2.322834645669291376e-01 3.293172690763052080e-01
2.322834645669291376e-01 6.224899598393573985e-01
2.322834645669291376e-01 7.911646586345381094e-01
2.362204724409448786e-01 3.293172690763052080e-01
2.362204724409448786e-01 6.224899598393573985e-01
2.362204724409448786e-01 6.666666666666666297e-01
2.362204724409448786e-01 7.951807228915662717e-01
2.401574803149606196e-01 3.293172690763052080e-01
2.401574803149606196e-01 6.224899598393573985e-01
2.401574803149606196e-01 6.666666666666666297e-01
2.401574803149606196e-01 7.951807228915662717e-01
2.440944881889763884e-01 3.293172690763052080e-01
2.440944881889763884e-01 6.224899598393573985e-01
2.440944881889763884e-01 6.706827309236947920e-01
2.440944881889763884e-01 7.951807228915662717e-01
2.480314960629921295e-01 3.293172690763052080e-01
2.480314960629921295e-01 6.224899598393573985e-01
2.480314960629921295e-01 6.706827309236947920e-01
2.480314960629921295e-01 7.951807228915662717e-01
2.519685039370078705e-01 3.293172690763052080e-01
2.519685039370078705e-01 6.265060240963855609e-01
2.519685039370078705e-01 6.706827309236947920e-01
2.519685039370078705e-01 7.991967871485943231e-01
2.559055118110236116e-01 3.293172690763052080e-01
2.559055118110236116e-01 6.265060240963855609e-01
2.559055118110236116e-01 6.706827309236947920e-01
2.559055118110236116e-01 7.991967871485943231e-01
2.598425196850393526e-01 3.293172690763052080e-01
2.598425196850393526e-01 6.265060240963855609e-01
2.598425196850393526e-01 6.706827309236947920e-01
2.598425196850393526e-01 7.991967871485943231e-01
2.637795275590550936e-01 3.293172690763052080e-01
2.637795275590550936e-01 6.305220883534136123e-01
2.637795275590550936e-01 6.666666666666666297e-01
2.637795275590550936e-01 7.991967871485943231e-01
2.677165354330708902e-01 3.293172690763052080e-01
2.677165354330708902e-01 6.305220883534136123e-01
2.677165354330708902e-01 6.666666666666666297e-01
2.677165354330708902e-01 8.032128514056224855e-01
2.716535433070866312e-01 3.293172690763052080e-01
2.716535433070866312e-01 6.305220883534136123e-01
2.716535433070866312e-01 6.666666666666666297e-01
2.716535433070866312e-01 8.032128514056224855e-01
2.755905511811023723e-01 3.293172690763052080e-01
2.755905511811023723e-01 6.305220883534136123e-01
2.755905511811023723e-01 6.666666666666666297e-01
2.755905511811023723e-01 8.032128514056224855e-01
2.795275590551181133e-01 3.293172690763052080e-01
2.795275590551181133e-01 6.305220883534136123e-01
2.795275590551181133e-01 6.666666666666666297e-01
2.795275590551181133e-01 8.032128514056224855e-01
2.834645669291338543e-01 3.293172690763052080e-01
2.834645669291338543e-01 6.305220883534136123e-01
2.834645669291338543e-01 6.626506024096385783e-01
2.834645669291338543e-01 7.510040160642570406e-01
2.834645669291338543e-01 7.550200803212850920e-01
2.834645669291338543e-01 7.590361445783132543e-01
2.834645669291338543e-01 7.630522088353414167e-01
2.834645669291338543e-01 7.670682730923694681e-01
2.834645669291338543e-01 7.710843373493976305e-01
2.834645669291338543e-01 7.751004016064256819e-01
2.834645669291338543e-01 7.791164658634538442e-01
2.834645669291338543e-01 7.831325301204818956e-01
2.834645669291338543e-01 7.871485943775100580e-01
2.834645669291338543e-01 7.911646586345381094e-01
2.834645669291338543e-01 7.951807228915662717e-01
2.834645669291338543e-01 7.991967871485943231e-01
2.834645669291338543e-01 8.032128514056224855e-01
2.874015748031495954e-01 3.293172690763052080e-01
2.874015748031495954e-01 6.305220883534136123e-01
2.874015748031495954e-01 6.626506024096385783e-01
2.874015748031495954e-01 7.469879518072288782e-01
2.874015748031495954e-01 8.072289156626506479e-01
2.913385826771653364e-01 3.293172690763052080e-01
2.913385826771653364e-01 6.345381526104417746e-01
2.913385826771653364e-01 6.586345381526104159e-01
2.913385826771653364e-01 7.349397590361446131e-01
2.913385826771653364e-01 7.389558232931726645e-01
2.913385826771653364e-01 7.429718875502008268e-01
2.913385826771653364e-01 8.072289156626506479e-01
2.952755905511810774e-01 3.293172690763052080e-01
2.952755905511810774e-01 6.345381526104417746e-01
2.952755905511810774e-01 6.586345381526104159e-01
2.952755905511810774e-01 8.072289156626506479e-01
2.992125984251968740e-01 3.293172690763052080e-01
2.992125984251968740e-01 6.385542168674698260e-01
2.992125984251968740e-01 6.546184738955823645e-01
2.992125984251968740e-01 8.112449799196786993e-01
3.031496062992126150e-01 3.293172690763052080e-01
3.031496062992126150e-01 6.425702811244979884e-01
3.031496062992126150e-01 6.506024096385542022e-01
3.031496062992126150e-01 8.112449799196786993e-01
3.070866141732283561e-01 3.293172690763052080e-01
3.070866141732283561e-01 6.465863453815261508e-01
3.070866141732283561e-01 8.152610441767068616e-01
3.110236220472440971e-01 3.293172690763052080e-01
3.110236220472440971e-01 6.425702811244979884e-01
3.110236220472440971e-01 8.152610441767068616e-01
3.110236220472440971e-01 9.076305220883533753e-01
3.110236220472440971e-01 9.116465863453815377e-01
3.110236220472440971e-01 9.156626506024095891e-01
3.149606299212598381e-01 3.293172690763052080e-01
3.149606299212598381e-01 6.425702811244979884e-01
3.149606299212598381e-01 8.192771084337349130e-01
3.149606299212598381e-01 9.036144578313253239e-01
3.188976377952755792e-01 3.293172690763052080e-01
3.188976377952755792e-01 6.425702811244979884e-01
3.188976377952755792e-01 8.192771084337349130e-01
3.188976377952755792e-01 8.995983935742971616e-01
3.228346456692913202e-01 3.293172690763052080e-01
3.228346456692913202e-01 6.425702811244979884e-01
3.228346456692913202e-01 7.148594377510040232e-01
3.228346456692913202e-01 8.192771084337349130e-01
3.228346456692913202e-01 8.915662650602409478e-01
3.228346456692913202e-01 8.955823293172691102e-01
3.267716535433070613e-01 3.293172690763052080e-01
3.267716535433070613e-01 6.465863453815261508e-01
3.267716535433070613e-01 7.108433734939758608e-01
3.267716535433070613e-01 8.232931726907630754e-01
3.267716535433070613e-01 8.875502008032128964e-01
3.307086614173228578e-01 3.293172690763052080e-01
3.307086614173228578e-01 6.465863453815261508e-01
3.307086614173228578e-01 7.068273092369478094e-01
3.307086614173228578e-01 8.232931726907630754e-01
3.307086614173228578e-01 8.835341365461847341e-01
3.346456692913385988e-01 3.293172690763052080e-01
3.346456692913385988e-01 6.465863453815261508e-01
3.346456692913385988e-01 7.028112449799196471e-01
3.346456692913385988e-01 8.232931726907630754e-01
3.346456692913385988e-01 8.795180722891565717e-01
3.385826771653543399e-01 3.293172690763052080e-01
3.385826771653543399e-01 6.465863453815261508e-01
3.385826771653543399e-01 6.987951807228915957e-01
3.385826771653543399e-01 8.273092369477911268e-01
3.385826771653543399e-01 8.795180722891565717e-01
3.425196850393700809e-01 3.293172690763052080e-01
3.425196850393700809e-01 6.465863453815261508e-01
3.425196850393700809e-01 6.987951807228915957e-01
3.425196850393700809e-01 8.273092369477911268e-01
3.425196850393700809e-01 8.755020080321285203e-01
3.464566929133858220e-01 3.293172690763052080e-01
3.464566929133858220e-01 6.506024096385542022e-01
3.464566929133858220e-01 6.947791164658634333e-01
3.464566929133858220e-01 8.273092369477911268e-01
3.464566929133858220e-01 8.755020080321285203e-01
3.503937007874015630e-01 3.293172690763052080e-01
3.503937007874015630e-01 6.506024096385542022e-01
3.503937007874015630e-01 6.947791164658634333e-01
3.503937007874015630e-01 8.273092369477911268e-01
3.503937007874015630e-01 8.755020080321285203e-01
3.503937007874015630e-01 9.277108433734939652e-01
3.503937007874015630e-01 9.317269076305221276e-01
3.543307086614173040e-01 3.293172690763052080e-01
3.543307086614173040e-01 6.506024096385542022e-01
3.543307086614173040e-01 6.907630522088353819e-01
3.543307086614173040e-01 8.273092369477911268e-01
3.543307086614173040e-01 8.714859437751003579e-01
3.543307086614173040e-01 9.196787148594377514e-01
3.543307086614173040e-01 9.236947791164659138e-01
3.582677165354330451e-01 3.293172690763052080e-01
3.582677165354330451e-01 6.506024096385542022e-01
3.582677165354330451e-01 6.907630522088353819e-01
3.582677165354330451e-01 8.273092369477911268e-01
3.582677165354330451e-01 8.714859437751003579e-01
3.582677165354330451e-01 9.116465863453815377e-01
3.582677165354330451e-01 9.156626506024095891e-01
3.622047244094488416e-01 3.253012048192771011e-01
3.622047244094488416e-01 6.506024096385542022e-01
3.622047244094488416e-01 6.867469879518072196e-01
3.622047244094488416e-01 8.273092369477911268e-01
3.622047244094488416e-01 8.714859437751003579e-01
3.622047244094488416e-01 9.036144578313253239e-01
3.622047244094488416e-01 9.076305220883533753e-01
3.661417322834645827e-01 3.253012048192771011e-01
3.661417322834645827e-01 6.506024096385542022e-01
3.661417322834645827e-01 6.827309236947791682e-01
3.661417322834645827e-01 8.313253012048192891e-01
3.661417322834645827e-01 8.634538152610441442e-01
3.661417322834645827e-01 8.674698795180723065e-01
3.661417322834645827e-01 8.714859437751003579e-01
3.661417322834645827e-01 8.795180722891565717e-01
3.661417322834645827e-01 8.835341365461847341e-01
3.661417322834645827e-01 8.875502008032128964e-01
3.661417322834645827e-01 8.915662650602409478e-01
3.661417322834645827e-01 8.955823293172691102e-01
3.661417322834645827e-01 8.995983935742971616e-01
3.700787401574803237e-01 3.253012048192771011e-01
3.700787401574803237e-01 6.546184738955823645e-01
3.700787401574803237e-01 6.827309236947791682e-01
3.700787401574803237e-01 8.353413654618473405e-01
3.700787401574803237e-01 8.393574297188755029e-01
3.700787401574803237e-01 8.433734939759036653e-01
3.700787401574803237e-01 8.473895582329317167e-01
3.700787401574803237e-01 8.514056224899598790e-01
3.700787401574803237e-01 8.554216867469879304e-01
3.700787401574803237e-01 8.594377510040160928e-01
3.700787401574803237e-01 8.714859437751003579e-01
3.700787401574803237e-01 8.755020080321285203e-01
3.740157480314960647e-01 3.253012048192771011e-01
3.740157480314960647e-01 6.586345381526104159e-01
3.740157480314960647e-01 6.746987951807228434e-01
3.740157480314960647e-01 6.787148594377510058e-01
3.740157480314960647e-01 8.353413654618473405e-01
3.740157480314960647e-01 8.714859437751003579e-01
3.779527559055118058e-01 3.253012048192771011e-01
3.779527559055118058e-01 6.626506024096385783e-01
3.779527559055118058e-01 6.666666666666666297e-01
3.779527559055118058e-01 6.706827309236947920e-01
3.779527559055118058e-01 8.353413654618473405e-01
3.779527559055118058e-01 8.714859437751003579e-01
3.818897637795275468e-01 3.172690763052208873e-01
3.818897637795275468e-01 3.212851405622489942e-01
3.818897637795275468e-01 6.586345381526104159e-01
3.818897637795275468e-01 8.353413654618473405e-01
3.818897637795275468e-01 8.714859437751003579e-01
3.858267716535432879e-01 6.586345381526104159e-01
3.858267716535432879e-01 8.353413654618473405e-01
3.858267716535432879e-01 8.674698795180723065e-01
3.897637795275590289e-01 6.586345381526104159e-01
3.897637795275590289e-01 8.353413654618473405e-01
3.897637795275590289e-01 8.674698795180723065e-01
3.897637795275590289e-01 9.437751004016063927e-01
3.897637795275590289e-01 9.477911646586345551e-01
3.937007874015748254e-01 6.586345381526104159e-01
3.937007874015748254e-01 8.353413654618473405e-01
3.937007874015748254e-01 8.674698795180723065e-01
3.937007874015748254e-01 9.518072289156626065e-01
3.937007874015748254e-01 9.558232931726907688e-01
3.976377952755905665e-01 6.586345381526104159e-01
3.976377952755905665e-01 8.353413654618473405e-01
3.976377952755905665e-01 8.634538152610441442e-01
4.015748031496063075e-01 3.975903614457831359e-01
4.015748031496063075e-01 4.016064257028112428e-01
4.015748031496063075e-01 5.783132530120481674e-01
4.015748031496063075e-01 6.586345381526104159e-01
4.015748031496063075e-01 8.393574297188755029e-01
4.015748031496063075e-01 8.473895582329317167e-01
4.015748031496063075e-01 8.514056224899598790e-01
4.015748031496063075e-01 8.554216867469879304e-01
4.015748031496063075e-01 8.594377510040160928e-01
4.055118110236220486e-01 3.935742971887550290e-01
4.055118110236220486e-01 5.823293172690763297e-01
4.055118110236220486e-01 5.863453815261043811e-01
4.055118110236220486e-01 6.586345381526104159e-01
4.055118110236220486e-01 8.433734939759036653e-01
4.094488188976377896e-01 3.895582329317269221e-01
4.094488188976377896e-01 5.903614457831325435e-01
4.094488188976377896e-01 6.586345381526104159e-01
4.094488188976377896e-01 8.433734939759036653e-01
4.133858267716535306e-01 3.855421686746988152e-01
4.133858267716535306e-01 5.943775100401605949e-01
4.133858267716535306e-01 6.586345381526104159e-01
4.133858267716535306e-01 8.433734939759036653e-01
4.173228346456692717e-01 3.815261044176707084e-01
4.173228346456692717e-01 5.983935742971887572e-01
4.173228346456692717e-01 6.586345381526104159e-01
4.173228346456692717e-01 8.433734939759036653e-01
4.212598425196850127e-01 3.734939759036144391e-01
4.212598425196850127e-01 3.775100401606425460e-01
4.212598425196850127e-01 6.024096385542169196e-01
4.212598425196850127e-01 6.586345381526104159e-01
4.212598425196850127e-01 8.433734939759036653e-01
4.251968503937008093e-01 3.654618473895582254e-01
4.251968503937008093e-01 3.694779116465863322e-01
4.251968503937008093e-01 6.064257028112449710e-01
4.251968503937008093e-01 6.586345381526104159e-01
4.251968503937008093e-01 8.433734939759036653e-01
4.291338582677165503e-01 3.614457831325301185e-01
4.291338582677165503e-01 6.104417670682731334e-01
4.291338582677165503e-01 6.465863453815261508e-01
4.291338582677165503e-01 6.506024096385542022e-01
4.291338582677165503e-01 6.546184738955823645e-01
4.291338582677165503e-01 6.586345381526104159e-01
4.291338582677165503e-01 8.433734939759036653e-01
4.330708661417322913e-01 3.574297188755020116e-01
4.330708661417322913e-01 6.144578313253011848e-01
4.330708661417322913e-01 6.184738955823293471e-01
4.330708661417322913e-01 6.224899598393573985e-01
4.330708661417322913e-01 6.265060240963855609e-01
4.330708661417322913e-01 6.345381526104417746e-01
4.330708661417322913e-01 6.385542168674698260e-01
4.330708661417322913e-01 6.425702811244979884e-01
4.330708661417322913e-01 6.626506024096385783e-01
4.330708661417322913e-01 8.433734939759036653e-01
4.330708661417322913e-01 9.397590361445783413e-01
4.330708661417322913e-01 9.437751004016063927e-01
4.330708661417322913e-01 9.477911646586345551e-01
4.330708661417322913e-01 9.518072289156626065e-01
4.330708661417322913e-01 1.000000000000000000e+00
4.370078740157480324e-01 3.534136546184739047e-01
4.370078740157480324e-01 6.305220883534136123e-01
4.370078740157480324e-01 6.666666666666666297e-01
4.370078740157480324e-01 8.433734939759036653e-01
4.370078740157480324e-01 9.357429718875501790e-01
4.370078740157480324e-01 9.959839357429718376e-01
4.409448818897637734e-01 3.493975903614457978e-01
4.409448818897637734e-01 6.706827309236947920e-01
4.409448818897637734e-01 8.273092369477911268e-01
4.409448818897637734e-01 8.313253012048192891e-01
4.409448818897637734e-01 8.353413654618473405e-01
4.409448818897637734e-01 8.393574297188755029e-01
4.409448818897637734e-01 8.433734939759036653e-01
4.409448818897637734e-01 8.473895582329317167e-01
4.409448818897637734e-01 9.156626506024095891e-01
4.409448818897637734e-01 9.317269076305221276e-01
4.409448818897637734e-01 9.959839357429718376e-01
4.448818897637795144e-01 3.453815261044176910e-01
4.448818897637795144e-01 6.746987951807228434e-01
4.448818897637795144e-01 8.514056224899598790e-01
4.448818897637795144e-01 8.995983935742971616e-01
4.448818897637795144e-01 9.036144578313253239e-01
4.448818897637795144e-01 9.076305220883533753e-01
4.448818897637795144e-01 9.116465863453815377e-01
4.448818897637795144e-01 9.196787148594377514e-01
4.448818897637795144e-01 9.236947791164659138e-01
4.448818897637795144e-01 9.277108433734939652e-01
4.448818897637795144e-01 9.959839357429718376e-01
4.488188976377952555e-01 3.453815261044176910e-01
4.488188976377952555e-01 6.746987951807228434e-01
4.488188976377952555e-01 8.514056224899598790e-01
4.488188976377952555e-01 8.554216867469879304e-01
4.488188976377952555e-01 8.594377510040160928e-01
4.488188976377952555e-01 8.634538152610441442e-01
4.488188976377952555e-01 8.674698795180723065e-01
4.488188976377952555e-01 8.714859437751003579e-01
4.488188976377952555e-01 8.755020080321285203e-01
4.488188976377952555e-01 8.795180722891565717e-01
4.488188976377952555e-01 8.835341365461847341e-01
4.488188976377952555e-01 8.875502008032128964e-01
4.488188976377952555e-01 8.915662650602409478e-01
4.488188976377952555e-01 8.955823293172691102e-01
4.488188976377952555e-01 9.317269076305221276e-01
4.488188976377952555e-01 9.919678714859437862e-01
4.527559055118109965e-01 3.413654618473895841e-01
4.527559055118109965e-01 6.746987951807228434e-01
4.527559055118109965e-01 8.514056224899598790e-01
4.527559055118109965e-01 9.357429718875501790e-01
4.527559055118109965e-01 9.919678714859437862e-01
4.566929133858267931e-01 3.413654618473895841e-01
4.566929133858267931e-01 6.746987951807228434e-01
4.566929133858267931e-01 6.787148594377510058e-01
4.566929133858267931e-01 6.827309236947791682e-01
4.566929133858267931e-01 6.867469879518072196e-01
4.566929133858267931e-01 6.907630522088353819e-01
4.566929133858267931e-01 6.947791164658634333e-01
4.566929133858267931e-01 8.473895582329317167e-01
4.566929133858267931e-01 9.397590361445783413e-01
4.566929133858267931e-01 9.437751004016063927e-01
4.566929133858267931e-01 9.477911646586345551e-01
4.566929133858267931e-01 9.518072289156626065e-01
4.566929133858267931e-01 9.558232931726907688e-01
4.566929133858267931e-01 9.598393574297188202e-01
4.566929133858267931e-01 9.638554216867469826e-01
4.566929133858267931e-01 9.678714859437751450e-01
4.566929133858267931e-01 9.718875502008031964e-01
4.566929133858267931e-01 9.759036144578313587e-01
4.566929133858267931e-01 9.799196787148594101e-01
4.566929133858267931e-01 9.839357429718875725e-01
4.566929133858267931e-01 9.879518072289156239e-01
4.606299212598425341e-01 3.413654618473895841e-01
4.606299212598425341e-01 6.586345381526104159e-01
4.606299212598425341e-01 6.626506024096385783e-01
4.606299212598425341e-01 6.666666666666666297e-01
4.606299212598425341e-01 6.706827309236947920e-01
4.606299212598425341e-01 6.987951807228915957e-01
4.606299212598425341e-01 7.028112449799196471e-01
4.606299212598425341e-01 7.068273092369478094e-01
4.606299212598425341e-01 7.108433734939758608e-01
4.606299212598425341e-01 8.353413654618473405e-01
4.606299212598425341e-01 8.393574297188755029e-01
4.606299212598425341e-01 8.433734939759036653e-01
4.606299212598425341e-01 8.473895582329317167e-01
4.645669291338582751e-01 3.373493975903614217e-01
4.645669291338582751e-01 3.413654618473895841e-01
4.645669291338582751e-01 3.453815261044176910e-01
4.645669291338582751e-01 3.493975903614457978e-01
4.645669291338582751e-01 3.734939759036144391e-01
4.645669291338582751e-01 4.658634538152610638e-01
4.645669291338582751e-01 4.698795180722891707e-01
4.645669291338582751e-01 4.738955823293172775e-01
4.645669291338582751e-01 4.779116465863453844e-01
4.645669291338582751e-01 4.819277108433734913e-01
4.645669291338582751e-01 4.859437751004015982e-01
4.645669291338582751e-01 4.899598393574297051e-01
4.645669291338582751e-01 4.939759036144578119e-01
4.645669291338582751e-01 4.979919678714859188e-01
4.645669291338582751e-01 5.020080321285140812e-01
4.645669291338582751e-01 5.060240963855421326e-01
4.645669291338582751e-01 5.100401606425702949e-01
4.645669291338582751e-01 5.140562248995983463e-01
4.645669291338582751e-01 5.180722891566265087e-01
4.645669291338582751e-01 5.220883534136546711e-01
4.645669291338582751e-01 5.261044176706827225e-01
4.645669291338582751e-01 5.301204819277108848e-01
4.645669291338582751e-01 5.341365461847389362e-01
4.645669291338582751e-01 5.381526104417670986e-01
4.645669291338582751e-01 5.421686746987951500e-01
4.645669291338582751e-01 5.461847389558233123e-01
4.645669291338582751e-01 5.502008032128513637e-01
4.645669291338582751e-01 5.542168674698795261e-01
4.645669291338582751e-01 5.582329317269075775e-01
4.645669291338582751e-01 5.622489959839357399e-01
4.645669291338582751e-01 5.662650602409639022e-01
4.645669291338582751e-01 5.702811244979919536e-01
4.645669291338582751e-01 5.903614457831325435e-01
4.645669291338582751e-01 5.943775100401605949e-01
4.645669291338582751e-01 5.983935742971887572e-01
4.645669291338582751e-01 6.024096385542169196e-01
4.645669291338582751e-01 6.064257028112449710e-01
4.645669291338582751e-01 6.104417670682731334e-01
4.645669291338582751e-01 6.144578313253011848e-01
4.645669291338582751e-01 6.184738955823293471e-01
4.645669291338582751e-01 6.224899598393573985e-01
4.645669291338582751e-01 6.265060240963855609e-01
4.645669291338582751e-01 6.305220883534136123e-01
4.645669291338582751e-01 6.345381526104417746e-01
4.645669291338582751e-01 6.385542168674698260e-01
4.645669291338582751e-01 6.425702811244979884e-01
4.645669291338582751e-01 6.465863453815261508e-01
4.645669291338582751e-01 6.506024096385542022e-01
4.645669291338582751e-01 6.546184738955823645e-01
4.645669291338582751e-01 7.148594377510040232e-01
4.645669291338582751e-01 7.188755020080320746e-01
4.645669291338582751e-01 7.228915662650602370e-01
4.645669291338582751e-01 7.269076305220883993e-01
4.645669291338582751e-01 7.309236947791164507e-01
4.645669291338582751e-01 7.349397590361446131e-01
4.645669291338582751e-01 7.389558232931726645e-01
4.645669291338582751e-01 7.429718875502008268e-01
4.645669291338582751e-01 7.751004016064256819e-01
4.645669291338582751e-01 7.791164658634538442e-01
4.645669291338582751e-01 7.831325301204818956e-01
4.645669291338582751e-01 7.871485943775100580e-01
4.645669291338582751e-01 7.911646586345381094e-01
4.645669291338582751e-01 7.951807228915662717e-01
4.645669291338582751e-01 7.991967871485943231e-01
4.645669291338582751e-01 8.032128514056224855e-01
4.645669291338582751e-01 8.072289156626506479e-01
4.645669291338582751e-01 8.112449799196786993e-01
4.645669291338582751e-01 8.152610441767068616e-01
4.645669291338582751e-01 8.192771084337349130e-01
4.645669291338582751e-01 8.232931726907630754e-01
4.645669291338582751e-01 8.273092369477911268e-01
4.645669291338582751e-01 8.313253012048192891e-01
4.645669291338582751e-01 8.473895582329317167e-01
4.685039370078740162e-01 1.365461847389558281e-01
4.685039370078740162e-01 1.405622489959839350e-01
4.685039370078740162e-01 1.445783132530120418e-01
4.685039370078740162e-01 3.333333333333333148e-01
4.685039370078740162e-01 3.534136546184739047e-01
4.685039370078740162e-01 3.574297188755020116e-01
4.685039370078740162e-01 3.614457831325301185e-01
4.685039370078740162e-01 3.654618473895582254e-01
4.685039370078740162e-01 3.694779116465863322e-01
4.685039370078740162e-01 3.775100401606425460e-01
4.685039370078740162e-01 3.815261044176707084e-01
4.685039370078740162e-01 3.855421686746988152e-01
4.685039370078740162e-01 3.895582329317269221e-01
4.685039370078740162e-01 3.935742971887550290e-01
4.685039370078740162e-01 3.975903614457831359e-01
4.685039370078740162e-01 4.016064257028112428e-01
4.685039370078740162e-01 4.056224899598393496e-01
4.685039370078740162e-01 4.096385542168674565e-01
4.685039370078740162e-01 4.136546184738955634e-01
4.685039370078740162e-01 4.176706827309236703e-01
4.685039370078740162e-01 4.216867469879518326e-01
4.685039370078740162e-01 4.257028112449799395e-01
4.685039370078740162e-01 4.297188755020080464e-01
4.685039370078740162e-01 4.337349397590361533e-01
4.685039370078740162e-01 4.377510040160642601e-01
4.685039370078740162e-01 4.417670682730923670e-01
4.685039370078740162e-01 4.457831325301204739e-01
4.685039370078740162e-01 4.497991967871485808e-01
4.685039370078740162e-01 4.538152610441766877e-01
4.685039370078740162e-01 4.578313253012047945e-01
4.685039370078740162e-01 4.618473895582329569e-01
4.685039370078740162e-01 5.863453815261043811e-01
4.685039370078740162e-01 7.469879518072288782e-01
4.685039370078740162e-01 7.510040160642570406e-01
4.685039370078740162e-01 7.550200803212850920e-01
4.685039370078740162e-01 7.590361445783132543e-01
4.685039370078740162e-01 7.630522088353414167e-01
4.685039370078740162e-01 7.670682730923694681e-01
4.685039370078740162e-01 7.710843373493976305e-01
4.685039370078740162e-01 8.473895582329317167e-01
4.724409448818897572e-01 1.204819277108433728e-01
4.724409448818897572e-01 1.244979919678714797e-01
4.724409448818897572e-01 1.285140562248995866e-01
4.724409448818897572e-01 1.325301204819277212e-01
4.724409448818897572e-01 1.485943775100401487e-01
4.724409448818897572e-01 1.526104417670682833e-01
4.724409448818897572e-01 1.566265060240963902e-01
4.724409448818897572e-01 1.606425702811244971e-01
4.724409448818897572e-01 1.646586345381526040e-01
4.724409448818897572e-01 1.686746987951807109e-01
4.724409448818897572e-01 2.168674698795180766e-01
4.724409448818897572e-01 2.208835341365461835e-01
4.724409448818897572e-01 2.248995983935742904e-01
4.724409448818897572e-01 2.289156626506023973e-01
4.724409448818897572e-01 2.329317269076305319e-01
4.724409448818897572e-01 2.369477911646586388e-01
4.724409448818897572e-01 2.409638554216867457e-01
4.724409448818897572e-01 2.449799196787148525e-01
4.724409448818897572e-01 3.012048192771084598e-01
4.724409448818897572e-01 3.052208835341365667e-01
4.724409448818897572e-01 3.092369477911646736e-01
4.724409448818897572e-01 3.132530120481927804e-01
4.724409448818897572e-01 3.172690763052208873e-01
4.724409448818897572e-01 3.212851405622489942e-01
4.724409448818897572e-01 3.253012048192771011e-01
4.724409448818897572e-01 3.293172690763052080e-01
4.724409448818897572e-01 4.457831325301204739e-01
4.724409448818897572e-01 5.823293172690763297e-01
4.724409448818897572e-01 8.473895582329317167e-01
4.763779527559054983e-01 3.212851405622489664e-02
4.763779527559054983e-01 3.614457831325301046e-02
4.763779527559054983e-01 4.016064257028112428e-02
4.763779527559054983e-01 4.819277108433735191e-02
4.763779527559054983e-01 5.220883534136545878e-02
4.763779527559054983e-01 5.622489959839357260e-02
4.763779527559054983e-01 6.024096385542168641e-02
4.763779527559054983e-01 6.425702811244979329e-02
4.763779527559054983e-01 6.827309236947791404e-02
4.763779527559054983e-01 7.228915662650602092e-02
4.763779527559054983e-01 7.630522088353414167e-02
4.763779527559054983e-01 8.032128514056224855e-02
4.763779527559054983e-01 8.433734939759035543e-02
4.763779527559054983e-01 8.835341365461847618e-02
4.763779527559054983e-01 9.236947791164658306e-02
4.763779527559054983e-01 9.638554216867470381e-02
4.763779527559054983e-01 1.004016064257028107e-01
4.763779527559054983e-01 1.044176706827309176e-01
4.763779527559054983e-01 1.084337349397590383e-01
4.763779527559054983e-01 1.124497991967871452e-01
4.763779527559054983e-01 1.164658634538152659e-01
4.763779527559054983e-01 1.726907630522088455e-01
4.763779527559054983e-01 1.767068273092369524e-01
4.763779527559054983e-01 1.807228915662650592e-01
4.763779527559054983e-01 1.847389558232931661e-01
4.763779527559054983e-01 1.887550200803212730e-01
4.763779527559054983e-01 1.927710843373494076e-01
4.763779527559054983e-01 1.967871485943775145e-01
4.763779527559054983e-01 2.008032128514056214e-01
4.763779527559054983e-01 2.048192771084337283e-01
4.763779527559054983e-01 2.088353413654618351e-01
4.763779527559054983e-01 2.128514056224899698e-01
4.763779527559054983e-01 2.489959839357429594e-01
4.763779527559054983e-01 2.530120481927710663e-01
4.763779527559054983e-01 2.570281124497991732e-01
4.763779527559054983e-01 2.610441767068273355e-01
4.763779527559054983e-01 2.650602409638554424e-01
4.763779527559054983e-01 2.690763052208835493e-01
4.763779527559054983e-01 2.730923694779116562e-01
4.763779527559054983e-01 2.771084337349397630e-01
4.763779527559054983e-01 2.811244979919678699e-01
4.763779527559054983e-01 2.851405622489959768e-01
4.763779527559054983e-01 2.891566265060240837e-01
4.763779527559054983e-01 2.931726907630521906e-01
4.763779527559054983e-01 2.971887550200802974e-01
4.763779527559054983e-01 4.457831325301204739e-01
4.763779527559054983e-01 5.823293172690763297e-01
4.763779527559054983e-01 8.473895582329317167e-01
4.803149606299212393e-01 0.000000000000000000e+00
4.803149606299212393e-01 4.016064257028112081e-03
4.803149606299212393e-01 8.032128514056224161e-03
4.803149606299212393e-01 1.204819277108433798e-02
4.803149606299212393e-01 1.606425702811244832e-02
4.803149606299212393e-01 2.008032128514056214e-02
4.803149606299212393e-01 2.409638554216867595e-02
4.803149606299212393e-01 2.811244979919678630e-02
4.803149606299212393e-01 4.417670682730923809e-02
4.803149606299212393e-01 4.497991967871485808e-01
4.803149606299212393e-01 5.742971887550201160e-01
4.803149606299212393e-01 5.783132530120481674e-01
4.803149606299212393e-01 5.823293172690763297e-01
4.803149606299212393e-01 8.473895582329317167e-01
4.842519685039369803e-01 4.497991967871485808e-01
4.842519685039369803e-01 5.823293172690763297e-01
4.842519685039369803e-01 8.473895582329317167e-01
4.881889763779527769e-01 4.538152610441766877e-01
4.881889763779527769e-01 5.823293172690763297e-01
4.881889763779527769e-01 7.911646586345381094e-01
4.881889763779527769e-01 7.951807228915662717e-01
4.881889763779527769e-01 7.991967871485943231e-01
4.881889763779527769e-01 8.433734939759036653e-01
4.921259842519685179e-01 4.578313253012047945e-01
4.921259842519685179e-01 5.863453815261043811e-01
4.921259842519685179e-01 5.903614457831325435e-01
4.921259842519685179e-01 7.791164658634538442e-01
4.921259842519685179e-01 7.831325301204818956e-01
4.921259842519685179e-01 7.871485943775100580e-01
4.921259842519685179e-01 8.032128514056224855e-01
4.921259842519685179e-01 8.433734939759036653e-01
4.960629921259842590e-01 4.618473895582329569e-01
4.960629921259842590e-01 5.943775100401605949e-01
4.960629921259842590e-01 5.983935742971887572e-01
4.960629921259842590e-01 6.024096385542169196e-01
4.960629921259842590e-01 6.064257028112449710e-01
4.960629921259842590e-01 6.104417670682731334e-01
4.960629921259842590e-01 6.144578313253011848e-01
4.960629921259842590e-01 6.184738955823293471e-01
4.960629921259842590e-01 6.224899598393573985e-01
4.960629921259842590e-01 6.265060240963855609e-01
4.960629921259842590e-01 8.072289156626506479e-01
4.960629921259842590e-01 8.393574297188755029e-01
5.000000000000000000e-01 4.658634538152610638e-01
5.000000000000000000e-01 6.305220883534136123e-01
5.000000000000000000e-01 6.345381526104417746e-01
5.000000000000000000e-01 6.385542168674698260e-01
5.000000000000000000e-01 6.425702811244979884e-01
5.000000000000000000e-01 8.072289156626506479e-01
5.000000000000000000e-01 8.353413654618473405e-01
5.039370078740157410e-01 4.497991967871485808e-01
5.039370078740157410e-01 4.698795180722891707e-01
5.039370078740157410e-01 6.465863453815261508e-01
5.039370078740157410e-01 6.506024096385542022e-01
5.039370078740157410e-01 8.112449799196786993e-01
5.039370078740157410e-01 8.313253012048192891e-01
5.078740157480314821e-01 4.497991967871485808e-01
5.078740157480314821e-01 4.738955823293172775e-01
5.078740157480314821e-01 4.779116465863453844e-01
5.078740157480314821e-01 6.546184738955823645e-01
5.078740157480314821e-01 8.152610441767068616e-01
5.078740157480314821e-01 8.273092369477911268e-01
5.118110236220472231e-01 4.457831325301204739e-01
5.118110236220472231e-01 4.819277108433734913e-01
5.118110236220472231e-01 4.859437751004015982e-01
5.118110236220472231e-01 6.586345381526104159e-01
5.118110236220472231e-01 6.626506024096385783e-01
5.118110236220472231e-01 7.871485943775100580e-01
5.118110236220472231e-01 8.152610441767068616e-01
5.118110236220472231e-01 8.192771084337349130e-01
5.118110236220472231e-01 8.232931726907630754e-01
5.157480314960629642e-01 4.457831325301204739e-01
5.157480314960629642e-01 4.899598393574297051e-01
5.157480314960629642e-01 4.939759036144578119e-01
5.157480314960629642e-01 6.666666666666666297e-01
5.157480314960629642e-01 6.706827309236947920e-01
5.157480314960629642e-01 7.911646586345381094e-01
5.157480314960629642e-01 8.112449799196786993e-01
5.157480314960629642e-01 8.273092369477911268e-01
5.196850393700787052e-01 4.417670682730923670e-01
5.196850393700787052e-01 4.979919678714859188e-01
5.196850393700787052e-01 5.983935742971887572e-01
5.196850393700787052e-01 6.746987951807228434e-01
5.196850393700787052e-01 7.951807228915662717e-01
5.196850393700787052e-01 8.072289156626506479e-01
5.196850393700787052e-01 8.313253012048192891e-01
5.236220472440944462e-01 4.417670682730923670e-01
5.236220472440944462e-01 5.020080321285140812e-01
5.236220472440944462e-01 6.787148594377510058e-01
5.236220472440944462e-01 6.827309236947791682e-01
5.236220472440944462e-01 6.867469879518072196e-01
5.236220472440944462e-01 6.907630522088353819e-01
5.236220472440944462e-01 7.991967871485943231e-01
5.236220472440944462e-01 8.032128514056224855e-01
5.236220472440944462e-01 8.353413654618473405e-01
5.275590551181101873e-01 4.417670682730923670e-01
5.275590551181101873e-01 5.060240963855421326e-01
5.275590551181101873e-01 6.947791164658634333e-01
5.275590551181101873e-01 6.987951807228915957e-01
5.275590551181101873e-01 7.991967871485943231e-01
5.275590551181101873e-01 8.353413654618473405e-01
5.314960629921260393e-01 4.377510040160642601e-01
5.314960629921260393e-01 5.100401606425702949e-01
5.314960629921260393e-01 7.028112449799196471e-01
5.314960629921260393e-01 7.991967871485943231e-01
5.314960629921260393e-01 8.353413654618473405e-01
5.354330708661417804e-01 4.417670682730923670e-01
5.354330708661417804e-01 4.457831325301204739e-01
5.354330708661417804e-01 5.140562248995983463e-01
5.354330708661417804e-01 5.421686746987951500e-01
5.354330708661417804e-01 5.823293172690763297e-01
5.354330708661417804e-01 7.028112449799196471e-01
5.354330708661417804e-01 7.911646586345381094e-01
5.354330708661417804e-01 7.951807228915662717e-01
5.354330708661417804e-01 8.353413654618473405e-01
5.393700787401575214e-01 4.497991967871485808e-01
5.393700787401575214e-01 5.180722891566265087e-01
5.393700787401575214e-01 5.220883534136546711e-01
5.393700787401575214e-01 5.341365461847389362e-01
5.393700787401575214e-01 5.381526104417670986e-01
5.393700787401575214e-01 5.823293172690763297e-01
5.393700787401575214e-01 7.068273092369478094e-01
5.393700787401575214e-01 7.831325301204818956e-01
5.393700787401575214e-01 7.871485943775100580e-01
5.393700787401575214e-01 8.353413654618473405e-01
5.433070866141732624e-01 4.497991967871485808e-01
5.433070866141732624e-01 5.261044176706827225e-01
5.433070866141732624e-01 5.301204819277108848e-01
5.433070866141732624e-01 5.863453815261043811e-01
5.433070866141732624e-01 7.068273092369478094e-01
5.433070866141732624e-01 7.751004016064256819e-01
5.433070866141732624e-01 7.791164658634538442e-01
5.433070866141732624e-01 8.353413654618473405e-01
5.472440944881890035e-01 4.538152610441766877e-01
5.472440944881890035e-01 5.261044176706827225e-01
5.472440944881890035e-01 5.863453815261043811e-01
5.472440944881890035e-01 7.068273092369478094e-01
5.472440944881890035e-01 7.630522088353414167e-01
5.472440944881890035e-01 7.670682730923694681e-01
5.472440944881890035e-01 7.710843373493976305e-01
5.472440944881890035e-01 8.353413654618473405e-01
5.511811023622047445e-01 4.538152610441766877e-01
5.511811023622047445e-01 5.261044176706827225e-01
5.511811023622047445e-01 5.903614457831325435e-01
5.511811023622047445e-01 6.224899598393573985e-01
5.511811023622047445e-01 7.068273092369478094e-01
5.511811023622047445e-01 7.550200803212850920e-01
5.511811023622047445e-01 7.590361445783132543e-01
5.511811023622047445e-01 8.353413654618473405e-01
5.551181102362204856e-01 4.578313253012047945e-01
5.551181102362204856e-01 5.261044176706827225e-01
5.551181102362204856e-01 5.943775100401605949e-01
5.551181102362204856e-01 6.184738955823293471e-01
5.551181102362204856e-01 7.068273092369478094e-01
5.551181102362204856e-01 7.269076305220883993e-01
5.551181102362204856e-01 7.309236947791164507e-01
5.551181102362204856e-01 7.349397590361446131e-01
5.551181102362204856e-01 7.389558232931726645e-01
5.551181102362204856e-01 7.429718875502008268e-01
5.551181102362204856e-01 7.469879518072288782e-01
5.551181102362204856e-01 7.510040160642570406e-01
5.551181102362204856e-01 8.353413654618473405e-01
5.590551181102362266e-01 4.618473895582329569e-01
5.590551181102362266e-01 5.261044176706827225e-01
5.590551181102362266e-01 5.903614457831325435e-01
5.590551181102362266e-01 5.943775100401605949e-01
5.590551181102362266e-01 5.983935742971887572e-01
5.590551181102362266e-01 6.144578313253011848e-01
5.590551181102362266e-01 7.108433734939758608e-01
5.590551181102362266e-01 7.148594377510040232e-01
5.590551181102362266e-01 7.188755020080320746e-01
5.590551181102362266e-01 7.228915662650602370e-01
5.590551181102362266e-01 8.353413654618473405e-01
5.629921259842519676e-01 4.658634538152610638e-01
5.629921259842519676e-01 5.261044176706827225e-01
5.629921259842519676e-01 5.903614457831325435e-01
5.629921259842519676e-01 5.983935742971887572e-01
5.629921259842519676e-01 6.024096385542169196e-01
5.629921259842519676e-01 6.064257028112449710e-01
5.629921259842519676e-01 6.104417670682731334e-01
5.629921259842519676e-01 6.144578313253011848e-01
5.629921259842519676e-01 7.068273092369478094e-01
5.629921259842519676e-01 8.353413654618473405e-01
5.669291338582677087e-01 4.658634538152610638e-01
5.669291338582677087e-01 5.261044176706827225e-01
5.669291338582677087e-01 5.943775100401605949e-01
5.669291338582677087e-01 5.983935742971887572e-01
5.669291338582677087e-01 6.024096385542169196e-01
5.669291338582677087e-01 6.184738955823293471e-01
5.669291338582677087e-01 7.028112449799196471e-01
5.669291338582677087e-01 8.353413654618473405e-01
5.708661417322834497e-01 4.618473895582329569e-01
5.708661417322834497e-01 4.658634538152610638e-01
5.708661417322834497e-01 4.698795180722891707e-01
5.708661417322834497e-01 4.738955823293172775e-01
5.708661417322834497e-01 4.779116465863453844e-01
5.708661417322834497e-01 4.819277108433734913e-01
5.708661417322834497e-01 4.859437751004015982e-01
5.708661417322834497e-01 4.899598393574297051e-01
5.708661417322834497e-01 4.939759036144578119e-01
5.708661417322834497e-01 5.220883534136546711e-01
5.708661417322834497e-01 6.024096385542169196e-01
5.708661417322834497e-01 6.224899598393573985e-01
5.708661417322834497e-01 6.987951807228915957e-01
5.708661417322834497e-01 8.353413654618473405e-01
5.748031496062991907e-01 4.618473895582329569e-01
5.748031496062991907e-01 4.698795180722891707e-01
5.748031496062991907e-01 4.738955823293172775e-01
5.748031496062991907e-01 4.979919678714859188e-01
5.748031496062991907e-01 5.020080321285140812e-01
5.748031496062991907e-01 5.060240963855421326e-01
5.748031496062991907e-01 5.100401606425702949e-01
5.748031496062991907e-01 5.140562248995983463e-01
5.748031496062991907e-01 5.180722891566265087e-01
5.748031496062991907e-01 6.024096385542169196e-01
5.748031496062991907e-01 6.265060240963855609e-01
5.748031496062991907e-01 6.305220883534136123e-01
5.748031496062991907e-01 6.987951807228915957e-01
5.748031496062991907e-01 8.393574297188755029e-01
5.787401574803149318e-01 4.578313253012047945e-01
5.787401574803149318e-01 4.618473895582329569e-01
5.787401574803149318e-01 4.658634538152610638e-01
5.787401574803149318e-01 4.738955823293172775e-01
5.787401574803149318e-01 5.983935742971887572e-01
5.787401574803149318e-01 6.024096385542169196e-01
5.787401574803149318e-01 6.064257028112449710e-01
5.787401574803149318e-01 6.345381526104417746e-01
5.787401574803149318e-01 6.947791164658634333e-01
5.787401574803149318e-01 8.353413654618473405e-01
5.787401574803149318e-01 8.393574297188755029e-01
5.787401574803149318e-01 8.433734939759036653e-01
5.826771653543306728e-01 4.578313253012047945e-01
5.826771653543306728e-01 4.698795180722891707e-01
5.826771653543306728e-01 5.903614457831325435e-01
5.826771653543306728e-01 5.943775100401605949e-01
5.826771653543306728e-01 6.104417670682731334e-01
5.826771653543306728e-01 6.144578313253011848e-01
5.826771653543306728e-01 6.385542168674698260e-01
5.826771653543306728e-01 6.907630522088353819e-01
5.826771653543306728e-01 8.353413654618473405e-01
5.826771653543306728e-01 8.473895582329317167e-01
5.826771653543306728e-01 8.514056224899598790e-01
5.826771653543306728e-01 8.554216867469879304e-01
5.826771653543306728e-01 8.594377510040160928e-01
5.826771653543306728e-01 8.634538152610441442e-01
5.826771653543306728e-01 8.674698795180723065e-01
5.866141732283464139e-01 4.578313253012047945e-01
5.866141732283464139e-01 5.863453815261043811e-01
5.866141732283464139e-01 6.104417670682731334e-01
5.866141732283464139e-01 6.184738955823293471e-01
5.866141732283464139e-01 6.425702811244979884e-01
5.866141732283464139e-01 6.867469879518072196e-01
5.866141732283464139e-01 8.313253012048192891e-01
5.866141732283464139e-01 8.714859437751003579e-01
5.866141732283464139e-01 8.755020080321285203e-01
5.905511811023621549e-01 4.578313253012047945e-01
5.905511811023621549e-01 5.863453815261043811e-01
5.905511811023621549e-01 6.104417670682731334e-01
5.905511811023621549e-01 6.144578313253011848e-01
5.905511811023621549e-01 6.465863453815261508e-01
5.905511811023621549e-01 6.867469879518072196e-01
5.905511811023621549e-01 8.313253012048192891e-01
5.905511811023621549e-01 8.795180722891565717e-01
5.905511811023621549e-01 8.835341365461847341e-01
5.905511811023621549e-01 8.875502008032128964e-01
5.944881889763780070e-01 4.578313253012047945e-01
5.944881889763780070e-01 5.863453815261043811e-01
5.944881889763780070e-01 6.104417670682731334e-01
5.944881889763780070e-01 6.506024096385542022e-01
5.944881889763780070e-01 6.546184738955823645e-01
5.944881889763780070e-01 6.586345381526104159e-01
5.944881889763780070e-01 6.626506024096385783e-01
5.944881889763780070e-01 6.787148594377510058e-01
5.944881889763780070e-01 6.827309236947791682e-01
5.944881889763780070e-01 8.313253012048192891e-01
5.944881889763780070e-01 8.915662650602409478e-01
5.944881889763780070e-01 8.955823293172691102e-01
5.944881889763780070e-01 8.995983935742971616e-01
5.984251968503937480e-01 4.578313253012047945e-01
5.984251968503937480e-01 5.863453815261043811e-01
5.984251968503937480e-01 6.144578313253011848e-01
5.984251968503937480e-01 6.666666666666666297e-01
5.984251968503937480e-01 6.706827309236947920e-01
5.984251968503937480e-01 6.746987951807228434e-01
5.984251968503937480e-01 8.313253012048192891e-01
5.984251968503937480e-01 9.036144578313253239e-01
6.023622047244094890e-01 4.538152610441766877e-01
6.023622047244094890e-01 4.578313253012047945e-01
6.023622047244094890e-01 4.618473895582329569e-01
6.023622047244094890e-01 4.658634538152610638e-01
6.023622047244094890e-01 4.698795180722891707e-01
6.023622047244094890e-01 4.738955823293172775e-01
6.023622047244094890e-01 5.863453815261043811e-01
6.023622047244094890e-01 6.144578313253011848e-01
6.023622047244094890e-01 8.313253012048192891e-01
6.023622047244094890e-01 9.076305220883533753e-01
6.062992125984252301e-01 4.538152610441766877e-01
6.062992125984252301e-01 5.863453815261043811e-01
6.062992125984252301e-01 6.144578313253011848e-01
6.062992125984252301e-01 8.313253012048192891e-01
6.062992125984252301e-01 9.116465863453815377e-01
6.062992125984252301e-01 9.156626506024095891e-01
6.102362204724409711e-01 4.538152610441766877e-01
6.102362204724409711e-01 5.863453815261043811e-01
6.102362204724409711e-01 6.144578313253011848e-01
6.102362204724409711e-01 8.313253012048192891e-01
6.102362204724409711e-01 9.196787148594377514e-01
6.102362204724409711e-01 9.236947791164659138e-01
6.141732283464567121e-01 4.538152610441766877e-01
6.141732283464567121e-01 5.863453815261043811e-01
6.141732283464567121e-01 6.144578313253011848e-01
6.141732283464567121e-01 8.313253012048192891e-01
6.141732283464567121e-01 9.277108433734939652e-01
6.141732283464567121e-01 9.437751004016063927e-01
6.181102362204724532e-01 4.538152610441766877e-01
6.181102362204724532e-01 5.863453815261043811e-01
6.181102362204724532e-01 6.144578313253011848e-01
6.181102362204724532e-01 8.313253012048192891e-01
6.181102362204724532e-01 9.317269076305221276e-01
6.181102362204724532e-01 9.357429718875501790e-01
6.181102362204724532e-01 9.397590361445783413e-01
6.220472440944881942e-01 4.538152610441766877e-01
6.220472440944881942e-01 5.903614457831325435e-01
6.220472440944881942e-01 6.104417670682731334e-01
6.220472440944881942e-01 8.313253012048192891e-01
6.259842519685039353e-01 4.538152610441766877e-01
6.259842519685039353e-01 5.943775100401605949e-01
6.259842519685039353e-01 6.064257028112449710e-01
6.259842519685039353e-01 8.313253012048192891e-01
6.299212598425196763e-01 4.538152610441766877e-01
6.299212598425196763e-01 5.983935742971887572e-01
6.299212598425196763e-01 6.024096385542169196e-01
6.299212598425196763e-01 8.273092369477911268e-01
6.338582677165354173e-01 4.538152610441766877e-01
6.338582677165354173e-01 5.983935742971887572e-01
6.338582677165354173e-01 6.024096385542169196e-01
6.338582677165354173e-01 8.273092369477911268e-01
6.377952755905511584e-01 4.538152610441766877e-01
6.377952755905511584e-01 5.943775100401605949e-01
6.377952755905511584e-01 6.064257028112449710e-01
6.377952755905511584e-01 6.104417670682731334e-01
6.377952755905511584e-01 6.144578313253011848e-01
6.377952755905511584e-01 8.273092369477911268e-01
6.417322834645668994e-01 4.538152610441766877e-01
6.417322834645668994e-01 5.903614457831325435e-01
6.417322834645668994e-01 6.184738955823293471e-01
6.417322834645668994e-01 8.273092369477911268e-01
6.456692913385826404e-01 4.538152610441766877e-01
6.456692913385826404e-01 5.903614457831325435e-01
6.456692913385826404e-01 6.224899598393573985e-01
6.456692913385826404e-01 8.273092369477911268e-01
6.496062992125983815e-01 4.538152610441766877e-01
6.496062992125983815e-01 5.903614457831325435e-01
6.496062992125983815e-01 6.224899598393573985e-01
6.496062992125983815e-01 8.273092369477911268e-01
6.535433070866141225e-01 4.538152610441766877e-01
6.535433070866141225e-01 5.903614457831325435e-01
6.535433070866141225e-01 6.265060240963855609e-01
6.535433070866141225e-01 8.273092369477911268e-01
6.574803149606299746e-01 4.538152610441766877e-01
6.574803149606299746e-01 5.903614457831325435e-01
6.574803149606299746e-01 6.224899598393573985e-01
6.574803149606299746e-01 6.265060240963855609e-01
6.574803149606299746e-01 6.305220883534136123e-01
6.574803149606299746e-01 6.345381526104417746e-01
6.574803149606299746e-01 8.273092369477911268e-01
6.614173228346457156e-01 4.538152610441766877e-01
6.614173228346457156e-01 5.903614457831325435e-01
6.614173228346457156e-01 6.184738955823293471e-01
6.614173228346457156e-01 6.385542168674698260e-01
6.614173228346457156e-01 6.425702811244979884e-01
6.614173228346457156e-01 6.465863453815261508e-01
6.614173228346457156e-01 6.506024096385542022e-01
6.614173228346457156e-01 6.546184738955823645e-01
6.614173228346457156e-01 6.586345381526104159e-01
6.614173228346457156e-01 8.232931726907630754e-01
6.653543307086614567e-01 4.538152610441766877e-01
6.653543307086614567e-01 5.903614457831325435e-01
6.653543307086614567e-01 6.144578313253011848e-01
6.653543307086614567e-01 8.232931726907630754e-01
6.692913385826771977e-01 4.538152610441766877e-01
6.692913385826771977e-01 5.903614457831325435e-01
6.692913385826771977e-01 6.104417670682731334e-01
6.692913385826771977e-01 8.192771084337349130e-01
6.732283464566929387e-01 4.538152610441766877e-01
6.732283464566929387e-01 5.903614457831325435e-01
6.732283464566929387e-01 6.104417670682731334e-01
6.732283464566929387e-01 8.032128514056224855e-01
6.732283464566929387e-01 8.072289156626506479e-01
6.732283464566929387e-01 8.112449799196786993e-01
6.732283464566929387e-01 8.152610441767068616e-01
6.732283464566929387e-01 8.192771084337349130e-01
6.771653543307086798e-01 4.538152610441766877e-01
6.771653543307086798e-01 5.903614457831325435e-01
6.771653543307086798e-01 6.104417670682731334e-01
6.771653543307086798e-01 7.871485943775100580e-01
6.771653543307086798e-01 7.911646586345381094e-01
6.771653543307086798e-01 7.951807228915662717e-01
6.771653543307086798e-01 7.991967871485943231e-01
6.771653543307086798e-01 8.232931726907630754e-01
6.811023622047244208e-01 4.538152610441766877e-01
6.811023622047244208e-01 5.903614457831325435e-01
6.811023622047244208e-01 6.104417670682731334e-01
6.811023622047244208e-01 7.710843373493976305e-01
6.811023622047244208e-01 7.751004016064256819e-01
6.811023622047244208e-01 7.791164658634538442e-01
6.811023622047244208e-01 7.831325301204818956e-01
6.811023622047244208e-01 8.273092369477911268e-01
6.850393700787401619e-01 4.578313253012047945e-01
6.850393700787401619e-01 5.903614457831325435e-01
6.850393700787401619e-01 6.024096385542169196e-01
6.850393700787401619e-01 6.064257028112449710e-01
6.850393700787401619e-01 6.104417670682731334e-01
6.850393700787401619e-01 7.469879518072288782e-01
6.850393700787401619e-01 7.510040160642570406e-01
6.850393700787401619e-01 7.550200803212850920e-01
6.850393700787401619e-01 7.590361445783132543e-01
6.850393700787401619e-01 7.630522088353414167e-01
6.850393700787401619e-01 7.670682730923694681e-01
6.850393700787401619e-01 8.273092369477911268e-01
6.889763779527559029e-01 4.578313253012047945e-01
6.889763779527559029e-01 5.943775100401605949e-01
6.889763779527559029e-01 5.983935742971887572e-01
6.889763779527559029e-01 6.144578313253011848e-01
6.889763779527559029e-01 6.184738955823293471e-01
6.889763779527559029e-01 8.273092369477911268e-01
6.929133858267716439e-01 4.578313253012047945e-01
6.929133858267716439e-01 5.943775100401605949e-01
6.929133858267716439e-01 8.273092369477911268e-01
6.968503937007873850e-01 4.578313253012047945e-01
6.968503937007873850e-01 5.943775100401605949e-01
6.968503937007873850e-01 8.273092369477911268e-01
7.007874015748031260e-01 4.578313253012047945e-01
7.007874015748031260e-01 5.943775100401605949e-01
7.007874015748031260e-01 8.313253012048192891e-01
7.047244094488188670e-01 4.578313253012047945e-01
7.047244094488188670e-01 5.903614457831325435e-01
7.047244094488188670e-01 8.313253012048192891e-01
7.086614173228346081e-01 4.578313253012047945e-01
7.086614173228346081e-01 5.903614457831325435e-01
7.086614173228346081e-01 8.313253012048192891e-01
7.125984251968503491e-01 4.578313253012047945e-01
7.125984251968503491e-01 5.903614457831325435e-01
7.125984251968503491e-01 8.313253012048192891e-01
7.165354330708660902e-01 4.578313253012047945e-01
7.165354330708660902e-01 5.903614457831325435e-01
7.165354330708660902e-01 8.313253012048192891e-01
7.204724409448819422e-01 4.578313253012047945e-01
7.204724409448819422e-01 5.943775100401605949e-01
7.204724409448819422e-01 8.273092369477911268e-01
7.244094488188976833e-01 4.578313253012047945e-01
7.244094488188976833e-01 5.943775100401605949e-01
7.244094488188976833e-01 8.273092369477911268e-01
7.283464566929134243e-01 4.578313253012047945e-01
7.283464566929134243e-01 5.983935742971887572e-01
7.283464566929134243e-01 8.273092369477911268e-01
7.322834645669291653e-01 4.618473895582329569e-01
7.322834645669291653e-01 5.983935742971887572e-01
7.322834645669291653e-01 8.273092369477911268e-01
7.362204724409449064e-01 4.578313253012047945e-01
7.362204724409449064e-01 5.983935742971887572e-01
7.362204724409449064e-01 8.273092369477911268e-01
7.401574803149606474e-01 4.578313253012047945e-01
7.401574803149606474e-01 5.983935742971887572e-01
7.401574803149606474e-01 8.273092369477911268e-01
7.440944881889763884e-01 4.578313253012047945e-01
7.440944881889763884e-01 5.983935742971887572e-01
7.440944881889763884e-01 8.273092369477911268e-01
7.480314960629921295e-01 4.578313253012047945e-01
7.480314960629921295e-01 5.983935742971887572e-01
7.480314960629921295e-01 8.273092369477911268e-01
7.519685039370078705e-01 4.578313253012047945e-01
7.519685039370078705e-01 5.983935742971887572e-01
7.519685039370078705e-01 8.273092369477911268e-01
7.559055118110236116e-01 4.578313253012047945e-01
7.559055118110236116e-01 5.983935742971887572e-01
7.559055118110236116e-01 8.273092369477911268e-01
7.598425196850393526e-01 4.578313253012047945e-01
7.598425196850393526e-01 5.983935742971887572e-01
7.598425196850393526e-01 8.273092369477911268e-01
7.637795275590550936e-01 4.578313253012047945e-01
7.637795275590550936e-01 5.983935742971887572e-01
7.637795275590550936e-01 8.273092369477911268e-01
7.677165354330708347e-01 4.578313253012047945e-01
7.677165354330708347e-01 5.983935742971887572e-01
7.677165354330708347e-01 8.273092369477911268e-01
7.716535433070865757e-01 4.578313253012047945e-01
7.716535433070865757e-01 5.983935742971887572e-01
7.716535433070865757e-01 8.273092369477911268e-01
7.755905511811023167e-01 4.578313253012047945e-01
7.755905511811023167e-01 5.983935742971887572e-01
7.755905511811023167e-01 8.273092369477911268e-01
7.795275590551180578e-01 4.578313253012047945e-01
7.795275590551180578e-01 5.983935742971887572e-01
7.795275590551180578e-01 8.273092369477911268e-01
7.834645669291339098e-01 4.578313253012047945e-01
7.834645669291339098e-01 5.983935742971887572e-01
7.834645669291339098e-01 8.232931726907630754e-01
7.874015748031496509e-01 4.578313253012047945e-01
7.874015748031496509e-01 5.983935742971887572e-01
7.874015748031496509e-01 8.232931726907630754e-01
7.913385826771653919e-01 4.578313253012047945e-01
7.913385826771653919e-01 5.983935742971887572e-01
7.913385826771653919e-01 8.192771084337349130e-01
7.952755905511811330e-01 4.578313253012047945e-01
7.952755905511811330e-01 5.983935742971887572e-01
7.952755905511811330e-01 8.192771084337349130e-01
7.992125984251968740e-01 4.578313253012047945e-01
7.992125984251968740e-01 5.983935742971887572e-01
7.992125984251968740e-01 8.192771084337349130e-01
8.031496062992126150e-01 4.578313253012047945e-01
8.031496062992126150e-01 5.983935742971887572e-01
8.031496062992126150e-01 8.192771084337349130e-01
8.070866141732283561e-01 4.578313253012047945e-01
8.070866141732283561e-01 5.983935742971887572e-01
8.070866141732283561e-01 8.192771084337349130e-01
8.110236220472440971e-01 5.983935742971887572e-01
8.110236220472440971e-01 8.192771084337349130e-01
8.149606299212598381e-01 5.983935742971887572e-01
8.149606299212598381e-01 8.192771084337349130e-01
8.188976377952755792e-01 5.983935742971887572e-01
8.188976377952755792e-01 8.192771084337349130e-01
8.228346456692913202e-01 5.983935742971887572e-01
8.228346456692913202e-01 8.192771084337349130e-01
8.267716535433070613e-01 5.983935742971887572e-01
8.267716535433070613e-01 8.152610441767068616e-01
8.307086614173228023e-01 5.983935742971887572e-01
8.307086614173228023e-01 8.152610441767068616e-01
8.346456692913385433e-01 5.943775100401605949e-01
8.346456692913385433e-01 8.152610441767068616e-01
8.385826771653542844e-01 5.943775100401605949e-01
8.385826771653542844e-01 8.152610441767068616e-01
8.425196850393700254e-01 5.943775100401605949e-01
8.425196850393700254e-01 8.152610441767068616e-01
8.464566929133858775e-01 5.943775100401605949e-01
8.464566929133858775e-01 8.152610441767068616e-01
8.503937007874016185e-01 5.943775100401605949e-01
8.503937007874016185e-01 8.152610441767068616e-01
8.543307086614173596e-01 5.943775100401605949e-01
8.543307086614173596e-01 8.152610441767068616e-01
8.582677165354331006e-01 5.943775100401605949e-01
8.582677165354331006e-01 8.152610441767068616e-01
8.622047244094488416e-01 5.943775100401605949e-01
8.622047244094488416e-01 8.152610441767068616e-01
8.661417322834645827e-01 5.943775100401605949e-01
8.661417322834645827e-01 8.152610441767068616e-01
8.700787401574803237e-01 5.943775100401605949e-01
8.700787401574803237e-01 8.112449799196786993e-01
8.740157480314960647e-01 5.943775100401605949e-01
8.740157480314960647e-01 8.112449799196786993e-01
8.779527559055118058e-01 5.943775100401605949e-01
8.779527559055118058e-01 8.112449799196786993e-01
8.818897637795275468e-01 5.943775100401605949e-01
8.818897637795275468e-01 8.112449799196786993e-01
8.858267716535432879e-01 5.943775100401605949e-01
8.858267716535432879e-01 8.112449799196786993e-01
8.897637795275590289e-01 5.983935742971887572e-01
8.897637795275590289e-01 8.112449799196786993e-01
8.937007874015747699e-01 5.983935742971887572e-01
8.937007874015747699e-01 8.112449799196786993e-01
8.976377952755905110e-01 6.024096385542169196e-01
8.976377952755905110e-01 8.072289156626506479e-01
9.015748031496062520e-01 8.072289156626506479e-01
9.055118110236219930e-01 8.072289156626506479e-01
9.094488188976378451e-01 8.072289156626506479e-01
9.133858267716535861e-01 8.072289156626506479e-01
9.173228346456693272e-01 8.072289156626506479e-01
9.212598425196850682e-01 8.072289156626506479e-01
9.251968503937008093e-01 8.072289156626506479e-01
9.291338582677165503e-01 8.072289156626506479e-01
9.330708661417322913e-01 8.072289156626506479e-01
9.370078740157480324e-01 8.072289156626506479e-01
9.409448818897637734e-01 8.072289156626506479e-01
9.448818897637795144e-01 8.112449799196786993e-01
9.488188976377952555e-01 8.112449799196786993e-01
9.527559055118109965e-01 8.112449799196786993e-01
9.566929133858267376e-01 8.112449799196786993e-01
9.606299212598424786e-01 8.112449799196786993e-01
9.645669291338582196e-01 8.112449799196786993e-01
9.685039370078739607e-01 8.072289156626506479e-01
9.724409448818898127e-01 8.072289156626506479e-01
9.763779527559055538e-01 8.072289156626506479e-01
9.803149606299212948e-01 8.032128514056224855e-01
9.842519685039370358e-01 7.991967871485943231e-01
9.881889763779527769e-01 7.991967871485943231e-01
9.921259842519685179e-01 7.951807228915662717e-01
9.960629921259842590e-01 7.911646586345381094e-01
1.000000000000000000e+00 7.831325301204818956e-01
1.000000000000000000e+00 7.871485943775100580e-01
