1.841444289311766624e-03 6.100961224686715090e-01
1.766729285009205341e-03 6.099451826735129423e-01
1.295686583034694195e-03 6.109420504541166475e-01
1.134804566390812397e-03 6.109417050536121163e-01
7.080000825226306915e-03 8.469161101046108753e-01
3.516955068334937096e-03 8.805354519356642928e-01
1.668763463385403156e-03 8.802452640487782309e-01
9.478827127285541915e-03 8.501587751952390803e-01
7.316400184326114081e-03 8.728408578317612410e-01
4.441049070127548598e-03 8.730574912661986930e-01
1.330612903280604248e-02 8.551263241998611209e-01
8.064516129032257841e-03 8.629032258064516236e-01
1.013096003612923984e-02 8.637739869225169453e-01
7.725480165625471518e-03 8.649962003072423355e-01
1.456976880980355091e-02 8.583118843155042033e-01
1.209677419354838676e-02 8.548387096774193727e-01
1.209677419354838676e-02 8.588709677419354982e-01
1.612903225806451568e-02 8.548387096774193727e-01
2.548603168238074493e-02 6.039476049294124627e-01
2.016129032258064460e-02 8.548387096774193727e-01
2.538840905688102140e-02 6.022962484088155710e-01
2.419354838709677352e-02 8.548387096774193727e-01
3.201254285241086905e-02 6.030688802486345867e-01
2.822580645161290244e-02 8.548387096774193727e-01
3.438439735421730536e-02 6.013952443965771000e-01
3.225806451612903136e-02 8.548387096774193727e-01
3.788235670541443417e-02 6.004971038557649354e-01
3.629032258064516375e-02 8.548387096774193727e-01
3.987705411535927974e-02 5.992265414454103212e-01
4.032258064516128920e-02 8.548387096774193727e-01
4.654711523964520647e-02 6.012268220975754973e-01
4.435483870967742159e-02 8.588709677419354982e-01
4.710767550709386853e-02 6.013683738156913039e-01
4.884247401928258625e-02 8.577092595946704812e-01
5.399768804425313790e-02 5.996224217590004901e-01
5.255982711030576099e-02 8.584065491008767701e-01
5.636459173711632492e-02 6.013184099931330184e-01
5.643573535217587950e-02 8.589119847633663873e-01
5.867975792892637932e-02 6.031482985483542780e-01
6.030434879170160078e-02 8.594282651169886655e-01
6.661646726030495680e-02 6.018678283829602682e-01
6.398613838433858669e-02 8.601927303093215293e-01
6.911067176242208232e-02 6.034415984571340763e-01
6.648499396960100283e-02 8.618230160641213722e-01
7.280234645652179648e-02 6.041427876146870934e-01
7.444846369100795169e-02 8.605229150158383300e-01
7.669495474551842051e-02 6.045738240457966262e-01
7.690531488192538234e-02 8.623184023777984430e-01
8.060215955136358634e-02 6.050107165895995953e-01
8.035274954689215765e-02 8.634880492351048042e-01
8.447540407970306753e-02 6.055084731009218180e-01
8.282547847803441166e-02 8.652425195210643460e-01
8.816651501805491953e-02 6.062395024158421242e-01
9.078704830138914494e-02 8.638799667748953137e-01
9.067018792754219514e-02 6.078492404006782257e-01
9.329907575644733053e-02 8.654312223586584363e-01
9.862613442519138629e-02 6.065316740273227758e-01
9.700335852093919242e-02 8.660832215025420222e-01
1.010829857616279692e-01 6.083271613310752279e-01
1.009149738085632630e-01 8.664274949039663110e-01
1.045072482187195811e-01 6.095486699336869485e-01
1.048883525139488876e-01 8.666405188484913591e-01
1.069444132585739421e-01 6.113703159930845565e-01
1.088924940572577466e-01 8.667979713279618803e-01
1.149309541684605390e-01 6.101426734709211042e-01
1.129032259381367170e-01 8.669354838721489154e-01
1.173841020424715026e-01 6.119069532611437490e-01
1.169139576575088796e-01 8.670729964139736179e-01
1.209677418743216326e-01 6.129032258217200768e-01
1.209180990989543458e-01 8.672304488934441391e-01
1.245513818284962326e-01 6.138994983517594983e-01
1.249073553626658395e-01 8.674024558201762769e-01
1.266605159072505815e-01 6.155777746931679895e-01
1.288421428945448755e-01 8.676948674762952063e-01
1.349520206060861316e-01 6.145290143247092995e-01
1.325819892301824954e-01 8.682796908467407260e-01
1.370096084978168482e-01 6.163318326505231592e-01
1.351521889558963130e-01 8.697417497094119820e-01
1.403424053719537767e-01 6.176834418945345018e-01
1.430736174957165929e-01 8.681614760970396416e-01
1.426473170473811225e-01 6.196480696014459166e-01
1.456438172214304105e-01 8.696235349597108977e-01
1.505707116091563880e-01 6.188757597664070742e-01
1.493836634697565391e-01 8.702083583301564174e-01
1.526383876015672547e-01 6.211809791965342553e-01
1.533184510889470664e-01 8.705007699862753467e-01
1.546040319672395136e-01 6.235088364882094281e-01
1.573077072689850475e-01 8.706727769130074845e-01
1.627190877090118060e-01 6.235788448248058558e-01
1.613174721834741698e-01 8.707852429760086777e-01
1.631288363508159034e-01 6.267435511108487844e-01
1.653309352471208638e-01 8.709092595817046201e-01
1.711712759401228523e-01 6.272436069594996555e-01
1.693521073754430672e-01 8.709812378627893592e-01
1.718763027325152515e-01 6.305430521061944349e-01
1.733739250653783537e-01 8.710467721356244253e-01
1.796023446856246930e-01 6.306346946005378928e-01
1.773968616413889587e-01 8.710802079839331524e-01
1.814516128868471911e-01 6.330645161365647811e-01
1.814086112006466078e-01 8.711397488476640971e-01
1.833008811208269306e-01 6.354943376575266090e-01
1.853864003841731445e-01 8.712601536789142953e-01
1.910269230739363722e-01 6.355859801518700669e-01
1.892237172306199811e-01 8.715525654223447161e-01
1.917319498663287436e-01 6.388854252985648463e-01
1.920863284669335758e-01 8.724298005653244870e-01
1.997743894556356925e-01 6.393854811472157174e-01
1.975806452269202040e-01 8.670626822859048843e-01
2.005281518926964046e-01 6.426361909984881216e-01
2.030749618556470515e-01 8.724298005653244870e-01
2.083382439619350934e-01 6.425273170649644650e-01
2.059375731210645044e-01 8.715525654223447161e-01
2.103394516368186362e-01 6.447879986268573171e-01
2.097748899602353834e-01 8.712601536789142953e-01
2.124652998416774741e-01 6.470040206519526160e-01
2.137470558580741586e-01 8.710947624166428538e-01
2.203485532363335941e-01 6.460139912312790056e-01
2.177504508663039295e-01 8.709767392182320433e-01
2.227668132137266832e-01 6.476451897986172934e-01
2.217602156161745108e-01 8.708642731615973132e-01
2.264151939664096058e-01 6.483601137522547742e-01
2.257651634092560922e-01 8.707312592558728026e-01
2.299647808207326560e-01 6.486786841058111985e-01
2.297516884094464584e-01 8.705457563881927596e-01
2.339225101963928466e-01 6.489610351061620985e-01
2.336808526592757118e-01 8.702083583301564174e-01
2.379032257970025988e-01 6.491935483859155864e-01
2.374206989076018681e-01 8.696235349597108977e-01
2.418998189784742348e-01 6.493850446356865813e-01
2.399908986333156857e-01 8.681614760970396416e-01
2.458807206675109880e-01 6.496155339343878676e-01
2.479123271731359379e-01 8.697417497094119820e-01
2.498098848300287500e-01 6.499529319924242099e-01
2.504825268988497555e-01 8.682796908467407260e-01
2.562480852939188480e-01 9.182156934853522579e-01
2.535497311656663699e-01 6.505377553628697296e-01
2.542223732344873754e-01 8.676948674762952063e-01
2.590726163508670910e-01 9.165829847747039016e-01
2.561040532384668555e-01 6.520408310687109132e-01
2.581571606790549200e-01 8.674024558201762769e-01
2.626361961085950103e-01 9.157694716498465670e-01
2.640273815599240015e-01 6.505230093870552066e-01
2.620967741935483764e-01 8.669354838709677491e-01
2.619869544327112498e-01 9.130851677994453741e-01
2.665844095031535410e-01 6.520640983043478611e-01
2.661290322580645018e-01 8.669354838709677491e-01
2.692092047223160201e-01 9.120020153688176423e-01
2.703017626960401154e-01 6.527613878105541501e-01
2.701612903225806273e-01 8.669354838709677491e-01
2.688385039988544500e-01 9.090050299757069796e-01
2.741935484780365084e-01 6.532258064426076372e-01
2.741935483870967527e-01 8.669354838709677491e-01
2.756617032216801544e-01 9.081348509362507926e-01
2.780853341363610509e-01 6.536902250926716063e-01
2.782258064516128782e-01 8.669354838709677491e-01
2.751552608359845165e-01 9.047736414077300893e-01
2.818026872710400199e-01 6.543875145988778952e-01
2.822580645161290591e-01 8.669354838709677491e-01
2.801557411740143722e-01 9.015238533292205814e-01
2.843653385399750877e-01 6.558836169105263236e-01
2.862903225806451846e-01 8.669354838709677491e-01
2.862903225806451846e-01 8.991935483870967527e-01
2.903225806451613100e-01 6.572580645161290036e-01
2.903225806451613100e-01 8.669354838709677491e-01
2.903225806451613100e-01 8.870967741935483764e-01
2.903225806451613100e-01 8.911290322580645018e-01
2.903225806451613100e-01 8.951612903225806273e-01
2.943548387096774355e-01 6.572580645161290036e-01
2.943548387096774355e-01 8.709677419354838745e-01
2.943548387096774355e-01 8.750000000000000000e-01
2.943548387096774355e-01 8.790322580645161255e-01
2.943548387096774355e-01 8.830645161290322509e-01
2.983870967741935609e-01 6.572580645161290036e-01
2.983870967741935609e-01 8.709677419354838745e-01
3.024193548387096864e-01 6.572580645161290036e-01
3.024193548387096864e-01 8.669354838709677491e-01
3.064516129032258118e-01 6.572580645161290036e-01
3.064516129032258118e-01 8.669354838709677491e-01
3.167991664320711220e-01 9.386913682664593805e-01
3.104838709677419373e-01 6.572580645161290036e-01
3.104838709677419373e-01 8.669354838709677491e-01
3.170041627581081101e-01 9.396540838624199976e-01
3.174824487087467006e-01 5.785087797069742299e-01
3.181564696733990005e-01 5.783891011510164937e-01
3.145161290322580627e-01 6.572580645161290036e-01
3.145161290322580627e-01 8.669354838709677491e-01
3.149132165727355770e-01 9.398934062900802244e-01
3.146331735570715993e-01 9.392068255420459311e-01
3.150620841789209536e-01 9.423010835363980764e-01
3.147212141939821906e-01 9.465747983870848037e-01
3.147407265078659422e-01 9.504241985982404550e-01
3.145784832250360652e-01 9.545835619379255954e-01
3.144597193696104243e-01 9.583867709941020774e-01
3.144782925065233159e-01 9.617924606089570672e-01
3.143851391669745809e-01 9.657674317413400544e-01
3.145161290322580627e-01 9.699187713877989170e-01
3.145161290322580627e-01 9.732200000209794144e-01
3.145161290322580627e-01 9.762775526427093231e-01
3.145161290322580627e-01 9.788477518445541925e-01
3.145161290322580627e-01 9.799558926493890931e-01
3.157999857268746768e-01 5.772866496756192678e-01
3.169684769292812621e-01 5.848934385745275799e-01
3.184305355955016625e-01 5.867326084614521431e-01
3.194281754605922674e-01 5.896382215094843060e-01
3.210251933834966098e-01 5.916517140276189579e-01
3.185483870967741882e-01 6.250000000000000000e-01
3.185483870967741882e-01 6.532258064516128782e-01
3.185483870967741882e-01 8.669354838709677491e-01
3.200664631496634160e-01 9.363131167427185542e-01
3.196045107418490905e-01 5.991640513267127988e-01
3.210383704375295300e-01 6.013345425956011514e-01
3.216159167444153089e-01 6.050453815072204256e-01
3.219006492966605681e-01 6.089364881768086768e-01
3.219932683953835029e-01 6.128553979939287411e-01
3.218133227877138514e-01 6.166702216939865533e-01
3.209701312683342356e-01 6.198795525086743252e-01
3.225806451612903136e-01 6.290322580645161255e-01
3.225806451612903136e-01 6.330645161290322509e-01
3.225806451612903136e-01 6.370967741935483764e-01
3.225806451612903136e-01 6.411290322580645018e-01
3.225806451612903136e-01 6.451612903225806273e-01
3.225806451612903136e-01 6.491935483870967527e-01
3.225806451612903136e-01 6.532258064516128782e-01
3.225806451612903136e-01 8.669354838709677491e-01
3.188198114024294871e-01 9.326502204001430041e-01
3.266129032258064391e-01 6.572580645161290036e-01
3.266129032258064391e-01 8.669354838709677491e-01
3.247703224901229979e-01 9.295697956601337575e-01
3.306451612903225645e-01 6.612903225806451291e-01
3.306451612590262101e-01 8.670254567111823629e-01
3.306695623146703178e-01 9.255884793106345931e-01
3.346774193548386900e-01 6.612903225806451291e-01
3.346634413416810783e-01 8.670389526448543105e-01
3.370833086871331541e-01 9.225236856558870491e-01
3.387096774193548154e-01 6.612903225806451291e-01
3.386825277765080355e-01 8.671179828304429460e-01
3.383478318235926818e-01 9.199266701884146746e-01
3.427419354838709409e-01 6.653225806451612545e-01
3.426922926473414122e-01 8.672304488934441391e-01
3.401769599576870973e-01 9.169158250273715671e-01
3.464127268262898740e-01 6.636905764837959243e-01
3.504432019281892297e-01 7.645938129975430320e-01
3.486664647672085282e-01 7.661949104081178241e-01
3.478151623595265862e-01 7.690928172275063313e-01
3.473561198071336564e-01 7.721516622921391626e-01
3.470760338560437974e-01 7.750973556220771554e-01
3.469977095402071443e-01 7.772778757216949330e-01
3.468776623222736832e-01 7.783569676441050023e-01
3.466815489110529613e-01 8.674024558201762769e-01
3.465621254464138490e-01 9.151423228552542088e-01
3.506351781026986192e-01 6.656535211161920262e-01
3.533045421129152874e-01 7.579555172743576152e-01
3.503762985121519069e-01 7.575733449850832191e-01
3.506004588918820719e-01 8.677358845522957775e-01
3.533891024774000744e-01 9.129911302926859706e-01
3.533307824794563734e-01 6.677478778085881306e-01
3.563726910900685274e-01 7.526977320667356253e-01
3.539731192098359847e-01 8.682865662192325029e-01
3.533025100872281277e-01 9.097719168395644873e-01
3.612652029691925115e-01 6.665678240073423799e-01
3.608905845171501703e-01 7.475042822733221071e-01
3.588709677419354982e-01 8.669354838709677491e-01
3.607490641147559352e-01 9.089474185903165804e-01
3.634107233261719694e-01 6.681455421907406267e-01
3.659845077087201526e-01 7.443751876633013520e-01
3.629032258064516236e-01 8.709677419354838745e-01
3.613838294873975565e-01 9.052161039153654443e-01
3.670720042061856869e-01 6.689695482322525200e-01
3.658275863779107961e-01 7.408445547259743247e-01
3.669354838709677491e-01 8.709677419354838745e-01
3.669354838709677491e-01 9.032258064516128782e-01
3.708702713300872089e-01 6.696472503949001398e-01
3.730879548201037066e-01 7.397810505823262384e-01
3.709677419354838745e-01 8.709677419354838745e-01
3.709677419354838745e-01 9.032258064516128782e-01
3.745280661096330732e-01 6.704969595133837279e-01
3.733547038864344358e-01 7.362233670315735390e-01
3.750000000000000000e-01 8.709677419354838745e-01
3.750000000000000000e-01 8.991935483870967527e-01
3.790322580645161255e-01 6.693548387096773800e-01
3.812850931464063509e-01 7.348538893124749727e-01
3.790322580645161255e-01 8.709677419354838745e-01
3.790322580645161255e-01 8.991935483870967527e-01
3.830645161290322509e-01 6.733870967741935054e-01
3.809912109356974330e-01 7.316875210812976427e-01
3.830645161290322509e-01 8.750000000000000000e-01
3.830645161290322509e-01 8.911290322580645018e-01
3.830645161290322509e-01 8.951612903225806273e-01
3.870967741935483764e-01 6.733870967741935054e-01
3.882732669702700923e-01 7.304478268300543808e-01
3.870967741935483764e-01 8.790322580645161255e-01
3.870967741935483764e-01 8.830645161290322509e-01
3.870967741935483764e-01 8.870967741935483764e-01
3.911290322580645018e-01 6.733870967741935054e-01
3.878367864677021437e-01 7.266995276835176432e-01
3.911290322580645018e-01 8.790322580645161255e-01
3.951612903225806273e-01 6.733870967741935054e-01
3.957942732564744270e-01 7.234388927200569031e-01
3.920664590738353050e-01 7.227023124935165743e-01
3.951612903225806273e-01 8.750000000000000000e-01
4.043755552491112848e-01 5.987991597202997340e-01
3.991935483870967527e-01 6.733870967741935054e-01
3.982595212517245908e-01 7.164974440520088805e-01
3.991935483870967527e-01 8.750000000000000000e-01
4.060841541767360452e-01 6.013528523936627623e-01
4.032258064516128782e-01 6.774193548387096309e-01
4.032258064516128782e-01 7.096774193548387455e-01
4.006306227792294505e-01 7.104782223130666763e-01
4.032258064516128782e-01 8.750000000000000000e-01
4.084139428169076269e-01 6.054727441871599058e-01
4.072580645161290591e-01 6.774193548387096309e-01
4.072580645161290591e-01 6.814516129032257563e-01
4.072580645161290591e-01 6.854838709677418818e-01
4.072580645161290591e-01 6.895161290322581182e-01
4.072580645161290591e-01 6.935483870967742437e-01
4.072580645161290591e-01 6.975806451612903691e-01
4.072580645161290591e-01 7.016129032258064946e-01
4.072580645161290591e-01 7.056451612903226200e-01
4.072580645161290591e-01 8.750000000000000000e-01
4.091918081150300313e-01 6.095610366713616335e-01
4.109457096830386180e-01 6.107949325664630003e-01
4.123397599079556275e-01 6.132358302889887591e-01
4.143907196459270526e-01 6.146595827228720221e-01
4.112903225806451846e-01 6.774193548387096309e-01
4.112903225806451846e-01 8.750000000000000000e-01
4.145179196287157031e-01 6.217437918493223803e-01
4.179044068235183151e-01 6.218398178461939096e-01
4.153225806451613100e-01 6.774193548387096309e-01
4.153225806451613100e-01 8.750000000000000000e-01
4.206913788051855341e-01 6.272678555725442751e-01
4.193548387096774355e-01 6.774193548387096309e-01
4.193548387096774355e-01 8.750000000000000000e-01
4.249233368769168018e-01 6.323365898645152416e-01
4.233870967741935609e-01 6.774193548387096309e-01
4.232026049881355001e-01 8.758043699781410396e-01
4.303094862749980432e-01 6.364134354047447095e-01
4.274193548387096864e-01 6.774193548387096309e-01
4.269209504033619207e-01 8.763852241681888700e-01
4.380919936173144902e-01 2.192048894601964226e-01
4.293102950849119748e-01 6.406526080212525676e-01
4.314516129032258118e-01 6.774193548387096309e-01
4.294679775428507651e-01 8.778991443105041981e-01
4.402355616311392494e-01 2.189846853425185536e-01
4.354838709677419373e-01 6.411290322580645018e-01
4.354838709677419373e-01 6.451612903225806273e-01
4.354838709677419373e-01 6.733870967741935054e-01
4.376449831160566517e-01 8.766521679973530157e-01
4.387949666725621811e-01 2.215756906361709688e-01
4.395161290322580627e-01 6.491935483870967527e-01
4.395161290322580627e-01 6.532258064516128782e-01
4.395161290322580627e-01 6.693548387096773800e-01
4.395161290322580627e-01 8.790322580645161255e-01
4.421524283881749784e-01 2.251580845068899828e-01
4.453272253214832221e-01 2.240763489164472044e-01
4.435483870967741882e-01 6.572580645161290036e-01
4.435483870967741882e-01 6.653225806451612545e-01
4.435483870967741882e-01 8.790322580645161255e-01
4.479093506327649910e-01 2.290222478144231244e-01
4.475806451612903136e-01 6.612903225806451291e-01
4.475806451612903136e-01 8.790322580645161255e-01
4.515764344200320912e-01 2.332831915550594715e-01
4.516129032258064391e-01 6.612903225806451291e-01
4.516129032258064391e-01 8.790322580645161255e-01
4.559310522623314932e-01 2.374720682743035605e-01
4.556451612903225645e-01 6.612903225806451291e-01
4.556451612903225645e-01 8.790322580645161255e-01
4.608390848940959184e-01 2.417680832365858290e-01
4.596774193548386900e-01 6.612903225806451291e-01
4.596774193548386900e-01 8.830645161290322509e-01
4.596774193548386900e-01 9.032258064516128782e-01
4.596774193548386900e-01 9.072580645161290036e-01
4.596774193548386900e-01 9.112903225806451291e-01
4.637096774193548154e-01 2.459677419354838745e-01
4.637096774193548154e-01 6.612903225806451291e-01
4.637096774193548154e-01 8.830645161290322509e-01
4.637096774193548154e-01 9.153225806451612545e-01
4.747965371596716833e-01 9.902716007744593041e-01
4.677419354838709409e-01 2.500000000000000000e-01
4.677419354838709409e-01 6.612903225806451291e-01
4.677419354838709409e-01 6.653225806451612545e-01
4.677419354838709409e-01 6.693548387096773800e-01
4.677419354838709409e-01 8.830645161290322509e-01
4.677419354838709409e-01 9.193548387096773800e-01
4.769964422730187947e-01 9.913903114427211616e-01
4.717741935483871218e-01 2.540322580645161255e-01
4.717741935483871218e-01 6.572580645161290036e-01
4.717741935483871218e-01 6.733870967741935054e-01
4.717741935483871218e-01 8.830645161290322509e-01
4.717741935483871218e-01 9.193548387096773800e-01
4.782127063691375968e-01 9.898999882786865268e-01
4.758064516129032473e-01 2.540322580645161255e-01
4.758064516129032473e-01 6.532258064516128782e-01
4.758064516129032473e-01 6.774193548387096309e-01
4.758064516129032473e-01 6.814516129032257563e-01
4.758064516129032473e-01 8.830645161290322509e-01
4.758064516129032473e-01 9.233870967741935054e-01
4.808156296851173739e-01 9.883429326507593426e-01
4.798387096774193727e-01 2.540322580645161255e-01
4.798387096774193727e-01 6.491935483870967527e-01
4.798387096774193727e-01 6.854838709677418818e-01
4.798387096774193727e-01 6.895161290322581182e-01
4.788264391057553970e-01 6.942973302850019568e-01
4.792567834186728382e-01 6.981252104836336292e-01
4.795368693697626972e-01 7.020456097511229565e-01
4.796151936855993503e-01 7.056881884951332617e-01
4.797352409035328114e-01 7.096913972051968056e-01
4.797937232573120658e-01 7.137153007587028197e-01
4.798387096774193727e-01 7.177419353985133865e-01
4.798387096774193727e-01 7.217741935115086216e-01
4.798387096774193727e-01 7.258064516090364515e-01
4.798387096774193727e-01 7.298387097550432800e-01
4.798836960975266797e-01 7.338653444435148110e-01
4.799421784513059341e-01 7.378892477932940119e-01
4.800212086368945696e-01 7.419083342281209692e-01
4.801336746998957627e-01 7.459180991826278584e-01
4.803056816266279005e-01 7.499073554499773309e-01
4.805980932827468299e-01 7.538421429818563668e-01
4.811829166531923496e-01 7.575819892301824954e-01
4.826449755158636057e-01 7.601521889558963130e-01
4.798387096774193727e-01 8.830645161290322509e-01
4.798387096774193727e-01 9.233870967741935054e-01
4.798387096774193727e-01 9.274193548387096309e-01
4.798387096774193727e-01 9.314516129032257563e-01
4.798387096774193727e-01 9.354838709677418818e-01
4.798387096774193727e-01 9.395161290322581182e-01
4.831098349344346010e-01 9.866816282662893567e-01
4.838709677419354982e-01 2.540322580645161255e-01
4.838709677419354982e-01 6.451612903225806273e-01
4.811096885091354913e-01 7.680679941700110369e-01
4.826302294236337609e-01 7.706298392919462836e-01
4.832940830233236618e-01 7.743565138596515407e-01
4.836989608297552756e-01 7.782688081578300610e-01
4.840429746541157208e-01 7.822150628099118208e-01
4.844478524605473346e-01 7.861273571080903411e-01
4.851117060602372355e-01 7.898540316757955981e-01
4.865872606019219226e-01 7.924215001234363731e-01
4.838709677419354982e-01 8.266129032258064946e-01
4.838709677419354982e-01 8.306451612903226200e-01
4.838709677419354982e-01 8.346774193548387455e-01
4.838709677419354982e-01 8.387096774193548709e-01
4.838709677419354982e-01 8.427419354838709964e-01
4.838709677419354982e-01 8.467741935483871218e-01
4.838709677419354982e-01 8.508064516129032473e-01
4.838709677419354982e-01 8.548387096774193727e-01
4.838709677419354982e-01 8.588709677419354982e-01
4.838709677419354982e-01 8.629032258064516236e-01
4.838709677419354982e-01 8.669354838709677491e-01
4.838709677419354982e-01 8.709677419354838745e-01
4.838709677419354982e-01 8.750000000000000000e-01
4.838709677419354982e-01 8.790322580645161255e-01
4.838709677419354982e-01 8.830645161290322509e-01
4.838709677419354982e-01 8.991935483870967527e-01
4.838709677419354982e-01 9.032258064516128782e-01
4.838709677419354982e-01 9.072580645161290036e-01
4.838709677419354982e-01 9.112903225806451291e-01
4.838709677419354982e-01 9.153225806451612545e-01
4.838709677419354982e-01 9.193548387096773800e-01
4.838709677419354982e-01 9.435483870967742437e-01
4.838709677419354982e-01 9.475806451612903691e-01
4.838709677419354982e-01 9.516129032258064946e-01
4.838709677419354982e-01 9.556451612903226200e-01
4.838709677419354982e-01 9.596774193548387455e-01
4.838709677419354982e-01 9.637096774193548709e-01
4.838709677419354982e-01 9.677419354838709964e-01
4.838709677419354982e-01 9.717741935483871218e-01
4.838709677419354982e-01 9.758064516129032473e-01
4.838709677419354982e-01 9.798387096774193727e-01
4.838709677419354982e-01 9.838709677419354982e-01
4.826225489227762289e-01 9.885283379586443653e-01
4.828757534119030304e-01 9.851498587447549138e-01
4.879032258064516236e-01 2.540322580645161255e-01
4.879032258064516236e-01 2.580645161290322509e-01
4.885552718657099058e-01 6.372183400566310274e-01
4.853817656290747573e-01 6.375298933276245528e-01
4.849934911941208293e-01 8.003177041405691305e-01
4.863765197693400433e-01 8.028747320837986701e-01
4.868488772659592678e-01 8.065920852766852445e-01
4.879032258064516236e-01 8.104838709677418818e-01
4.879032258064516236e-01 8.145161290322581182e-01
4.879032258064516236e-01 8.185483870967742437e-01
4.879032258064516236e-01 8.225806451612903691e-01
4.879032258064516236e-01 8.870967741935483764e-01
4.879032258064516236e-01 8.911290322580645018e-01
4.879032258064516236e-01 8.951612903225806273e-01
4.814549839244254281e-01 9.883510603028680119e-01
4.919354838709677491e-01 2.540322580645161255e-01
4.919354838709677491e-01 2.620967741935483764e-01
4.919354838709677491e-01 2.661290322580645018e-01
4.919354838709677491e-01 2.701612903225806273e-01
4.919354838709677491e-01 2.741935483870967527e-01
4.919354838709677491e-01 2.782258064516128782e-01
4.919354838709677491e-01 2.822580645161290591e-01
4.919354838709677491e-01 2.862903225806451846e-01
4.918904974508604422e-01 2.903282039845092588e-01
4.919354838709677491e-01 2.943548388280466943e-01
4.919354838709677491e-01 2.983870968110720612e-01
4.919354838709677491e-01 3.024193548348428351e-01
4.919354838709677491e-01 3.064516128178682575e-01
4.919354838709677491e-01 3.104838709231297345e-01
4.919354838709677491e-01 3.145161289546342109e-01
4.919354838709677491e-01 3.185483871413863910e-01
4.919804702910750560e-01 3.225750218219423648e-01
4.920389526448543105e-01 3.265989252935938558e-01
4.921179828304429460e-01 3.306180116474757846e-01
4.922304488934441391e-01 3.346277764382736275e-01
4.924024558201762769e-01 3.386170328693321463e-01
4.926948674762952063e-01 3.425518204012111823e-01
4.932796908467407260e-01 3.462916666495373663e-01
4.947417497094119820e-01 3.488618663752511839e-01
4.947417497094119820e-01 4.817832949150714361e-01
4.932796908467407260e-01 4.843534946407852537e-01
4.926948674762952063e-01 4.880933409764228736e-01
4.924024558201762769e-01 4.920281285083019096e-01
4.922304488934441391e-01 4.960173847720134033e-01
4.921179828304429460e-01 5.000271496028290130e-01
4.920389526448543105e-01 5.040462359967287087e-01
4.919804702910750560e-01 5.080701394683801997e-01
4.919354838709677491e-01 5.120967742381605792e-01
4.919354838709677491e-01 5.161290322541977060e-01
4.919354838709677491e-01 5.201612903594591275e-01
4.919354838709677491e-01 5.241935482687275494e-01
4.919804702910750560e-01 5.282201831122649294e-01
4.919354838709677491e-01 5.322580645161290036e-01
4.919354838709677491e-01 5.362903225806451291e-01
4.919354838709677491e-01 5.403225806451612545e-01
4.919354838709677491e-01 5.443548387096773800e-01
4.919354838709677491e-01 5.483870967741935054e-01
4.919354838709677491e-01 5.524193548387096309e-01
4.919354838709677491e-01 5.564516129032257563e-01
4.919354838709677491e-01 5.725806451612903691e-01
4.919354838709677491e-01 5.766129032258064946e-01
4.919354838709677491e-01 5.806451612903226200e-01
4.919354838709677491e-01 5.846774193548387455e-01
4.919354838709677491e-01 5.887096774193548709e-01
4.919354838709677491e-01 5.927419354838709964e-01
4.919354838709677491e-01 5.967741935483871218e-01
4.919354838709677491e-01 6.008064516129032473e-01
4.919354838709677491e-01 6.048387096774193727e-01
4.918320150970811877e-01 6.088569898506501765e-01
4.917119678791477266e-01 6.128601987253322614e-01
4.916336435633110735e-01 6.165027774038589481e-01
4.913535576122212145e-01 6.204231766131406145e-01
4.908945150598282847e-01 6.242130509926937521e-01
4.902828945703203711e-01 6.274081630437003954e-01
4.885628819390530619e-01 6.295357616693382230e-01
4.919354838709677491e-01 8.911290322580645018e-01
4.886529270950104031e-01 9.896013018404764550e-01
4.959677419354838745e-01 2.338709677419354704e-01
4.959677419354838745e-01 2.379032258064516236e-01
4.959677419354838745e-01 2.419354838709677491e-01
4.959677419354838745e-01 2.459677419354838745e-01
4.959677419354838745e-01 2.500000000000000000e-01
4.959677419354838745e-01 3.548387096774193727e-01
4.959677419354838745e-01 3.588709677419354982e-01
4.959677419354838745e-01 3.629032258064516236e-01
4.959677419354838745e-01 3.669354838709677491e-01
4.959677419354838745e-01 3.709677419354838745e-01
4.959677419354838745e-01 3.750000000000000000e-01
4.959677419354838745e-01 3.790322580645161255e-01
4.959677419354838745e-01 3.830645161290322509e-01
4.959677419354838745e-01 3.951612903225806273e-01
4.959677419354838745e-01 3.991935483870967527e-01
4.959677419354838745e-01 4.032258064516128782e-01
4.959677419354838745e-01 4.072580645161290591e-01
4.959677419354838745e-01 4.112903225806451846e-01
4.959677419354838745e-01 4.153225806451613100e-01
4.959677419354838745e-01 4.193548387096774355e-01
4.960127283555911815e-01 4.233927201135415097e-01
4.959677419354838745e-01 4.274193547533521320e-01
4.959677419354838745e-01 4.314516128993589605e-01
4.959677419354838745e-01 4.354838710046204375e-01
4.959677419354838745e-01 4.395161289138888039e-01
4.959677419354838745e-01 4.435483871006410395e-01
4.959227555153765676e-01 4.475750218628696264e-01
4.958642731615973132e-01 4.515989252935938558e-01
4.957852429760086777e-01 4.556180115656212615e-01
4.956727769130074845e-01 4.596277764382736275e-01
4.955007699862753467e-01 4.636170328693321463e-01
4.952083583301564174e-01 4.675518204012111823e-01
4.946235349597108977e-01 4.712916666495373663e-01
4.931614760970396416e-01 4.738618663752511839e-01
4.959677419354838745e-01 5.604838709677418818e-01
4.959677419354838745e-01 5.645161290322581182e-01
4.959677419354838745e-01 5.685483870967742437e-01
4.959677419354838745e-01 8.870967741935483764e-01
4.959677419354838745e-01 8.911290322580645018e-01
4.893041875874323265e-01 9.920906353471500294e-01
5.039050383493304253e-01 8.497119881212711334e-03
5.033883054275065660e-01 3.402976857708586711e-02
5.023528423625975847e-01 3.644994881066058318e-02
5.024732472375035286e-01 3.979417929921539449e-02
5.038003462832421064e-01 4.206446899972375586e-02
5.029663196764886379e-01 1.915353278764673761e-01
5.014370857970789075e-01 1.940699637691009616e-01
5.008004006813280284e-01 1.977866378823114890e-01
5.004219855472911149e-01 2.016999245738148594e-01
5.001914962485898286e-01 2.056808262046439795e-01
4.999999999988188892e-01 2.096774193642877426e-01
4.998085037514101714e-01 2.136740125268613288e-01
4.995780144527088851e-01 2.176549141358625483e-01
4.991995993186719716e-01 2.215682008273659187e-01
5.000000000000000000e-01 2.258064516129032195e-01
5.000000000000000000e-01 2.298387096774193450e-01
5.000000000000000000e-01 3.870967741935483764e-01
5.000000000000000000e-01 3.911290322580645018e-01
5.000000000000000000e-01 5.645161290322581182e-01
5.000000000000000000e-01 8.830645161290322509e-01
5.000000000000000000e-01 8.951612903225806273e-01
4.901344282552599907e-01 9.931906351083589213e-01
5.024667306607889516e-01 1.050355390555435600e-02
5.032649356909396632e-01 1.189093548624265556e-02
5.034448812986093147e-01 1.473105339063031025e-02
5.034382656487005336e-01 1.794043499150223264e-02
5.032638771264182909e-01 2.127824492767573308e-02
5.028365061190279706e-01 2.452896526008243455e-02
5.015659438250886781e-01 2.669075529857148008e-02
5.028651644280480726e-01 4.979951253476282147e-02
5.056768156392800195e-01 5.093014652600452025e-02
5.068385239029603584e-01 9.468652072152303201e-02
5.053764650402891023e-01 9.725672044723684961e-02
5.047916416698435826e-01 1.009965667828744695e-01
5.044992300137246533e-01 1.049313542274420280e-01
5.043272230869925155e-01 1.089206105784650130e-01
5.042147570239913223e-01 1.129303755311529128e-01
5.041357268384026868e-01 1.169494618841253469e-01
5.040772444846234324e-01 1.209733652339045618e-01
5.040772444846234324e-01 1.249943765792522754e-01
5.041357268384026868e-01 1.290182801323035422e-01
5.042147570239913223e-01 1.330373664861854710e-01
5.042822366559712721e-01 1.370527546608965030e-01
5.043957612398380919e-01 1.410503655502144682e-01
5.046091427831279619e-01 1.449983247627143756e-01
5.050815001633318646e-01 1.487606643284145325e-01
5.063715517791288478e-01 1.513738655748086137e-01
5.060765867857562883e-01 1.711571368336256838e-01
5.046145282141233368e-01 1.737273361809897332e-01
5.038497591050409286e-01 1.773922051540261502e-01
5.030515542058574541e-01 1.810477526685703720e-01
5.014759710794615133e-01 1.835833050408250400e-01
5.040322580645161255e-01 3.870967741935483764e-01
5.040322580645161255e-01 5.645161290322581182e-01
5.040322580645161255e-01 8.790322580645161255e-01
5.040322580645161255e-01 8.991935483870967527e-01
5.048240204416816201e-01 5.879557696771958025e-02
5.063466831418355074e-01 6.118088663600745880e-02
5.069524120847364035e-01 6.482505175705638445e-02
5.072549908729870882e-01 6.868849554138573010e-02
5.073817073209812012e-01 7.261969492385340896e-02
5.073740282171075311e-01 7.656328576417910370e-02
5.072016638080258932e-01 8.046902413714691893e-02
5.066753227804456916e-01 8.420051578169447659e-02
5.052582502905880180e-01 8.676509218170277982e-02
5.044578495510523286e-01 1.589966572655905630e-01
5.052832234725956884e-01 1.612512728580998422e-01
5.043388123233472076e-01 1.634934967526444904e-01
5.080645161290322509e-01 3.870967741935483764e-01
5.080645161290322509e-01 5.685483870967742437e-01
5.080645161290322509e-01 8.790322580645161255e-01
5.080645161290322509e-01 9.032258064516128782e-01
5.120967741935483764e-01 3.870967741935483764e-01
5.120967741935483764e-01 5.685483870967742437e-01
5.102083733185164283e-01 8.368345570840662884e-01
5.120967741935483764e-01 8.387096774193548709e-01
5.120967741935483764e-01 8.427419354838709964e-01
5.120967741935483764e-01 8.467741935483871218e-01
5.120967741935483764e-01 8.750000000000000000e-01
5.120967741935483764e-01 9.032258064516128782e-01
5.120967741935483764e-01 9.475806451612903691e-01
5.161290322580645018e-01 3.870967741935483764e-01
5.161290322580645018e-01 5.685483870967742437e-01
5.124345082008550101e-01 8.324652299765618046e-01
5.111344009788045817e-01 8.315624786360610310e-01
5.161290322580645018e-01 8.750000000000000000e-01
5.161290322580645018e-01 9.072580645161290036e-01
5.161290322580645018e-01 9.354838709677418818e-01
5.161290322580645018e-01 9.395161290322581182e-01
5.161290322580645018e-01 9.435483870967742437e-01
5.201612903225806273e-01 3.870967741935483764e-01
5.201612903225806273e-01 5.725806451612903691e-01
5.201612903225806273e-01 8.750000000000000000e-01
5.201612903225806273e-01 9.112903225806451291e-01
5.201612903225806273e-01 9.314516129032257563e-01
5.241935483870967527e-01 3.911290322580645018e-01
5.241935483870967527e-01 5.685483870967742437e-01
5.241935483870967527e-01 5.725806451612903691e-01
5.241935483870967527e-01 5.766129032258064946e-01
5.241935483870967527e-01 8.709677419354838745e-01
5.241935483870967527e-01 9.153225806451612545e-01
5.241935483870967527e-01 9.193548387096773800e-01
5.241935483870967527e-01 9.233870967741935054e-01
5.241935483870967527e-01 9.274193548387096309e-01
5.282258064516128782e-01 3.911290322580645018e-01
5.282258064516128782e-01 5.685483870967742437e-01
5.282258064516128782e-01 5.766129032258064946e-01
5.282258064516128782e-01 5.806451612903226200e-01
5.282258064516128782e-01 5.846774193548387455e-01
5.282258064516128782e-01 5.887096774193548709e-01
5.282258064516128782e-01 5.927419354838709964e-01
5.282258064516128782e-01 5.967741935483871218e-01
5.282258064516128782e-01 6.008064516129032473e-01
5.282258064516128782e-01 6.048387096774193727e-01
5.282258064516128782e-01 6.088709677419354982e-01
5.282258064516128782e-01 8.709677419354838745e-01
5.282258064516128782e-01 9.233870967741935054e-01
5.322580645161290036e-01 3.911290322580645018e-01
5.322580645161290036e-01 3.951612903225806273e-01
5.322580645161290036e-01 3.991935483870967527e-01
5.322580645161290036e-01 4.032258064516128782e-01
5.322580645161290036e-01 4.072580645161290591e-01
5.322580645161290036e-01 4.112903225806451846e-01
5.322580645161290036e-01 5.725806451612903691e-01
5.327859787221607135e-01 6.119669710638963034e-01
5.322580645161290036e-01 8.669354838709677491e-01
5.322580645161290036e-01 9.274193548387096309e-01
5.362903225806451291e-01 3.870967741935483764e-01
5.362903225806451291e-01 4.153225806451613100e-01
5.362903225806451291e-01 5.725806451612903691e-01
5.337742773455477208e-01 6.190569072421039376e-01
5.361652035836971253e-01 6.207061324638479816e-01
5.384333829034960717e-01 6.221375125460326672e-01
5.362903225806451291e-01 8.629032258064516236e-01
5.362903225806451291e-01 9.274193548387096309e-01
5.403225806451612545e-01 3.830645161290322509e-01
5.403225806451612545e-01 4.153225806451613100e-01
5.403225806451612545e-01 5.725806451612903691e-01
5.389192112864205075e-01 6.304038265990393741e-01
5.420833389883139564e-01 6.306268964037899938e-01
5.403225806451612545e-01 8.629032258064516236e-01
5.403225806451612545e-01 9.314516129032257563e-01
5.443548387096773800e-01 3.830645161290322509e-01
5.443548387096773800e-01 4.153225806451613100e-01
5.443548387096773800e-01 5.725806451612903691e-01
5.430376005073588308e-01 6.383152430756918738e-01
5.464075677277099308e-01 6.384347253629276686e-01
5.443548387096773800e-01 8.629032258064516236e-01
5.443548387096773800e-01 9.314516129032257563e-01
5.483870967741935054e-01 3.830645161290322509e-01
5.483870967741935054e-01 4.193548387096774355e-01
5.483870967741935054e-01 5.685483870967742437e-01
5.487171550499154726e-01 6.443218298560579038e-01
5.483870967741935054e-01 8.588709677419354982e-01
5.483870967741935054e-01 9.314516129032257563e-01
5.524193548387096309e-01 3.830645161290322509e-01
5.541361251868487381e-01 4.212884095482408164e-01
5.524193548387096309e-01 5.685483870967742437e-01
5.519671960989193105e-01 6.502120836164742013e-01
5.524193548387096309e-01 8.588709677419354982e-01
5.524193548387096309e-01 9.354838709677418818e-01
5.564516129032257563e-01 3.830645161290322509e-01
5.534386544548455245e-01 4.244318914584695457e-01
5.564516129032257563e-01 5.685483870967742437e-01
5.544584247343722350e-01 6.563382220018895152e-01
5.575827003283906347e-01 6.562800403053481446e-01
5.564516129032257563e-01 8.548387096774193727e-01
5.536946615264299876e-01 9.371800915668567766e-01
5.625654719169100870e-01 3.821334234709220512e-01
5.601297174270579715e-01 4.271245803008036357e-01
5.604838709677418818e-01 5.685483870967742437e-01
5.579383065323194613e-01 6.637161783047861308e-01
5.600226460937259843e-01 6.647444184430153502e-01
5.622320601814275731e-01 6.660857795917939361e-01
5.604838709677418818e-01 8.306451612903226200e-01
5.604838709677418818e-01 8.346774193548387455e-01
5.604838709677418818e-01 8.387096774193548709e-01
5.604838709677418818e-01 8.427419354838709964e-01
5.604838709677418818e-01 8.467741935483871218e-01
5.604838709677418818e-01 8.508064516129032473e-01
5.604838709677418818e-01 8.548387096774193727e-01
5.614663938158040990e-01 9.379891610606724273e-01
5.653817194998415063e-01 3.803833404127808793e-01
5.664947215137222658e-01 4.294201983664665545e-01
5.645161290322581182e-01 5.685483870967742437e-01
5.621851084889063488e-01 6.730553865068471531e-01
5.650146525022724520e-01 6.730963472997949504e-01
5.665035069123992573e-01 8.266962932633056260e-01
5.645161290322581182e-01 8.266129032258064946e-01
5.645161290322581182e-01 8.548387096774193727e-01
5.616445809737929951e-01 9.413661733870545278e-01
5.687543797304839277e-01 3.798326587458441539e-01
5.667749377373125785e-01 4.330779037498418416e-01
5.685483870967742437e-01 5.685483870967742437e-01
5.757991105257984632e-01 5.980472018521639788e-01
5.652113775196936363e-01 6.792374537852141625e-01
5.668796236333888405e-01 6.786323608229717363e-01
5.704054407016825312e-01 8.180547720422187696e-01
5.671108058360856408e-01 8.181822890530325854e-01
5.685483870967742437e-01 8.548387096774193727e-01
5.676354313674834007e-01 9.435190348960473816e-01
5.726732897113130383e-01 3.794992300137246533e-01
5.741639815481199838e-01 4.344041793937644669e-01
5.725806451612903691e-01 5.685483870967742437e-01
5.725806451612903691e-01 6.008064516129032473e-01
5.728110762523307420e-01 8.122822107379173984e-01
5.725806451612903691e-01 8.588709677419354982e-01
5.740929989354505159e-01 9.458197042789130426e-01
5.766569227511824103e-01 3.792822366559712721e-01
5.734784430373580655e-01 4.374212803649565884e-01
5.766129032258064946e-01 5.685483870967742437e-01
5.766129032258064946e-01 5.967741935483871218e-01
5.764178454541721841e-01 8.070711835114765531e-01
5.766129032258064946e-01 8.588709677419354982e-01
5.738148879740507802e-01 9.491915658093809105e-01
5.806583329936808591e-01 3.791112882646566762e-01
5.788357846491459791e-01 4.406171986502745441e-01
5.806451612903226200e-01 5.685483870967742437e-01
5.806451612903226200e-01 5.927419354838709964e-01
5.804062371485821936e-01 8.016043702861473941e-01
5.806451612903226200e-01 8.588709677419354982e-01
5.796559493342835490e-01 9.519112513066390058e-01
5.846642477560723972e-01 3.789532278643755747e-01
5.838803748108236658e-01 4.451729357880990778e-01
5.846774193548387455e-01 5.725806451612903691e-01
5.846774193548387455e-01 5.766129032258064946e-01
5.846774193548387455e-01 5.806451612903226200e-01
5.846774193548387455e-01 5.846774193548387455e-01
5.846774193548387455e-01 5.887096774193548709e-01
5.863636694473004507e-01 7.967032121209006723e-01
5.830170454780361222e-01 7.961966330636172096e-01
5.846774193548387455e-01 8.588709677419354982e-01
5.853545623455918001e-01 9.557780790951989625e-01
5.886656578721510824e-01 3.787822794730609788e-01
5.877034993271433860e-01 4.501939758868707675e-01
5.887096774193548709e-01 5.685483870967742437e-01
5.887096774193548709e-01 5.887096774193548709e-01
5.890058729226791412e-01 7.915056193390139772e-01
5.887096774193548709e-01 8.588709677419354982e-01
5.906817899911754877e-01 9.592983792742504345e-01
5.926492909338483273e-01 3.785652861153075976e-01
5.897748525885324611e-01 4.549943725127846839e-01
5.917858911843429937e-01 4.556792393364781923e-01
5.940661932972650661e-01 4.568679155406331627e-01
5.927419354838709964e-01 5.645161290322581182e-01
5.927419354838709964e-01 5.887096774193548709e-01
5.928257152981748490e-01 7.867909195821641832e-01
5.927419354838709964e-01 8.588709677419354982e-01
5.960646473967861070e-01 9.615979216422044784e-01
5.965840783784158718e-01 3.782728744591886683e-01
5.939519571576027390e-01 4.641119088581387442e-01
5.957332247372476575e-01 4.649677271654288346e-01
5.973619142633622703e-01 4.659309546433149096e-01
5.967741935483871218e-01 5.604838709677418818e-01
5.967741935483871218e-01 5.927419354838709964e-01
5.967948701664652633e-01 7.824028009499963687e-01
5.967741935483871218e-01 8.588709677419354982e-01
5.962496903112849411e-01 9.649017346917742044e-01
6.003239247140534918e-01 3.776880510887431486e-01
5.963788006695047716e-01 4.681846175583139757e-01
6.008064516129032473e-01 5.604838709677418818e-01
6.008064516129032473e-01 5.967741935483871218e-01
6.007649159066439370e-01 7.780106703256962630e-01
6.008064516129032473e-01 8.588709677419354982e-01
6.036682207843349079e-01 9.651628771962057485e-01
6.028941244397673094e-01 3.762259922260718925e-01
6.048387096774193727e-01 5.604838709677418818e-01
6.048387096774193727e-01 6.008064516129032473e-01
6.043774039238586360e-01 7.739958766694818859e-01
6.048387096774193727e-01 8.548387096774193727e-01
6.048387096774193727e-01 8.588709677419354982e-01
6.048387096774193727e-01 8.629032258064516236e-01
6.056816174344520354e-01 9.677008178213943879e-01
6.108155529795875616e-01 3.778062658384442329e-01
6.088709677419354982e-01 5.604838709677418818e-01
6.088709677419354982e-01 6.008064516129032473e-01
6.077496580396508641e-01 7.697239001469325936e-01
6.088709677419354982e-01 8.508064516129032473e-01
6.088709677419354982e-01 8.669354838709677491e-01
6.078446109163304634e-01 9.690320929211955203e-01
6.133801293795958509e-01 3.762992206029593945e-01
6.129032258064516236e-01 5.604838709677418818e-01
6.155227300365485599e-01 6.018828382760647022e-01
6.130395646210790028e-01 7.653457060336105178e-01
6.101984170851327827e-01 7.647400765131497913e-01
6.129032258064516236e-01 8.467741935483871218e-01
6.129032258064516236e-01 8.709677419354838745e-01
6.090420050201036384e-01 9.710023062934558524e-01
6.171116210969029847e-01 3.756559148896485567e-01
6.172530525579913441e-01 5.602062732486369212e-01
6.174957306281994018e-01 6.040184451661433362e-01
6.152828945703203711e-01 7.603554968992548568e-01
6.135628819390530619e-01 7.595589773338888850e-01
6.169354838709677491e-01 8.427419354838709964e-01
6.169354838709677491e-01 8.709677419354838745e-01
6.143391001894469294e-01 9.737649055633453843e-01
6.210332369772649797e-01 3.752844730042852461e-01
6.208074822605985643e-01 5.598689730958862354e-01
6.204979850989466028e-01 6.056002850922185266e-01
6.209677419354838745e-01 8.427419354838709964e-01
6.209677419354838745e-01 8.750000000000000000e-01
6.189064559256357567e-01 9.775431187365264396e-01
6.249999999687037011e-01 3.749999999988188892e-01
6.245230964268557727e-01 5.591846503647824873e-01
6.221390082500874996e-01 6.075873659968736851e-01
6.250000000000000000e-01 8.427419354838709964e-01
6.250000000000000000e-01 8.750000000000000000e-01
6.220882060006260872e-01 9.822344590023520672e-01
6.253440638538450003e-01 9.816501471063783235e-01
6.289667631245984269e-01 3.747155270539224148e-01
6.270876728268640621e-01 5.576776051292976488e-01
6.299480206836315377e-01 6.079102739890767104e-01
6.290322580645161255e-01 8.427419354838709964e-01
6.290322580645161255e-01 8.790322580645161255e-01
6.261965431077706201e-01 9.882111714574538519e-01
6.289431926526313221e-01 9.877126568387593064e-01
6.328883789758565914e-01 3.743440851103514433e-01
6.350091013666843143e-01 5.592578787416699893e-01
6.302467680145655837e-01 6.112679240609248943e-01
6.354158204123978582e-01 8.410381447418683321e-01
6.303294885513042178e-01 8.807901192959698422e-01
6.297924157772814002e-01 9.942331184828353541e-01
6.313183192471643057e-01 9.932352313771843910e-01
6.366198706204041491e-01 3.737007793970406055e-01
6.375793010923981319e-01 5.577958198789987332e-01
6.363683933854072938e-01 6.136172767615907242e-01
6.375486948640055607e-01 8.388246317798245810e-01
6.368571374299673016e-01 8.831896362610296425e-01
6.391844470204124384e-01 3.721937341615557671e-01
6.413191474280357518e-01 5.572109965085532135e-01
6.429320647298628622e-01 6.162338965730140838e-01
6.397417478879252606e-01 8.366286534245216400e-01
6.431991572176376515e-01 8.854000362447432826e-01
6.471058755602326906e-01 3.737740077739281075e-01
6.452539348726032964e-01 5.569185848524342841e-01
6.423191445834574020e-01 6.198567526805545125e-01
6.476719012904551542e-01 8.376638688702857660e-01
6.430911653630074776e-01 8.887935121423534701e-01
6.496760752859465082e-01 3.723119489112568514e-01
6.492431911399527689e-01 5.567465779257021463e-01
6.469079172464027305e-01 6.239274650541765110e-01
6.497658335363432069e-01 8.360473620329773592e-01
6.494869335663444598e-01 8.909633267326317885e-01
6.534159215342726368e-01 3.717271255408113317e-01
6.532529560944596581e-01 5.566341118627009532e-01
6.503577736702056411e-01 6.286223833449184895e-01
6.532695221002570163e-01 6.281478813072035594e-01
6.555926212139667753e-01 6.460951308479472299e-01
6.543425282260643128e-01 6.457394737780334237e-01
6.534018423671142939e-01 8.352090136820240485e-01
6.560475746199728730e-01 8.933259956726443685e-01
6.573507091534631641e-01 3.714347138846924024e-01
6.572720425292866153e-01 5.565550816771123177e-01
6.532243481206316815e-01 6.349997920990591016e-01
6.548410270197857486e-01 6.364181550565145562e-01
6.552948742474038468e-01 6.389171544146994286e-01
6.544493106494266854e-01 6.400753233071055925e-01
6.572225008431198390e-01 8.346102436759881282e-01
6.559606367091257439e-01 8.965083125700813449e-01
6.613399654171746578e-01 3.712627069579602646e-01
6.612959459199930778e-01 5.564965993233330632e-01
6.610329423321320563e-01 8.340047660955949294e-01
6.637032601621842831e-01 8.974113242227523823e-01
6.633579858218229264e-01 9.415837922734359156e-01
6.653497301661357444e-01 3.711502408949590714e-01
6.653225806082827543e-01 5.564516129032257563e-01
6.642871998858848048e-01 8.332320582910230922e-01
6.639346628592559529e-01 9.005992599056973358e-01
6.652762688511668632e-01 9.413590968526419633e-01
6.693631932297824383e-01 3.710262242892631290e-01
6.693548386727988797e-01 5.564516129032257563e-01
6.666084953298371252e-01 8.314926139634823965e-01
6.718516886880200323e-01 9.010993972450734857e-01
6.733787420694610226e-01 3.709092595889805777e-01
6.733870966558243021e-01 5.564516129032257563e-01
6.747904196832208434e-01 8.319881824596274678e-01
6.735008564224229666e-01 9.037286346109824064e-01
6.773922051958628510e-01 3.707852429760086777e-01
6.774137314993616821e-01 5.564965993233330632e-01
6.754804967692301654e-01 8.290198545024219934e-01
6.748370667243556165e-01 9.061196440860869172e-01
6.813860925047323658e-01 3.706317598661107438e-01
6.814376349710131731e-01 5.565550816771123177e-01
6.833589188116151458e-01 8.294724307038010558e-01
6.824078623265508181e-01 9.070773092689998762e-01
6.853521766005864491e-01 3.704078912231770770e-01
6.854567213248951019e-01 5.566341118627009532e-01
6.855603516650584650e-01 8.274524287102864584e-01
6.820687201670220245e-01 9.103352236861903535e-01
6.892514004740083466e-01 3.700483038518277423e-01
6.894664861957285895e-01 5.567465779257021463e-01
6.887976747839862357e-01 8.260244445541062852e-01
6.867409404968062292e-01 9.147265052062368840e-01
6.929330747863728934e-01 3.693742832364214079e-01
6.934557424594400832e-01 5.569185848524342841e-01
6.916938051055636638e-01 8.237380759805561503e-01
6.898372235647853845e-01 9.194530554025643898e-01
6.922660546317216390e-01 9.203281136991966482e-01
6.944501569434520238e-01 9.214157902620612184e-01
6.954000700009806968e-01 3.677918201973361390e-01
6.973905299913191191e-01 5.572109965085532135e-01
6.975806451612903691e-01 8.225806451612903691e-01
6.939222911117418624e-01 9.286844137147248768e-01
6.959098664322688199e-01 9.306530583360712594e-01
6.961823476688756562e-01 9.333105538370868315e-01
6.967469065660431005e-01 9.364756665327736984e-01
6.968791483762494243e-01 9.385906916051622861e-01
6.970382548264048017e-01 9.396154762456013776e-01
7.033514959752680262e-01 3.689413489698762927e-01
7.011303763269567391e-01 5.577958198789987332e-01
7.016129032258064946e-01 8.225806451612903691e-01
7.056061114040682591e-01 3.668426051442492675e-01
7.037005760526705567e-01 5.592578787416699893e-01
7.056451612903226200e-01 8.225806451612903691e-01
7.075043217834806608e-01 3.648145508411670956e-01
7.116220045924908089e-01 5.576776051292976488e-01
7.096774193548387455e-01 8.185483870967742437e-01
7.158015599369161874e-01 3.656913040791668346e-01
7.141922043182046265e-01 5.591396639919689049e-01
7.137096774193548709e-01 8.145161290322581182e-01
7.181899899141788168e-01 3.638696581943922093e-01
7.179320506538422464e-01 5.597244873624144246e-01
7.177419354838709964e-01 8.145161290322581182e-01
7.217160215178380911e-01 3.628140285833186818e-01
7.218668380984097910e-01 5.600168990185333540e-01
7.217741935483871218e-01 8.024193548387096309e-01
7.217741935483871218e-01 8.064516129032257563e-01
7.217741935483871218e-01 8.104838709677418818e-01
7.217741935483871218e-01 8.145161290322581182e-01
7.252196295660049419e-01 3.617492129447900107e-01
7.258560943657592635e-01 5.601889059452654918e-01
7.258064516129032473e-01 7.943548387096773800e-01
7.258064516129032473e-01 7.983870967741935054e-01
7.258064516129032473e-01 8.185483870967742437e-01
7.275212156631413185e-01 3.599058337164141586e-01
7.298658592802483858e-01 5.603013720082666849e-01
7.298387096774193727e-01 7.903225806451612545e-01
7.298387096774193727e-01 8.225806451612903691e-01
7.354076399783333606e-01 3.604930809083124466e-01
7.338849456332208199e-01 5.603804021938553204e-01
7.338709677419354982e-01 7.903225806451612545e-01
7.338709677419354982e-01 8.225806451612903691e-01
7.364802170665033509e-01 3.575017878169854946e-01
7.379088491457995724e-01 5.604388845476345749e-01
7.379032258064516236e-01 7.862903225806451291e-01
7.379032258064516236e-01 8.225806451612903691e-01
7.446625118534411225e-01 3.580860803880158150e-01
7.419354838671009533e-01 5.604838709677418818e-01
7.400998526643360886e-01 7.829463380922172533e-01
7.419354838709677491e-01 8.225806451612903691e-01
7.466806351984550671e-01 3.565075867621588790e-01
7.459677419723623748e-01 5.604838709677418818e-01
7.435611836807501929e-01 7.787119592511800859e-01
7.459677419354838745e-01 8.225806451612903691e-01
7.503089227247983217e-01 3.557438762903574192e-01
7.500000001183692033e-01 5.604838709677418818e-01
7.486925523262470961e-01 7.730323006549189024e-01
7.477930502500385046e-01 7.733662800352659739e-01
7.460661502555012703e-01 7.736219658043175240e-01
7.500000000000000000e-01 8.185483870967742437e-01
7.541723664363680912e-01 3.552832370436179721e-01
7.540322580276376252e-01 5.604838709677418818e-01
7.540322580645161255e-01 8.185483870967742437e-01
7.580876884042100361e-01 3.548905713827069652e-01
7.580645161659107512e-01 5.604838709677418818e-01
7.582490079150903117e-01 8.192627843292881185e-01
7.620081069075123059e-01 3.545023749860364282e-01
7.620967741974151721e-01 5.604838709677418818e-01
7.621837955197289238e-01 8.189703726440653586e-01
7.655342678340422147e-01 3.541087438164639556e-01
7.661290321396952985e-01 5.604838709677418818e-01
7.661646971505580161e-01 8.187398833453640723e-01
7.691742939829465664e-01 3.533353374617534959e-01
7.701612903594591275e-01 5.604838709677418818e-01
7.701612903320296244e-01 8.185483870955930774e-01
7.715869306346341272e-01 3.516591525216016256e-01
7.741879250477488039e-01 5.604388845476345749e-01
7.741578835746387721e-01 8.183568908481844151e-01
7.794701840292902473e-01 3.526491819422752361e-01
7.782118285194002949e-01 5.603804021938553204e-01
7.781229076471419814e-01 8.180853845607940489e-01
7.815960322341490851e-01 3.504331599171799372e-01
7.822309149951545137e-01 5.603013720082666849e-01
7.820288996163364814e-01 8.176961247283485168e-01
7.835972399090326279e-01 3.481724783552870850e-01
7.862406797441156003e-01 5.601889059452654918e-01
7.857331823080687672e-01 8.170441255844649309e-01
7.917846392750018669e-01 3.482362521782277343e-01
7.902299360078270940e-01 5.600168990185333540e-01
7.879011959678703381e-01 8.155788732166853183e-01
7.922431232122283395e-01 3.451202810711918589e-01
7.941647236270176213e-01 5.597244873624144246e-01
7.961677295801740106e-01 8.167625440419802318e-01
8.006745768230287830e-01 3.446418596131186063e-01
7.979045698753437499e-01 5.591396639919689049e-01
7.986048950711377437e-01 8.149408980989979456e-01
8.014959797052846335e-01 3.414443789215217406e-01
8.004747696010575675e-01 5.576776051292976488e-01
8.019941575964161240e-01 8.136820539385231088e-01
8.092851678900900847e-01 3.418080691143028926e-01
8.083961981408778197e-01 5.592578787416699893e-01
8.043636819873485333e-01 8.118071787194499622e-01
8.115357853802701582e-01 3.399602042871617269e-01
8.109663978665916373e-01 5.577958198789987332e-01
8.123711270144989838e-01 8.127800048659404863e-01
8.150262217405402909e-01 3.389138289593017217e-01
8.147062441149178769e-01 5.572109965085532135e-01
8.145907423696049365e-01 8.106439253587590654e-01
8.185771319824139969e-01 3.379064932476819050e-01
8.186410316467969128e-01 5.569185848524342841e-01
8.168329665842917198e-01 8.085298677305540194e-01
8.203648611182167150e-01 3.363362418848179769e-01
8.226302879978198979e-01 5.567465779257021463e-01
8.251052341168566562e-01 8.095415311925593382e-01
8.281928699711458286e-01 3.375577358153438179e-01
8.266400528686532745e-01 5.566341118627009532e-01
8.272282155362078448e-01 8.080450716022882229e-01
8.298961394053373519e-01 3.361145051519175975e-01
8.306591392225352033e-01 5.565550816771123177e-01
8.309098897612609003e-01 8.073710509868818885e-01
8.330279900316870378e-01 3.354778200361667184e-01
8.346830427755864701e-01 5.564965993233330632e-01
8.348091138093056696e-01 8.070114636155325538e-01
8.362158705375247747e-01 3.351443913040472178e-01
8.387096774562333712e-01 5.564516129032257563e-01
8.387695745066946484e-01 8.067426085415776438e-01
8.392304209691863193e-01 3.349723843773150800e-01
8.427419355207494966e-01 5.564516129032257563e-01
8.427551071463019738e-01 8.065306430960903494e-01
8.417781271010397193e-01 3.348599183143138869e-01
8.467741935037749190e-01 5.564516129032257563e-01
8.467451442857935051e-01 8.063315656780163376e-01
8.428730966763631205e-01 3.347808881287252514e-01
8.508064516167700431e-01 5.564516129032257563e-01
8.507233823540680806e-01 8.061087556068800009e-01
8.548387096812861685e-01 5.564516129032257563e-01
8.543274378565500760e-01 8.059105899827103681e-01
8.588709678272931081e-01 5.564516129032257563e-01
8.581707598491301603e-01 8.054880776851918167e-01
8.628976025894307122e-01 5.564066264831184494e-01
8.617586668002449324e-01 8.047341142608332998e-01
8.665616146970405165e-01 5.563931305567224594e-01
8.640522863640780482e-01 8.030582559820744759e-01
8.701713245208074765e-01 5.563725827030852056e-01
8.718165037533899264e-01 8.035568569809378170e-01
8.737069080816581845e-01 5.563391468547764784e-01
8.726734700612723827e-01 8.004265520045713567e-01
8.771338341795208438e-01 5.562796059910455337e-01
8.804226528192239387e-01 8.001721128107859293e-01
8.803805939462636676e-01 5.561592011597953356e-01
8.811384091461678114e-01 7.968927046036227146e-01
8.832432056191347192e-01 5.558667894163649148e-01
8.900997213899127791e-01 7.960276346833955463e-01
8.846437577308425837e-01 5.549895542733851439e-01
8.919435845023291343e-01 7.934331820410255309e-01
8.866721230048325575e-01 5.563880136957571887e-01
8.951612903225806273e-01 7.943548387096773800e-01
8.991935483870967527e-01 7.903225806451612545e-01
9.032258064516128782e-01 7.903225806451612545e-01
9.072580645161290036e-01 7.862903225806451291e-01
9.112903225806451291e-01 7.701612903225806273e-01
9.112903225806451291e-01 7.741935483870967527e-01
9.112903225806451291e-01 7.782258064516128782e-01
9.112903225806451291e-01 7.822580645161290036e-01
9.153225806451612545e-01 7.661290322580645018e-01
9.153225806451612545e-01 7.822580645161290036e-01
9.193548387096773800e-01 7.620967741935483764e-01
9.193548387096773800e-01 7.822580645161290036e-01
9.233870967741935054e-01 7.580645161290322509e-01
9.233870967741935054e-01 7.822580645161290036e-01
9.274193548387096309e-01 7.580645161290322509e-01
9.274193548387096309e-01 7.822580645161290036e-01
9.314516129032257563e-01 7.580645161290322509e-01
9.314516129032257563e-01 7.822580645161290036e-01
9.354838709677418818e-01 7.580645161290322509e-01
9.354838709677418818e-01 7.822580645161290036e-01
9.395161290322581182e-01 7.580645161290322509e-01
9.395161290322581182e-01 7.822580645161290036e-01
9.435483870967742437e-01 7.580645161290322509e-01
9.435483870967742437e-01 7.822580645161290036e-01
9.475806451612903691e-01 7.580645161290322509e-01
9.475806451612903691e-01 7.822580645161290036e-01
9.516129032258064946e-01 7.580645161290322509e-01
9.516129032258064946e-01 7.741935483870967527e-01
9.516129032258064946e-01 7.782258064516128782e-01
9.556451612903226200e-01 7.620967741935483764e-01
9.556451612903226200e-01 7.661290322580645018e-01
9.556451612903226200e-01 7.701612903225806273e-01
9.596774193548387455e-01 7.620967741935483764e-01
9.637096774193548709e-01 7.620967741935483764e-01
9.677419354838709964e-01 7.620967741935483764e-01
9.717741935483871218e-01 7.620967741935483764e-01
9.758064516129032473e-01 7.620967741935483764e-01
9.769789810337486946e-01 7.626622006759017358e-01
9.811825866195102996e-01 7.623926210620876054e-01
9.845153986130871226e-01 7.625201757877103637e-01
9.880819152965540919e-01 7.626815976804092179e-01
9.894824674082619564e-01 7.635588328233889888e-01
9.915108326822519302e-01 7.621603734010169440e-01
