0.000000000000000000e+00 8.057851239669421295e-01
0.000000000000000000e+00 8.099173553719007934e-01
0.000000000000000000e+00 8.140495867768594573e-01
0.000000000000000000e+00 8.181818181818182323e-01
0.000000000000000000e+00 8.223140495867768962e-01
0.000000000000000000e+00 8.264462809917355601e-01
0.000000000000000000e+00 8.677685950413223104e-01
0.000000000000000000e+00 8.719008264462809743e-01
3.921568627450980338e-03 8.305785123966942241e-01
3.921568627450980338e-03 8.595041322314049825e-01
3.921568627450980338e-03 8.636363636363636465e-01
7.843137254901960675e-03 8.347107438016528880e-01
7.843137254901960675e-03 8.429752066115702158e-01
7.843137254901960675e-03 8.471074380165288797e-01
7.843137254901960675e-03 8.512396694214876547e-01
7.843137254901960675e-03 8.553719008264463186e-01
1.176470588235294101e-02 8.388429752066115519e-01
1.568627450980392135e-02 8.388429752066115519e-01
1.960784313725490169e-02 8.388429752066115519e-01
2.352941176470588203e-02 8.388429752066115519e-01
2.745098039215686236e-02 8.347107438016528880e-01
3.137254901960784270e-02 8.347107438016528880e-01
3.529411764705882304e-02 8.305785123966942241e-01
3.921568627450980338e-02 8.305785123966942241e-01
4.313725490196078372e-02 8.305785123966942241e-01
4.705882352941176405e-02 8.347107438016528880e-01
5.098039215686274439e-02 8.347107438016528880e-01
5.490196078431372473e-02 8.347107438016528880e-01
5.882352941176470507e-02 8.347107438016528880e-01
6.274509803921568540e-02 8.347107438016528880e-01
6.666666666666666574e-02 4.752066115702479610e-01
6.666666666666666574e-02 8.347107438016528880e-01
7.058823529411764608e-02 4.752066115702479610e-01
7.058823529411764608e-02 8.347107438016528880e-01
7.450980392156862642e-02 4.793388429752066249e-01
7.450980392156862642e-02 8.347107438016528880e-01
7.843137254901960675e-02 4.834710743801652888e-01
7.843137254901960675e-02 8.347107438016528880e-01
8.235294117647058709e-02 4.876033057851239527e-01
8.235294117647058709e-02 8.347107438016528880e-01
8.627450980392156743e-02 4.876033057851239527e-01
8.627450980392156743e-02 8.347107438016528880e-01
9.019607843137254777e-02 4.876033057851239527e-01
9.019607843137254777e-02 8.347107438016528880e-01
9.411764705882352811e-02 4.917355371900826722e-01
9.411764705882352811e-02 8.347107438016528880e-01
9.803921568627450844e-02 4.917355371900826722e-01
9.803921568627450844e-02 8.305785123966942241e-01
1.019607843137254888e-01 4.917355371900826722e-01
1.019607843137254888e-01 8.305785123966942241e-01
1.058823529411764691e-01 4.958677685950413361e-01
1.058823529411764691e-01 8.305785123966942241e-01
1.098039215686274495e-01 4.958677685950413361e-01
1.098039215686274495e-01 8.305785123966942241e-01
1.137254901960784298e-01 4.958677685950413361e-01
1.137254901960784298e-01 8.305785123966942241e-01
1.176470588235294101e-01 5.000000000000000000e-01
1.176470588235294101e-01 8.305785123966942241e-01
1.215686274509803905e-01 5.000000000000000000e-01
1.215686274509803905e-01 8.264462809917355601e-01
1.254901960784313708e-01 5.000000000000000000e-01
1.254901960784313708e-01 8.264462809917355601e-01
1.294117647058823650e-01 5.041322314049586639e-01
1.294117647058823650e-01 8.264462809917355601e-01
1.333333333333333315e-01 5.041322314049586639e-01
1.333333333333333315e-01 8.264462809917355601e-01
1.372549019607843257e-01 5.082644628099173278e-01
1.372549019607843257e-01 8.264462809917355601e-01
1.411764705882352922e-01 5.082644628099173278e-01
1.411764705882352922e-01 8.264462809917355601e-01
1.450980392156862864e-01 3.512396694214875992e-01
1.450980392156862864e-01 5.082644628099173278e-01
1.450980392156862864e-01 8.264462809917355601e-01
1.490196078431372528e-01 3.512396694214875992e-01
1.490196078431372528e-01 5.082644628099173278e-01
1.490196078431372528e-01 8.305785123966942241e-01
1.529411764705882470e-01 3.512396694214875992e-01
1.529411764705882470e-01 5.123966942148759918e-01
1.529411764705882470e-01 8.305785123966942241e-01
1.568627450980392135e-01 3.512396694214875992e-01
1.568627450980392135e-01 5.123966942148759918e-01
1.568627450980392135e-01 8.305785123966942241e-01
1.607843137254902077e-01 3.512396694214875992e-01
1.607843137254902077e-01 5.123966942148759918e-01
1.607843137254902077e-01 8.305785123966942241e-01
1.647058823529411742e-01 3.512396694214875992e-01
1.647058823529411742e-01 5.165289256198346557e-01
1.647058823529411742e-01 8.305785123966942241e-01
1.686274509803921684e-01 3.512396694214875992e-01
1.686274509803921684e-01 5.165289256198346557e-01
1.686274509803921684e-01 8.305785123966942241e-01
1.725490196078431349e-01 3.512396694214875992e-01
1.725490196078431349e-01 5.206611570247934306e-01
1.725490196078431349e-01 8.305785123966942241e-01
1.764705882352941291e-01 3.471074380165289353e-01
1.764705882352941291e-01 5.206611570247934306e-01
1.764705882352941291e-01 8.305785123966942241e-01
1.803921568627450955e-01 3.471074380165289353e-01
1.803921568627450955e-01 5.206611570247934306e-01
1.803921568627450955e-01 8.305785123966942241e-01
1.843137254901960898e-01 3.471074380165289353e-01
1.843137254901960898e-01 5.206611570247934306e-01
1.843137254901960898e-01 8.305785123966942241e-01
1.882352941176470562e-01 3.471074380165289353e-01
1.882352941176470562e-01 5.206611570247934306e-01
1.882352941176470562e-01 8.347107438016528880e-01
1.921568627450980504e-01 3.471074380165289353e-01
1.921568627450980504e-01 5.206611570247934306e-01
1.921568627450980504e-01 8.347107438016528880e-01
1.960784313725490169e-01 3.471074380165289353e-01
1.960784313725490169e-01 5.247933884297520946e-01
1.960784313725490169e-01 8.347107438016528880e-01
2.000000000000000111e-01 3.471074380165289353e-01
2.000000000000000111e-01 5.247933884297520946e-01
2.000000000000000111e-01 8.388429752066115519e-01
2.039215686274509776e-01 3.471074380165289353e-01
2.039215686274509776e-01 5.289256198347107585e-01
2.039215686274509776e-01 8.388429752066115519e-01
2.078431372549019718e-01 3.471074380165289353e-01
2.078431372549019718e-01 5.289256198347107585e-01
2.078431372549019718e-01 8.388429752066115519e-01
2.117647058823529382e-01 3.471074380165289353e-01
2.117647058823529382e-01 5.289256198347107585e-01
2.117647058823529382e-01 8.388429752066115519e-01
2.156862745098039325e-01 3.471074380165289353e-01
2.156862745098039325e-01 5.289256198347107585e-01
2.156862745098039325e-01 8.388429752066115519e-01
2.196078431372548989e-01 3.471074380165289353e-01
2.196078431372548989e-01 5.289256198347107585e-01
2.196078431372548989e-01 8.388429752066115519e-01
2.235294117647058931e-01 3.471074380165289353e-01
2.235294117647058931e-01 5.330578512396694224e-01
2.235294117647058931e-01 8.388429752066115519e-01
2.274509803921568596e-01 3.471074380165289353e-01
2.274509803921568596e-01 5.371900826446280863e-01
2.274509803921568596e-01 8.388429752066115519e-01
2.313725490196078538e-01 3.471074380165289353e-01
2.313725490196078538e-01 5.371900826446280863e-01
2.313725490196078538e-01 8.388429752066115519e-01
2.352941176470588203e-01 3.471074380165289353e-01
2.352941176470588203e-01 5.371900826446280863e-01
2.352941176470588203e-01 8.388429752066115519e-01
2.392156862745098145e-01 3.471074380165289353e-01
2.392156862745098145e-01 5.413223140495867503e-01
2.392156862745098145e-01 8.388429752066115519e-01
2.431372549019607809e-01 3.471074380165289353e-01
2.431372549019607809e-01 5.413223140495867503e-01
2.431372549019607809e-01 8.388429752066115519e-01
2.470588235294117752e-01 3.471074380165289353e-01
2.470588235294117752e-01 5.413223140495867503e-01
2.470588235294117752e-01 8.388429752066115519e-01
2.509803921568627416e-01 3.471074380165289353e-01
2.509803921568627416e-01 5.454545454545454142e-01
2.509803921568627416e-01 8.388429752066115519e-01
2.549019607843137081e-01 3.471074380165289353e-01
2.549019607843137081e-01 5.454545454545454142e-01
2.549019607843137081e-01 8.388429752066115519e-01
2.588235294117647300e-01 3.471074380165289353e-01
2.588235294117647300e-01 5.454545454545454142e-01
2.588235294117647300e-01 6.157024793388429229e-01
2.588235294117647300e-01 8.388429752066115519e-01
2.627450980392156965e-01 3.471074380165289353e-01
2.627450980392156965e-01 5.454545454545454142e-01
2.627450980392156965e-01 6.115702479338842590e-01
2.627450980392156965e-01 8.388429752066115519e-01
2.666666666666666630e-01 3.471074380165289353e-01
2.666666666666666630e-01 5.495867768595040781e-01
2.666666666666666630e-01 6.074380165289255951e-01
2.666666666666666630e-01 8.388429752066115519e-01
2.705882352941176294e-01 3.471074380165289353e-01
2.705882352941176294e-01 5.495867768595040781e-01
2.705882352941176294e-01 6.033057851239669311e-01
2.705882352941176294e-01 8.388429752066115519e-01
2.745098039215686514e-01 3.471074380165289353e-01
2.745098039215686514e-01 5.537190082644628530e-01
2.745098039215686514e-01 5.991735537190082672e-01
2.745098039215686514e-01 8.429752066115702158e-01
2.784313725490196179e-01 3.471074380165289353e-01
2.784313725490196179e-01 5.537190082644628530e-01
2.784313725490196179e-01 5.991735537190082672e-01
2.784313725490196179e-01 8.388429752066115519e-01
2.823529411764705843e-01 3.471074380165289353e-01
2.823529411764705843e-01 5.537190082644628530e-01
2.823529411764705843e-01 5.991735537190082672e-01
2.823529411764705843e-01 8.388429752066115519e-01
2.862745098039215508e-01 3.471074380165289353e-01
2.862745098039215508e-01 5.578512396694215170e-01
2.862745098039215508e-01 5.991735537190082672e-01
2.862745098039215508e-01 8.388429752066115519e-01
2.901960784313725727e-01 3.471074380165289353e-01
2.901960784313725727e-01 5.578512396694215170e-01
2.901960784313725727e-01 5.909090909090909394e-01
2.901960784313725727e-01 5.950413223140496033e-01
2.901960784313725727e-01 5.991735537190082672e-01
2.901960784313725727e-01 6.033057851239669311e-01
2.901960784313725727e-01 6.074380165289255951e-01
2.901960784313725727e-01 8.388429752066115519e-01
2.941176470588235392e-01 3.471074380165289353e-01
2.941176470588235392e-01 5.619834710743801809e-01
2.941176470588235392e-01 5.743801652892561727e-01
2.941176470588235392e-01 5.785123966942148366e-01
2.941176470588235392e-01 5.826446280991735005e-01
2.941176470588235392e-01 5.867768595041322754e-01
2.941176470588235392e-01 6.115702479338842590e-01
2.941176470588235392e-01 6.280991735537190257e-01
2.941176470588235392e-01 6.322314049586776896e-01
2.941176470588235392e-01 8.388429752066115519e-01
2.980392156862745057e-01 3.471074380165289353e-01
2.980392156862745057e-01 5.661157024793388448e-01
2.980392156862745057e-01 5.702479338842975087e-01
2.980392156862745057e-01 6.115702479338842590e-01
2.980392156862745057e-01 6.239669421487603618e-01
2.980392156862745057e-01 8.388429752066115519e-01
3.019607843137254721e-01 3.471074380165289353e-01
3.019607843137254721e-01 5.661157024793388448e-01
3.019607843137254721e-01 6.157024793388429229e-01
3.019607843137254721e-01 6.198347107438016979e-01
3.019607843137254721e-01 8.388429752066115519e-01
3.058823529411764941e-01 3.429752066115702713e-01
3.058823529411764941e-01 5.661157024793388448e-01
3.058823529411764941e-01 6.157024793388429229e-01
3.058823529411764941e-01 7.768595041322313710e-01
3.058823529411764941e-01 8.388429752066115519e-01
3.098039215686274606e-01 3.429752066115702713e-01
3.098039215686274606e-01 5.661157024793388448e-01
3.098039215686274606e-01 6.157024793388429229e-01
3.098039215686274606e-01 7.809917355371900349e-01
3.098039215686274606e-01 7.851239669421488099e-01
3.098039215686274606e-01 7.892561983471074738e-01
3.098039215686274606e-01 7.933884297520661377e-01
3.098039215686274606e-01 8.388429752066115519e-01
3.137254901960784270e-01 3.429752066115702713e-01
3.137254901960784270e-01 5.661157024793388448e-01
3.137254901960784270e-01 6.157024793388429229e-01
3.137254901960784270e-01 7.975206611570248016e-01
3.137254901960784270e-01 8.016528925619834656e-01
3.137254901960784270e-01 8.057851239669421295e-01
3.137254901960784270e-01 8.099173553719007934e-01
3.137254901960784270e-01 8.388429752066115519e-01
3.176470588235293935e-01 3.429752066115702713e-01
3.176470588235293935e-01 5.661157024793388448e-01
3.176470588235293935e-01 6.115702479338842590e-01
3.176470588235293935e-01 8.140495867768594573e-01
3.176470588235293935e-01 8.181818181818182323e-01
3.176470588235293935e-01 8.223140495867768962e-01
3.176470588235293935e-01 8.264462809917355601e-01
3.176470588235293935e-01 8.305785123966942241e-01
3.176470588235293935e-01 8.347107438016528880e-01
3.176470588235293935e-01 8.388429752066115519e-01
3.215686274509804154e-01 3.388429752066115519e-01
3.215686274509804154e-01 5.661157024793388448e-01
3.215686274509804154e-01 6.115702479338842590e-01
3.215686274509804154e-01 8.388429752066115519e-01
3.254901960784313819e-01 3.388429752066115519e-01
3.254901960784313819e-01 5.702479338842975087e-01
3.254901960784313819e-01 6.074380165289255951e-01
3.254901960784313819e-01 8.388429752066115519e-01
3.294117647058823484e-01 3.388429752066115519e-01
3.294117647058823484e-01 5.702479338842975087e-01
3.294117647058823484e-01 6.074380165289255951e-01
3.294117647058823484e-01 8.388429752066115519e-01
3.333333333333333148e-01 3.388429752066115519e-01
3.333333333333333148e-01 5.702479338842975087e-01
3.333333333333333148e-01 6.033057851239669311e-01
3.333333333333333148e-01 8.388429752066115519e-01
3.372549019607843368e-01 3.388429752066115519e-01
3.372549019607843368e-01 5.702479338842975087e-01
3.372549019607843368e-01 5.909090909090909394e-01
3.372549019607843368e-01 5.950413223140496033e-01
3.372549019607843368e-01 5.991735537190082672e-01
3.372549019607843368e-01 8.388429752066115519e-01
3.411764705882353033e-01 3.388429752066115519e-01
3.411764705882353033e-01 5.743801652892561727e-01
3.411764705882353033e-01 5.785123966942148366e-01
3.411764705882353033e-01 5.826446280991735005e-01
3.411764705882353033e-01 5.867768595041322754e-01
3.411764705882353033e-01 8.388429752066115519e-01
3.450980392156862697e-01 3.388429752066115519e-01
3.450980392156862697e-01 5.743801652892561727e-01
3.450980392156862697e-01 8.429752066115702158e-01
3.490196078431372362e-01 3.388429752066115519e-01
3.490196078431372362e-01 5.743801652892561727e-01
3.490196078431372362e-01 8.429752066115702158e-01
3.529411764705882582e-01 3.388429752066115519e-01
3.529411764705882582e-01 5.743801652892561727e-01
3.529411764705882582e-01 6.322314049586776896e-01
3.529411764705882582e-01 8.429752066115702158e-01
3.529411764705882582e-01 9.256198347107438273e-01
3.529411764705882582e-01 9.297520661157024913e-01
3.529411764705882582e-01 9.338842975206611552e-01
3.529411764705882582e-01 9.380165289256198191e-01
3.568627450980392246e-01 3.388429752066115519e-01
3.568627450980392246e-01 5.743801652892561727e-01
3.568627450980392246e-01 6.280991735537190257e-01
3.568627450980392246e-01 8.429752066115702158e-01
3.568627450980392246e-01 9.214876033057851634e-01
3.568627450980392246e-01 9.421487603305784830e-01
3.568627450980392246e-01 9.462809917355371470e-01
3.568627450980392246e-01 9.504132231404959219e-01
3.568627450980392246e-01 9.545454545454545858e-01
3.607843137254901911e-01 3.388429752066115519e-01
3.607843137254901911e-01 5.743801652892561727e-01
3.607843137254901911e-01 6.239669421487603618e-01
3.607843137254901911e-01 8.429752066115702158e-01
3.607843137254901911e-01 9.173553719008264995e-01
3.647058823529411575e-01 3.388429752066115519e-01
3.647058823529411575e-01 5.743801652892561727e-01
3.647058823529411575e-01 6.239669421487603618e-01
3.647058823529411575e-01 8.471074380165288797e-01
3.647058823529411575e-01 9.132231404958677246e-01
3.686274509803921795e-01 3.388429752066115519e-01
3.686274509803921795e-01 5.785123966942148366e-01
3.686274509803921795e-01 6.239669421487603618e-01
3.686274509803921795e-01 8.471074380165288797e-01
3.686274509803921795e-01 9.049586776859503967e-01
3.686274509803921795e-01 9.090909090909090606e-01
3.725490196078431460e-01 3.388429752066115519e-01
3.725490196078431460e-01 5.785123966942148366e-01
3.725490196078431460e-01 6.198347107438016979e-01
3.725490196078431460e-01 8.471074380165288797e-01
3.725490196078431460e-01 9.008264462809917328e-01
3.764705882352941124e-01 3.388429752066115519e-01
3.764705882352941124e-01 5.785123966942148366e-01
3.764705882352941124e-01 6.157024793388429229e-01
3.764705882352941124e-01 8.512396694214876547e-01
3.764705882352941124e-01 8.966942148760330689e-01
3.803921568627450789e-01 2.933884297520661377e-01
3.803921568627450789e-01 2.975206611570248016e-01
3.803921568627450789e-01 3.388429752066115519e-01
3.803921568627450789e-01 5.785123966942148366e-01
3.803921568627450789e-01 6.157024793388429229e-01
3.803921568627450789e-01 8.512396694214876547e-01
3.803921568627450789e-01 8.842975206611570771e-01
3.803921568627450789e-01 8.884297520661157410e-01
3.803921568627450789e-01 8.925619834710744049e-01
3.843137254901961009e-01 3.016528925619834656e-01
3.843137254901961009e-01 3.057851239669421295e-01
3.843137254901961009e-01 3.388429752066115519e-01
3.843137254901961009e-01 5.785123966942148366e-01
3.843137254901961009e-01 6.157024793388429229e-01
3.843137254901961009e-01 8.512396694214876547e-01
3.843137254901961009e-01 8.677685950413223104e-01
3.843137254901961009e-01 8.719008264462809743e-01
3.843137254901961009e-01 8.760330578512396382e-01
3.843137254901961009e-01 8.801652892561983021e-01
3.882352941176470673e-01 3.099173553719008489e-01
3.882352941176470673e-01 3.388429752066115519e-01
3.882352941176470673e-01 5.785123966942148366e-01
3.882352941176470673e-01 6.115702479338842590e-01
3.882352941176470673e-01 6.570247933884297842e-01
3.882352941176470673e-01 8.512396694214876547e-01
3.882352941176470673e-01 8.553719008264463186e-01
3.882352941176470673e-01 8.595041322314049825e-01
3.882352941176470673e-01 8.636363636363636465e-01
3.921568627450980338e-01 3.140495867768595128e-01
3.921568627450980338e-01 3.181818181818181768e-01
3.921568627450980338e-01 3.347107438016528880e-01
3.921568627450980338e-01 5.785123966942148366e-01
3.921568627450980338e-01 6.115702479338842590e-01
3.921568627450980338e-01 6.528925619834711203e-01
3.921568627450980338e-01 7.603305785123967153e-01
3.921568627450980338e-01 8.471074380165288797e-01
3.960784313725490002e-01 3.223140495867768407e-01
3.960784313725490002e-01 3.264462809917355601e-01
3.960784313725490002e-01 3.305785123966942241e-01
3.960784313725490002e-01 3.347107438016528880e-01
3.960784313725490002e-01 5.785123966942148366e-01
3.960784313725490002e-01 6.115702479338842590e-01
3.960784313725490002e-01 6.487603305785123453e-01
3.960784313725490002e-01 7.644628099173553792e-01
3.960784313725490002e-01 7.685950413223140432e-01
3.960784313725490002e-01 8.471074380165288797e-01
4.000000000000000222e-01 3.347107438016528880e-01
4.000000000000000222e-01 5.826446280991735005e-01
4.000000000000000222e-01 6.074380165289255951e-01
4.000000000000000222e-01 6.487603305785123453e-01
4.000000000000000222e-01 7.727272727272727071e-01
4.000000000000000222e-01 7.768595041322313710e-01
4.000000000000000222e-01 8.429752066115702158e-01
4.039215686274509887e-01 3.347107438016528880e-01
4.039215686274509887e-01 5.867768595041322754e-01
4.039215686274509887e-01 5.991735537190082672e-01
4.039215686274509887e-01 6.033057851239669311e-01
4.039215686274509887e-01 6.446280991735536814e-01
4.039215686274509887e-01 7.809917355371900349e-01
4.039215686274509887e-01 8.429752066115702158e-01
4.078431372549019551e-01 3.388429752066115519e-01
4.078431372549019551e-01 5.909090909090909394e-01
4.078431372549019551e-01 5.950413223140496033e-01
4.078431372549019551e-01 6.446280991735536814e-01
4.078431372549019551e-01 7.851239669421488099e-01
4.078431372549019551e-01 8.429752066115702158e-01
4.117647058823529216e-01 3.388429752066115519e-01
4.117647058823529216e-01 4.173553719008264440e-01
4.117647058823529216e-01 5.909090909090909394e-01
4.117647058823529216e-01 6.404958677685950175e-01
4.117647058823529216e-01 7.892561983471074738e-01
4.117647058823529216e-01 8.429752066115702158e-01
4.156862745098039436e-01 3.388429752066115519e-01
4.156862745098039436e-01 4.090909090909091161e-01
4.156862745098039436e-01 4.132231404958677801e-01
4.156862745098039436e-01 4.214876033057851079e-01
4.156862745098039436e-01 4.256198347107438273e-01
4.156862745098039436e-01 5.909090909090909394e-01
4.156862745098039436e-01 6.363636363636363535e-01
4.156862745098039436e-01 7.933884297520661377e-01
4.156862745098039436e-01 7.975206611570248016e-01
4.156862745098039436e-01 8.429752066115702158e-01
4.196078431372549100e-01 3.429752066115702713e-01
4.196078431372549100e-01 4.049586776859503967e-01
4.196078431372549100e-01 5.909090909090909394e-01
4.196078431372549100e-01 6.363636363636363535e-01
4.196078431372549100e-01 8.016528925619834656e-01
4.196078431372549100e-01 8.429752066115702158e-01
4.235294117647058765e-01 3.429752066115702713e-01
4.235294117647058765e-01 4.008264462809917328e-01
4.235294117647058765e-01 5.909090909090909394e-01
4.235294117647058765e-01 6.363636363636363535e-01
4.235294117647058765e-01 8.057851239669421295e-01
4.235294117647058765e-01 8.099173553719007934e-01
4.235294117647058765e-01 8.429752066115702158e-01
4.274509803921568429e-01 3.471074380165289353e-01
4.274509803921568429e-01 3.677685950413223104e-01
4.274509803921568429e-01 3.719008264462809743e-01
4.274509803921568429e-01 3.760330578512396937e-01
4.274509803921568429e-01 3.801652892561983577e-01
4.274509803921568429e-01 3.842975206611570216e-01
4.274509803921568429e-01 3.884297520661156855e-01
4.274509803921568429e-01 3.925619834710744049e-01
4.274509803921568429e-01 3.966942148760330689e-01
4.274509803921568429e-01 5.909090909090909394e-01
4.274509803921568429e-01 6.363636363636363535e-01
4.274509803921568429e-01 8.140495867768594573e-01
4.274509803921568429e-01 8.181818181818182323e-01
4.274509803921568429e-01 8.388429752066115519e-01
4.313725490196078649e-01 3.512396694214875992e-01
4.313725490196078649e-01 3.553719008264462631e-01
4.313725490196078649e-01 3.595041322314049825e-01
4.313725490196078649e-01 3.636363636363636465e-01
4.313725490196078649e-01 5.909090909090909394e-01
4.313725490196078649e-01 6.322314049586776896e-01
4.313725490196078649e-01 8.223140495867768962e-01
4.313725490196078649e-01 8.264462809917355601e-01
4.313725490196078649e-01 8.347107438016528880e-01
4.352941176470588314e-01 3.471074380165289353e-01
4.352941176470588314e-01 5.909090909090909394e-01
4.352941176470588314e-01 6.322314049586776896e-01
4.352941176470588314e-01 8.305785123966942241e-01
4.352941176470588314e-01 8.347107438016528880e-01
4.392156862745097978e-01 3.471074380165289353e-01
4.392156862745097978e-01 5.909090909090909394e-01
4.392156862745097978e-01 6.322314049586776896e-01
4.392156862745097978e-01 8.347107438016528880e-01
4.431372549019607643e-01 3.471074380165289353e-01
4.431372549019607643e-01 5.909090909090909394e-01
4.431372549019607643e-01 6.322314049586776896e-01
4.431372549019607643e-01 8.347107438016528880e-01
4.470588235294117863e-01 3.429752066115702713e-01
4.470588235294117863e-01 5.950413223140496033e-01
4.470588235294117863e-01 6.322314049586776896e-01
4.470588235294117863e-01 8.347107438016528880e-01
4.509803921568627527e-01 3.429752066115702713e-01
4.509803921568627527e-01 5.950413223140496033e-01
4.509803921568627527e-01 6.280991735537190257e-01
4.509803921568627527e-01 8.388429752066115519e-01
4.549019607843137192e-01 3.429752066115702713e-01
4.549019607843137192e-01 5.991735537190082672e-01
4.549019607843137192e-01 6.033057851239669311e-01
4.549019607843137192e-01 6.280991735537190257e-01
4.549019607843137192e-01 6.322314049586776896e-01
4.549019607843137192e-01 8.388429752066115519e-01
4.588235294117646856e-01 3.429752066115702713e-01
4.588235294117646856e-01 6.074380165289255951e-01
4.588235294117646856e-01 6.239669421487603618e-01
4.588235294117646856e-01 6.363636363636363535e-01
4.588235294117646856e-01 6.404958677685950175e-01
4.588235294117646856e-01 6.446280991735536814e-01
4.588235294117646856e-01 8.388429752066115519e-01
4.627450980392157076e-01 3.429752066115702713e-01
4.627450980392157076e-01 6.115702479338842590e-01
4.627450980392157076e-01 6.198347107438016979e-01
4.627450980392157076e-01 6.404958677685950175e-01
4.627450980392157076e-01 6.487603305785123453e-01
4.627450980392157076e-01 8.429752066115702158e-01
4.666666666666666741e-01 3.429752066115702713e-01
4.666666666666666741e-01 6.157024793388429229e-01
4.666666666666666741e-01 6.446280991735536814e-01
4.666666666666666741e-01 6.487603305785123453e-01
4.666666666666666741e-01 8.429752066115702158e-01
4.705882352941176405e-01 3.471074380165289353e-01
4.705882352941176405e-01 6.157024793388429229e-01
4.705882352941176405e-01 6.487603305785123453e-01
4.705882352941176405e-01 8.429752066115702158e-01
4.705882352941176405e-01 8.471074380165288797e-01
4.705882352941176405e-01 8.512396694214876547e-01
4.705882352941176405e-01 8.553719008264463186e-01
4.705882352941176405e-01 8.595041322314049825e-01
4.705882352941176405e-01 8.636363636363636465e-01
4.705882352941176405e-01 8.677685950413223104e-01
4.705882352941176405e-01 8.719008264462809743e-01
4.705882352941176405e-01 8.760330578512396382e-01
4.705882352941176405e-01 8.801652892561983021e-01
4.705882352941176405e-01 8.842975206611570771e-01
4.705882352941176405e-01 8.884297520661157410e-01
4.705882352941176405e-01 8.925619834710744049e-01
4.705882352941176405e-01 8.966942148760330689e-01
4.705882352941176405e-01 9.008264462809917328e-01
4.705882352941176405e-01 9.049586776859503967e-01
4.705882352941176405e-01 9.090909090909090606e-01
4.705882352941176405e-01 9.132231404958677246e-01
4.705882352941176405e-01 9.173553719008264995e-01
4.705882352941176405e-01 9.214876033057851634e-01
4.705882352941176405e-01 9.256198347107438273e-01
4.745098039215686070e-01 3.471074380165289353e-01
4.745098039215686070e-01 6.115702479338842590e-01
4.745098039215686070e-01 6.157024793388429229e-01
4.745098039215686070e-01 6.198347107438016979e-01
4.745098039215686070e-01 6.528925619834711203e-01
4.745098039215686070e-01 6.570247933884297842e-01
4.745098039215686070e-01 6.611570247933884481e-01
4.745098039215686070e-01 6.652892561983471120e-01
4.745098039215686070e-01 6.694214876033057759e-01
4.745098039215686070e-01 6.735537190082644399e-01
4.745098039215686070e-01 8.429752066115702158e-01
4.745098039215686070e-01 9.297520661157024913e-01
4.745098039215686070e-01 9.338842975206611552e-01
4.745098039215686070e-01 9.380165289256198191e-01
4.745098039215686070e-01 9.421487603305784830e-01
4.745098039215686070e-01 9.462809917355371470e-01
4.745098039215686070e-01 9.504132231404959219e-01
4.745098039215686070e-01 9.545454545454545858e-01
4.745098039215686070e-01 9.586776859504132497e-01
4.745098039215686070e-01 9.628099173553719137e-01
4.745098039215686070e-01 9.669421487603305776e-01
4.745098039215686070e-01 9.710743801652892415e-01
4.745098039215686070e-01 9.752066115702479054e-01
4.745098039215686070e-01 9.793388429752065694e-01
4.745098039215686070e-01 9.834710743801653443e-01
4.745098039215686070e-01 9.876033057851240082e-01
4.745098039215686070e-01 9.917355371900826722e-01
4.745098039215686070e-01 9.958677685950413361e-01
4.745098039215686070e-01 1.000000000000000000e+00
4.784313725490196290e-01 3.471074380165289353e-01
4.784313725490196290e-01 6.074380165289255951e-01
4.784313725490196290e-01 6.239669421487603618e-01
4.784313725490196290e-01 6.280991735537190257e-01
4.784313725490196290e-01 6.322314049586776896e-01
4.784313725490196290e-01 6.363636363636363535e-01
4.784313725490196290e-01 6.404958677685950175e-01
4.784313725490196290e-01 6.446280991735536814e-01
4.784313725490196290e-01 6.487603305785123453e-01
4.784313725490196290e-01 6.776859504132231038e-01
4.784313725490196290e-01 6.818181818181817677e-01
4.784313725490196290e-01 6.859504132231405427e-01
4.784313725490196290e-01 6.900826446280992066e-01
4.784313725490196290e-01 6.942148760330578705e-01
4.784313725490196290e-01 7.644628099173553792e-01
4.784313725490196290e-01 7.685950413223140432e-01
4.784313725490196290e-01 7.727272727272727071e-01
4.784313725490196290e-01 7.768595041322313710e-01
4.784313725490196290e-01 7.809917355371900349e-01
4.784313725490196290e-01 7.851239669421488099e-01
4.784313725490196290e-01 7.892561983471074738e-01
4.784313725490196290e-01 7.933884297520661377e-01
4.784313725490196290e-01 7.975206611570248016e-01
4.784313725490196290e-01 8.016528925619834656e-01
4.784313725490196290e-01 8.388429752066115519e-01
4.823529411764705954e-01 3.471074380165289353e-01
4.823529411764705954e-01 4.421487603305785385e-01
4.823529411764705954e-01 4.462809917355372025e-01
4.823529411764705954e-01 4.504132231404958664e-01
4.823529411764705954e-01 4.545454545454545303e-01
4.823529411764705954e-01 4.586776859504132497e-01
4.823529411764705954e-01 4.628099173553719137e-01
4.823529411764705954e-01 4.669421487603305776e-01
4.823529411764705954e-01 4.710743801652892415e-01
4.823529411764705954e-01 4.752066115702479610e-01
4.823529411764705954e-01 4.793388429752066249e-01
4.823529411764705954e-01 4.834710743801652888e-01
4.823529411764705954e-01 4.876033057851239527e-01
4.823529411764705954e-01 4.917355371900826722e-01
4.823529411764705954e-01 4.958677685950413361e-01
4.823529411764705954e-01 5.000000000000000000e-01
4.823529411764705954e-01 5.041322314049586639e-01
4.823529411764705954e-01 5.082644628099173278e-01
4.823529411764705954e-01 5.123966942148759918e-01
4.823529411764705954e-01 5.165289256198346557e-01
4.823529411764705954e-01 5.206611570247934306e-01
4.823529411764705954e-01 5.247933884297520946e-01
4.823529411764705954e-01 5.289256198347107585e-01
4.823529411764705954e-01 5.330578512396694224e-01
4.823529411764705954e-01 5.371900826446280863e-01
4.823529411764705954e-01 5.413223140495867503e-01
4.823529411764705954e-01 5.454545454545454142e-01
4.823529411764705954e-01 5.495867768595040781e-01
4.823529411764705954e-01 5.537190082644628530e-01
4.823529411764705954e-01 5.578512396694215170e-01
4.823529411764705954e-01 5.619834710743801809e-01
4.823529411764705954e-01 5.661157024793388448e-01
4.823529411764705954e-01 5.702479338842975087e-01
4.823529411764705954e-01 5.991735537190082672e-01
4.823529411764705954e-01 6.033057851239669311e-01
4.823529411764705954e-01 6.983471074380165344e-01
4.823529411764705954e-01 7.024793388429751984e-01
4.823529411764705954e-01 7.066115702479338623e-01
4.823529411764705954e-01 7.107438016528925262e-01
4.823529411764705954e-01 7.148760330578511901e-01
4.823529411764705954e-01 7.190082644628099651e-01
4.823529411764705954e-01 7.231404958677686290e-01
4.823529411764705954e-01 7.272727272727272929e-01
4.823529411764705954e-01 7.314049586776859568e-01
4.823529411764705954e-01 7.355371900826446208e-01
4.823529411764705954e-01 7.396694214876032847e-01
4.823529411764705954e-01 7.438016528925619486e-01
4.823529411764705954e-01 7.479338842975206125e-01
4.823529411764705954e-01 7.520661157024793875e-01
4.823529411764705954e-01 7.561983471074380514e-01
4.823529411764705954e-01 7.603305785123967153e-01
4.823529411764705954e-01 8.057851239669421295e-01
4.823529411764705954e-01 8.099173553719007934e-01
4.823529411764705954e-01 8.140495867768594573e-01
4.823529411764705954e-01 8.181818181818182323e-01
4.823529411764705954e-01 8.223140495867768962e-01
4.823529411764705954e-01 8.264462809917355601e-01
4.823529411764705954e-01 8.305785123966942241e-01
4.823529411764705954e-01 8.347107438016528880e-01
4.862745098039215619e-01 1.528925619834710647e-01
4.862745098039215619e-01 1.570247933884297564e-01
4.862745098039215619e-01 1.611570247933884203e-01
4.862745098039215619e-01 1.652892561983471120e-01
4.862745098039215619e-01 1.694214876033057759e-01
4.862745098039215619e-01 1.735537190082644676e-01
4.862745098039215619e-01 1.776859504132231315e-01
4.862745098039215619e-01 1.818181818181818232e-01
4.862745098039215619e-01 1.859504132231404872e-01
4.862745098039215619e-01 1.900826446280991788e-01
4.862745098039215619e-01 1.942148760330578428e-01
4.862745098039215619e-01 1.983471074380165344e-01
4.862745098039215619e-01 2.024793388429751984e-01
4.862745098039215619e-01 2.066115702479338900e-01
4.862745098039215619e-01 2.107438016528925540e-01
4.862745098039215619e-01 2.148760330578512456e-01
4.862745098039215619e-01 2.190082644628099096e-01
4.862745098039215619e-01 2.231404958677686012e-01
4.862745098039215619e-01 2.272727272727272652e-01
4.862745098039215619e-01 2.314049586776859568e-01
4.862745098039215619e-01 2.355371900826446208e-01
4.862745098039215619e-01 2.396694214876033124e-01
4.862745098039215619e-01 2.438016528925619764e-01
4.862745098039215619e-01 2.479338842975206680e-01
4.862745098039215619e-01 2.520661157024793320e-01
4.862745098039215619e-01 2.561983471074379959e-01
4.862745098039215619e-01 2.603305785123967153e-01
4.862745098039215619e-01 2.644628099173553792e-01
4.862745098039215619e-01 2.685950413223140432e-01
4.862745098039215619e-01 2.727272727272727071e-01
4.862745098039215619e-01 2.768595041322314265e-01
4.862745098039215619e-01 2.809917355371900904e-01
4.862745098039215619e-01 2.851239669421487544e-01
4.862745098039215619e-01 2.892561983471074183e-01
4.862745098039215619e-01 2.933884297520661377e-01
4.862745098039215619e-01 2.975206611570248016e-01
4.862745098039215619e-01 3.016528925619834656e-01
4.862745098039215619e-01 3.057851239669421295e-01
4.862745098039215619e-01 3.099173553719008489e-01
4.862745098039215619e-01 3.140495867768595128e-01
4.862745098039215619e-01 3.181818181818181768e-01
4.862745098039215619e-01 3.223140495867768407e-01
4.862745098039215619e-01 3.264462809917355601e-01
4.862745098039215619e-01 3.305785123966942241e-01
4.862745098039215619e-01 3.347107438016528880e-01
4.862745098039215619e-01 3.388429752066115519e-01
4.862745098039215619e-01 3.429752066115702713e-01
4.862745098039215619e-01 3.512396694214875992e-01
4.862745098039215619e-01 3.553719008264462631e-01
4.862745098039215619e-01 3.595041322314049825e-01
4.862745098039215619e-01 3.842975206611570216e-01
4.862745098039215619e-01 3.884297520661156855e-01
4.862745098039215619e-01 3.925619834710744049e-01
4.862745098039215619e-01 3.966942148760330689e-01
4.862745098039215619e-01 4.008264462809917328e-01
4.862745098039215619e-01 4.049586776859503967e-01
4.862745098039215619e-01 4.090909090909091161e-01
4.862745098039215619e-01 4.132231404958677801e-01
4.862745098039215619e-01 4.173553719008264440e-01
4.862745098039215619e-01 4.214876033057851079e-01
4.862745098039215619e-01 4.256198347107438273e-01
4.862745098039215619e-01 4.297520661157024913e-01
4.862745098039215619e-01 4.338842975206611552e-01
4.862745098039215619e-01 4.380165289256198191e-01
4.862745098039215619e-01 5.743801652892561727e-01
4.862745098039215619e-01 5.950413223140496033e-01
4.862745098039215619e-01 8.305785123966942241e-01
4.901960784313725283e-01 3.719008264462810021e-02
4.901960784313725283e-01 4.132231404958677801e-02
4.901960784313725283e-01 4.545454545454545581e-02
4.901960784313725283e-01 4.958677685950413361e-02
4.901960784313725283e-01 5.371900826446281141e-02
4.901960784313725283e-01 5.785123966942148921e-02
4.901960784313725283e-01 6.198347107438016701e-02
4.901960784313725283e-01 6.611570247933884481e-02
4.901960784313725283e-01 7.024793388429752261e-02
4.901960784313725283e-01 7.438016528925620041e-02
4.901960784313725283e-01 7.851239669421487821e-02
4.901960784313725283e-01 8.264462809917355601e-02
4.901960784313725283e-01 8.677685950413223381e-02
4.901960784313725283e-01 9.090909090909091161e-02
4.901960784313725283e-01 9.504132231404958941e-02
4.901960784313725283e-01 9.917355371900826722e-02
4.901960784313725283e-01 1.033057851239669450e-01
4.901960784313725283e-01 1.074380165289256228e-01
4.901960784313725283e-01 1.115702479338843006e-01
4.901960784313725283e-01 1.157024793388429784e-01
4.901960784313725283e-01 1.198347107438016562e-01
4.901960784313725283e-01 1.239669421487603340e-01
4.901960784313725283e-01 1.280991735537189979e-01
4.901960784313725283e-01 1.322314049586776896e-01
4.901960784313725283e-01 1.363636363636363535e-01
4.901960784313725283e-01 1.404958677685950452e-01
4.901960784313725283e-01 1.446280991735537091e-01
4.901960784313725283e-01 1.487603305785124008e-01
4.901960784313725283e-01 2.314049586776859568e-01
4.901960784313725283e-01 3.636363636363636465e-01
4.901960784313725283e-01 3.677685950413223104e-01
4.901960784313725283e-01 3.719008264462809743e-01
4.901960784313725283e-01 3.760330578512396937e-01
4.901960784313725283e-01 3.801652892561983577e-01
4.901960784313725283e-01 4.214876033057851079e-01
4.901960784313725283e-01 5.785123966942148366e-01
4.901960784313725283e-01 5.826446280991735005e-01
4.901960784313725283e-01 5.867768595041322754e-01
4.901960784313725283e-01 5.909090909090909394e-01
4.901960784313725283e-01 8.305785123966942241e-01
4.941176470588235503e-01 0.000000000000000000e+00
4.941176470588235503e-01 1.652892561983471120e-02
4.941176470588235503e-01 2.066115702479338900e-02
4.941176470588235503e-01 2.479338842975206680e-02
4.941176470588235503e-01 2.892561983471074460e-02
4.941176470588235503e-01 3.305785123966942241e-02
4.941176470588235503e-01 2.314049586776859568e-01
4.941176470588235503e-01 4.214876033057851079e-01
4.941176470588235503e-01 5.909090909090909394e-01
4.941176470588235503e-01 8.305785123966942241e-01
4.980392156862745168e-01 4.132231404958677801e-03
4.980392156862745168e-01 8.264462809917355601e-03
4.980392156862745168e-01 1.239669421487603340e-02
4.980392156862745168e-01 2.314049586776859568e-01
4.980392156862745168e-01 4.214876033057851079e-01
4.980392156862745168e-01 5.909090909090909394e-01
4.980392156862745168e-01 8.305785123966942241e-01
5.019607843137254832e-01 2.314049586776859568e-01
5.019607843137254832e-01 4.214876033057851079e-01
5.019607843137254832e-01 5.909090909090909394e-01
5.019607843137254832e-01 8.305785123966942241e-01
5.058823529411764497e-01 2.314049586776859568e-01
5.058823529411764497e-01 4.214876033057851079e-01
5.058823529411764497e-01 5.909090909090909394e-01
5.058823529411764497e-01 8.305785123966942241e-01
5.098039215686274161e-01 2.314049586776859568e-01
5.098039215686274161e-01 4.214876033057851079e-01
5.098039215686274161e-01 5.909090909090909394e-01
5.098039215686274161e-01 6.363636363636363535e-01
5.098039215686274161e-01 6.404958677685950175e-01
5.098039215686274161e-01 6.446280991735536814e-01
5.098039215686274161e-01 6.487603305785123453e-01
5.098039215686274161e-01 8.305785123966942241e-01
5.137254901960783826e-01 2.272727272727272652e-01
5.137254901960783826e-01 2.314049586776859568e-01
5.137254901960783826e-01 2.355371900826446208e-01
5.137254901960783826e-01 2.396694214876033124e-01
5.137254901960783826e-01 2.438016528925619764e-01
5.137254901960783826e-01 2.479338842975206680e-01
5.137254901960783826e-01 4.214876033057851079e-01
5.137254901960783826e-01 5.950413223140496033e-01
5.137254901960783826e-01 5.991735537190082672e-01
5.137254901960783826e-01 6.033057851239669311e-01
5.137254901960783826e-01 6.322314049586776896e-01
5.137254901960783826e-01 8.305785123966942241e-01
5.137254901960783826e-01 8.553719008264463186e-01
5.137254901960783826e-01 8.595041322314049825e-01
5.176470588235294601e-01 2.272727272727272652e-01
5.176470588235294601e-01 4.214876033057851079e-01
5.176470588235294601e-01 5.909090909090909394e-01
5.176470588235294601e-01 6.074380165289255951e-01
5.176470588235294601e-01 6.115702479338842590e-01
5.176470588235294601e-01 6.157024793388429229e-01
5.176470588235294601e-01 6.198347107438016979e-01
5.176470588235294601e-01 6.239669421487603618e-01
5.176470588235294601e-01 6.280991735537190257e-01
5.176470588235294601e-01 8.305785123966942241e-01
5.215686274509804266e-01 2.231404958677686012e-01
5.215686274509804266e-01 4.132231404958677801e-01
5.215686274509804266e-01 4.173553719008264440e-01
5.215686274509804266e-01 5.909090909090909394e-01
5.215686274509804266e-01 6.280991735537190257e-01
5.215686274509804266e-01 8.305785123966942241e-01
5.254901960784313930e-01 2.231404958677686012e-01
5.254901960784313930e-01 4.090909090909091161e-01
5.254901960784313930e-01 5.867768595041322754e-01
5.254901960784313930e-01 6.280991735537190257e-01
5.254901960784313930e-01 8.305785123966942241e-01
5.294117647058823595e-01 2.190082644628099096e-01
5.294117647058823595e-01 3.347107438016528880e-01
5.294117647058823595e-01 3.388429752066115519e-01
5.294117647058823595e-01 3.636363636363636465e-01
5.294117647058823595e-01 3.677685950413223104e-01
5.294117647058823595e-01 3.719008264462809743e-01
5.294117647058823595e-01 3.760330578512396937e-01
5.294117647058823595e-01 3.801652892561983577e-01
5.294117647058823595e-01 3.842975206611570216e-01
5.294117647058823595e-01 3.884297520661156855e-01
5.294117647058823595e-01 3.925619834710744049e-01
5.294117647058823595e-01 3.966942148760330689e-01
5.294117647058823595e-01 4.008264462809917328e-01
5.294117647058823595e-01 4.049586776859503967e-01
5.294117647058823595e-01 5.867768595041322754e-01
5.294117647058823595e-01 6.280991735537190257e-01
5.294117647058823595e-01 8.305785123966942241e-01
5.333333333333333259e-01 2.190082644628099096e-01
5.333333333333333259e-01 3.305785123966942241e-01
5.333333333333333259e-01 3.429752066115702713e-01
5.333333333333333259e-01 3.471074380165289353e-01
5.333333333333333259e-01 3.512396694214875992e-01
5.333333333333333259e-01 3.553719008264462631e-01
5.333333333333333259e-01 3.595041322314049825e-01
5.333333333333333259e-01 4.049586776859503967e-01
5.333333333333333259e-01 5.867768595041322754e-01
5.333333333333333259e-01 6.322314049586776896e-01
5.333333333333333259e-01 8.305785123966942241e-01
5.372549019607842924e-01 2.190082644628099096e-01
5.372549019607842924e-01 4.049586776859503967e-01
5.372549019607842924e-01 5.867768595041322754e-01
5.372549019607842924e-01 6.363636363636363535e-01
5.372549019607842924e-01 8.264462809917355601e-01
5.372549019607842924e-01 8.305785123966942241e-01
5.372549019607842924e-01 8.347107438016528880e-01
5.372549019607842924e-01 8.388429752066115519e-01
5.372549019607842924e-01 8.429752066115702158e-01
5.372549019607842924e-01 8.471074380165288797e-01
5.372549019607842924e-01 8.512396694214876547e-01
5.411764705882352589e-01 2.148760330578512456e-01
5.411764705882352589e-01 4.090909090909091161e-01
5.411764705882352589e-01 4.752066115702479610e-01
5.411764705882352589e-01 4.793388429752066249e-01
5.411764705882352589e-01 4.834710743801652888e-01
5.411764705882352589e-01 4.876033057851239527e-01
5.411764705882352589e-01 4.917355371900826722e-01
5.411764705882352589e-01 5.867768595041322754e-01
5.411764705882352589e-01 6.404958677685950175e-01
5.411764705882352589e-01 6.446280991735536814e-01
5.411764705882352589e-01 8.264462809917355601e-01
5.411764705882352589e-01 8.553719008264463186e-01
5.450980392156862253e-01 2.148760330578512456e-01
5.450980392156862253e-01 4.090909090909091161e-01
5.450980392156862253e-01 4.669421487603305776e-01
5.450980392156862253e-01 4.710743801652892415e-01
5.450980392156862253e-01 4.958677685950413361e-01
5.450980392156862253e-01 5.000000000000000000e-01
5.450980392156862253e-01 5.867768595041322754e-01
5.450980392156862253e-01 6.487603305785123453e-01
5.450980392156862253e-01 8.264462809917355601e-01
5.450980392156862253e-01 8.595041322314049825e-01
5.490196078431373028e-01 2.148760330578512456e-01
5.490196078431373028e-01 4.090909090909091161e-01
5.490196078431373028e-01 4.628099173553719137e-01
5.490196078431373028e-01 5.041322314049586639e-01
5.490196078431373028e-01 5.867768595041322754e-01
5.490196078431373028e-01 6.528925619834711203e-01
5.490196078431373028e-01 6.570247933884297842e-01
5.490196078431373028e-01 6.611570247933884481e-01
5.490196078431373028e-01 8.264462809917355601e-01
5.490196078431373028e-01 8.636363636363636465e-01
5.529411764705882693e-01 2.107438016528925540e-01
5.529411764705882693e-01 4.132231404958677801e-01
5.529411764705882693e-01 4.173553719008264440e-01
5.529411764705882693e-01 4.214876033057851079e-01
5.529411764705882693e-01 4.256198347107438273e-01
5.529411764705882693e-01 4.297520661157024913e-01
5.529411764705882693e-01 4.338842975206611552e-01
5.529411764705882693e-01 4.380165289256198191e-01
5.529411764705882693e-01 4.421487603305785385e-01
5.529411764705882693e-01 4.462809917355372025e-01
5.529411764705882693e-01 4.504132231404958664e-01
5.529411764705882693e-01 4.545454545454545303e-01
5.529411764705882693e-01 4.586776859504132497e-01
5.529411764705882693e-01 4.669421487603305776e-01
5.529411764705882693e-01 5.041322314049586639e-01
5.529411764705882693e-01 5.867768595041322754e-01
5.529411764705882693e-01 6.652892561983471120e-01
5.529411764705882693e-01 8.264462809917355601e-01
5.529411764705882693e-01 8.677685950413223104e-01
5.529411764705882693e-01 8.719008264462809743e-01
5.568627450980392357e-01 2.066115702479338900e-01
5.568627450980392357e-01 4.173553719008264440e-01
5.568627450980392357e-01 4.710743801652892415e-01
5.568627450980392357e-01 5.041322314049586639e-01
5.568627450980392357e-01 5.867768595041322754e-01
5.568627450980392357e-01 6.694214876033057759e-01
5.568627450980392357e-01 8.264462809917355601e-01
5.568627450980392357e-01 8.760330578512396382e-01
5.607843137254902022e-01 2.066115702479338900e-01
5.607843137254902022e-01 4.173553719008264440e-01
5.607843137254902022e-01 4.752066115702479610e-01
5.607843137254902022e-01 5.041322314049586639e-01
5.607843137254902022e-01 5.867768595041322754e-01
5.607843137254902022e-01 6.157024793388429229e-01
5.607843137254902022e-01 6.735537190082644399e-01
5.607843137254902022e-01 6.776859504132231038e-01
5.607843137254902022e-01 8.264462809917355601e-01
5.607843137254902022e-01 8.801652892561983021e-01
5.607843137254902022e-01 8.842975206611570771e-01
5.647058823529411686e-01 2.066115702479338900e-01
5.647058823529411686e-01 4.173553719008264440e-01
5.647058823529411686e-01 4.793388429752066249e-01
5.647058823529411686e-01 4.834710743801652888e-01
5.647058823529411686e-01 4.876033057851239527e-01
5.647058823529411686e-01 4.917355371900826722e-01
5.647058823529411686e-01 5.041322314049586639e-01
5.647058823529411686e-01 5.826446280991735005e-01
5.647058823529411686e-01 6.818181818181817677e-01
5.647058823529411686e-01 8.264462809917355601e-01
5.647058823529411686e-01 8.884297520661157410e-01
5.686274509803921351e-01 4.173553719008264440e-01
5.686274509803921351e-01 4.958677685950413361e-01
5.686274509803921351e-01 5.000000000000000000e-01
5.686274509803921351e-01 5.826446280991735005e-01
5.686274509803921351e-01 6.859504132231405427e-01
5.686274509803921351e-01 8.264462809917355601e-01
5.686274509803921351e-01 8.925619834710744049e-01
5.686274509803921351e-01 8.966942148760330689e-01
5.725490196078431016e-01 4.173553719008264440e-01
5.725490196078431016e-01 5.826446280991735005e-01
5.725490196078431016e-01 6.859504132231405427e-01
5.725490196078431016e-01 8.264462809917355601e-01
5.725490196078431016e-01 9.008264462809917328e-01
5.725490196078431016e-01 9.049586776859503967e-01
5.764705882352940680e-01 4.132231404958677801e-01
5.764705882352940680e-01 5.867768595041322754e-01
5.764705882352940680e-01 6.900826446280992066e-01
5.764705882352940680e-01 8.264462809917355601e-01
5.764705882352940680e-01 9.090909090909090606e-01
5.764705882352940680e-01 9.132231404958677246e-01
5.803921568627451455e-01 4.132231404958677801e-01
5.803921568627451455e-01 5.867768595041322754e-01
5.803921568627451455e-01 6.942148760330578705e-01
5.803921568627451455e-01 8.264462809917355601e-01
5.803921568627451455e-01 9.173553719008264995e-01
5.843137254901961120e-01 4.132231404958677801e-01
5.843137254901961120e-01 5.867768595041322754e-01
5.843137254901961120e-01 6.983471074380165344e-01
5.843137254901961120e-01 8.264462809917355601e-01
5.843137254901961120e-01 9.214876033057851634e-01
5.843137254901961120e-01 9.256198347107438273e-01
5.882352941176470784e-01 4.132231404958677801e-01
5.882352941176470784e-01 5.867768595041322754e-01
5.882352941176470784e-01 7.024793388429751984e-01
5.882352941176470784e-01 8.305785123966942241e-01
5.882352941176470784e-01 9.297520661157024913e-01
5.882352941176470784e-01 9.338842975206611552e-01
5.882352941176470784e-01 9.380165289256198191e-01
5.882352941176470784e-01 9.421487603305784830e-01
5.882352941176470784e-01 9.462809917355371470e-01
5.882352941176470784e-01 9.504132231404959219e-01
5.921568627450980449e-01 4.132231404958677801e-01
5.921568627450980449e-01 5.867768595041322754e-01
5.921568627450980449e-01 8.305785123966942241e-01
5.921568627450980449e-01 9.545454545454545858e-01
5.960784313725490113e-01 4.132231404958677801e-01
5.960784313725490113e-01 5.826446280991735005e-01
5.960784313725490113e-01 5.867768595041322754e-01
5.960784313725490113e-01 5.909090909090909394e-01
5.960784313725490113e-01 5.950413223140496033e-01
5.960784313725490113e-01 5.991735537190082672e-01
5.960784313725490113e-01 8.305785123966942241e-01
5.960784313725490113e-01 8.347107438016528880e-01
5.999999999999999778e-01 4.132231404958677801e-01
5.999999999999999778e-01 5.743801652892561727e-01
5.999999999999999778e-01 5.785123966942148366e-01
5.999999999999999778e-01 6.033057851239669311e-01
5.999999999999999778e-01 8.264462809917355601e-01
5.999999999999999778e-01 8.388429752066115519e-01
5.999999999999999778e-01 8.429752066115702158e-01
6.039215686274509443e-01 4.132231404958677801e-01
6.039215686274509443e-01 5.702479338842975087e-01
6.039215686274509443e-01 6.074380165289255951e-01
6.039215686274509443e-01 8.223140495867768962e-01
6.039215686274509443e-01 8.471074380165288797e-01
6.078431372549019107e-01 4.132231404958677801e-01
6.078431372549019107e-01 5.661157024793388448e-01
6.078431372549019107e-01 6.074380165289255951e-01
6.078431372549019107e-01 8.223140495867768962e-01
6.078431372549019107e-01 8.512396694214876547e-01
6.117647058823529882e-01 4.132231404958677801e-01
6.117647058823529882e-01 5.661157024793388448e-01
6.117647058823529882e-01 6.074380165289255951e-01
6.117647058823529882e-01 8.223140495867768962e-01
6.117647058823529882e-01 8.512396694214876547e-01
6.156862745098039547e-01 4.132231404958677801e-01
6.156862745098039547e-01 5.661157024793388448e-01
6.156862745098039547e-01 6.115702479338842590e-01
6.156862745098039547e-01 8.223140495867768962e-01
6.156862745098039547e-01 8.553719008264463186e-01
6.196078431372549211e-01 4.132231404958677801e-01
6.196078431372549211e-01 5.619834710743801809e-01
6.196078431372549211e-01 6.115702479338842590e-01
6.196078431372549211e-01 8.223140495867768962e-01
6.196078431372549211e-01 8.553719008264463186e-01
6.235294117647058876e-01 4.132231404958677801e-01
6.235294117647058876e-01 5.619834710743801809e-01
6.235294117647058876e-01 6.115702479338842590e-01
6.235294117647058876e-01 8.223140495867768962e-01
6.235294117647058876e-01 8.553719008264463186e-01
6.274509803921568540e-01 4.132231404958677801e-01
6.274509803921568540e-01 5.578512396694215170e-01
6.274509803921568540e-01 6.157024793388429229e-01
6.274509803921568540e-01 8.223140495867768962e-01
6.274509803921568540e-01 8.553719008264463186e-01
6.313725490196078205e-01 4.132231404958677801e-01
6.313725490196078205e-01 5.537190082644628530e-01
6.313725490196078205e-01 6.157024793388429229e-01
6.313725490196078205e-01 8.223140495867768962e-01
6.313725490196078205e-01 8.512396694214876547e-01
6.313725490196078205e-01 8.553719008264463186e-01
6.313725490196078205e-01 8.595041322314049825e-01
6.352941176470587870e-01 4.132231404958677801e-01
6.352941176470587870e-01 5.495867768595040781e-01
6.352941176470587870e-01 6.198347107438016979e-01
6.352941176470587870e-01 8.223140495867768962e-01
6.352941176470587870e-01 8.471074380165288797e-01
6.352941176470587870e-01 8.636363636363636465e-01
6.392156862745097534e-01 4.132231404958677801e-01
6.392156862745097534e-01 5.495867768595040781e-01
6.392156862745097534e-01 6.198347107438016979e-01
6.392156862745097534e-01 6.239669421487603618e-01
6.392156862745097534e-01 6.280991735537190257e-01
6.392156862745097534e-01 8.223140495867768962e-01
6.392156862745097534e-01 8.264462809917355601e-01
6.392156862745097534e-01 8.305785123966942241e-01
6.392156862745097534e-01 8.347107438016528880e-01
6.392156862745097534e-01 8.388429752066115519e-01
6.392156862745097534e-01 8.429752066115702158e-01
6.392156862745097534e-01 8.677685950413223104e-01
6.431372549019608309e-01 4.132231404958677801e-01
6.431372549019608309e-01 5.495867768595040781e-01
6.431372549019608309e-01 6.198347107438016979e-01
6.431372549019608309e-01 6.322314049586776896e-01
6.431372549019608309e-01 6.363636363636363535e-01
6.431372549019608309e-01 6.404958677685950175e-01
6.431372549019608309e-01 8.223140495867768962e-01
6.431372549019608309e-01 8.719008264462809743e-01
6.470588235294117974e-01 4.173553719008264440e-01
6.470588235294117974e-01 5.371900826446280863e-01
6.470588235294117974e-01 5.413223140495867503e-01
6.470588235294117974e-01 5.454545454545454142e-01
6.470588235294117974e-01 5.495867768595040781e-01
6.470588235294117974e-01 6.198347107438016979e-01
6.470588235294117974e-01 8.181818181818182323e-01
6.470588235294117974e-01 8.760330578512396382e-01
6.509803921568627638e-01 4.173553719008264440e-01
6.509803921568627638e-01 5.289256198347107585e-01
6.509803921568627638e-01 5.330578512396694224e-01
6.509803921568627638e-01 5.537190082644628530e-01
6.509803921568627638e-01 6.198347107438016979e-01
6.509803921568627638e-01 8.140495867768594573e-01
6.509803921568627638e-01 8.801652892561983021e-01
6.549019607843137303e-01 4.173553719008264440e-01
6.549019607843137303e-01 5.247933884297520946e-01
6.549019607843137303e-01 5.537190082644628530e-01
6.549019607843137303e-01 6.157024793388429229e-01
6.549019607843137303e-01 7.727272727272727071e-01
6.549019607843137303e-01 7.768595041322313710e-01
6.549019607843137303e-01 7.809917355371900349e-01
6.549019607843137303e-01 7.851239669421488099e-01
6.549019607843137303e-01 7.892561983471074738e-01
6.549019607843137303e-01 8.099173553719007934e-01
6.549019607843137303e-01 8.842975206611570771e-01
6.588235294117646967e-01 4.173553719008264440e-01
6.588235294117646967e-01 5.206611570247934306e-01
6.588235294117646967e-01 5.537190082644628530e-01
6.588235294117646967e-01 6.157024793388429229e-01
6.588235294117646967e-01 7.148760330578511901e-01
6.588235294117646967e-01 7.190082644628099651e-01
6.588235294117646967e-01 7.231404958677686290e-01
6.588235294117646967e-01 7.561983471074380514e-01
6.588235294117646967e-01 7.603305785123967153e-01
6.588235294117646967e-01 7.644628099173553792e-01
6.588235294117646967e-01 7.685950413223140432e-01
6.588235294117646967e-01 7.933884297520661377e-01
6.588235294117646967e-01 7.975206611570248016e-01
6.588235294117646967e-01 8.016528925619834656e-01
6.588235294117646967e-01 8.057851239669421295e-01
6.588235294117646967e-01 8.099173553719007934e-01
6.588235294117646967e-01 8.884297520661157410e-01
6.627450980392156632e-01 4.173553719008264440e-01
6.627450980392156632e-01 5.165289256198346557e-01
6.627450980392156632e-01 5.537190082644628530e-01
6.627450980392156632e-01 6.115702479338842590e-01
6.627450980392156632e-01 7.272727272727272929e-01
6.627450980392156632e-01 7.314049586776859568e-01
6.627450980392156632e-01 7.355371900826446208e-01
6.627450980392156632e-01 7.396694214876032847e-01
6.627450980392156632e-01 7.438016528925619486e-01
6.627450980392156632e-01 7.479338842975206125e-01
6.627450980392156632e-01 7.520661157024793875e-01
6.627450980392156632e-01 8.140495867768594573e-01
6.627450980392156632e-01 8.925619834710744049e-01
6.627450980392156632e-01 8.966942148760330689e-01
6.627450980392156632e-01 9.008264462809917328e-01
6.627450980392156632e-01 9.049586776859503967e-01
6.666666666666666297e-01 4.173553719008264440e-01
6.666666666666666297e-01 5.165289256198346557e-01
6.666666666666666297e-01 5.537190082644628530e-01
6.666666666666666297e-01 8.181818181818182323e-01
6.705882352941175961e-01 4.173553719008264440e-01
6.705882352941175961e-01 5.123966942148759918e-01
6.705882352941175961e-01 5.537190082644628530e-01
6.705882352941175961e-01 8.181818181818182323e-01
6.745098039215686736e-01 4.173553719008264440e-01
6.745098039215686736e-01 5.041322314049586639e-01
6.745098039215686736e-01 5.082644628099173278e-01
6.745098039215686736e-01 5.537190082644628530e-01
6.745098039215686736e-01 8.181818181818182323e-01
6.784313725490196401e-01 4.173553719008264440e-01
6.784313725490196401e-01 5.000000000000000000e-01
6.784313725490196401e-01 5.537190082644628530e-01
6.784313725490196401e-01 8.181818181818182323e-01
6.823529411764706065e-01 4.173553719008264440e-01
6.823529411764706065e-01 4.917355371900826722e-01
6.823529411764706065e-01 4.958677685950413361e-01
6.823529411764706065e-01 5.537190082644628530e-01
6.823529411764706065e-01 8.181818181818182323e-01
6.862745098039215730e-01 4.173553719008264440e-01
6.862745098039215730e-01 5.537190082644628530e-01
6.862745098039215730e-01 8.181818181818182323e-01
6.901960784313725394e-01 4.173553719008264440e-01
6.901960784313725394e-01 5.537190082644628530e-01
6.901960784313725394e-01 8.181818181818182323e-01
6.941176470588235059e-01 4.173553719008264440e-01
6.941176470588235059e-01 5.537190082644628530e-01
6.941176470588235059e-01 8.181818181818182323e-01
6.980392156862744724e-01 4.132231404958677801e-01
6.980392156862744724e-01 5.537190082644628530e-01
6.980392156862744724e-01 8.181818181818182323e-01
7.019607843137254388e-01 4.132231404958677801e-01
7.019607843137254388e-01 5.537190082644628530e-01
7.019607843137254388e-01 8.181818181818182323e-01
7.058823529411765163e-01 4.132231404958677801e-01
7.058823529411765163e-01 5.537190082644628530e-01
7.058823529411765163e-01 8.181818181818182323e-01
7.058823529411765163e-01 8.223140495867768962e-01
7.058823529411765163e-01 8.264462809917355601e-01
7.058823529411765163e-01 8.305785123966942241e-01
7.058823529411765163e-01 8.347107438016528880e-01
7.058823529411765163e-01 8.388429752066115519e-01
7.058823529411765163e-01 8.429752066115702158e-01
7.058823529411765163e-01 8.471074380165288797e-01
7.058823529411765163e-01 8.512396694214876547e-01
7.098039215686274828e-01 4.132231404958677801e-01
7.098039215686274828e-01 5.537190082644628530e-01
7.098039215686274828e-01 8.181818181818182323e-01
7.098039215686274828e-01 8.553719008264463186e-01
7.098039215686274828e-01 8.595041322314049825e-01
7.098039215686274828e-01 8.636363636363636465e-01
7.137254901960784492e-01 4.132231404958677801e-01
7.137254901960784492e-01 5.495867768595040781e-01
7.137254901960784492e-01 5.537190082644628530e-01
7.137254901960784492e-01 5.578512396694215170e-01
7.137254901960784492e-01 5.619834710743801809e-01
7.137254901960784492e-01 8.181818181818182323e-01
7.137254901960784492e-01 8.677685950413223104e-01
7.137254901960784492e-01 8.719008264462809743e-01
7.176470588235294157e-01 4.132231404958677801e-01
7.176470588235294157e-01 5.495867768595040781e-01
7.176470588235294157e-01 8.181818181818182323e-01
7.176470588235294157e-01 8.760330578512396382e-01
7.176470588235294157e-01 8.801652892561983021e-01
7.176470588235294157e-01 8.842975206611570771e-01
7.215686274509803821e-01 4.132231404958677801e-01
7.215686274509803821e-01 5.454545454545454142e-01
7.215686274509803821e-01 8.181818181818182323e-01
7.215686274509803821e-01 8.884297520661157410e-01
7.215686274509803821e-01 8.925619834710744049e-01
7.215686274509803821e-01 8.966942148760330689e-01
7.215686274509803821e-01 9.008264462809917328e-01
7.215686274509803821e-01 9.049586776859503967e-01
7.215686274509803821e-01 9.090909090909090606e-01
7.215686274509803821e-01 9.132231404958677246e-01
7.254901960784313486e-01 4.132231404958677801e-01
7.254901960784313486e-01 5.454545454545454142e-01
7.254901960784313486e-01 8.181818181818182323e-01
7.254901960784313486e-01 9.173553719008264995e-01
7.254901960784313486e-01 9.214876033057851634e-01
7.294117647058823151e-01 4.132231404958677801e-01
7.294117647058823151e-01 5.454545454545454142e-01
7.294117647058823151e-01 8.140495867768594573e-01
7.333333333333332815e-01 4.132231404958677801e-01
7.333333333333332815e-01 5.454545454545454142e-01
7.333333333333332815e-01 8.140495867768594573e-01
7.372549019607843590e-01 4.132231404958677801e-01
7.372549019607843590e-01 5.454545454545454142e-01
7.372549019607843590e-01 8.140495867768594573e-01
7.411764705882353255e-01 4.173553719008264440e-01
7.411764705882353255e-01 5.413223140495867503e-01
7.411764705882353255e-01 8.140495867768594573e-01
7.450980392156862919e-01 4.173553719008264440e-01
7.450980392156862919e-01 5.413223140495867503e-01
7.450980392156862919e-01 8.140495867768594573e-01
7.490196078431372584e-01 4.132231404958677801e-01
7.490196078431372584e-01 5.371900826446280863e-01
7.490196078431372584e-01 8.140495867768594573e-01
7.529411764705882248e-01 4.132231404958677801e-01
7.529411764705882248e-01 5.330578512396694224e-01
7.529411764705882248e-01 8.140495867768594573e-01
7.568627450980391913e-01 4.132231404958677801e-01
7.568627450980391913e-01 5.289256198347107585e-01
7.568627450980391913e-01 8.140495867768594573e-01
7.607843137254901578e-01 4.132231404958677801e-01
7.607843137254901578e-01 5.289256198347107585e-01
7.607843137254901578e-01 8.140495867768594573e-01
7.647058823529411242e-01 4.132231404958677801e-01
7.647058823529411242e-01 5.247933884297520946e-01
7.647058823529411242e-01 8.140495867768594573e-01
7.686274509803922017e-01 4.132231404958677801e-01
7.686274509803922017e-01 5.247933884297520946e-01
7.686274509803922017e-01 8.140495867768594573e-01
7.725490196078431682e-01 4.132231404958677801e-01
7.725490196078431682e-01 5.206611570247934306e-01
7.725490196078431682e-01 8.140495867768594573e-01
7.764705882352941346e-01 4.132231404958677801e-01
7.764705882352941346e-01 5.206611570247934306e-01
7.764705882352941346e-01 8.140495867768594573e-01
7.803921568627451011e-01 4.090909090909091161e-01
7.803921568627451011e-01 5.206611570247934306e-01
7.803921568627451011e-01 8.140495867768594573e-01
7.843137254901960675e-01 4.090909090909091161e-01
7.843137254901960675e-01 5.165289256198346557e-01
7.843137254901960675e-01 8.140495867768594573e-01
7.882352941176470340e-01 4.090909090909091161e-01
7.882352941176470340e-01 5.165289256198346557e-01
7.882352941176470340e-01 8.140495867768594573e-01
7.921568627450980005e-01 4.090909090909091161e-01
7.921568627450980005e-01 5.165289256198346557e-01
7.921568627450980005e-01 8.140495867768594573e-01
7.960784313725489669e-01 4.049586776859503967e-01
7.960784313725489669e-01 5.123966942148759918e-01
7.960784313725489669e-01 8.140495867768594573e-01
8.000000000000000444e-01 4.049586776859503967e-01
8.000000000000000444e-01 5.123966942148759918e-01
8.000000000000000444e-01 8.140495867768594573e-01
8.039215686274510109e-01 4.049586776859503967e-01
8.039215686274510109e-01 5.123966942148759918e-01
8.039215686274510109e-01 8.140495867768594573e-01
8.078431372549019773e-01 4.049586776859503967e-01
8.078431372549019773e-01 5.123966942148759918e-01
8.078431372549019773e-01 8.181818181818182323e-01
8.117647058823529438e-01 4.049586776859503967e-01
8.117647058823529438e-01 5.123966942148759918e-01
8.117647058823529438e-01 8.181818181818182323e-01
8.156862745098039102e-01 4.008264462809917328e-01
8.156862745098039102e-01 5.123966942148759918e-01
8.156862745098039102e-01 8.181818181818182323e-01
8.196078431372548767e-01 4.008264462809917328e-01
8.196078431372548767e-01 5.082644628099173278e-01
8.196078431372548767e-01 8.181818181818182323e-01
8.235294117647058432e-01 4.008264462809917328e-01
8.235294117647058432e-01 5.082644628099173278e-01
8.235294117647058432e-01 8.181818181818182323e-01
8.274509803921568096e-01 4.008264462809917328e-01
8.274509803921568096e-01 5.041322314049586639e-01
8.274509803921568096e-01 8.181818181818182323e-01
8.313725490196078871e-01 4.008264462809917328e-01
8.313725490196078871e-01 5.041322314049586639e-01
8.313725490196078871e-01 8.181818181818182323e-01
8.352941176470588536e-01 5.000000000000000000e-01
8.352941176470588536e-01 8.181818181818182323e-01
8.392156862745098200e-01 5.000000000000000000e-01
8.392156862745098200e-01 8.181818181818182323e-01
8.431372549019607865e-01 4.958677685950413361e-01
8.431372549019607865e-01 8.181818181818182323e-01
8.470588235294117530e-01 4.958677685950413361e-01
8.470588235294117530e-01 8.181818181818182323e-01
8.509803921568627194e-01 4.917355371900826722e-01
8.509803921568627194e-01 8.181818181818182323e-01
8.549019607843136859e-01 4.917355371900826722e-01
8.549019607843136859e-01 8.140495867768594573e-01
8.588235294117646523e-01 4.917355371900826722e-01
8.588235294117646523e-01 8.140495867768594573e-01
8.627450980392157298e-01 4.917355371900826722e-01
8.627450980392157298e-01 8.140495867768594573e-01
8.666666666666666963e-01 4.917355371900826722e-01
8.666666666666666963e-01 8.140495867768594573e-01
8.705882352941176627e-01 4.917355371900826722e-01
8.705882352941176627e-01 8.140495867768594573e-01
8.745098039215686292e-01 4.917355371900826722e-01
8.745098039215686292e-01 8.140495867768594573e-01
8.784313725490195957e-01 4.917355371900826722e-01
8.784313725490195957e-01 8.140495867768594573e-01
8.823529411764705621e-01 8.140495867768594573e-01
8.862745098039215286e-01 8.140495867768594573e-01
8.901960784313724950e-01 8.140495867768594573e-01
8.941176470588235725e-01 8.099173553719007934e-01
8.980392156862745390e-01 8.099173553719007934e-01
9.019607843137255054e-01 8.099173553719007934e-01
9.058823529411764719e-01 8.099173553719007934e-01
9.098039215686274384e-01 8.099173553719007934e-01
9.137254901960784048e-01 8.099173553719007934e-01
9.176470588235293713e-01 8.099173553719007934e-01
9.215686274509803377e-01 8.099173553719007934e-01
9.254901960784314152e-01 8.099173553719007934e-01
9.294117647058823817e-01 8.099173553719007934e-01
9.333333333333333481e-01 8.099173553719007934e-01
9.372549019607843146e-01 8.099173553719007934e-01
9.411764705882352811e-01 8.099173553719007934e-01
9.450980392156862475e-01 8.099173553719007934e-01
9.490196078431372140e-01 8.099173553719007934e-01
9.529411764705881804e-01 8.057851239669421295e-01
9.568627450980392579e-01 8.057851239669421295e-01
9.607843137254902244e-01 8.057851239669421295e-01
9.647058823529411908e-01 8.057851239669421295e-01
9.686274509803921573e-01 8.057851239669421295e-01
9.725490196078431238e-01 8.057851239669421295e-01
9.764705882352940902e-01 8.057851239669421295e-01
9.803921568627450567e-01 8.057851239669421295e-01
9.843137254901960231e-01 8.099173553719007934e-01
9.882352941176471006e-01 8.099173553719007934e-01
9.921568627450980671e-01 8.057851239669421295e-01
9.921568627450980671e-01 8.099173553719007934e-01
9.960784313725490335e-01 8.016528925619834656e-01
9.960784313725490335e-01 8.140495867768594573e-01
1.000000000000000000e+00 7.851239669421488099e-01
1.000000000000000000e+00 7.892561983471074738e-01
1.000000000000000000e+00 7.933884297520661377e-01
1.000000000000000000e+00 7.975206611570248016e-01
1.000000000000000000e+00 8.181818181818182323e-01
1.000000000000000000e+00 8.223140495867768962e-01
