1.427477545803412795e-04 8.276125445778741430e-01
1.871691201813519001e-04 8.283976748829982029e-01
6.697308854199945927e-04 8.316047386472403824e-01
1.180713181383907795e-03 8.349429798946089720e-01
1.906384597532451153e-03 8.383863569832727958e-01
0.000000000000000000e+00 8.401639344262294973e-01
0.000000000000000000e+00 8.442622950819672623e-01
0.000000000000000000e+00 8.688524590163934080e-01
5.532849114388227463e-03 8.698898932217147273e-01
4.255621228367090225e-03 8.723193119493786174e-01
3.289055312052369118e-03 8.747276508890581281e-01
2.245376585051417351e-03 8.761630748536010094e-01
4.032258064516128920e-03 8.483606557377049162e-01
4.032258064516128920e-03 8.647540983606557541e-01
8.064516129032257841e-03 8.524590163934425702e-01
8.064516129032257841e-03 8.606557377049179891e-01
1.209677419354838676e-02 8.565573770491803351e-01
1.612903225806451568e-02 8.565573770491803351e-01
2.016129032258064460e-02 8.565573770491803351e-01
2.016129032258064460e-02 8.729508196721311730e-01
2.016129032258064460e-02 8.770491803278688270e-01
2.419354838709677352e-02 8.565573770491803351e-01
2.419354838709677352e-02 8.606557377049179891e-01
2.419354838709677352e-02 8.647540983606557541e-01
2.419354838709677352e-02 8.688524590163934080e-01
2.822580645161290244e-02 8.565573770491803351e-01
3.225806451612903136e-02 8.565573770491803351e-01
3.629032258064516375e-02 8.565573770491803351e-01
4.032258064516128920e-02 8.565573770491803351e-01
5.113659279360886767e-02 6.337903024262336871e-01
4.435483870967742159e-02 8.565573770491803351e-01
5.399356926641156462e-02 6.336076870698054142e-01
4.838709677419354704e-02 8.565573770491803351e-01
5.314329987384319026e-02 6.304065432536919422e-01
5.241935483870967943e-02 8.565573770491803351e-01
6.158851534729042204e-02 6.275002571909695792e-01
5.760680132680722626e-02 6.259337024473142774e-01
5.574660258735680135e-02 8.566906912045717526e-01
6.635174335491272890e-02 6.238320241701316160e-01
6.048387105917656104e-02 8.565573770491803351e-01
6.593930762216088093e-02 6.200330773154731911e-01
6.451612904220195566e-02 8.565573770491803351e-01
7.398625434706768145e-02 6.150053703668908467e-01
7.405410631890257944e-02 6.184849652984621970e-01
6.854838708683029525e-02 8.565573770491803351e-01
7.294496618335195859e-02 6.161846838830435935e-01
7.391856524402336259e-02 6.174825170443805078e-01
7.408619015252278228e-02 6.191461751100103550e-01
7.365989796591983219e-02 6.148305974259483664e-01
7.258064517123422044e-02 8.565573770491803351e-01
7.442752779611656877e-02 6.159364561374741642e-01
7.661290331724107672e-02 8.565573770491803351e-01
7.812368621178451822e-02 6.169049254443007557e-01
8.064516136186940243e-02 8.565573770491803351e-01
8.227753938145694612e-02 6.172315729839238374e-01
8.467741926340408010e-02 8.565573770491803351e-01
8.646983172624342351e-02 6.171960723643633573e-01
8.870967742929873612e-02 8.565573770491803351e-01
9.274193548387096864e-02 6.188524590163934080e-01
9.274193555541779266e-02 8.565573770491803351e-01
9.317755242509226377e-02 6.154595183964329808e-01
9.677419361993391811e-02 8.565573770491803351e-01
1.015725453973807813e-01 6.173669769291262321e-01
1.008064515413563955e-01 8.565573770491803351e-01
1.042501014120306019e-01 6.158799158970321708e-01
1.048387097688539826e-01 8.565573770491803351e-01
1.090393396438993218e-01 6.153406034668403857e-01
1.088709677319915914e-01 8.565573770491803351e-01
1.129476861893753264e-01 6.149290711132305853e-01
1.129032258779984338e-01 8.565573770491803351e-01
1.168910235498896583e-01 6.145791256080809228e-01
1.169354837795331115e-01 8.565573770491803351e-01
1.207993700044162066e-01 6.141675932544711225e-01
1.209677419255399816e-01 8.565573770491803351e-01
1.245170668989885598e-01 6.134949666543360047e-01
1.250000000715468240e-01 8.565573770491803351e-01
1.270507125919985159e-01 6.119694678441117697e-01
1.290322581360629495e-01 8.565573770491803351e-01
1.350460616015498605e-01 6.134403682214619735e-01
1.330645162820698058e-01 8.565573770491803351e-01
1.375797073236636470e-01 6.119148694112377385e-01
1.370967741836044695e-01 8.565573770491803351e-01
1.412974042764436888e-01 6.112422428111026207e-01
1.411290322680084364e-01 8.565573770491803351e-01
1.452057506436587320e-01 6.108307104574928204e-01
1.451612903325245618e-01 8.565573770491803351e-01
1.491490880878465763e-01 6.104807649523431579e-01
1.491935483970406873e-01 8.565573770491803351e-01
1.530574343895780010e-01 6.100692325987333575e-01
1.532258064416689991e-01 8.565573770491803351e-01
1.567751312113907780e-01 6.093966059985982398e-01
1.572580645260729382e-01 8.565573770491803351e-01
1.593087771081275472e-01 6.078711071883740047e-01
1.612903226720797667e-01 8.565573770491803351e-01
1.673099485135847442e-01 6.093878353884840671e-01
1.653167584161477077e-01 8.566032048282843370e-01
1.698522433120336628e-01 6.079219035044709507e-01
1.693403672583548014e-01 8.566627718636348199e-01
1.735835730228685869e-01 6.073297542924458448e-01
1.733589925366217366e-01 8.567432491862612132e-01
1.775151909875398171e-01 6.070327040969325516e-01
1.773738010648934771e-01 8.568119035798056338e-01
1.896347671807293023e-01 4.134643427859686637e-01
1.815029888110133993e-01 6.068577313443577204e-01
1.813702480301858100e-01 8.569273092897540245e-01
1.918145464132389733e-01 4.146279808120481580e-01
1.855119751252782279e-01 6.067432491862612132e-01
1.853154988911551171e-01 8.571438821553649667e-01
1.928907156125792555e-01 4.131620491026580244e-01
1.895247780485665445e-01 6.066169440845308181e-01
1.890642779490595005e-01 8.576673770029494825e-01
1.942553049358989870e-01 4.114010178819909602e-01
1.935397379140281759e-01 6.064978100138298522e-01
1.916423838758360421e-01 8.590179033516371909e-01
2.014832238877011794e-01 4.124872715586460625e-01
1.975525409237184893e-01 6.063715049120994571e-01
1.993996412005095142e-01 8.572387745504679302e-01
2.034162489712358357e-01 4.111048442685640847e-01
2.015615272343453390e-01 6.062570227540029499e-01
2.016642790935762597e-01 8.582270386529566863e-01
2.066492776671845222e-01 4.105710956758483743e-01
2.055493250614569278e-01 6.060820500014281187e-01
2.039501060085791850e-01 8.575282293738277772e-01
2.101578937642531730e-01 4.103181828653104102e-01
2.094809430188522004e-01 6.057849998059148255e-01
2.113724746365821250e-01 8.596848853802705470e-01
2.137774611718111506e-01 4.101780784806832170e-01
2.132122728169985881e-01 6.051928505938897196e-01
2.136583013878759763e-01 8.589860761011416379e-01
2.177700396414072592e-01 4.100219377108513807e-01
2.157545676154475067e-01 6.037269187098766032e-01
2.159229394446517680e-01 8.599743402036303941e-01
2.217886649997097004e-01 4.099414603882249875e-01
2.237615614168105560e-01 6.052894747327463021e-01
2.236801967693252402e-01 8.581952114024611333e-01
2.258064516108693742e-01 4.099277211319785064e-01
2.263038563898824573e-01 6.038235428487331857e-01
2.262583025214787991e-01 8.595457377511488417e-01
2.298242383888962903e-01 4.099414603882249875e-01
2.300351860134058624e-01 6.032313936367080798e-01
2.300070816666946738e-01 8.600692325987333575e-01
2.338428635043636461e-01 4.100219377108513807e-01
2.339668039708011349e-01 6.029343434411947866e-01
2.339523325131120657e-01 8.602858054643442998e-01
2.378518498149905236e-01 4.101364198689478879e-01
2.379546017979127237e-01 6.027593706886199554e-01
2.379487794165587866e-01 8.604012111742926905e-01
2.418396476421020846e-01 4.103113926215227192e-01
2.419635879466495165e-01 6.026448885305234482e-01
2.419635879466495165e-01 8.604698655678371111e-01
2.457712656868088485e-01 4.106084428170360123e-01
2.459822134686610040e-01 6.025644112078970549e-01
2.459822133049519577e-01 8.605503428904635044e-01
2.495025952230207622e-01 4.112005920290611183e-01
2.500058222290135745e-01 6.025048441725465720e-01
2.554122572764754295e-01 8.165442889449415764e-01
2.500058223104133504e-01 8.606099099258139873e-01
2.520448901960926635e-01 4.126665239130742346e-01
2.540322580545722464e-01 6.024590163934425702e-01
2.582104086214976890e-01 8.187246948335563657e-01
2.540264356727029993e-01 8.606099099258139873e-01
2.600518839974557128e-01 4.111039678902044803e-01
2.580645160375976133e-01 6.024590163934425702e-01
2.620934287626897063e-01 8.214532323696910332e-01
2.580645161290322509e-01 8.606557377049179891e-01
2.625883564582064400e-01 4.125240719514578491e-01
2.620967741021137387e-01 6.024590163934425702e-01
2.662143007731966327e-01 8.228521381283453451e-01
2.620967741935483764e-01 8.606557377049179891e-01
2.663110369035313063e-01 4.130566541790641755e-01
2.661290321666298642e-01 6.024590163934425702e-01
2.658049907627320074e-01 8.259077246079495893e-01
2.661290322580645018e-01 8.606557377049179891e-01
2.702290222920465945e-01 4.132732270737789482e-01
2.701612904756182099e-01 6.024590163934425702e-01
2.701612903225806273e-01 8.278688524590164244e-01
2.701612903225806273e-01 8.606557377049179891e-01
2.741935485072989898e-01 4.133337176391534418e-01
2.741935485401343353e-01 6.024590163934425702e-01
2.741935483870967527e-01 8.278688524590164244e-01
2.741935483870967527e-01 8.606557377049179891e-01
2.781580743366277586e-01 4.132732270737789482e-01
2.782199840597997520e-01 6.024131886143385683e-01
2.782258064516128782e-01 8.319672131147540783e-01
2.782258064516128782e-01 8.606557377049179891e-01
2.820760597979026785e-01 4.130566541790641755e-01
2.822435930648064528e-01 6.023536215789880854e-01
2.822580645161290591e-01 8.319672131147540783e-01
2.822580645161290591e-01 8.606557377049179891e-01
2.857823326241135109e-01 4.124824134270340115e-01
2.862622181793643139e-01 6.022731442563616922e-01
2.862903225806451846e-01 8.360655737704918433e-01
2.862903225806451846e-01 8.565573770491803351e-01
2.882948757990473898e-01 4.110096908044680863e-01
2.902712044936291425e-01 6.021586620982651850e-01
2.903225806451613100e-01 8.401639344262294973e-01
2.903225806451613100e-01 8.442622950819672623e-01
2.903225806451613100e-01 8.524590163934425702e-01
2.963141022895973697e-01 4.124806519506163394e-01
2.942590025608473048e-01 6.019836893456903537e-01
2.943548387096774355e-01 8.483606557377049162e-01
2.943548387096774355e-01 8.524590163934425702e-01
2.988331254905901013e-01 4.109002378211952244e-01
2.981906204382070436e-01 6.016866391501770606e-01
2.983870967741935609e-01 8.524590163934425702e-01
3.025199948657950055e-01 4.101331157401799654e-01
3.019219502363534313e-01 6.010944899381519546e-01
3.024193548387096864e-01 8.524590163934425702e-01
3.063509731235230515e-01 4.095390153782572096e-01
3.044642450348023499e-01 5.996285580541388383e-01
3.064516129032258118e-01 8.524590163934425702e-01
3.100378424550722101e-01 4.087718933263457810e-01
3.124712388361653992e-01 6.011911140770086481e-01
3.104838709677419373e-01 8.565573770491803351e-01
3.125568654523381285e-01 4.071914791969246661e-01
3.150077112969161264e-01 5.996793544866511061e-01
3.137269135932588271e-01 8.550154906869331661e-01
3.205760919428881084e-01 4.086624403430729191e-01
3.185483870967741882e-01 5.983606557377049162e-01
3.175394974588867103e-01 8.558223377502920393e-01
3.230944576883508224e-01 4.071438898977472465e-01
3.275781793730153102e-01 5.463994559450228161e-01
3.225806451612903136e-01 5.983606557377049162e-01
3.220936904929863620e-01 8.567422421791754950e-01
3.268035569476083757e-01 4.065559099258503895e-01
3.294755585506678464e-01 5.487389647913333279e-01
3.266129032258064391e-01 5.983606557377049162e-01
3.258225732847236933e-01 8.575340628330061499e-01
3.307265262361221425e-01 4.063184267438597064e-01
3.322262904426503405e-01 5.525052349090759929e-01
3.306451612903225645e-01 5.983606557377049162e-01
3.286858977104026303e-01 8.592019634260261718e-01
3.347006913306446729e-01 4.062239313502910565e-01
3.339689930059736578e-01 5.570283093924832674e-01
3.369836993139957992e-01 5.565213904530954547e-01
3.346774193548386900e-01 5.983606557377049162e-01
3.367051242009526102e-01 8.577310022798778633e-01
3.386586766780143587e-01 9.710334649034699783e-01
3.386864056218097940e-01 4.062239313502910565e-01
3.395222164352514338e-01 5.635598222152559122e-01
3.387096774193548154e-01 5.983606557377049162e-01
3.392234897717923414e-01 8.592495527252035359e-01
3.438787398289047670e-01 9.550392609547639911e-01
3.417454493126921844e-01 9.558742612554523843e-01
3.404845683497466635e-01 9.585584235701091194e-01
3.398748926946051907e-01 9.613955353031728990e-01
3.392120527231224369e-01 9.645361453600105328e-01
3.387242344041066500e-01 9.670999411295061465e-01
3.375605779827662301e-01 9.685611324613822015e-01
3.426605706253828543e-01 4.063184267438597064e-01
3.427419354838709409e-01 5.655737704918032405e-01
3.427419354838709409e-01 5.696721311475410054e-01
3.427419354838709409e-01 5.983606557377049162e-01
3.429384116597863907e-01 8.598833604616524795e-01
3.469365974587778623e-01 9.514318143979447751e-01
3.465835397392736938e-01 4.065559099258503895e-01
3.467741935483871218e-01 5.737704918032786594e-01
3.467741935483871218e-01 5.942622950819672623e-01
3.468700298572883201e-01 8.601804106571657726e-01
3.467758946486326765e-01 9.487280997478204636e-01
3.503090470105469922e-01 4.071022313733234088e-01
3.508064516129032473e-01 5.778688524590164244e-01
3.508064516129032473e-01 5.819672131147540783e-01
3.508064516129032473e-01 5.860655737704918433e-01
3.508064516129032473e-01 5.901639344262294973e-01
3.508520052521142407e-01 8.604012111742926905e-01
3.471909486463353733e-01 9.460237575026961832e-01
3.528513418089959108e-01 4.085681632573365252e-01
3.548387096774193727e-01 5.901639344262294973e-01
3.548523424673065696e-01 8.605752603968435110e-01
3.525095343169185602e-01 9.438241320265243761e-01
3.608583356103589601e-01 4.070056072344667708e-01
3.588709677419354982e-01 5.901639344262294973e-01
3.588573350793775596e-01 8.607362150129924672e-01
3.583832985163861728e-01 9.394996550972344318e-01
3.634006304088078787e-01 4.084715391184798872e-01
3.629032258064516236e-01 5.901639344262294973e-01
3.628576721854305243e-01 8.609102642355432877e-01
3.646169744784973910e-01 9.362683029059076789e-01
3.671319601196427751e-01 4.090636883305049931e-01
3.669354838709677491e-01 5.942622950819672623e-01
3.668396477221376184e-01 8.611310647526702056e-01
3.638686521369363103e-01 9.331184906797239664e-01
3.710635780843140052e-01 4.093607385260182863e-01
3.709677419354838745e-01 5.942622950819672623e-01
3.707712656868088485e-01 8.614281149481834987e-01
3.692378763770384209e-01 9.302231991890441698e-01
3.807160312970799820e-01 9.918561412525348508e-01
3.750513759914611001e-01 4.095357112785931175e-01
3.740261096390895545e-01 5.930682851753549256e-01
3.745025953976437449e-01 8.620202641602086047e-01
3.744102694909088314e-01 9.259963438630993693e-01
3.825165829621255398e-01 9.933055504301532279e-01
3.790603623020879498e-01 4.096501934366896247e-01
3.780706386934334917e-01 5.933853189048708954e-01
3.770448901960926635e-01 8.634861960442217210e-01
3.786893511752432717e-01 9.218042480203963995e-01
3.840502138519960029e-01 9.922981415951593887e-01
3.830789874985003340e-01 4.097306707593160180e-01
3.827715909067210820e-01 5.938744544105024614e-01
3.830645161290322509e-01 8.647540983606557541e-01
3.828119103056979444e-01 9.174625158956900561e-01
3.870629195664678779e-01 9.918124898444088400e-01
3.871025967486158015e-01 4.097902377946665009e-01
3.871248785129747239e-01 5.940764229448863842e-01
3.870967741935483764e-01 8.647540983606557541e-01
3.867226535334221671e-01 9.127619847059860181e-01
3.901765876329473803e-01 9.916484354838698279e-01
3.911290322481206228e-01 4.098360655737705027e-01
3.911435036275325849e-01 5.941569002675127775e-01
3.911290322580645018e-01 8.647540983606557541e-01
3.925724210134977632e-01 9.082607208697704992e-01
3.896856435026312404e-01 9.073130496220327412e-01
3.936780155786583357e-01 9.913153163582987260e-01
3.951612904756182099e-01 4.098360655737705027e-01
3.951671126329939776e-01 5.942164673028632604e-01
3.951612903225806273e-01 8.647540983606557541e-01
3.954658098997653193e-01 9.027454642098030613e-01
3.962300117315363801e-01 9.911638921552307080e-01
3.991935485401343353e-01 4.098360655737705027e-01
3.991935483771528737e-01 5.942622950819672623e-01
3.991935483870967527e-01 8.647540983606557541e-01
3.991935483870967527e-01 8.975409836065574298e-01
3.968515647800578972e-01 9.925623892455316399e-01
3.934724049402340551e-01 9.903607477975978624e-01
3.945318733101650377e-01 9.894164528270237291e-01
3.959752056041672130e-01 9.896062249317765236e-01
4.032258064416689991e-01 4.098360655737705027e-01
4.032258064416689991e-01 5.942622950819672623e-01
4.032258064516128782e-01 8.647540983606557541e-01
4.032258064516128782e-01 8.934426229508196649e-01
4.001039749972762349e-01 9.872221243720440409e-01
4.072522421243159330e-01 4.097902377946665009e-01
4.072580645260729382e-01 5.942622950819672623e-01
4.108248125130851691e-01 6.832755327407942225e-01
4.091207589090411489e-01 6.849669646500365916e-01
4.083323619861696785e-01 6.880440840313447604e-01
4.078817731069941943e-01 6.913275039357851259e-01
4.077080135184881216e-01 6.942485727400320439e-01
4.075302453138940906e-01 6.973129930432702128e-01
4.074008122707094004e-01 6.999098693906161683e-01
4.073024703257326906e-01 7.010524147571842724e-01
4.072580645161290591e-01 8.647540983606557541e-01
4.072580645161290591e-01 8.893442622950820109e-01
4.050383777658064788e-01 9.821075312984099970e-01
4.112594433655988868e-01 4.096890121548566466e-01
4.112903225905890636e-01 5.942622950819672623e-01
4.118127920420750487e-01 6.771503693412714853e-01
4.112903225806451846e-01 8.647540983606557541e-01
4.112903225806451846e-01 8.852459016393442459e-01
4.097958229587323475e-01 9.774957031706256183e-01
4.153225806451613100e-01 4.098360655737705027e-01
4.153225806451613100e-01 5.942622950819672623e-01
4.177098242010200413e-01 6.664755217135562848e-01
4.151974117351440730e-01 6.682970035944294507e-01
4.128003470043862255e-01 6.700457824187994182e-01
4.153225806451613100e-01 8.688524590163934080e-01
4.153225806451613100e-01 8.729508196721311730e-01
4.153225806451613100e-01 8.770491803278688270e-01
4.153225806451613100e-01 8.811475409836065920e-01
4.148659612776922079e-01 9.728222271927525755e-01
4.193548387096774355e-01 4.098360655737705027e-01
4.193548387096774355e-01 5.942622950819672623e-01
4.212760961794805303e-01 6.581821661389081202e-01
4.180700035480361954e-01 6.584885571758858358e-01
4.193548387096774355e-01 8.688524590163934080e-01
4.205662651633423343e-01 9.675571106796030385e-01
4.233870967741935609e-01 4.098360655737705027e-01
4.233870967741935609e-01 5.942622950819672623e-01
4.257350855491935371e-01 6.507858602352990518e-01
4.224463794248989879e-01 6.505474697084731028e-01
4.233870967741935609e-01 8.688524590163934080e-01
4.259624248821168302e-01 9.645344051875968105e-01
4.274193548387096864e-01 4.098360655737705027e-01
4.274193548387096864e-01 5.942622950819672623e-01
4.292656349040748220e-01 6.452003599671249923e-01
4.274193548387096864e-01 8.688524590163934080e-01
4.248440267307864171e-01 9.616951030091245300e-01
4.332123613510761584e-01 3.715235706281344585e-01
4.349259776589010085e-01 3.708953250955301928e-01
4.314516129032258118e-01 4.098360655737705027e-01
4.314516129032258118e-01 5.942622950819672623e-01
4.341390533898506487e-01 6.408529506164191147e-01
4.314516129032258118e-01 8.688524590163934080e-01
4.299040424464751209e-01 9.590823827547566571e-01
4.354534616958840032e-01 3.776729673864778203e-01
4.382535185995361515e-01 3.786344695817220884e-01
4.354838709677419373e-01 4.098360655737705027e-01
4.354838709677419373e-01 5.942622950819672623e-01
4.328986759628019043e-01 6.373860506440101048e-01
4.354838709677419373e-01 8.688524590163934080e-01
4.345694552156924018e-01 9.551848056854977953e-01
4.399561236223821781e-01 3.871245075658452106e-01
4.395161290322580627e-01 4.057377049180327933e-01
4.395161290322580627e-01 5.942622950819672623e-01
4.375834775292464784e-01 6.327883527751584358e-01
4.395161290322580627e-01 8.688524590163934080e-01
4.392770835712003774e-01 9.507923290369586500e-01
4.435483870967741882e-01 3.852459016393442459e-01
4.435483870967741882e-01 3.893442622950819554e-01
4.435483870967741882e-01 3.934426229508196649e-01
4.435483870967741882e-01 4.016393442622950838e-01
4.435483870967741882e-01 5.942622950819672623e-01
4.435483870967741882e-01 6.270491803278688270e-01
4.408768235645707523e-01 6.272940096620959194e-01
4.423541884809251701e-01 8.694321054556849449e-01
4.435483871280094803e-01 9.467213114166691534e-01
4.475806451612903136e-01 3.975409836065573743e-01
4.475806451612903136e-01 4.016393442622950838e-01
4.475806451612903136e-01 5.942622950819672623e-01
4.475806451612903136e-01 5.983606557377049162e-01
4.475806451612903136e-01 6.024590163934425702e-01
4.475806451612903136e-01 6.065573770491803351e-01
4.475806451612903136e-01 6.106557377049179891e-01
4.475806451612903136e-01 6.147540983606557541e-01
4.475806451612903136e-01 6.188524590163934080e-01
4.475806451612903136e-01 6.229508196721311730e-01
4.467797986674873489e-01 8.694611002049851267e-01
4.478196906223479989e-01 9.426502939138610149e-01
4.516129032258064391e-01 4.057377049180327933e-01
4.516129032258064391e-01 5.942622950819672623e-01
4.514164269771314131e-01 8.696248362596589176e-01
4.525273189778559746e-01 9.382578172653218695e-01
4.556451612903225645e-01 4.057377049180327933e-01
4.556451612903225645e-01 5.942622950819672623e-01
4.551477566879663095e-01 8.702169854716840236e-01
4.571927317470732555e-01 9.343602401960630077e-01
4.596774193548386900e-01 4.057377049180327933e-01
4.596774193548386900e-01 5.901639344262294973e-01
4.576736436781262962e-01 8.717245761129516213e-01
4.622527474627619593e-01 9.317475199416951348e-01
4.637096774193548154e-01 4.057377049180327933e-01
4.637096774193548154e-01 5.901639344262294973e-01
4.656661661236636829e-01 8.702674146062221450e-01
4.611343493114315462e-01 9.289082177632228543e-01
4.677419354838709409e-01 4.057377049180327933e-01
4.747327328359167153e-01 4.574869046136584294e-01
4.677419354838709409e-01 5.901639344262294973e-01
4.677419354838709409e-01 8.729508196721311730e-01
4.661943651435355718e-01 9.262954975888906262e-01
4.686650637041537282e-01 4.080385785496442597e-01
4.742025435872135875e-01 4.558586881412040603e-01
4.717741935483871218e-01 5.901639344262294973e-01
4.717741935483871218e-01 8.729508196721311730e-01
4.711959216248003957e-01 9.219879351291980774e-01
4.774539656711802582e-01 4.069438347035683190e-01
4.805163761841193537e-01 4.560877158493567007e-01
4.758064516129032473e-01 5.901639344262294973e-01
4.758064516129032473e-01 8.729508196721311730e-01
4.754646193825700085e-01 9.177797989577215487e-01
4.802847383938159131e-01 4.087718933263457810e-01
4.817322091943013751e-01 4.541591463331896561e-01
4.793260365653212451e-01 5.896649157254361118e-01
4.798387096774193727e-01 8.729508196721311730e-01
4.798323888947878535e-01 9.130081463591805946e-01
4.838709677419354982e-01 4.098360655737705027e-01
4.827364751686071820e-01 4.522512141103688377e-01
4.833880346118202276e-01 5.889048027199097479e-01
4.838709677419354982e-01 8.729508196721311730e-01
4.841028421792397118e-01 9.074379329943693673e-01
4.879032258064516236e-01 4.098360655737705027e-01
4.902378177390463998e-01 4.523537008084173583e-01
4.859216803339340141e-01 5.873793039096855129e-01
4.879032258064516236e-01 8.729508196721311730e-01
4.879032258064516236e-01 9.057377049180327377e-01
4.919354838709677491e-01 4.098360655737705027e-01
4.914391972049469981e-01 4.499697162994931721e-01
4.939228517393912110e-01 5.888960321097955752e-01
4.919354838709677491e-01 8.770491803278688270e-01
4.919354838709677491e-01 8.934426229508196649e-01
4.919354838709677491e-01 8.975409836065574298e-01
4.919354838709677491e-01 9.016393442622950838e-01
4.959677419354838745e-01 4.098360655737705027e-01
4.921218027556014674e-01 4.479204006951119088e-01
4.959677419354838745e-01 5.860655737704918433e-01
4.959677419354838745e-01 8.811475409836065920e-01
4.959677419354838745e-01 8.852459016393442459e-01
4.959677419354838745e-01 8.893442622950820109e-01
5.000000000000000000e-01 4.139344262295082122e-01
4.976846310310065746e-01 4.436318951689439682e-01
5.000000000000000000e-01 5.860655737704918433e-01
5.036070968490093946e-01 6.700593669265203500e-01
5.022491721902042627e-01 6.713711635236337960e-01
5.018729547737166286e-01 6.739956502092727675e-01
5.026224369648844004e-01 6.755697543916032721e-01
5.000000000000000000e-01 8.811475409836065920e-01
5.040322580645161255e-01 4.139344262295082122e-01
5.040322580645161255e-01 4.426229508196721230e-01
5.040322580645161255e-01 5.860655737704918433e-01
5.063875328088479622e-01 6.628979156633503234e-01
5.035052888598593457e-01 6.627725240179016541e-01
5.016689210934864862e-01 6.812827627319598678e-01
5.029254145957829936e-01 6.810048816832484642e-01
5.040322580645161255e-01 8.811475409836065920e-01
5.080645161290322509e-01 4.139344262295082122e-01
5.080645161290322509e-01 4.385245901639344135e-01
5.080645161290322509e-01 5.860655737704918433e-01
5.084474663092424240e-01 6.567780812915994249e-01
5.080645161290322509e-01 8.811475409836065920e-01
5.120967741935483764e-01 4.180327868852459217e-01
5.120967741935483764e-01 4.262295081967212851e-01
5.120967741935483764e-01 4.303278688524589946e-01
5.120967741935483764e-01 4.344262295081967040e-01
5.120967741935483764e-01 5.860655737704918433e-01
5.138343754337139080e-01 6.496234988816632638e-01
5.103626760068319390e-01 6.500289754228300021e-01
5.120967741935483764e-01 8.811475409836065920e-01
5.161290322580645018e-01 4.221311475409836311e-01
5.161290322580645018e-01 5.860655737704918433e-01
5.159615155430548050e-01 6.431553822013618138e-01
5.161290322580645018e-01 8.811475409836065920e-01
5.280300897035387075e-01 1.970183616127154647e-01
5.201612903225806273e-01 4.180327868852459217e-01
5.201612903225806273e-01 5.860655737704918433e-01
5.215061179084342635e-01 6.361001866657790549e-01
5.183539461765077627e-01 6.361727296473977944e-01
5.201612903225806273e-01 8.811475409836065920e-01
5.289298079667552610e-01 1.973134608620579211e-01
5.241935483870967527e-01 4.180327868852459217e-01
5.241935483870967527e-01 5.860655737704918433e-01
5.252011834170609017e-01 6.277247736560653824e-01
5.221990016514375110e-01 6.282537897293013485e-01
5.241935483870967527e-01 8.811475409836065920e-01
5.306676148001344684e-01 1.981414154202478795e-01
5.282258064516128782e-01 4.180327868852459217e-01
5.282258064516128782e-01 5.860655737704918433e-01
5.282258064516128782e-01 5.901639344262294973e-01
5.282258064516128782e-01 5.942622950819672623e-01
5.282258064516128782e-01 5.983606557377049162e-01
5.282258064516128782e-01 6.024590163934425702e-01
5.282258064516128782e-01 6.065573770491803351e-01
5.282258064516128782e-01 6.106557377049179891e-01
5.282258064516128782e-01 6.147540983606557541e-01
5.282258064516128782e-01 6.188524590163934080e-01
5.282258064516128782e-01 6.229508196721311730e-01
5.282258064516128782e-01 8.770491803278688270e-01
5.373839428948778973e-01 1.935212580013837003e-01
5.322580645161290036e-01 4.180327868852459217e-01
5.322580645161290036e-01 5.860655737704918433e-01
5.322580645161290036e-01 8.770491803278688270e-01
5.362903225806451291e-01 1.967213114754098324e-01
5.362903225806451291e-01 4.180327868852459217e-01
5.362903225806451291e-01 5.860655737704918433e-01
5.362903225806451291e-01 8.770491803278688270e-01
5.403225806451612545e-01 1.967213114754098324e-01
5.403225806451612545e-01 4.180327868852459217e-01
5.403225806451612545e-01 5.860655737704918433e-01
5.403225806451612545e-01 8.770491803278688270e-01
5.443548387096773800e-01 1.967213114754098324e-01
5.443548387096773800e-01 4.180327868852459217e-01
5.443548387096773800e-01 5.860655737704918433e-01
5.443548387096773800e-01 8.770491803278688270e-01
5.483870967741935054e-01 1.967213114754098324e-01
5.483870967741935054e-01 4.180327868852459217e-01
5.483870967741935054e-01 5.860655737704918433e-01
5.483870967741935054e-01 8.442622950819672623e-01
5.483870967741935054e-01 8.483606557377049162e-01
5.483870967741935054e-01 8.524590163934425702e-01
5.483870967741935054e-01 8.565573770491803351e-01
5.483870967741935054e-01 8.770491803278688270e-01
5.524193548387096309e-01 7.969439029693603516e-03
5.524193548387096309e-01 9.135548720044680410e-03
5.524193548387096309e-01 1.176778412591971378e-02
5.524193548387096309e-01 1.488872756036456468e-02
5.524193548387096309e-01 1.825402582400157889e-02
5.524193548387096309e-01 2.176593614696356940e-02
5.524193548387096309e-01 2.537558842488549238e-02
5.524193548387096309e-01 2.905505596083726369e-02
5.524193548387096309e-01 3.278688523595774118e-02
5.524193548387096309e-01 3.688524583009251956e-02
5.524193548387096309e-01 4.098360654743314624e-02
5.524637606483132624e-01 4.507650600529456569e-02
5.525214967253099241e-01 4.916675169228196252e-02
5.525995360273349144e-01 5.325231549381225643e-02
5.527512384775740140e-01 5.731336635403377205e-02
5.529726555593491577e-01 6.134734457104894234e-02
5.533287489576445006e-01 6.531612531112156173e-02
5.539131927559332036e-01 6.872640642600866268e-02
5.556253033479855441e-01 7.159452785386657969e-02
5.524193548387096309e-01 1.967213114754098324e-01
5.524193548387096309e-01 4.180327868852459217e-01
5.524193548387096309e-01 5.860655737704918433e-01
5.524193548387096309e-01 8.606557377049179891e-01
5.524193548387096309e-01 8.770491803278688270e-01
5.544716450911495453e-01 7.956214870524699889e-02
5.565403608432519800e-01 8.191042542245265123e-02
5.586185826048735148e-01 8.423660035611542363e-02
5.564516129032257563e-01 1.967213114754098324e-01
5.564516129032257563e-01 4.180327868852459217e-01
5.564516129032257563e-01 5.860655737704918433e-01
5.564516129032257563e-01 8.647540983606557541e-01
5.564516129032257563e-01 8.729508196721311730e-01
5.576081806192955126e-01 9.221242289974919404e-02
5.594857289087807883e-01 9.457672771484376684e-02
5.610404085581971456e-01 9.717601342279402754e-02
5.616179190673714627e-01 1.080633477712446971e-01
5.608843973877223332e-01 1.109677813498715498e-01
5.606711508279981215e-01 1.148625924129117321e-01
5.606094885278575246e-01 1.188997404081374720e-01
5.605949675645528485e-01 1.229726805268895606e-01
5.605619102624909145e-01 1.270619771120451713e-01
5.605416070483765223e-01 1.311556559619065643e-01
5.605282767773455133e-01 1.352513628471644636e-01
5.605282767773455133e-01 1.393388010872617655e-01
5.605860128543421750e-01 1.434290467742491693e-01
5.606640521563671653e-01 1.475146106558150039e-01
5.607751487386262168e-01 1.515911102039547709e-01
5.609451721228974064e-01 1.556476508344754595e-01
5.611901880455983926e-01 1.596565547773278748e-01
5.604838709677418818e-01 1.639344262295081844e-01
5.604838709677418818e-01 1.680327868852458939e-01
5.604838709677418818e-01 1.926229508196721230e-01
5.604838709677418818e-01 1.967213114754098324e-01
5.604838709677418818e-01 4.221311475409836311e-01
5.604838709677418818e-01 4.262295081967212851e-01
5.604838709677418818e-01 4.303278688524589946e-01
5.604838709677418818e-01 4.344262295081967040e-01
5.604838709677418818e-01 4.385245901639344135e-01
5.604838709677418818e-01 4.426229508196721230e-01
5.604838709677418818e-01 4.467213114754098324e-01
5.618926972946932663e-01 4.491727173320765876e-01
5.636048076539149632e-01 4.523964475794527429e-01
5.604838709677418818e-01 5.860655737704918433e-01
5.604838709677418818e-01 6.516393442622950838e-01
5.604838709677418818e-01 8.688524590163934080e-01
5.604838709677418818e-01 8.729508196721311730e-01
5.666671059424838175e-01 9.927350368854575002e-01
5.562136145909467588e-01 1.033128707413943359e-01
5.645161290322581182e-01 1.721311475409836034e-01
5.645161290322581182e-01 1.762295081967213128e-01
5.645161290322581182e-01 1.803278688524590223e-01
5.645161290322581182e-01 1.844262295081967318e-01
5.645161290322581182e-01 1.885245901639344135e-01
5.645161290322581182e-01 2.008196721311475419e-01
5.645161290322581182e-01 2.049180327868852514e-01
5.645161290322581182e-01 2.090163934426229608e-01
5.645161290322581182e-01 2.131147540983606425e-01
5.645161290322581182e-01 2.172131147540983520e-01
5.645161290322581182e-01 2.213114754098360615e-01
5.645161290322581182e-01 2.254098360655737709e-01
5.657181420265847693e-01 2.286973939235245890e-01
5.673134914268890272e-01 2.316936268623857320e-01
5.673134914268890272e-01 3.666670288753192120e-01
5.658475596592912327e-01 3.693231015989068555e-01
5.652668519779259215e-01 3.731357917441513461e-01
5.649774301874136428e-01 3.771392344114261608e-01
5.648074068031424533e-01 3.811957748782378030e-01
5.646112985432997222e-01 3.856178958280981339e-01
5.645161290322581182e-01 3.893442622950819554e-01
5.645161290322581182e-01 3.934426229508196649e-01
5.645161290322581182e-01 3.975409836065573743e-01
5.645161290322581182e-01 4.016393442622950838e-01
5.645161290322581182e-01 4.057377049180327933e-01
5.645161290322581182e-01 4.098360655737705027e-01
5.645161290322581182e-01 4.139344262295082122e-01
5.645161290322581182e-01 4.180327868852459217e-01
5.626281608729774009e-01 4.606716788057085288e-01
5.647635482037590693e-01 4.629852935084004528e-01
5.669305178471991669e-01 4.652546805169311406e-01
5.645161290322581182e-01 5.860655737704918433e-01
5.645161290322581182e-01 5.901639344262294973e-01
5.645161290322581182e-01 5.942622950819672623e-01
5.645161290322581182e-01 5.983606557377049162e-01
5.645161290322581182e-01 6.024590163934425702e-01
5.645161290322581182e-01 6.065573770491803351e-01
5.645161290322581182e-01 6.106557377049179891e-01
5.645161290322581182e-01 6.147540983606557541e-01
5.645161290322581182e-01 6.188524590163934080e-01
5.645161290322581182e-01 6.229508196721311730e-01
5.645161290322581182e-01 6.270491803278688270e-01
5.645161290322581182e-01 6.311475409836065920e-01
5.645161290322581182e-01 6.352459016393442459e-01
5.645161290322581182e-01 6.393442622950820109e-01
5.645161290322581182e-01 6.434426229508196649e-01
5.645161290322581182e-01 6.475409836065574298e-01
5.645161290322581182e-01 6.557377049180327377e-01
5.645161290322581182e-01 6.598360655737705027e-01
5.658765050484949599e-01 6.633737948942608487e-01
5.671434677806833635e-01 6.661616765958883191e-01
5.645161290322581182e-01 8.647540983606557541e-01
5.645161290322581182e-01 8.688524590163934080e-01
5.645161290322581182e-01 8.729508196721311730e-01
5.645161290322581182e-01 8.770491803278688270e-01
5.645161290322581182e-01 8.811475409836065920e-01
5.650040113560540478e-01 9.907939096485249841e-01
5.657510247021433347e-01 2.396178485474503295e-01
5.672169564697411293e-01 2.422739214456609558e-01
5.677976641511064404e-01 2.460866113289709722e-01
5.680870859416187191e-01 2.500900540835573338e-01
5.682571093258899086e-01 2.541465947140780224e-01
5.683682059081489601e-01 2.582230942622177894e-01
5.684462452101739505e-01 2.623086580619291008e-01
5.685039812871706122e-01 2.663989039121708036e-01
5.685483870967742437e-01 2.704918032886324264e-01
5.685483870967742437e-01 2.745901639443701359e-01
5.685483870967742437e-01 2.786885245802200317e-01
5.685483870967742437e-01 2.827868852359577412e-01
5.685483870967742437e-01 2.868852458102046921e-01
5.685483870967742437e-01 2.909836065474331601e-01
5.685483870967742437e-01 2.950819672031708696e-01
5.685483870967742437e-01 2.991803279403992821e-01
5.685483870967742437e-01 3.032786886160248052e-01
5.685483870967742437e-01 3.073770491703839980e-01
5.685483870967742437e-01 3.114754098460094656e-01
5.688376151139833414e-01 3.158187449997535423e-01
5.692071750001501673e-01 3.200877050336710106e-01
5.696509571918737524e-01 3.242159133264604365e-01
5.697532323594656223e-01 3.281804155706252168e-01
5.697763544214409226e-01 3.321040922419938868e-01
5.697353477064039939e-01 3.360054185976594776e-01
5.696179844146114224e-01 3.399063007415608073e-01
5.690953322393339509e-01 3.439490770392470975e-01
5.688397105024647349e-01 3.479141005039115830e-01
5.684564520544823640e-01 3.518584703188771257e-01
5.675061845160540575e-01 3.558417597258860532e-01
5.657510247021433347e-01 3.587428071902545867e-01
5.661339982818331951e-01 4.732699096470033284e-01
5.683009679252732926e-01 4.755392966555339607e-01
5.704363552560549611e-01 4.778529113582258847e-01
5.685483870967742437e-01 5.532786885245901676e-01
5.685483870967742437e-01 5.573770491803278215e-01
5.685483870967742437e-01 5.614754098360655865e-01
5.685483870967742437e-01 5.655737704918032405e-01
5.685483870967742437e-01 5.696721311475410054e-01
5.685483870967742437e-01 5.737704918032786594e-01
5.685483870967742437e-01 5.860655737704918433e-01
5.656622764128711456e-01 6.741008656824648559e-01
5.671502849492695564e-01 6.767348130920627369e-01
5.677462703953948253e-01 6.805354029268930738e-01
5.680464800736386710e-01 6.845317326034524585e-01
5.683015151354935401e-01 6.885673627975400501e-01
5.684703478020252110e-01 6.926357476184004103e-01
5.687114380618309983e-01 6.970541358373860685e-01
5.685483870967742437e-01 7.008196721311474864e-01
5.685483870967742437e-01 7.049180327868852514e-01
5.685483870967742437e-01 7.090163934426229053e-01
5.685483870967742437e-01 7.131147540983606703e-01
5.685483870967742437e-01 7.172131147540983243e-01
5.685483870967742437e-01 7.336065573770491621e-01
5.685483870967742437e-01 7.377049180327869271e-01
5.685483870967742437e-01 7.418032786885245811e-01
5.685483870967742437e-01 7.459016393442623460e-01
5.685483870967742437e-01 7.500000000000000000e-01
5.685483870967742437e-01 7.540983606557376540e-01
5.685483870967742437e-01 7.581967213114754189e-01
5.685483870967742437e-01 7.622950819672130729e-01
5.685483870967742437e-01 7.663934426229508379e-01
5.685483870967742437e-01 7.704918032786884918e-01
5.685483870967742437e-01 7.745901639344262568e-01
5.685483870967742437e-01 7.786885245901639108e-01
5.685483870967742437e-01 7.827868852459016757e-01
5.685483870967742437e-01 7.868852459016393297e-01
5.685483870967742437e-01 7.909836065573770947e-01
5.695158903892603153e-01 7.946929447515104217e-01
5.693280553734381133e-01 7.989053673351367291e-01
5.692991100424420470e-01 8.030937163798104184e-01
5.698354117977884048e-01 8.069118676405613311e-01
5.712436076193567747e-01 8.095760554434029421e-01
5.685483870967742437e-01 8.401639344262294973e-01
5.685483870967742437e-01 8.442622950819672623e-01
5.685483870967742437e-01 8.483606557377049162e-01
5.685483870967742437e-01 8.524590163934425702e-01
5.685483870967742437e-01 8.565573770491803351e-01
5.685483870967742437e-01 8.606557377049179891e-01
5.685483870967742437e-01 8.852459016393442459e-01
5.685483870967742437e-01 8.893442622950820109e-01
5.685483870967742437e-01 8.934426229508196649e-01
5.685483870967742437e-01 8.975409836065574298e-01
5.685483870967742437e-01 9.016393442622950838e-01
5.685483870967742437e-01 9.057377049180327377e-01
5.685483870967742437e-01 9.098360655737705027e-01
5.685483870967742437e-01 9.139344262295081567e-01
5.685483870967742437e-01 9.180327868852459217e-01
5.692991100424420470e-01 9.219461754689634025e-01
5.698798177238073581e-01 9.257588656142079486e-01
5.713457494914051527e-01 9.284149383377955367e-01
5.687547915351329753e-01 9.862413951272114288e-01
5.694597084751172877e-01 4.861281425844816706e-01
5.710868072440667964e-01 4.886506425796962039e-01
5.716712510423554994e-01 4.920609239274139624e-01
5.720273444406508423e-01 4.960297045365193447e-01
5.722487615224259860e-01 5.000636829863651656e-01
5.724004639726650856e-01 5.041247336064800244e-01
5.724785032746900759e-01 5.082102976508454661e-01
5.725362393516867376e-01 5.123005431750332628e-01
5.725806451612903691e-01 5.163934426328947724e-01
5.725362393516867376e-01 5.204863419894685261e-01
5.724785032746900759e-01 5.245765878397102844e-01
5.725794092174488759e-01 5.289804393274816219e-01
5.725134937623103104e-01 5.330803522069129663e-01
5.726439763623808465e-01 5.374495556700180643e-01
5.724895915430557869e-01 5.414691181122478492e-01
5.722531063750672109e-01 5.459744695852678520e-01
5.725806451612903691e-01 5.491803278688525136e-01
5.725806451612903691e-01 5.778688524590164244e-01
5.725806451612903691e-01 5.819672131147540783e-01
5.725806451612903691e-01 7.213114754098360892e-01
5.725806451612903691e-01 7.254098360655737432e-01
5.725806451612903691e-01 7.295081967213115082e-01
5.699214686849906064e-01 8.176452344604080436e-01
5.725806451612903691e-01 8.196721311475410054e-01
5.725806451612903691e-01 8.237704918032786594e-01
5.725806451612903691e-01 8.278688524590164244e-01
5.725806451612903691e-01 8.319672131147540783e-01
5.725806451612903691e-01 8.360655737704918433e-01
5.725806451612903691e-01 8.852459016393442459e-01
5.697832827666594602e-01 9.363391600228602174e-01
5.712492145342572547e-01 9.389952327464478055e-01
5.718299222156225659e-01 9.428079228916923515e-01
5.721193440061348445e-01 9.468113656390027000e-01
5.722893673904060341e-01 9.508679060257787530e-01
5.724004639726650856e-01 9.549444058176631556e-01
5.724340974650864444e-01 9.590245083445253504e-01
5.723934915825544811e-01 9.630911902529719626e-01
5.722435095324932552e-01 9.671587678254343068e-01
5.721312684857572384e-01 9.708502161641964223e-01
5.719540477242140986e-01 9.744501314354968580e-01
5.716506404081179715e-01 9.778844879665335998e-01
5.710630408232851840e-01 9.809298799525885126e-01
5.697009061207815028e-01 9.824317593707657670e-01
5.766129032258064946e-01 5.778688524590164244e-01
5.766129032258064946e-01 7.295081967213115082e-01
5.766129032258064946e-01 8.852459016393442459e-01
5.806451612903226200e-01 5.778688524590164244e-01
5.806451612903226200e-01 7.295081967213115082e-01
5.806451612903226200e-01 8.852459016393442459e-01
5.846774193548387455e-01 5.819672131147540783e-01
5.846774193548387455e-01 7.295081967213115082e-01
5.846774193548387455e-01 8.852459016393442459e-01
5.887096774193548709e-01 5.573770491803278215e-01
5.887096774193548709e-01 5.819672131147540783e-01
5.887096774193548709e-01 7.295081967213115082e-01
5.887096774193548709e-01 8.852459016393442459e-01
5.927419354838709964e-01 3.360655737704917878e-01
5.927419354838709964e-01 5.614754098360655865e-01
5.927419354838709964e-01 5.819672131147540783e-01
5.927419354838709964e-01 6.352459016393442459e-01
5.927419354838709964e-01 6.393442622950820109e-01
5.927419354838709964e-01 6.434426229508196649e-01
5.927419354838709964e-01 6.475409836065574298e-01
5.927419354838709964e-01 7.295081967213115082e-01
5.927419354838709964e-01 8.852459016393442459e-01
5.967741935483871218e-01 3.360655737704917878e-01
5.967741935483871218e-01 5.819672131147540783e-01
5.967741935483871218e-01 6.311475409836065920e-01
5.967741935483871218e-01 6.516393442622950838e-01
5.967741935483871218e-01 7.295081967213115082e-01
5.967741935483871218e-01 7.418032786885245811e-01
5.967741935483871218e-01 7.459016393442623460e-01
5.967741935483871218e-01 7.500000000000000000e-01
5.967741935483871218e-01 7.540983606557376540e-01
5.967741935483871218e-01 7.581967213114754189e-01
5.967741935483871218e-01 7.622950819672130729e-01
5.967741935483871218e-01 7.663934426229508379e-01
5.967741935483871218e-01 7.704918032786884918e-01
5.967741935483871218e-01 7.745901639344262568e-01
5.967741935483871218e-01 7.786885245901639108e-01
5.967741935483871218e-01 7.827868852459016757e-01
5.967741935483871218e-01 8.524590163934425702e-01
5.967741935483871218e-01 8.852459016393442459e-01
6.008064516129032473e-01 3.319672131147540783e-01
6.008064516129032473e-01 5.860655737704918433e-01
6.008064516129032473e-01 6.270491803278688270e-01
6.008064516129032473e-01 7.336065573770491621e-01
6.008064516129032473e-01 7.377049180327869271e-01
5.993059403037712674e-01 8.382281879131056046e-01
5.992580365629927019e-01 8.385892416480318357e-01
5.987803025411502222e-01 8.404015928714871908e-01
5.984537652468369107e-01 8.422768145387412586e-01
6.008064516129032473e-01 8.483606557377049162e-01
6.008064516129032473e-01 8.852459016393442459e-01
6.048387096774193727e-01 3.319672131147540783e-01
6.048387096774193727e-01 5.860655737704918433e-01
6.048387096774193727e-01 5.901639344262294973e-01
6.048387096774193727e-01 5.942622950819672623e-01
6.048387096774193727e-01 5.983606557377049162e-01
6.048387096774193727e-01 6.024590163934425702e-01
6.048387096774193727e-01 6.065573770491803351e-01
6.048387096774193727e-01 6.106557377049179891e-01
6.048387096774193727e-01 6.147540983606557541e-01
6.048387096774193727e-01 6.188524590163934080e-01
6.048387096774193727e-01 6.229508196721311730e-01
6.048387096774193727e-01 7.336065573770491621e-01
6.048387096774193727e-01 8.811475409836065920e-01
6.145818848012676305e-01 3.364333083226200283e-01
6.088709677419354982e-01 5.819672131147540783e-01
6.088709677419354982e-01 6.188524590163934080e-01
6.088709677419354982e-01 7.336065573770491621e-01
6.090926722822440631e-01 8.815945682233222724e-01
6.163239531339176347e-01 3.385054291355744094e-01
6.129032258064516236e-01 5.819672131147540783e-01
6.129032258064516236e-01 6.188524590163934080e-01
6.129032258064516236e-01 7.336065573770491621e-01
6.128319299638068651e-01 8.812121331008756497e-01
6.178683422547164295e-01 3.405102423056349248e-01
6.169354838709677491e-01 5.819672131147540783e-01
6.169354838709677491e-01 6.229508196721311730e-01
6.169354838709677491e-01 7.336065573770491621e-01
6.168584595577539798e-01 8.809852165811252744e-01
6.209677419354838745e-01 3.401639344262294973e-01
6.209677419354838745e-01 3.442622950819672067e-01
6.209677419354838745e-01 3.483606557377049162e-01
6.209677419354838745e-01 5.819672131147540783e-01
6.209677419354838745e-01 6.270491803278688270e-01
6.209677419354838745e-01 7.336065573770491621e-01
6.206857050964308398e-01 8.804230694019724579e-01
6.250000000000000000e-01 3.360655737704917878e-01
6.250000000000000000e-01 3.524590163934426257e-01
6.250000000000000000e-01 3.565573770491803351e-01
6.250000000000000000e-01 3.606557377049180446e-01
6.250000000000000000e-01 3.647540983606557541e-01
6.250000000000000000e-01 5.819672131147540783e-01
6.250000000000000000e-01 6.311475409836065920e-01
6.250000000000000000e-01 6.352459016393442459e-01
6.250000000000000000e-01 7.295081967213115082e-01
6.250000000000000000e-01 7.336065573770491621e-01
6.250000000000000000e-01 7.377049180327869271e-01
6.250000000000000000e-01 7.418032786885245811e-01
6.250000000000000000e-01 7.459016393442623460e-01
6.250000000000000000e-01 7.500000000000000000e-01
6.250000000000000000e-01 7.540983606557376540e-01
6.250000000000000000e-01 7.581967213114754189e-01
6.298428624868392944e-01 8.327872828631966984e-01
6.246562530577648431e-01 8.794836269168672116e-01
6.290322580645161255e-01 3.360655737704917878e-01
6.290322580645161255e-01 3.688524590163934636e-01
6.304981898321139200e-01 3.715085319728117508e-01
6.290322580645161255e-01 5.819672131147540783e-01
6.290322580645161255e-01 6.393442622950820109e-01
6.290322580645161255e-01 7.295081967213115082e-01
6.290322580645161255e-01 7.622950819672130729e-01
6.293494287566582246e-01 8.320890858631769804e-01
6.273572949031668289e-01 8.776528796822321565e-01
6.330645161290322509e-01 3.319672131147540783e-01
6.301166322157387700e-01 3.797061800704810697e-01
6.320036485633482304e-01 3.820662156737897885e-01
6.328907565114223477e-01 3.849570680954531587e-01
6.338292518123653796e-01 3.881730490696204128e-01
6.355074984096591439e-01 3.902103745905285415e-01
6.330645161290322509e-01 5.819672131147540783e-01
6.330645161290322509e-01 6.434426229508196649e-01
6.330645161290322509e-01 6.475409836065574298e-01
6.330645161290322509e-01 7.295081967213115082e-01
6.330645161290322509e-01 7.663934426229508379e-01
6.330645161290322509e-01 8.278688524590164244e-01
6.330645161290322509e-01 8.770491803278688270e-01
6.370967741935483764e-01 3.319672131147540783e-01
6.346851975071213792e-01 3.978748871967746070e-01
6.365434734729088495e-01 3.991737636722257898e-01
6.383520846833444784e-01 4.006391045118330996e-01
6.370967741935483764e-01 5.819672131147540783e-01
6.370967741935483764e-01 6.516393442622950838e-01
6.370967741935483764e-01 7.254098360655737432e-01
6.353187837052128861e-01 7.721488688648754373e-01
6.386797225681103418e-01 7.719959798039960353e-01
6.370967741935483764e-01 8.319672131147540783e-01
6.370967741935483764e-01 8.770491803278688270e-01
6.411290322580645018e-01 3.319672131147540783e-01
6.379639203810403281e-01 4.069422833529896533e-01
6.395501827505687409e-01 4.065650904887035400e-01
6.411290322580645018e-01 5.778688524590164244e-01
6.411290322580645018e-01 6.557377049180327377e-01
6.411290322580645018e-01 7.213114754098360892e-01
6.411133213919275597e-01 7.775617358007574920e-01
6.411290322580645018e-01 8.360655737704918433e-01
6.411290322580645018e-01 8.729508196721311730e-01
6.451612903225806273e-01 3.319672131147540783e-01
6.451612903225806273e-01 5.778688524590164244e-01
6.451612903225806273e-01 6.598360655737705027e-01
6.451612903225806273e-01 7.172131147540983243e-01
6.449476940512296474e-01 7.833977909453335720e-01
6.451612903225806273e-01 8.401639344262294973e-01
6.451612903225806273e-01 8.729508196721311730e-01
6.491935483870967527e-01 3.319672131147540783e-01
6.491935483870967527e-01 5.778688524590164244e-01
6.491935483870967527e-01 6.639344262295081567e-01
6.491935483870967527e-01 6.762295081967213406e-01
6.491935483870967527e-01 6.803278688524589946e-01
6.491935483870967527e-01 6.844262295081967595e-01
6.491935483870967527e-01 6.885245901639344135e-01
6.491935483870967527e-01 6.926229508196721785e-01
6.491935483870967527e-01 6.967213114754098324e-01
6.491935483870967527e-01 7.008196721311474864e-01
6.491935483870967527e-01 7.049180327868852514e-01
6.491935483870967527e-01 7.090163934426229053e-01
6.491935483870967527e-01 7.131147540983606703e-01
6.491935483870967527e-01 7.172131147540983243e-01
6.475194794118344088e-01 7.889992040238480442e-01
6.509121597271352311e-01 7.886947281276960320e-01
6.491935483870967527e-01 8.442622950819672623e-01
6.491935483870967527e-01 8.729508196721311730e-01
6.532558468415147201e-01 3.323001386707488125e-01
6.532258064516128782e-01 5.778688524590164244e-01
6.532258064516128782e-01 6.639344262295081567e-01
6.532258064516128782e-01 6.680327868852459217e-01
6.532258064516128782e-01 6.721311475409835756e-01
6.532258064516128782e-01 7.213114754098360892e-01
6.534960656689720038e-01 7.942090821614656848e-01
6.532258064516128782e-01 8.483606557377049162e-01
6.532258064516128782e-01 8.688524590163934080e-01
6.532258064516128782e-01 8.729508196721311730e-01
6.572444317671690683e-01 3.322584800590134835e-01
6.572580645161290036e-01 5.778688524590164244e-01
6.572580645161290036e-01 6.147540983606557541e-01
6.572580645161290036e-01 6.639344262295081567e-01
6.572580645161290036e-01 7.254098360655737432e-01
6.574476866526604013e-01 7.997983159272183951e-01
6.572580645161290036e-01 8.524590163934425702e-01
6.572580645161290036e-01 8.565573770491803351e-01
6.572580645161290036e-01 8.606557377049179891e-01
6.572580645161290036e-01 8.647540983606557541e-01
6.572580645161290036e-01 8.770491803278688270e-01
6.612447689414341356e-01 3.323133952035873806e-01
6.612903225806451291e-01 5.778688524590164244e-01
6.676651189674532860e-01 6.168683009550403051e-01
6.612903225806451291e-01 6.598360655737705027e-01
6.612903225806451291e-01 7.254098360655737432e-01
6.610421690612940937e-01 8.050568022967514725e-01
6.612903225806451291e-01 8.524590163934425702e-01
6.612903225806451291e-01 8.811475409836065920e-01
6.652267442562245225e-01 3.324425401625062948e-01
6.653225806451612545e-01 5.737704918032786594e-01
6.719133502713614536e-01 6.170896496681007592e-01
6.653225806451612545e-01 6.557377049180327377e-01
6.653225806451612545e-01 7.254098360655737432e-01
6.634431037030392719e-01 8.108869157197167166e-01
6.667175834675529433e-01 8.111432451997181436e-01
6.653225806451612545e-01 8.483606557377049162e-01
6.653225806451612545e-01 8.811475409836065920e-01
6.691419546090576764e-01 3.327812489988587474e-01
6.693548387096773800e-01 5.450819672131147486e-01
6.693548387096773800e-01 5.491803278688525136e-01
6.693548387096773800e-01 5.532786885245901676e-01
6.693548387096773800e-01 5.573770491803278215e-01
6.693548387096773800e-01 5.614754098360655865e-01
6.693548387096773800e-01 5.655737704918032405e-01
6.693548387096773800e-01 5.696721311475410054e-01
6.693548387096773800e-01 5.737704918032786594e-01
6.693548387096773800e-01 6.106557377049179891e-01
6.693548387096773800e-01 6.147540983606557541e-01
6.654058074758898433e-01 6.180977922688680737e-01
6.673088901856493171e-01 6.206210708497550410e-01
6.686343453888360377e-01 6.249553748620215732e-01
6.693548387096773800e-01 6.311475409836065920e-01
6.693548387096773800e-01 6.352459016393442459e-01
6.693548387096773800e-01 6.557377049180327377e-01
6.693548387096773800e-01 7.254098360655737432e-01
6.671699678239922937e-01 8.185978708178048846e-01
6.693548387096773800e-01 8.196721311475410054e-01
6.693548387096773800e-01 8.442622950819672623e-01
6.693548387096773800e-01 8.852459016393442459e-01
6.728493550777314702e-01 3.334260161901198005e-01
6.757231578681497375e-01 5.305114008684749249e-01
6.739678043973511556e-01 5.330725559601217078e-01
6.728063890928281943e-01 5.365995751874192976e-01
6.709660240899650852e-01 5.395063515370864815e-01
6.733870967741935054e-01 5.778688524590164244e-01
6.733870967741935054e-01 5.819672131147540783e-01
6.733870967741935054e-01 5.860655737704918433e-01
6.733870967741935054e-01 5.901639344262294973e-01
6.733870967741935054e-01 5.942622950819672623e-01
6.733870967741935054e-01 5.983606557377049162e-01
6.733870967741935054e-01 6.024590163934425702e-01
6.733870967741935054e-01 6.065573770491803351e-01
6.733870967741935054e-01 6.393442622950820109e-01
6.733870967741935054e-01 6.434426229508196649e-01
6.733870967741935054e-01 6.475409836065574298e-01
6.733870967741935054e-01 6.516393442622950838e-01
6.733870967741935054e-01 7.254098360655737432e-01
6.686890670549003879e-01 8.275606196152320848e-01
6.693463353890805045e-01 8.294656200307711780e-01
6.693956740651159087e-01 8.326714754039726829e-01
6.687488090697555343e-01 8.357462765196659316e-01
6.671826439428953925e-01 8.366910488436334337e-01
6.733870967741935054e-01 8.852459016393442459e-01
6.753549626352445268e-01 3.349599960893697714e-01
6.774193548387096309e-01 4.956743570624804751e-01
6.774193548387096309e-01 4.968404667528315555e-01
6.773749490291059994e-01 4.994672406502984052e-01
6.773172129521093376e-01 5.025800697039812803e-01
6.772391736500843473e-01 5.059325707805357730e-01
6.771280770678252958e-01 5.094226202851191987e-01
6.769174478155740582e-01 5.129750031514138664e-01
6.765766322984539949e-01 5.165369910675627896e-01
6.759292531548247718e-01 5.199484873255790784e-01
6.743745733307854318e-01 5.225477725969719378e-01
6.774193548387096309e-01 5.778688524590164244e-01
6.768224777094268285e-01 7.247943954072800787e-01
6.774193548387096309e-01 8.852459016393442459e-01
6.833876047110665208e-01 3.335354697554692716e-01
6.814516129032257563e-01 5.778688524590164244e-01
6.814824921182720541e-01 7.252627826466598870e-01
6.814516129032257563e-01 8.852459016393442459e-01
6.858854391593335320e-01 3.351763742756418973e-01
6.854838709677418818e-01 5.778688524590164244e-01
6.854896933595550079e-01 7.253640082864697414e-01
6.859198852015974124e-01 8.849387571003791697e-01
6.895161290750373428e-01 3.360655737644046015e-01
6.895161290322581182e-01 5.778688524590164244e-01
6.895161290422020528e-01 7.254098360655737432e-01
6.895606410344631287e-01 8.850183709196318693e-01
6.931468189051825934e-01 3.369547732653416783e-01
6.935483870967742437e-01 5.778688524590164244e-01
6.935483869437366611e-01 7.254098360655737432e-01
6.935628583852972984e-01 8.851405068248897612e-01
6.956446533534496046e-01 3.385956777855143041e-01
6.975806451612903691e-01 5.737704918032786594e-01
6.975806451712343037e-01 7.254098360655737432e-01
6.975806451633241867e-01 8.852459016383502632e-01
7.036714728005351027e-01 3.371253236288540567e-01
7.016129032258064946e-01 5.737704918032786594e-01
7.016129031542597261e-01 7.254098360655737432e-01
7.016042540548839135e-01 8.853054686746947288e-01
7.061684315727513317e-01 3.385997366018929089e-01
7.056451612903226200e-01 5.737704918032786594e-01
7.056451613002665546e-01 7.254098360655737432e-01
7.056315285950228722e-01 8.853263789474187240e-01
7.098621990650915148e-01 3.391640264632516111e-01
7.097732555036688762e-01 5.742458188510308759e-01
7.096774193647826801e-01 7.254098360655737432e-01
7.096541477337356962e-01 8.853603838119926683e-01
7.137377299539718889e-01 3.393465944424607361e-01
7.137610533271424584e-01 5.740708460984560446e-01
7.137096774292988055e-01 7.254098360655737432e-01
7.136652171892262642e-01 8.854208743919190772e-01
7.176571382578620373e-01 3.392939764632247890e-01
7.177700397214428207e-01 5.739563639403595374e-01
7.177419354938149310e-01 7.254098360655737432e-01
7.176412956095807871e-01 8.855429517766498781e-01
7.215287973841412184e-01 3.390433608180247749e-01
7.217886649997097281e-01 5.738758866177331441e-01
7.217741935583310564e-01 7.254098360655737432e-01
7.214732653838807908e-01 8.858380510259923346e-01
7.251865818172753553e-01 3.384415643846951927e-01
7.258122739233165976e-01 5.738163195823826612e-01
7.258064515214686097e-01 7.254098360655737432e-01
7.243164882304207186e-01 8.867118334069420404e-01
7.276142235890391552e-01 3.369140978062861169e-01
7.298387097688540104e-01 5.737704918032786594e-01
7.298387097688540104e-01 7.254098360655737432e-01
7.298387097335319318e-01 8.812726311019210002e-01
7.356454516843622393e-01 3.380819963421061725e-01
7.338709678333701358e-01 5.737704918032786594e-01
7.338709675690101575e-01 7.254098360655737432e-01
7.353609308915873832e-01 8.867118334069420404e-01
7.378628888214852077e-01 3.359712971795205116e-01
7.379032258163955582e-01 5.737704918032786594e-01
7.378974034960382733e-01 7.253640082864697414e-01
7.382041540582694461e-01 8.858380510259923346e-01
7.400675680180410776e-01 3.338451685048028916e-01
7.419354838610238145e-01 5.737704918032786594e-01
7.419210124196451428e-01 7.253044412511192585e-01
7.420361237816377464e-01 8.855429517766498781e-01
7.481466744756025689e-01 3.348708678204871392e-01
7.459677419255399400e-01 5.737704918032786594e-01
7.459396378598021071e-01 7.252239639284928652e-01
7.460122021437846085e-01 8.854208743919190772e-01
7.505220972816459835e-01 3.330672027478299713e-01
7.499999999284532315e-01 5.737704918032786594e-01
7.499486240085388999e-01 7.251094817703963580e-01
7.500232717648032121e-01 8.853603838119926683e-01
7.540689453672976272e-01 3.320352608898843316e-01
7.540322581360630050e-01 5.737704918032786594e-01
7.539200139909817411e-01 7.248928504642938586e-01
7.540458907598158733e-01 8.853263789474187240e-01
7.576262605218817558e-01 3.310099658374979770e-01
7.580645159561069102e-01 5.737704918032786594e-01
7.578277027571476143e-01 7.245431822022331270e-01
7.580673429181461476e-01 8.852596408928622429e-01
7.600402532956532786e-01 3.292263191361285424e-01
7.620967743664737171e-01 5.737704918032786594e-01
7.615223454307734618e-01 7.238829853242171319e-01
7.620881250962948661e-01 8.851863346039937630e-01
7.680975881089726620e-01 3.303863079493223887e-01
7.661290324309898425e-01 5.737704918032786594e-01
7.636604262666115694e-01 7.224144153525960954e-01
7.661009281005282112e-01 8.850600295022633679e-01
7.705025554065697557e-01 3.285552784657395642e-01
7.701612903126366927e-01 5.737704918032786594e-01
7.720124849771720088e-01 7.235723303432469722e-01
7.701099142510839934e-01 8.849455473441668607e-01
7.739090277689448794e-01 3.273183617132074397e-01
7.741935482956621151e-01 5.737704918032786594e-01
7.744174523766325091e-01 7.217413003648990300e-01
7.740977122382666220e-01 8.847705745915920295e-01
7.763342749357463601e-01 3.255137211383610230e-01
7.782258063601782405e-01 5.737704918032786594e-01
7.774436402513885680e-01 7.205543637659294065e-01
7.780293302756974283e-01 8.844735243960787363e-01
7.843823691664804088e-01 3.268533990962705915e-01
7.822580646691665862e-01 5.737704918032786594e-01
7.797450626103747950e-01 7.186290973598962184e-01
7.817606599137727486e-01 8.838813751840536304e-01
7.868647513434200436e-01 3.252973425446353262e-01
7.862903225707011945e-01 5.737704918032786594e-01
7.881411268946624249e-01 7.193613201685127301e-01
7.843029547122216671e-01 8.824154433000405140e-01
7.905593940170458911e-01 3.246371456666193311e-01
7.903167584161476800e-01 5.738163195823826612e-01
7.902626682819484660e-01 7.171229904357221407e-01
7.923041261176788641e-01 8.839321715001505764e-01
7.944670827832117643e-01 3.242874774045585995e-01
7.943403670955552220e-01 5.738758866177331441e-01
7.923613432043742355e-01 7.148757598202553076e-01
7.948377718397926506e-01 8.824066726899263413e-01
7.984384727656546055e-01 3.240708460984561001e-01
7.983648149998301413e-01 5.739105361467036204e-01
8.007652303654579917e-01 7.154588990722645647e-01
7.985554686761573429e-01 8.817340460897912235e-01
8.024474591581359784e-01 3.239563639403595929e-01
8.023824503704212185e-01 5.739654512912775175e-01
8.025562915769818284e-01 7.133672028192181713e-01
8.024638151379598350e-01 8.813225137361814232e-01
8.064660843545483626e-01 3.238758866177331996e-01
8.063838808173444672e-01 5.740599467139499978e-01
8.047377454875517255e-01 7.112189970555578000e-01
8.064071527458567257e-01 8.809725682310317607e-01
8.104896933595550079e-01 3.238163195823827167e-01
8.103387706923380618e-01 5.742425147222629533e-01
8.130927092260530342e-01 7.121740987440418058e-01
8.102990911847295363e-01 8.805193772947904618e-01
8.145161290422020528e-01 3.237704918032787149e-01
8.141145608406664680e-01 5.746596912981285499e-01
8.154947716412285219e-01 7.105458822715874367e-01
8.139928589244523893e-01 8.797941326572117360e-01
8.185483871067181783e-01 3.237704918032787149e-01
8.167574954624738925e-01 5.758285728993168817e-01
8.188218874331083530e-01 7.099510949719544106e-01
8.164898175220456356e-01 8.782005858317506464e-01
8.225806451712343037e-01 3.237704918032787149e-01
8.240706085437728978e-01 5.736738682464986860e-01
8.227168184187781952e-01 7.095859970813463979e-01
8.245166369691311337e-01 8.795792843428913432e-01
8.266129032357504292e-01 3.237704918032787149e-01
8.251229398433239659e-01 5.736738682464986860e-01
8.266748646332886530e-01 7.093125785558797025e-01
8.270144715047096362e-01 8.779383798227187174e-01
8.302786299196492914e-01 3.237704918032787149e-01
8.324302304123017970e-01 5.757827450765571342e-01
8.306587939165007706e-01 7.090968707506973834e-01
8.306451611701203275e-01 8.770491803339560688e-01
8.338919949807948040e-01 3.237704918032787149e-01
8.350645162779162245e-01 5.745542964909500228e-01
8.346637866922808069e-01 7.089359161345484273e-01
8.342816733845299648e-01 8.762058085975710231e-01
8.374355445510798246e-01 3.237704918032787149e-01
8.388266734499109090e-01 5.740566426142859058e-01
8.386641236346247252e-01 7.087618669119976067e-01
8.367881573165857345e-01 8.746244710618171769e-01
8.408813522828202380e-01 3.237704918032787149e-01
8.427582915655582596e-01 5.737595924305960438e-01
8.426460992550053319e-01 7.085410663948706889e-01
8.444175143658574356e-01 8.760836470192756575e-01
8.441805479552356717e-01 3.237704918032787149e-01
8.467152618205516790e-01 5.734901242435253010e-01
8.465777173724716720e-01 7.082440161993573957e-01
8.464896063115673330e-01 8.746045822063919228e-01
8.472353887984589438e-01 3.237704918032787149e-01
8.506322571695144052e-01 5.731381589325419412e-01
8.503090468359240095e-01 7.076518669873322898e-01
8.496774706065715055e-01 8.740543103795956892e-01
8.498015216131123983e-01 3.237704918032787149e-01
8.543557765473041021e-01 5.725113600969589100e-01
8.528513418089959108e-01 7.061859351033191734e-01
8.529288627718004667e-01 8.738981696097638530e-01
8.509015287122418947e-01 3.237704918032787149e-01
8.568894222694178886e-01 5.709858612867346750e-01
8.608583356103589601e-01 7.077484911261889833e-01
8.559271297267367906e-01 8.741403734330546182e-01
8.648905936748750856e-01 5.725025894868447374e-01
8.634006304088078787e-01 7.062825592421758669e-01
8.575693756462104966e-01 8.751947729634579343e-01
8.674328886479469869e-01 5.710366576028316210e-01
8.671319602069542665e-01 7.056904100301507610e-01
8.638711920864279303e-01 8.743241167375359613e-01
8.711583959046683701e-01 5.703986806262544285e-01
8.710635781643495390e-01 7.053933598346374678e-01
8.634898842973334210e-01 8.757304815789226371e-01
8.750649569337838329e-01 5.700004047763793658e-01
8.750513759914611001e-01 7.052183870820626366e-01
8.786708914886994792e-01 5.697798230836776945e-01
8.790603623020879498e-01 7.051039049239661294e-01
8.825856907426514741e-01 5.694416281700394045e-01
8.830789874175553056e-01 7.050234276013397361e-01
8.864499536106332789e-01 5.690471957720144580e-01
8.870967741100238557e-01 7.049180327858912687e-01
8.901911257567154401e-01 5.685133947341962646e-01
8.911145607248873723e-01 7.048126379724307666e-01
8.935907603196439064e-01 5.676612152534796785e-01
8.951331860031542798e-01 7.047321606498043733e-01
8.954610505832298895e-01 5.659911608605905364e-01
8.991421723156001189e-01 7.046176784917078662e-01
9.013402165409417632e-01 5.646130797657428202e-01
9.031299703027827475e-01 7.044427057391330349e-01
9.083373981129918562e-01 5.620725036142623088e-01
9.070615882674539776e-01 7.041456555436197418e-01
9.148881294869727343e-01 5.605541357701857574e-01
9.107929178036658913e-01 7.035535063315946358e-01
9.166966340647288991e-01 5.586155877147083171e-01
9.133352127767377926e-01 7.020875744475815194e-01
9.198011628881607171e-01 5.572170868883821182e-01
9.213422065781008419e-01 7.036501304704512183e-01
9.220610209027184645e-01 5.552769207326908596e-01
9.238845013765497605e-01 7.021841985864381019e-01
9.300110325472609185e-01 5.563927066481870742e-01
9.276158310146250807e-01 7.015920493744129960e-01
9.324045712071951097e-01 5.547592357701820465e-01
9.315474491320914208e-01 7.012949991788997028e-01
9.360649854042416562e-01 5.540578559825395377e-01
9.355352469592029818e-01 7.011200264263248716e-01
9.396283731057925026e-01 5.537956741258700522e-01
9.395442332698299426e-01 7.010055442682283644e-01
9.435939405759141696e-01 5.535332150552154662e-01
9.435628583852972984e-01 7.009250669456019711e-01
9.475942777874685197e-01 5.533591658326646456e-01
9.475864673903039437e-01 7.008654999102514882e-01
9.515992704004490044e-01 5.531982112165156895e-01
9.516070806707390695e-01 7.007738443520434846e-01
9.555996077529750332e-01 5.530241619939648690e-01
9.556306897571454906e-01 7.007142773166930017e-01
9.592208741439296471e-01 5.528491892704938682e-01
9.596493152791569781e-01 7.006337999940666084e-01
9.627422481670134813e-01 5.526117061467108460e-01
9.636583015916028172e-01 7.005193178359701012e-01
9.659985020689125790e-01 5.521000341481727691e-01
9.676460992550053319e-01 7.003443450833952699e-01
9.679776188887415644e-01 5.507485845095676513e-01
9.712170083977041957e-01 7.000931226524340634e-01
9.752001736553446154e-01 5.520107862081562455e-01
9.745380941087440352e-01 6.995605404248277370e-01
9.767650513489160025e-01 5.505448543241431292e-01
9.766053132292243921e-01 6.981750857543016497e-01
9.790302561445822782e-01 5.499527051121180232e-01
9.839977523511005408e-01 6.995517698147135643e-01
9.800296226636536767e-01 5.496556549166047301e-01
9.858069846992411067e-01 6.980858379307004480e-01
9.885608972906465564e-01 6.974936887186753420e-01
9.910263902237338440e-01 6.971966385231620489e-01
9.920819364488124847e-01 6.970216657705872176e-01
