2.822956070303916931e-03 3.864354992602095917e-01
4.167984239757061005e-03 3.871048514029908350e-01
6.239460315555334091e-03 3.877270029535374030e-01
6.239460315555334091e-03 3.976980982610375248e-01
4.167984239757061005e-03 3.983202498115840373e-01
2.822956070303916931e-03 3.989896019543652805e-01
0.000000000000000000e+00 9.476200961790647304e-01
0.000000000000000000e+00 9.473684210589599086e-01
0.000000000000000000e+00 9.471167459261984334e-01
2.797523047775030136e-03 9.962855281481738379e-01
2.636828925460577011e-03 9.953515904343795961e-01
2.238491084426641464e-03 9.946461366489529610e-01
7.422846277226127776e-03 3.944634432029657800e-01
1.008349866697601238e-02 3.927125505539170724e-01
7.422846277226127776e-03 3.909616580116091478e-01
7.530783334011942332e-03 3.927486154300671717e-01
1.041868899757152078e-02 3.927941030908945197e-01
1.446090685477589843e-02 9.929371991601060321e-01
1.409116061769571937e-02 3.928532191260122874e-01
1.486353372821730412e-02 9.929526318736593415e-01
1.787896221960146026e-02 3.929330687299474323e-01
1.508220308916825847e-02 9.936513524443130185e-01
2.352941176470588203e-02 3.927125506072874361e-01
3.214790067251990791e-02 5.866737687405998436e-01
1.665920205962131972e-02 9.926298613281098193e-01
2.745098039215686236e-02 3.927125506072874361e-01
3.406515927693130885e-02 5.880165564825735602e-01
3.137254901960784270e-02 3.927125506072874361e-01
3.527638200469607188e-02 5.868989297827217344e-01
3.322940553428933852e-02 3.940983236737187201e-01
3.757152707206413977e-02 5.862900231380924199e-01
3.660434857923902663e-02 3.955310156073059136e-01
4.024939135164387616e-02 5.854006605453766499e-01
4.511979130169778418e-02 3.939426686032204139e-01
4.180257721877127242e-02 5.836804007643811021e-01
4.756226531394264212e-02 3.953753605368076074e-01
4.905335256994208804e-02 5.839945763667200307e-01
5.118224917992027223e-02 3.959596070693334746e-01
4.938293342734230429e-02 5.809723776850004295e-01
5.500263203980912396e-02 3.962536406237160969e-01
5.680441974077884981e-02 5.810284333940791690e-01
5.887943939802318949e-02 3.964270686322817761e-01
5.812005705871235717e-02 5.786912339037946218e-01
6.277756314744942223e-02 3.965406154660269800e-01
5.954262476012694982e-02 5.763124056332009637e-01
6.668539243679939832e-02 3.966204650845140400e-01
6.592002145868415541e-02 5.747842865977857985e-01
7.059824237246228873e-02 3.966795810978039349e-01
7.301007515531690584e-02 5.728411819665175653e-01
7.451394087599920446e-02 3.967250687513553253e-01
7.323669236491196777e-02 5.695697749844235158e-01
7.843137258820449820e-02 3.967611336032388913e-01
8.111948521771267240e-02 5.692015534232894858e-01
8.235294113416476158e-02 3.967611336032388913e-01
8.274189803804106458e-02 5.667834145561472248e-01
8.627037276763646623e-02 3.967250687513553253e-01
8.439116403140931033e-02 5.643613137736509522e-01
9.332983570319472455e-02 8.366954086936617685e-01
9.018607131210064354e-02 3.966795810978039349e-01
9.215368774956932130e-02 5.642914792342744734e-01
9.634569824910631242e-02 8.352694174949728545e-01
9.410305828268439310e-02 3.966565299400355848e-01
9.271643231485915404e-02 5.610797135677821901e-01
9.964278482229393941e-02 8.347713611850341442e-01
9.801675769549368644e-02 3.966221679787378940e-01
1.004194582575092115e-01 5.607686696247941027e-01
9.951975757676158330e-02 8.322201767999505284e-01
1.019236001139706416e-01 3.965677371655585426e-01
1.010982332173643583e-01 5.576778810145145426e-01
1.064548809318711931e-01 8.327696915632980534e-01
1.058141467538970398e-01 3.964741587754799235e-01
1.088414986398728440e-01 5.581602563842120723e-01
1.081591572393389294e-01 8.313865945358696052e-01
1.096579745172764908e-01 3.962936719529790985e-01
1.109738421183554258e-01 5.564954946975144701e-01
1.112162333703143324e-01 8.308600696302885780e-01
1.133227196961467814e-01 3.958828532834997582e-01
1.141530502619513970e-01 5.558428318698811488e-01
1.145782236391039294e-01 8.306265979456650683e-01
1.158663793740903614e-01 3.947441955445794570e-01
1.178790773538982151e-01 5.554196596721108214e-01
1.180635459296514866e-01 8.305253655683184633e-01
1.230477219497711910e-01 3.969167884409065539e-01
1.216947019266822888e-01 5.551451264408338027e-01
1.216147295446003834e-01 8.305037231450835833e-01
1.240111015796405702e-01 3.969167884409065539e-01
1.255509621079231586e-01 5.549509748169607626e-01
1.254648022696760457e-01 8.304676076197932133e-01
1.311924441553214138e-01 3.947441955445794570e-01
1.294422809288602594e-01 5.548298988513802321e-01
1.293211005696588700e-01 8.305485596913779744e-01
1.337361038041611494e-01 3.958828532834997582e-01
1.333433404116779741e-01 5.547374229507791021e-01
1.331356133033599065e-01 8.307971055885712275e-01
1.374008490121352843e-01 3.962936719529790985e-01
1.372590389970694269e-01 5.546919352972277117e-01
1.367514601762534476e-01 8.313452872364717194e-01
1.412446767755147214e-01 3.964741587754799235e-01
1.411764705866748182e-01 5.546558704453441457e-01
1.391939341884982917e-01 8.327779791700589129e-01
1.451352234154411336e-01 3.965677371655585426e-01
1.450980392579921119e-01 5.546558704453441457e-01
1.470805756154232868e-01 8.311896321659734133e-01
1.490420658284611066e-01 3.966221679787378940e-01
1.490196078415767789e-01 5.546558704453441457e-01
1.495189126345840280e-01 8.326583889841859820e-01
1.529557652876546436e-01 3.966565299400355848e-01
1.529370395161576690e-01 5.546919352972277117e-01
1.531330263889257859e-01 8.332881231156935575e-01
1.568727522173111177e-01 3.966795810978039349e-01
1.568568749736704016e-01 5.547013580988955361e-01
1.569446905633929967e-01 8.336412727488496932e-01
1.607884507617753089e-01 3.967250687513553253e-01
1.607755950746293794e-01 5.547149864549960618e-01
1.608077586253428282e-01 8.338945503467986020e-01
1.647058823106353487e-01 3.967611336032388913e-01
1.646880060217560671e-01 5.546996552083096610e-01
1.646824374130707869e-01 8.341216439851851794e-01
1.686274510226979939e-01 3.967611336032388913e-01
1.685939989794575378e-01 5.546878647627404568e-01
1.685455055150383852e-01 8.343749215831340882e-01
1.725490196062826609e-01 3.967611336032388913e-01
1.724855325339126888e-01 5.546886299206330584e-01
1.723571696895055960e-01 8.347280712162902239e-01
1.764705882775999546e-01 3.967611336032388913e-01
1.763369373922400729e-01 5.547293860007580513e-01
1.759712834438473539e-01 8.353578053477977994e-01
1.803921568611846216e-01 3.967611336032388913e-01
1.800346621441170913e-01 5.549060520942243890e-01
1.784096204630080951e-01 8.368265621660103681e-01
1.843137254917565637e-01 3.967611336032388913e-01
1.827339595612869072e-01 5.555810691083702402e-01
1.862962618899330902e-01 8.352382151619248685e-01
1.882352941160865822e-01 3.967611336032388913e-01
1.875722416882019683e-01 5.498070120019650231e-01
1.887387359021779343e-01 8.366709070955120620e-01
1.921568627874038759e-01 3.967611336032388913e-01
1.931325155175656338e-01 5.547027887304234461e-01
1.923587197681555783e-01 8.372551536280379292e-01
1.960784313302431914e-01 3.967611336032388913e-01
1.943974800398755864e-01 5.524216522688898401e-01
1.961791026280444161e-01 8.375491871824205514e-01
2.000000000015604851e-01 3.967611336032388913e-01
2.021885193418711535e-01 5.535780162397802018e-01
2.000559099862584955e-01 8.377226151909862306e-01
2.039215685851451521e-01 3.967611336032388913e-01
2.045269044940177250e-01 5.521478208327695869e-01
2.039498967207727387e-01 8.378000971546579745e-01
2.078431372564624457e-01 3.967611336032388913e-01
2.080950749707043135e-01 5.515790996803932034e-01
2.078518559239526942e-01 8.378344591305075806e-01
2.117647058400471127e-01 3.967611336032388913e-01
2.118717144896543336e-01 5.513559760373115681e-01
2.117559872133022159e-01 8.378344591305075806e-01
2.156862745113644064e-01 3.967611336032388913e-01
2.157054809315156474e-01 5.512884751740873002e-01
2.156579464164821713e-01 8.378000971546579745e-01
2.196037061009697977e-01 3.967971984551224574e-01
2.195485454069235898e-01 5.513297015066288553e-01
2.195519331509964145e-01 8.377226151909862306e-01
2.235194046454339889e-01 3.968426861086738477e-01
2.233700398003052590e-01 5.514825805519737445e-01
2.234287405092104939e-01 8.375491871824205514e-01
2.274322546220241270e-01 3.969018021219637427e-01
2.271098258154119753e-01 5.517728715283826135e-01
2.272491233690993317e-01 8.372551536280379292e-01
2.313400839113741170e-01 3.969816517404508027e-01
2.306179084073222696e-01 5.524303258942470096e-01
2.308691072350769757e-01 8.366709070955120620e-01
2.352264172479729409e-01 3.971285584615072417e-01
2.328502622515182252e-01 5.539792167335778617e-01
2.333115812473218198e-01 8.352382151619248685e-01
2.390689129508602739e-01 3.973717992542771804e-01
2.406947807733006151e-01 5.532231789774182396e-01
2.411940857393703730e-01 8.368626269342204216e-01
2.428409040714933631e-01 3.977517892256839382e-01
2.416581604031699804e-01 5.560885619132700519e-01
2.436306895672197548e-01 8.354754228906532409e-01
2.463897665140821758e-01 3.984436083468137491e-01
2.495026789249523702e-01 5.553325241571104298e-01
2.472301643567762497e-01 8.349836520331738177e-01
2.487222173369909584e-01 4.000127646489529121e-01
2.517350327691483258e-01 5.569535447656920324e-01
2.510024962541601568e-01 8.348392810270016673e-01
2.566345210082134898e-01 3.987812496983796917e-01
2.552431153610585923e-01 5.577019743295198451e-01
2.545226578379287119e-01 8.347673449146387759e-01
2.588697784069689534e-01 4.006266703567352705e-01
2.589946917744408439e-01 5.581438572634754847e-01
2.582762125550824295e-01 8.349602081992489877e-01
2.619821947330481238e-01 4.019474277069211565e-01
2.628209063216334074e-01 5.584643020346805597e-01
2.619341472775547630e-01 8.353385486237531188e-01
2.638973107716689470e-01 4.037728921306670271e-01
2.666715226626062418e-01 5.587434140224462054e-01
2.653108637935171488e-01 8.360651712694963100e-01
2.708172137984279915e-01 4.043350402557532308e-01
2.705062897851081005e-01 5.590712778584377984e-01
2.673501286820015310e-01 8.376842995470216158e-01
2.774992294783028557e-01 4.051115242387299809e-01
2.742896530892490192e-01 5.594990136823428939e-01
2.748944477118807628e-01 8.373647283273466524e-01
2.794400661435051392e-01 4.066441969103311571e-01
2.778797043204380701e-01 5.601807663123866687e-01
2.751953164763821791e-01 8.404211670835219916e-01
2.827963543025201476e-01 4.073075662222822579e-01
2.802633867325151629e-01 5.617452765954470406e-01
2.811325236182550258e-01 8.423708035965988827e-01
2.864416156019490289e-01 4.075808052062188658e-01
2.881728352015545669e-01 5.603432229772843387e-01
2.877513089418118897e-01 8.452908768936490125e-01
2.901393483209996904e-01 4.075775193837603005e-01
2.905464855814809400e-01 5.620013606903776493e-01
2.939091127575831908e-01 8.470330243413657367e-01
2.936990336850559546e-01 4.071739867418204817e-01
2.940284301760531238e-01 5.629468082561325248e-01
2.955162073006196155e-01 8.490151236015692771e-01
2.961037060706967483e-01 4.058731628670488867e-01
2.974693394610749553e-01 5.639424083574376967e-01
2.983976383223289619e-01 8.505078324356902808e-01
3.039374505872746712e-01 4.075591469358894048e-01
2.997366917091330296e-01 5.657011608645953205e-01
3.004127174620425111e-01 8.525540361129999578e-01
3.063816577908309302e-01 4.062080078933629212e-01
3.076998858726309738e-01 5.647175141576270541e-01
3.082908518393250308e-01 8.518458178129257874e-01
3.100057785916849884e-01 4.056598261290471075e-01
3.097670680138524535e-01 5.668687866719381852e-01
3.102830322598582047e-01 8.540269121710188926e-01
3.138220244512137658e-01 4.053297277191429404e-01
3.118238070313179566e-01 5.690264761879633149e-01
3.123241136348167135e-01 8.561768322812604026e-01
3.176929616977919313e-01 4.051108120533878920e-01
3.198020607972626994e-01 5.681094437251281715e-01
3.202118704369401048e-01 8.551154167632674108e-01
3.215823667836244515e-01 4.049381492063527932e-01
3.220077264871375466e-01 5.700168106351461983e-01
3.222391751062983478e-01 8.566027304166098366e-01
3.254764567185025048e-01 4.047784499839305883e-01
3.252495273366780570e-01 5.713152634790581441e-01
3.257812700060871980e-01 8.573042968762208949e-01
3.293658618207058741e-01 4.046057871368954895e-01
3.275298997362637299e-01 5.731611741586071229e-01
3.295647992966491135e-01 8.576654975893077681e-01
3.332367990781979761e-01 4.043868714711404411e-01
3.354748397444685115e-01 5.719558095817759424e-01
3.334175442408498502e-01 8.578909439217866639e-01
3.370530449377268090e-01 4.040567730612362740e-01
3.378094517014117448e-01 5.736247187971442729e-01
3.372950204814854080e-01 8.580096522471037934e-01
3.406730288037044252e-01 4.034725265287104068e-01
3.413300196328611369e-01 5.744781472105372488e-01
3.413730433452121238e-01 8.574679697755825947e-01
3.431155028159492693e-01 4.020398345951232133e-01
3.450251544494177258e-01 5.751182328614944383e-01
3.455820435413853309e-01 8.565516647192751298e-01
3.510021442428742366e-01 4.036281815992087685e-01
3.485838665450037288e-01 5.759171338078871161e-01
3.564330757011239248e-01 8.251495317646456717e-01
3.498901671494868415e-01 8.556582653670673499e-01
3.534446182551191362e-01 4.021954896656215750e-01
3.518970622338683518e-01 5.776641678323343188e-01
3.562552934402928861e-01 8.272551780657065867e-01
3.529411764705882582e-01 8.582995951417003999e-01
3.570646021210967525e-01 4.016112431330957078e-01
3.602192607607838659e-01 5.761509592350768649e-01
3.568627450980392246e-01 8.259109311740890913e-01
3.568627450980392246e-01 8.582995951417003999e-01
3.608849849809855903e-01 4.013172095787130855e-01
3.648845824321695352e-01 5.019995544354624029e-01
3.627961211280860687e-01 5.776372429620670879e-01
3.607843137254901911e-01 8.259109311740890913e-01
3.607843137254901911e-01 8.582995951417003999e-01
3.647617923391996420e-01 4.011437815701474063e-01
3.682111381470937750e-01 4.920691789810353600e-01
3.664612817495842001e-01 4.934978573072865693e-01
3.656817483400706670e-01 4.959058426829575095e-01
3.649259667121120265e-01 4.985484838908017524e-01
3.637402308207717261e-01 4.998970649540726008e-01
3.668816099792499563e-01 5.784164314329820478e-01
3.647058823529411575e-01 8.259109311740890913e-01
3.647058823529411575e-01 8.582995951417003999e-01
3.686557790882658558e-01 4.010662996064756625e-01
3.696641395493940330e-01 4.863053276274270087e-01
3.686274509803921795e-01 5.789473684210526550e-01
3.686274509803921795e-01 8.299595141700404355e-01
3.686274509803921795e-01 8.582995951417003999e-01
3.725577382832603313e-01 4.010319376306260564e-01
3.743921515700754377e-01 4.803876351576434334e-01
3.713441681751397105e-01 4.799674771417890007e-01
3.725490196078431460e-01 5.789473684210526550e-01
3.786060575797569605e-01 6.220388832098620036e-01
3.725490196078431460e-01 8.299595141700404355e-01
3.725490196078431460e-01 8.542510121457489447e-01
3.764500791133982283e-01 4.010652975324892067e-01
3.766186856668141125e-01 4.744930456723331358e-01
3.764705882352941124e-01 5.789473684210526550e-01
3.817946609054856388e-01 6.189915292579605266e-01
3.764705882352941124e-01 8.299595141700404355e-01
3.764705882352941124e-01 8.502024291497976005e-01
3.803177266758033248e-01 4.011694723070949875e-01
3.823306712741945113e-01 4.684331344246396855e-01
3.791166076856646860e-01 4.680036265122127226e-01
3.803921568627450789e-01 5.789473684210526550e-01
3.863000933500919665e-01 6.148342883915673962e-01
3.803921568627450789e-01 8.340080971659918907e-01
3.803921568627450789e-01 8.380566801619433459e-01
3.803921568627450789e-01 8.461538461538461453e-01
3.838785126594160269e-01 4.012348994350877218e-01
3.854439133741692225e-01 4.630224199858136158e-01
3.843137254901961009e-01 5.789473684210526550e-01
3.897826206833854834e-01 6.127006815603146528e-01
3.843137254901961009e-01 8.421052631578946901e-01
3.843137254901961009e-01 8.461538461538461453e-01
3.879085271650076217e-01 4.017045656714007817e-01
3.901766326483886993e-01 4.582224717808638381e-01
3.882352941176470673e-01 5.748987854251011997e-01
3.882352941176470673e-01 5.789473684210526550e-01
3.882352941176470673e-01 5.829959514170039991e-01
3.882352941176470673e-01 5.870445344129554543e-01
3.890664917738724804e-01 6.097297909526298021e-01
3.882352941176470673e-01 8.461538461538461453e-01
3.921069720239685474e-01 4.024963921896532737e-01
3.950577348918087872e-01 4.551758504305826736e-01
3.921568627450980338e-01 5.748987854251011997e-01
3.921568627450980338e-01 5.910931174089069096e-01
3.921568627450980338e-01 6.113360323886639636e-01
3.921568627450980338e-01 8.461538461538461453e-01
3.957269509313810496e-01 4.035676747356892191e-01
3.941552969385120897e-01 4.519531590697216106e-01
3.960784313725490002e-01 5.748987854251011997e-01
3.960784313725490002e-01 5.951417004048582537e-01
3.960784313725490002e-01 6.113360323886639636e-01
3.960784313725490002e-01 8.502024291497976005e-01
3.979354715906083806e-01 4.056109731813312136e-01
4.002682014601305349e-01 4.488373688574850418e-01
4.000000000000000222e-01 5.748987854251011997e-01
4.000000000000000222e-01 5.991902834008097090e-01
4.000000000000000222e-01 6.113360323886639636e-01
4.000000000000000222e-01 8.502024291497976005e-01
4.039215686274509887e-01 4.048582995951416907e-01
4.063617096757333735e-01 4.453295435351951603e-01
4.039215686274509887e-01 5.748987854251011997e-01
4.039215686274509887e-01 6.032388663967611642e-01
4.039215686274509887e-01 6.072874493927125084e-01
4.047923072716038684e-01 8.511607192319097237e-01
4.078431372549019551e-01 4.048582995951416907e-01
4.050737068540982699e-01 4.422238357138899012e-01
4.078431372549019551e-01 5.789473684210526550e-01
4.078431372549019551e-01 5.951417004048582537e-01
4.078431372549019551e-01 5.991902834008097090e-01
4.067034991243488884e-01 8.535491396884644644e-01
4.117647058823529216e-01 4.089068825910930904e-01
4.103515854598406287e-01 4.359672023775244543e-01
4.117647058823529216e-01 5.829959514170039991e-01
4.117647058823529216e-01 5.870445344129554543e-01
4.117647058823529216e-01 5.910931174089069096e-01
4.089568842695477935e-01 8.560340370146768407e-01
4.156862745098039436e-01 4.129554655870445457e-01
4.156862745098039436e-01 4.331983805668015997e-01
4.156862745098039436e-01 4.372469635627530549e-01
4.156862745098039436e-01 5.789473684210526550e-01
4.174616099138945269e-01 8.557112243267809282e-01
4.196078431372549100e-01 4.170040485829959453e-01
4.196078431372549100e-01 4.210526315789473450e-01
4.196078431372549100e-01 4.251012145748988003e-01
4.196078431372549100e-01 4.291497975708502000e-01
4.196078431372549100e-01 5.789473684210526550e-01
4.195100491519220820e-01 8.578116552505278269e-01
4.235294117647058765e-01 4.170040485829959453e-01
4.235294117647058765e-01 5.789473684210526550e-01
4.224309357636443774e-01 8.593898489614119063e-01
4.274509803921568429e-01 4.129554655870445457e-01
4.275306518733736350e-01 5.794886480809494644e-01
4.246611656685012615e-01 8.619319189581190477e-01
4.313725490196078649e-01 4.129554655870445457e-01
4.306521165257721773e-01 5.772818904162689835e-01
4.327571668968006602e-01 8.625201299999367688e-01
4.313725490196078649e-01 9.271255060728744724e-01
4.313725490196078649e-01 9.311740890688259276e-01
4.313725490196078649e-01 9.352226720647773828e-01
4.352941176470588314e-01 4.129554655870445457e-01
4.345893554704483019e-01 5.767156294106811076e-01
4.345052882412667739e-01 8.659390525115646664e-01
4.352941176470588314e-01 9.190283400809716730e-01
4.352941176470588314e-01 9.230769230769231282e-01
4.352941176470588314e-01 9.392712550607287270e-01
4.352941176470588314e-01 9.433198380566801822e-01
4.352941176470588314e-01 9.473684210526315264e-01
4.352941176470588314e-01 9.514170040485829816e-01
4.392156862745097978e-01 4.129554655870445457e-01
4.392493372765231552e-01 5.765281228606894404e-01
4.488232779407910211e-01 6.375491260352963430e-01
4.392156862745097978e-01 8.663967611336031993e-01
4.392156862745097978e-01 9.149797570850202177e-01
4.392156862745097978e-01 9.554655870445344368e-01
4.431372549019607643e-01 4.129554655870445457e-01
4.446057908803078274e-01 5.763034131170555741e-01
4.484652917466911415e-01 6.361086882918560725e-01
4.431372549019607643e-01 8.704453441295546545e-01
4.431372549019607643e-01 8.744939271255061097e-01
4.431372549019607643e-01 9.109311740890688736e-01
4.431372549019607643e-01 9.554655870445344368e-01
4.470588235294117863e-01 4.129554655870445457e-01
4.470588235294117863e-01 5.748987854251011997e-01
4.551709989195361072e-01 6.361903756862102854e-01
4.470588235294117863e-01 8.785425101214574539e-01
4.470588235294117863e-01 9.068825910931174183e-01
4.470588235294117863e-01 9.554655870445344368e-01
4.509803921568627527e-01 4.089068825910930904e-01
4.509803921568627527e-01 5.748987854251011997e-01
4.565327794875438383e-01 6.345251118420219827e-01
4.509803921568627527e-01 8.825910931174089091e-01
4.509803921568627527e-01 8.866396761133603643e-01
4.509803921568627527e-01 8.906882591093117085e-01
4.509803921568627527e-01 8.947368421052631637e-01
4.509803921568627527e-01 8.987854251012146189e-01
4.509803921568627527e-01 9.028340080971659631e-01
4.509803921568627527e-01 9.109311740890688736e-01
4.509803921568627527e-01 9.554655870445344368e-01
4.549019607843137192e-01 4.089068825910930904e-01
4.549019607843137192e-01 5.748987854251011997e-01
4.580298749392158197e-01 6.324831534531495381e-01
4.549019607843137192e-01 8.825910931174089091e-01
4.549019607843137192e-01 9.149797570850202177e-01
4.549019607843137192e-01 9.554655870445344368e-01
4.588235294117646856e-01 4.089068825910930904e-01
4.588235294117646856e-01 5.748987854251011997e-01
4.588235294117646856e-01 6.315789473684210176e-01
4.588235294117646856e-01 8.785425101214574539e-01
4.588235294117646856e-01 9.190283400809716730e-01
4.588235294117646856e-01 9.554655870445344368e-01
4.588235294117646856e-01 9.595141700404857810e-01
4.588235294117646856e-01 9.635627530364372362e-01
4.588235294117646856e-01 9.676113360323886914e-01
4.588235294117646856e-01 9.716599190283400356e-01
4.574774491970481916e-01 9.715501355527624838e-01
4.579009093481170578e-01 9.754816573546815084e-01
4.582291224409880681e-01 9.792380872529437008e-01
4.584771099811940087e-01 9.827494247145347472e-01
4.587241100284325523e-01 9.860401546756024649e-01
4.588235294117646856e-01 9.878412206743952817e-01
4.707424646389543055e-01 6.413692043955637745e-02
4.627450980392157076e-01 4.089068825910930904e-01
4.627450980392157076e-01 5.748987854251011997e-01
4.627450980392157076e-01 6.275303643724696734e-01
4.627450980392157076e-01 6.315789473684210176e-01
4.627450980392157076e-01 8.744939271255061097e-01
4.627450980392157076e-01 9.230769230769231282e-01
4.627450980392157076e-01 9.271255060728744724e-01
4.627450980392157076e-01 9.311740890688259276e-01
4.627450980392157076e-01 9.352226720647773828e-01
4.627450980392157076e-01 9.392712550607287270e-01
4.627450980392157076e-01 9.433198380566801822e-01
4.627450980392157076e-01 9.473684210526315264e-01
4.627450980392157076e-01 9.514170040485829816e-01
4.666666666666666741e-01 8.110196329653263092e-03
4.666666666666666741e-01 9.291939801246169167e-03
4.666666666666666741e-01 1.190710373351026169e-02
4.666666666666666741e-01 1.500007363228572296e-02
4.666666666666666741e-01 1.833194686356283409e-02
4.666666666666666741e-01 2.180716239702077189e-02
4.666666666666666741e-01 2.537793884438421105e-02
4.666327765221164325e-01 2.901332608639990360e-02
4.666239045177159595e-01 3.270202406612790491e-02
4.666110600041671885e-01 3.642955236371835104e-02
4.665914898646102982e-01 4.047369358581615756e-02
4.665596085610256294e-01 4.451367307657396605e-02
4.665366142212102885e-01 4.853964869905878776e-02
4.664639033794325540e-01 5.253253735358348608e-02
4.662365999460841293e-01 5.639130025602469981e-02
4.654730500110114688e-01 5.930188669387612826e-02
4.658329324369939739e-01 7.007798798540644525e-02
4.670472449429022843e-01 7.288798021560613516e-02
4.679785781695197100e-01 7.642799707648989527e-02
4.696439631438503737e-01 7.894184772275870954e-02
4.666666666666666741e-01 4.089068825910930904e-01
4.666666666666666741e-01 5.789473684210526550e-01
4.666666666666666741e-01 6.153846153846154188e-01
4.666666666666666741e-01 6.194331983805667630e-01
4.666666666666666741e-01 6.234817813765182182e-01
4.666666666666666741e-01 6.315789473684210176e-01
4.666666666666666741e-01 8.744939271255061097e-01
4.685071204953333845e-01 8.673442779523640733e-02
4.705237043239963723e-01 8.910179776414688113e-02
4.725335799089139810e-01 9.147876394989896964e-02
4.705882352941176405e-01 4.089068825910930904e-01
4.705882352941176405e-01 4.129554655870445457e-01
4.705882352941176405e-01 4.170040485829959453e-01
4.705882352941176405e-01 4.210526315789473450e-01
4.705882352941176405e-01 5.829959514170039991e-01
4.705882352941176405e-01 5.870445344129554543e-01
4.705882352941176405e-01 5.910931174089069096e-01
4.705882352941176405e-01 5.951417004048582537e-01
4.705882352941176405e-01 5.991902834008097090e-01
4.705882352941176405e-01 6.032388663967611642e-01
4.705882352941176405e-01 6.072874493927125084e-01
4.705882352941176405e-01 6.113360323886639636e-01
4.705882352941176405e-01 6.356275303643724728e-01
4.705882352941176405e-01 6.396761133603239280e-01
4.733411044512382260e-01 8.115559978295600052e-01
4.719084129833123198e-01 8.142168364111241896e-01
4.716072970699957123e-01 8.181616212651396935e-01
4.716200048501110187e-01 8.222707800424812197e-01
4.715165911406716814e-01 8.262356791940097533e-01
4.714642656549318245e-01 8.302022524415217930e-01
4.715306708171470573e-01 8.347804228954774919e-01
4.705882352941176405e-01 8.380566801619433459e-01
4.705882352941176405e-01 8.421052631578946901e-01
4.705882352941176405e-01 8.461538461538461453e-01
4.705882352941176405e-01 8.502024291497976005e-01
4.705882352941176405e-01 8.542510121457489447e-01
4.705882352941176405e-01 8.582995951417003999e-01
4.705882352941176405e-01 8.623481781376518551e-01
4.705882352941176405e-01 8.663967611336031993e-01
4.705882352941176405e-01 8.704453441295546545e-01
4.713355411017569052e-01 9.925742412593049901e-02
4.729840060403825985e-01 1.021043036758959993e-01
4.735669000014918195e-01 1.055220137074540654e-01
4.739108465086924182e-01 1.094474082362912604e-01
4.741244617848446863e-01 1.134348498397355492e-01
4.742707290656421604e-01 1.174480206372013891e-01
4.743775449692061441e-01 1.214740094891961358e-01
4.744331516280676508e-01 1.255148978452853836e-01
4.744759137770183655e-01 1.295583033486972235e-01
4.745098039215686070e-01 1.336032389087025984e-01
4.745436940661188485e-01 1.376481743840962946e-01
4.745864562150695631e-01 1.416915798465808729e-01
4.746420628739310699e-01 1.457324682435973684e-01
4.747172396832634034e-01 1.497689148658507829e-01
4.748242977889044480e-01 1.537967579847295818e-01
4.749882403934629904e-01 1.578056411476848608e-01
4.752676559087144481e-01 1.617640075442896841e-01
4.758299816107632862e-01 1.655402486091187564e-01
4.772626730786891924e-01 1.682010871906828853e-01
4.745098039215686070e-01 4.089068825910930904e-01
4.745098039215686070e-01 4.251012145748988003e-01
4.745098039215686070e-01 4.291497975708502000e-01
4.745098039215686070e-01 4.331983805668015997e-01
4.745098039215686070e-01 4.372469635627530549e-01
4.742400367335671829e-01 4.399918327899838277e-01
4.747152753929863023e-01 4.446607198107135339e-01
4.751353969854558157e-01 4.492299198529420279e-01
4.757533293390902029e-01 4.529984663597634298e-01
4.772287829486908661e-01 4.556541271952663230e-01
4.745098039215686070e-01 5.789473684210526550e-01
4.745098039215686070e-01 6.437246963562752722e-01
4.745098039215686070e-01 6.477732793522267274e-01
4.745098039215686070e-01 6.518218623481781826e-01
4.745098039215686070e-01 6.558704453441295268e-01
4.745098039215686070e-01 7.489878542510121084e-01
4.773564430592837082e-01 7.519367366731317670e-01
4.760933143493043529e-01 7.561364971298766280e-01
4.753326983713800358e-01 7.606519587972598861e-01
4.748951460582925277e-01 7.652567121879136902e-01
4.747488787774950536e-01 7.692698829853795717e-01
4.746081727293808283e-01 7.732922243934557960e-01
4.745098039225622011e-01 7.773279352372977069e-01
4.744114351137563856e-01 7.813636460800826855e-01
4.743023681598738106e-01 7.853964452302232280e-01
4.741953100542327659e-01 7.894242883491020546e-01
4.740313674496742236e-01 7.934331715120573891e-01
4.737519519344227659e-01 7.973915379086621291e-01
4.731896262323739277e-01 8.011677789734912292e-01
4.717569347644480215e-01 8.038286175550554136e-01
4.745098039215686070e-01 8.704453441295546545e-01
4.756785033918990435e-01 1.759284674651875602e-01
4.771111948598249497e-01 1.785893060467516891e-01
4.777074106918721141e-01 1.823618996594768560e-01
4.780295883487983288e-01 1.863150885137472568e-01
4.782491376340462508e-01 1.903162770859530839e-01
4.784313725480260349e-01 1.943319837795482452e-01
4.786136074639930071e-01 1.983476905253829525e-01
4.788331567492409291e-01 2.023488790975887797e-01
4.791553344061671438e-01 2.063020679518591805e-01
4.797515502382143082e-01 2.100746615645843196e-01
4.811842417061402144e-01 2.127355001461484763e-01
4.811842417061402144e-01 2.811916253599244242e-01
4.797515502382143082e-01 2.838524639414885531e-01
4.792886438612899425e-01 2.879294900236338273e-01
4.794913999453260245e-01 2.927696869052524020e-01
4.784313725490196290e-01 2.955465587044534548e-01
4.784313725490196290e-01 2.995951417004048545e-01
4.784313725490196290e-01 3.036437246963562542e-01
4.784313725490196290e-01 3.076923076923077094e-01
4.784313725490196290e-01 3.117408906882591091e-01
4.784313725490196290e-01 3.157894736842105088e-01
4.784313725490196290e-01 3.198380566801619640e-01
4.784313725490196290e-01 3.279352226720647634e-01
4.784313725490196290e-01 3.319838056680162186e-01
4.784313725490196290e-01 3.360323886639676183e-01
4.784313725490196290e-01 3.400809716599190180e-01
4.784313725490196290e-01 3.441295546558704177e-01
4.794862515941335501e-01 3.465016120804383370e-01
4.791363219796753170e-01 3.509105407771454521e-01
4.789199735919086875e-01 3.553158395277026815e-01
4.787338991249984743e-01 3.599814519309486038e-01
4.789832663322872164e-01 3.649145537982166898e-01
4.795376346396355571e-01 3.695031395672183083e-01
4.799989890256969871e-01 3.740729611071942906e-01
4.784313725490196290e-01 3.765182186234817818e-01
4.784313725490196290e-01 3.805668016194331815e-01
4.784313725490196290e-01 3.846153846153846367e-01
4.784313725490196290e-01 4.048582995951416907e-01
4.756785033918990435e-01 4.633778601777381878e-01
4.771111948598249497e-01 4.660386987593023167e-01
4.776735205618737878e-01 4.698149398241313612e-01
4.779529360771252455e-01 4.737733062207361567e-01
4.781168786816837879e-01 4.777821893836914913e-01
4.782239367873248326e-01 4.818100325025702624e-01
4.782991135966571661e-01 4.858464790829868929e-01
4.783547202555186728e-01 4.898873675218402002e-01
4.783974824044693874e-01 4.939307729436248628e-01
4.784313725490196290e-01 4.979757084597184469e-01
4.784313725490196290e-01 5.020242914556698466e-01
4.784313725490196290e-01 5.060728744923667088e-01
4.784313725490196290e-01 5.101214575321844080e-01
4.784313725490196290e-01 5.141700404435241012e-01
4.784313725490196290e-01 5.182186234394755564e-01
4.784313725490196290e-01 5.222672065200386626e-01
4.784313725490196290e-01 5.263157894313783558e-01
4.784313725490196290e-01 5.303643725119414620e-01
4.784313725490196290e-01 5.344129555078929172e-01
4.784313725490196290e-01 5.384615384223535584e-01
4.782569009935090931e-01 5.427967433722007407e-01
4.776416543122454228e-01 5.476889095668820984e-01
4.771560615576876940e-01 5.519978391319543265e-01
4.784313725490196290e-01 5.546558704453441457e-01
4.784313725490196290e-01 5.587044534412956009e-01
4.784313725490196290e-01 5.627530364372469451e-01
4.784313725490196290e-01 5.668016194331984003e-01
4.784313725490196290e-01 5.708502024291497445e-01
4.784313725490196290e-01 5.748987854251011997e-01
4.745334690619333329e-01 6.612289826685434635e-01
4.766167859729452672e-01 6.642924583671843131e-01
4.776185288160181286e-01 6.685465107099737292e-01
4.778820878077371659e-01 6.721790031176652080e-01
4.780852395583483072e-01 6.761732139555696186e-01
4.782239367873248326e-01 6.801905993041896803e-01
4.782991135966571661e-01 6.842270458846063663e-01
4.783547202555186728e-01 6.882679342825323010e-01
4.784969017950774783e-01 6.926121247480085952e-01
4.788455722977946194e-01 6.972928093265561289e-01
4.793464753842985870e-01 7.019546470503031932e-01
4.784313725490196290e-01 7.044534412955465452e-01
4.784313725490196290e-01 7.085020242914980004e-01
4.784313725490196290e-01 7.125506072874493446e-01
4.784313725490196290e-01 7.165991902834007998e-01
4.784313725490196290e-01 7.206477732793522550e-01
4.784313725490196290e-01 7.246963562753035992e-01
4.784313725490196290e-01 7.368421052631578538e-01
4.784313725490196290e-01 7.408906882591093090e-01
4.784313725490196290e-01 7.449392712550607643e-01
4.784313725490196290e-01 8.704453441295546545e-01
4.796000720193500100e-01 2.204628804206531512e-01
4.810327634872759162e-01 2.231237190022172800e-01
4.815950891893247543e-01 2.268999600670463523e-01
4.818745047045762120e-01 2.308583264636511756e-01
4.820384473091347544e-01 2.348672096266064546e-01
4.821455054147757990e-01 2.388950527454852535e-01
4.821867920650059758e-01 2.429278518956258515e-01
4.821996365749167679e-01 2.469635627384108578e-01
4.821867920650059758e-01 2.509992735822526577e-01
4.821455054147757990e-01 2.550320727605876470e-01
4.820384473091347544e-01 2.590599158794664181e-01
4.818745047045762120e-01 2.630687990424216971e-01
4.815950891893247543e-01 2.670271654390265481e-01
4.810327634872759162e-01 2.708034065038555926e-01
4.796000720193500100e-01 2.734642450854197215e-01
4.823529411764705954e-01 3.238866396761133637e-01
4.823529411764705954e-01 3.886639676113360364e-01
4.823529411764705954e-01 4.008097165991902910e-01
4.823529411764705954e-01 7.287449392712550544e-01
4.823529411764705954e-01 7.327935222672065096e-01
4.823529411764705954e-01 8.704453441295546545e-01
4.862745098039215619e-01 3.238866396761133637e-01
4.862745098039215619e-01 3.927125506072874361e-01
4.862745098039215619e-01 3.967611336032388913e-01
4.862745098039215619e-01 7.287449392712550544e-01
4.862745098039215619e-01 8.704453441295546545e-01
4.901960784313725283e-01 3.238866396761133637e-01
4.901960784313725283e-01 3.967611336032388913e-01
4.901960784313725283e-01 7.287449392712550544e-01
4.901960784313725283e-01 8.704453441295546545e-01
4.901960784313725283e-01 9.271255060728744724e-01
4.901960784313725283e-01 9.311740890688259276e-01
4.901960784313725283e-01 9.352226720647773828e-01
4.901960784313725283e-01 9.392712550607287270e-01
4.901960784313725283e-01 9.433198380566801822e-01
4.901960784313725283e-01 9.473684210526315264e-01
4.941176470588235503e-01 3.238866396761133637e-01
4.941176470588235503e-01 3.967611336032388913e-01
4.941176470588235503e-01 7.287449392712550544e-01
4.941176470588235503e-01 8.704453441295546545e-01
4.941176470588235503e-01 9.230769230769231282e-01
4.962900503292022591e-01 9.431239956167907224e-01
4.980392156862745168e-01 3.238866396761133637e-01
4.980392156862745168e-01 3.967611336032388913e-01
4.980392156862745168e-01 7.287449392712550544e-01
4.980392156862745168e-01 8.704453441295546545e-01
4.980392156862745168e-01 9.190283400809716730e-01
4.987410720782445850e-01 9.433981332105965123e-01
5.019607843137254832e-01 3.198380566801619640e-01
5.019607843137254832e-01 3.967611336032388913e-01
5.019607843137254832e-01 7.287449392712550544e-01
4.988361435248425124e-01 8.443434758786760863e-01
4.988009593221267579e-01 8.440419753437469197e-01
5.019607843137254832e-01 8.744939271255061097e-01
5.019607843137254832e-01 9.149797570850202177e-01
5.019607843137254832e-01 9.514170040485829816e-01
5.058823529411764497e-01 3.198380566801619640e-01
5.058823529411764497e-01 3.967611336032388913e-01
5.058823529411764497e-01 7.327935222672065096e-01
5.058823529411764497e-01 8.744939271255061097e-01
5.058823529411764497e-01 8.785425101214574539e-01
5.058823529411764497e-01 8.825910931174089091e-01
5.058823529411764497e-01 8.866396761133603643e-01
5.058823529411764497e-01 8.906882591093117085e-01
5.058823529411764497e-01 8.947368421052631637e-01
5.058823529411764497e-01 8.987854251012146189e-01
5.058823529411764497e-01 9.028340080971659631e-01
5.058823529411764497e-01 9.068825910931174183e-01
5.058823529411764497e-01 9.109311740890688736e-01
5.058823529411764497e-01 9.473684210526315264e-01
5.098039215686274161e-01 3.198380566801619640e-01
5.082558711315048328e-01 3.965524858270766395e-01
5.098039215686274161e-01 7.327935222672065096e-01
5.098039215686274161e-01 8.704453441295546545e-01
5.098039215686274161e-01 9.149797570850202177e-01
5.098039215686274161e-01 9.433198380566801822e-01
5.137254901960783826e-01 3.076923076923077094e-01
5.137254901960783826e-01 3.117408906882591091e-01
5.137254901960783826e-01 3.157894736842105088e-01
5.137254901960783826e-01 3.238866396761133637e-01
5.137254901960783826e-01 3.279352226720647634e-01
5.124540580468543993e-01 3.969989027012599814e-01
5.137254901960783826e-01 7.327935222672065096e-01
5.137254901960783826e-01 8.704453441295546545e-01
5.137254901960783826e-01 9.190283400809716730e-01
5.137254901960783826e-01 9.392712550607287270e-01
5.177863774483900672e-01 3.096699838541628891e-01
5.176470588235294601e-01 3.319838056680162186e-01
5.176470588235294601e-01 3.360323886639676183e-01
5.153452012496179124e-01 3.976810868829017687e-01
5.176470588235294601e-01 7.368421052631578538e-01
5.176470588235294601e-01 8.663967611336031993e-01
5.176470588235294601e-01 9.230769230769231282e-01
5.176470588235294601e-01 9.352226720647773828e-01
5.225150633537137823e-01 3.034803761736780126e-01
5.215686274509804266e-01 3.400809716599190180e-01
5.223179986401388364e-01 3.960373258945882879e-01
5.215686274509804266e-01 7.408906882591093090e-01
5.215686274509804266e-01 8.663967611336031993e-01
5.215686274509804266e-01 9.271255060728744724e-01
5.215686274509804266e-01 9.311740890688259276e-01
5.278135166795668853e-01 2.989570361284938915e-01
5.254901960784313930e-01 3.400809716599190180e-01
5.243374221086246623e-01 3.962767763791025244e-01
5.254901960784313930e-01 7.408906882591093090e-01
5.254901960784313930e-01 8.663967611336031993e-01
5.254901960784313930e-01 9.311740890688259276e-01
5.267969364136019239e-01 2.955974385483648437e-01
5.294117647058823595e-01 3.400809716599190180e-01
5.253584844827213773e-01 3.950119313580334746e-01
5.294117647058823595e-01 7.408906882591093090e-01
5.294117647058823595e-01 8.663967611336031993e-01
5.294117647058823595e-01 9.311740890688259276e-01
5.294117647058823595e-01 9.352226720647773828e-01
5.330086274848629957e-01 2.930616386044347932e-01
5.333333333333333259e-01 3.400809716599190180e-01
5.300821865753581053e-01 3.914589749532280671e-01
5.333333333333333259e-01 7.368421052631578538e-01
5.333333333333333259e-01 7.408906882591093090e-01
5.333333333333333259e-01 7.449392712550607643e-01
5.333333333333333259e-01 7.489878542510121084e-01
5.333333333333333259e-01 8.663967611336031993e-01
5.333333333333333259e-01 9.230769230769231282e-01
5.333333333333333259e-01 9.271255060728744724e-01
5.333333333333333259e-01 9.311740890688259276e-01
5.333333333333333259e-01 9.392712550607287270e-01
5.333333333333333259e-01 9.433198380566801822e-01
5.388617067451716425e-01 2.909155608982466057e-01
5.372549019607842924e-01 3.400809716599190180e-01
5.372549019607842924e-01 3.441295546558704177e-01
5.372549019607842924e-01 3.481781376518218729e-01
5.372549019607842924e-01 3.522267206477732726e-01
5.372549019607842924e-01 3.562753036437246723e-01
5.372549019607842924e-01 3.603238866396761275e-01
5.372549019607842924e-01 3.643724696356275272e-01
5.347645430679560663e-01 3.869870965338881308e-01
5.372549019607842924e-01 7.327935222672065096e-01
5.372549019607842924e-01 7.530364372469635637e-01
5.372549019607842924e-01 8.663967611336031993e-01
5.372549019607842924e-01 9.190283400809716730e-01
5.372549019607842924e-01 9.311740890688259276e-01
5.372549019607842924e-01 9.473684210526315264e-01
5.372549019607842924e-01 9.514170040485829816e-01
5.372549019607842924e-01 9.554655870445344368e-01
5.395829634603989122e-01 2.887724873040489748e-01
5.411764705882352589e-01 3.400809716599190180e-01
5.411764705882352589e-01 3.684210526315789269e-01
5.411764705882352589e-01 3.805668016194331815e-01
5.411764705882352589e-01 3.846153846153846367e-01
5.411764705882352589e-01 3.886639676113360364e-01
5.411764705882352589e-01 7.287449392712550544e-01
5.411764705882352589e-01 7.530364372469635637e-01
5.411764705882352589e-01 7.570850202429150189e-01
5.411764705882352589e-01 7.611336032388663630e-01
5.411764705882352589e-01 7.651821862348178183e-01
5.411764705882352589e-01 7.692307692307692735e-01
5.411764705882352589e-01 7.732793522267206177e-01
5.411764705882352589e-01 7.773279352226720729e-01
5.411764705882352589e-01 7.813765182186235281e-01
5.432166155756396053e-01 7.828764601550272095e-01
5.438817282070350645e-01 7.866018786413693231e-01
5.457821871482712028e-01 7.890576148171898341e-01
5.411764705882352589e-01 8.623481781376518551e-01
5.411764705882352589e-01 9.190283400809716730e-01
5.411764705882352589e-01 9.311740890688259276e-01
5.411764705882352589e-01 9.595141700404857810e-01
5.411764705882352589e-01 9.635627530364372362e-01
5.403216790969428418e-01 9.659547745245452566e-01
5.407182192234732954e-01 9.710014415464197635e-01
5.408981866008081285e-01 9.741980408140182846e-01
5.411013383150394818e-01 9.776188838729250596e-01
5.413236271947799993e-01 9.808776464194496336e-01
5.416621439895071832e-01 9.837807964793734428e-01
5.425752719261628387e-01 9.852753800513441851e-01
5.404730731493555540e-01 2.867581274955220416e-01
5.450980392156862253e-01 3.400809716599190180e-01
5.450980392156862253e-01 3.724696356275303821e-01
5.450980392156862253e-01 3.765182186234817818e-01
5.450980392156862253e-01 7.206477732793522550e-01
5.450980392156862253e-01 7.246963562753035992e-01
5.450980392156862253e-01 7.530364372469635637e-01
5.489200985862635607e-01 7.939369561761496774e-01
5.450980392156862253e-01 8.623481781376518551e-01
5.450980392156862253e-01 8.866396761133603643e-01
5.450980392156862253e-01 9.149797570850202177e-01
5.450980392156862253e-01 9.311740890688259276e-01
5.412654766219430202e-01 9.872211712499258107e-01
5.465980424892669109e-01 2.867978174222429733e-01
5.490196078431373028e-01 3.400809716599190180e-01
5.490196078431373028e-01 3.724696356275303821e-01
5.490196078431373028e-01 7.165991902834007998e-01
5.490196078431373028e-01 7.530364372469635637e-01
5.481093301901174275e-01 7.976353142264643870e-01
5.490196078431373028e-01 8.623481781376518551e-01
5.490196078431373028e-01 8.866396761133603643e-01
5.490196078431373028e-01 9.149797570850202177e-01
5.490196078431373028e-01 9.311740890688259276e-01
5.459235565627322817e-01 2.851471482759138087e-01
5.529411764705882693e-01 3.400809716599190180e-01
5.529411764705882693e-01 3.684210526315789269e-01
5.529411764705882693e-01 7.125506072874493446e-01
5.529411764705882693e-01 7.530364372469635637e-01
5.529411764705882693e-01 8.016194331983805821e-01
5.529411764705882693e-01 8.623481781376518551e-01
5.529411764705882693e-01 8.906882591093117085e-01
5.529411764705882693e-01 9.149797570850202177e-01
5.529411764705882693e-01 9.311740890688259276e-01
5.568627450980392357e-01 3.441295546558704177e-01
5.568627450980392357e-01 3.481781376518218729e-01
5.568627450980392357e-01 3.684210526315789269e-01
5.568627450980392357e-01 7.125506072874493446e-01
5.568627450980392357e-01 7.530364372469635637e-01
5.568627450980392357e-01 8.056680161943320373e-01
5.568627450980392357e-01 8.623481781376518551e-01
5.568627450980392357e-01 8.906882591093117085e-01
5.568627450980392357e-01 9.149797570850202177e-01
5.568627450980392357e-01 9.271255060728744724e-01
5.607843137254902022e-01 3.522267206477732726e-01
5.607843137254902022e-01 3.562753036437246723e-01
5.607843137254902022e-01 3.684210526315789269e-01
5.607843137254902022e-01 7.125506072874493446e-01
5.607843137254902022e-01 7.530364372469635637e-01
5.607843137254902022e-01 8.097165991902833815e-01
5.607843137254902022e-01 8.623481781376518551e-01
5.607843137254902022e-01 8.906882591093117085e-01
5.607843137254902022e-01 9.109311740890688736e-01
5.607843137254902022e-01 9.230769230769231282e-01
5.647058823529411686e-01 3.603238866396761275e-01
5.647058823529411686e-01 3.643724696356275272e-01
5.647058823529411686e-01 7.125506072874493446e-01
5.647058823529411686e-01 7.530364372469635637e-01
5.647058823529411686e-01 8.137651821862348367e-01
5.647058823529411686e-01 8.582995951417003999e-01
5.647058823529411686e-01 8.906882591093117085e-01
5.647058823529411686e-01 9.109311740890688736e-01
5.647058823529411686e-01 9.190283400809716730e-01
5.686274509803921351e-01 7.125506072874493446e-01
5.686274509803921351e-01 7.530364372469635637e-01
5.686274509803921351e-01 8.178137651821861809e-01
5.686274509803921351e-01 8.542510121457489447e-01
5.686274509803921351e-01 8.906882591093117085e-01
5.686274509803921351e-01 9.109311740890688736e-01
5.686274509803921351e-01 9.149797570850202177e-01
5.725490196078431016e-01 7.085020242914980004e-01
5.725490196078431016e-01 7.530364372469635637e-01
5.725490196078431016e-01 8.178137651821861809e-01
5.725490196078431016e-01 8.218623481781376361e-01
5.725490196078431016e-01 8.259109311740890913e-01
5.725490196078431016e-01 8.299595141700404355e-01
5.725490196078431016e-01 8.340080971659918907e-01
5.725490196078431016e-01 8.380566801619433459e-01
5.725490196078431016e-01 8.421052631578946901e-01
5.725490196078431016e-01 8.461538461538461453e-01
5.725490196078431016e-01 8.502024291497976005e-01
5.725490196078431016e-01 8.542510121457489447e-01
5.725490196078431016e-01 8.906882591093117085e-01
5.725490196078431016e-01 9.068825910931174183e-01
5.764705882352940680e-01 7.044534412955465452e-01
5.764705882352940680e-01 7.085020242914980004e-01
5.764705882352940680e-01 7.125506072874493446e-01
5.764705882352940680e-01 7.165991902834007998e-01
5.764705882352940680e-01 7.206477732793522550e-01
5.764705882352940680e-01 7.246963562753035992e-01
5.764705882352940680e-01 7.489878542510121084e-01
5.764705882352940680e-01 7.530364372469635637e-01
5.764705882352940680e-01 7.570850202429150189e-01
5.764705882352940680e-01 8.137651821862348367e-01
5.764705882352940680e-01 8.582995951417003999e-01
5.764705882352940680e-01 8.623481781376518551e-01
5.764705882352940680e-01 8.663967611336031993e-01
5.764705882352940680e-01 8.704453441295546545e-01
5.764705882352940680e-01 8.744939271255061097e-01
5.764705882352940680e-01 8.906882591093117085e-01
5.764705882352940680e-01 8.947368421052631637e-01
5.764705882352940680e-01 8.987854251012146189e-01
5.764705882352940680e-01 9.028340080971659631e-01
5.764705882352940680e-01 9.068825910931174183e-01
5.803921568627451455e-01 7.004048582995950900e-01
5.803921568627451455e-01 7.287449392712550544e-01
5.803921568627451455e-01 7.449392712550607643e-01
5.803921568627451455e-01 7.611336032388663630e-01
5.803921568627451455e-01 8.137651821862348367e-01
5.803921568627451455e-01 8.785425101214574539e-01
5.803921568627451455e-01 8.825910931174089091e-01
5.803921568627451455e-01 8.866396761133603643e-01
5.803921568627451455e-01 9.068825910931174183e-01
5.843137254901961120e-01 7.004048582995950900e-01
5.843137254901961120e-01 7.327935222672065096e-01
5.843137254901961120e-01 7.368421052631578538e-01
5.843137254901961120e-01 7.408906882591093090e-01
5.843137254901961120e-01 7.611336032388663630e-01
5.843137254901961120e-01 8.056680161943320373e-01
5.843137254901961120e-01 8.097165991902833815e-01
5.843137254901961120e-01 8.744939271255061097e-01
5.843137254901961120e-01 9.109311740890688736e-01
5.843137254901961120e-01 9.149797570850202177e-01
5.882352941176470784e-01 7.004048582995950900e-01
5.882352941176470784e-01 7.611336032388663630e-01
5.882352941176470784e-01 8.016194331983805821e-01
5.882352941176470784e-01 8.744939271255061097e-01
5.882352941176470784e-01 9.190283400809716730e-01
5.882352941176470784e-01 9.230769230769231282e-01
5.970748585155781774e-01 9.905482347529600551e-01
5.921568627450980449e-01 7.004048582995950900e-01
5.921568627450980449e-01 7.651821862348178183e-01
5.921568627450980449e-01 7.975708502024291269e-01
5.921568627450980449e-01 8.744939271255061097e-01
5.921568627450980449e-01 9.271255060728744724e-01
5.921568627450980449e-01 9.311740890688259276e-01
5.978831284661211276e-01 9.899326024750466635e-01
5.960784313725490113e-01 7.004048582995950900e-01
5.960784313725490113e-01 7.692307692307692735e-01
5.960784313725490113e-01 7.732793522267206177e-01
5.960784313725490113e-01 7.773279352226720729e-01
5.960784313725490113e-01 7.813765182186235281e-01
5.960784313725490113e-01 7.854251012145748723e-01
5.960784313725490113e-01 7.935222672064777827e-01
5.960784313725490113e-01 8.704453441295546545e-01
5.925778466267693778e-01 9.361808510720617260e-01
5.959105533043803637e-01 9.384348584126458448e-01
5.988190575959343454e-01 9.403600311189558303e-01
5.998262021681476375e-01 9.894482206726665785e-01
5.999999999999999778e-01 7.004048582995950900e-01
5.999999999999999778e-01 7.894736842105263275e-01
5.999999999999999778e-01 7.935222672064777827e-01
5.999999999999999778e-01 8.704453441295546545e-01
6.005570055800489859e-01 9.462998194350419334e-01
6.020461387466639058e-01 9.884793406525845816e-01
6.017175676775913251e-01 7.002119362252473556e-01
5.973861642656664861e-01 7.955521784867970458e-01
6.039215686274509443e-01 8.704453441295546545e-01
6.034774312234766347e-01 9.527489403837741122e-01
6.038343486749034872e-01 9.874690805735285570e-01
6.045917874686054239e-01 6.979956315728544913e-01
6.019888319093368301e-01 7.991308701283068583e-01
6.078431372549019107e-01 8.704453441295546545e-01
6.054222366325191507e-01 9.594870006688210884e-01
6.080497823528346890e-01 9.601829577289683337e-01
6.038894461486122855e-01 9.858202195899780085e-01
6.133900126702536149e-01 6.988974599618283934e-01
6.060070741483394308e-01 8.028638346558097938e-01
6.100221651400823397e-01 8.708838482834172501e-01
6.074521738597575826e-01 9.677583849838056196e-01
6.087684784111950798e-01 9.694722775598000331e-01
6.092297222027007741e-01 9.726782102512029349e-01
6.092376880375121040e-01 9.760240108586106800e-01
6.088898455751512451e-01 9.792265143329824673e-01
6.080728358616505069e-01 9.819441016877507034e-01
6.063769782455090684e-01 9.825355585924677726e-01
6.160366816599123219e-01 6.971079510505130417e-01
6.102826622351273933e-01 8.069573118236398335e-01
6.154457209464596623e-01 8.707972333922290309e-01
6.195186262181047177e-01 6.961625034847581661e-01
6.143458663997258817e-01 8.120606364946254541e-01
6.161552310501243745e-01 8.109456765642653053e-01
6.196265689474054206e-01 8.705860126482795058e-01
6.229773366645745547e-01 6.951954898642195291e-01
6.235394188839777918e-01 8.705268966349896109e-01
6.252690182597029356e-01 6.934706749845115370e-01
6.274551173875146937e-01 8.704814089814382205e-01
6.332424453299894118e-01 6.945184022725487960e-01
6.313725490587926981e-01 8.704453441295546545e-01
6.353464810041580257e-01 6.924342969096659584e-01
6.352941176454983685e-01 8.704453441295546545e-01
6.374633077390527980e-01 6.903653403815741552e-01
6.392156862322039279e-01 8.704453441295546545e-01
6.453929281893971970e-01 6.915073608206622202e-01
6.431331179475302529e-01 8.704814089814382205e-01
6.477115700596615122e-01 6.899273875560648639e-01
6.470488164101398931e-01 8.705268966349896109e-01
6.512714660845185799e-01 6.892544075772203405e-01
6.509616663467122644e-01 8.705860126482795058e-01
6.550549953750804955e-01 6.888932068641334672e-01
6.548736326709830857e-01 8.706297974112450211e-01
6.589036033261971292e-01 6.886316956470291961e-01
6.587776265629680106e-01 8.706978565878008558e-01
6.627793464555568059e-01 6.884314348381049831e-01
6.626631525738618800e-01 8.708121685466968520e-01
6.666548762783955917e-01 6.882257494135156639e-01
6.664972747336529446e-01 8.710263525699039056e-01
6.705196752115357706e-01 6.880169709720685978e-01
6.701407034812932872e-01 8.714970523705479755e-01
6.743635371355363173e-01 6.877719801368694652e-01
6.726279389519500551e-01 8.727563158590120329e-01
6.778802769674061590e-01 6.875529259950891037e-01
6.802120519984586888e-01 8.708739356497898765e-01
6.815619503456058492e-01 6.870970174595750768e-01
6.823529411188357097e-01 8.717223807598128982e-01
6.849617558033844755e-01 6.863119877334721286e-01
6.844938303544825242e-01 8.708739356497898765e-01
6.870273499959604901e-01 6.846438137972764570e-01
6.920738064661147160e-01 8.727923808600527300e-01
6.946488184491446116e-01 6.849827059440461996e-01
6.945551717232720801e-01 8.715786049123627199e-01
6.950277080056348478e-01 6.819049963041355911e-01
6.981898818364224990e-01 8.711670211031806721e-01
7.014416213966814251e-01 6.801548739562190971e-01
7.020102646926733581e-01 8.710326867275645091e-01
7.081642085001530473e-01 6.783332067960308187e-01
7.058723458628318737e-01 8.710319215878618015e-01
7.084487426816029609e-01 6.751263586291478269e-01
7.097315784100918235e-01 8.711372904344235613e-01
7.163431231662923393e-01 6.749738898167861878e-01
7.135423589704384950e-01 8.713875391385291769e-01
7.181688218185787731e-01 6.728498070540381848e-01
7.171536241582704418e-01 8.719126698542160048e-01
7.210468644559310247e-01 6.712797476018322884e-01
7.195902279861198236e-01 8.732998738977831854e-01
7.228725631082174585e-01 6.691556648390842854e-01
7.274727324781683491e-01 8.716754621254876323e-01
7.307669435929068369e-01 6.690031960267226463e-01
7.299152064904131931e-01 8.731081540590748258e-01
7.310514777743567505e-01 6.657963478598396545e-01
7.335351903563908094e-01 8.736924005916006930e-01
7.377484793512278927e-01 6.639335934111145754e-01
7.373555732162797582e-01 8.739864341459833152e-01
7.441596772384775349e-01 6.621499722191935833e-01
7.412323805744938099e-01 8.741598621545489944e-01
7.445145044464380746e-01 6.590202441389544363e-01
7.451305043239200288e-01 8.742734089882941984e-01
7.521558713049207867e-01 6.592652227650377394e-01
7.490383336132699910e-01 8.743532586067812584e-01
7.541862301884547648e-01 6.574501422387528660e-01
7.529511836298778960e-01 8.744123746200711533e-01
7.575247637012187951e-01 6.564504580260235311e-01
7.568668820933970309e-01 8.744578622736225437e-01
7.610633878819141884e-01 6.556199109859279783e-01
7.607843136831843323e-01 8.744939271255061097e-01
7.642214970872052149e-01 6.547515697698089721e-01
7.647058823106352987e-01 8.744939271255061097e-01
7.664977786523820003e-01 6.529902369170430543e-01
7.686274510226980272e-01 8.744939271255061097e-01
7.744118321623069123e-01 6.540942535743208275e-01
7.725490196470280457e-01 8.744939271255061097e-01
7.766333680690663543e-01 6.521696036747282044e-01
7.764705882744790122e-01 8.744939271255061097e-01
7.798048963957447954e-01 6.508072505479769454e-01
7.803880198264599999e-01 8.745299919773896757e-01
7.818941431549176757e-01 6.488544965636076078e-01
7.843037184118514249e-01 8.745754796309410661e-01
7.897744763847988070e-01 6.492947042082636289e-01
7.882165683074965346e-01 8.746345956442309610e-01
7.905998792946703491e-01 6.462232681318386129e-01
7.921243976368642636e-01 8.747144452627180211e-01
7.984697126774299436e-01 6.466174760083045481e-01
7.960225213862904825e-01 8.748279920964632250e-01
8.005466875154525486e-01 6.446460633836064158e-01
7.998993287445046452e-01 8.750014201050289042e-01
8.036800716197867178e-01 6.432291829790297566e-01
8.037197116043934830e-01 8.752954536594115265e-01
8.058590541611991842e-01 6.412624668976600883e-01
8.073396954703710993e-01 8.758797001919373937e-01
8.138199105886194662e-01 6.422459152329200727e-01
8.097821694826159433e-01 8.773123921255245872e-01
8.160299896706562084e-01 6.403228844667272490e-01
8.176688109095409107e-01 8.757240451214389765e-01
8.192271183232329168e-01 6.389645528199570101e-01
8.201112849217857548e-01 8.771567370550261700e-01
8.214205118882305090e-01 6.370385272696101886e-01
8.237312687877633710e-01 8.777409835875520372e-01
8.293987656541752518e-01 6.379555597324452210e-01
8.275475146327402332e-01 8.779989522573092842e-01
8.311473652473354568e-01 6.358573670242276821e-01
8.314184519047843613e-01 8.781268926377894246e-01
8.328989161726306767e-01 6.338187494203976202e-01
8.353078569997117730e-01 8.781813234655206912e-01
8.404092479821331230e-01 6.348611369704533214e-01
8.391901565090295056e-01 8.781479635782094562e-01
8.422435551982226931e-01 6.332758120935115809e-01
8.430630510918882825e-01 8.780523064470404648e-01
8.452122822280644376e-01 6.325742456339005226e-01
8.469099259462810059e-01 8.778723477426471078e-01
8.482791019722307757e-01 6.322130449208136493e-01
8.506893182292069033e-01 8.775472118559779489e-01
8.511762339283949208e-01 6.319875985883347536e-01
8.542492142540639710e-01 8.768742318771334254e-01
8.536244276582317658e-01 6.318328254074960793e-01
8.565856571911888429e-01 8.753228448604719603e-01
8.546536287438928348e-01 6.317196158871458689e-01
8.645139870612754684e-01 8.764775054423734613e-01
8.666383657272187513e-01 8.744193408838254467e-01
8.687551925821668242e-01 8.723503843775615163e-01
8.767152109356852741e-01 8.734444912969839825e-01
8.790282089329397586e-01 8.717795575484407200e-01
8.825433437467675724e-01 8.709331495610305174e-01
8.862256874516662997e-01 8.702779150461784630e-01
8.897768476198417709e-01 8.694682220211026324e-01
8.921793661765097250e-01 8.678807574305457129e-01
9.000741152321080074e-01 8.693418305900761922e-01
9.024925270704461377e-01 8.678571205654064258e-01
9.060960003770613946e-01 8.672316475257160207e-01
9.099004558237627771e-01 8.668681892576044490e-01
9.137713930812548790e-01 8.666492735918494006e-01
9.176607981761822908e-01 8.664766107448143018e-01
9.215548881183363017e-01 8.663169115223920969e-01
9.254325027804275461e-01 8.661108887880457630e-01
9.292691283753169440e-01 8.658221603671902855e-01
9.327521734366504003e-01 8.655041167347574671e-01
9.362723495432303533e-01 8.647868878741631349e-01
9.385361708563697558e-01 8.631728455492178043e-01
9.460691259464011349e-01 8.644169554734595362e-01
9.478720521901313756e-01 8.626679687275078390e-01
9.504688896594897241e-01 8.614907002463929597e-01
9.517443540871289853e-01 8.598708971092470232e-01
9.558484060598501086e-01 8.589814044660059045e-01
9.612089223146219608e-01 8.566557398859622197e-01
9.655583372732222669e-01 8.541514617805689991e-01
9.677854499250065912e-01 8.524923903437761075e-01
1.001411629373244239e+00 8.815458781738211291e-01
1.000747086246516204e+00 8.814000322437290924e-01
9.987519823480397463e-01 8.708097252218045536e-01
9.986948574660345912e-01 8.717668313600936969e-01
9.987867553718388081e-01 8.743302517086041226e-01
9.987213285639882088e-01 8.776846291857436366e-01
9.973988153506070375e-01 8.806247744051294291e-01
9.956997418776154518e-01 8.813414887246121543e-01
9.973988153506070375e-01 8.818339151895873140e-01
9.987213285639882088e-01 8.842211700523430196e-01
9.992850934504531324e-01 8.854053931702908775e-01
