8.489423 -1.304844 1.000000
8.021585 -0.480337 3.000000
7.269728 0.963297 3.000000
-1.753538 15.456552 3.000000
-1.668117 15.571872 3.000000
9.198244 -2.809342 3.000000
8.794106 -2.110502 3.000000
6.687625 1.971657 3.000000
-0.880130 13.796627 3.000000
-1.157882 14.424978 3.000000
10.401256 -5.147186 3.000000
9.962668 -4.424078 3.000000
6.221725 4.289112 3.000000
0.613558 11.547640 3.000000
0.173728 12.288528 3.000000
11.731676 -7.363062 3.000000
11.321994 -6.801013 3.000000
5.258116 5.960458 3.000000
3.459319 8.724584 3.000000
2.358659 10.178243 3.000000
12.514970 -8.394432 3.000000
12.372215 -8.387861 3.000000
4.641254 6.852490 3.000000
3.820871 8.076941 3.000000
2.839896 9.418142 3.000000
7.577685 -1.764433 2.000000
7.205147 -0.968478 1.000000
6.398874 0.544816 3.000000
-2.833845 15.201389 3.000000
-2.800122 15.494751 3.000000
8.319868 -3.233916 1.000000
7.910575 -2.592906 3.000000
5.820892 1.544272 3.000000
-1.822046 13.443097 3.000000
-2.079930 14.024008 3.000000
9.556927 -5.602722 3.000000
9.141376 -4.962600 3.000000
4.815783 3.241733 3.000000
-0.307604 11.116956 3.000000
-0.642039 11.770415 3.000000
10.940121 -7.972286 3.000000
10.543914 -7.460205 3.000000
3.680343 4.848961 3.000000
1.723970 7.741326 3.000000
0.808862 9.356009 3.000000
11.893988 -9.350654 3.000000
11.620506 -9.176939 3.000000
3.061761 5.775132 3.000000
2.160055 7.119341 3.000000
1.211714 8.529872 3.000000
6.022370 -2.604296 2.000000
5.559650 -1.876224 2.000000
4.621297 -0.354654 1.000000
-4.297666 14.442990 3.000000
-4.391558 14.862146 3.000000
6.713821 -4.104060 2.000000
6.347556 -3.474935 3.000000
4.026567 0.608046 3.000000
-3.468936 12.695753 3.000000
-3.692487 13.306401 3.000000
7.962067 -6.549424 1.000000
7.551822 -5.873981 3.000000
3.022955 2.183635 3.000000
-1.957033 10.210051 3.000000
-2.273712 10.873632 3.000000
9.588728 -9.005559 3.000000
9.095993 -8.548112 3.000000
2.117312 3.871379 3.000000
0.186579 6.832516 3.000000
-0.686514 8.437342 3.000000
10.698676 -10.354110 3.000000
10.336473 -10.039701 3.000000
1.501750 4.833807 3.000000
0.601412 6.212908 3.000000
-0.158958 7.726226 3.000000
-10.818372 -11.733208 2.000000
-11.761770 -11.208007 2.000000
-12.737430 -10.039990 2.000000
-19.843735 5.305494 1.000000
-19.269638 5.628083 3.000000
-10.497736 -13.315596 2.000000
-11.604473 -12.667862 1.000000
-13.549129 -9.217954 3.000000
-19.233030 3.117824 3.000000
-18.880121 3.857319 3.000000
-9.243862 -15.624755 2.000000
-10.071332 -15.215652 3.000000
-14.696145 -7.593802 3.000000
-18.270697 0.611333 3.000000
-18.021194 1.535734 3.000000
-7.856698 -17.688128 1.000000
-8.633951 -17.501574 3.000000
-15.710590 -5.747018 3.000000
-17.058899 -2.023384 3.000000
-16.824001 -0.769022 3.000000
-6.632607 -19.169271 3.000000
-7.426322 -19.222521 3.000000
-15.970684 -4.516127 3.000000
-16.056620 -2.939375 3.000000
-15.736670 -1.822808 3.000000
-10.571561 -11.686310 2.000000
-11.354300 -10.930279 2.000000
-12.269018 -9.686023 2.000000
-19.467722 4.771060 2.000000
-18.854918 5.045343 1.000000
-10.168994 -13.010284 2.000000
-11.128831 -12.593445 2.000000
-13.088962 -8.834656 3.000000
-18.584864 3.079275 3.000000
-18.399445 3.837423 3.000000
-8.923392 -15.188497 2.000000
-9.656961 -14.707059 3.000000
-14.215324 -7.341106 3.000000
-17.627937 0.591383 3.000000
-17.500820 1.445157 3.000000
-7.537981 -17.287258 2.000000
-8.215580 -16.947317 3.000000
-15.190748 -5.655713 3.000000
-16.722897 -1.771663 3.000000
-16.435772 -0.687489 3.000000
-6.803526 -18.474096 1.000000
-7.397464 -18.608046 3.000000
-15.486840 -4.403647 3.000000
-15.629883 -2.825588 3.000000
-15.601686 -1.749612 3.000000
10.032507 -0.423583 2.000000
9.561033 0.368465 1.000000
8.736228 1.921511 3.000000
-0.719065 16.785816 3.000000
-0.659348 16.465792 3.000000
10.818555 -1.936737 1.000000
10.514633 -1.216407 3.000000
8.102424 2.973990 3.000000
0.626233 14.834586 3.000000
0.177430 15.476764 3.000000
12.008342 -4.288025 3.000000
11.649220 -3.561432 3.000000
7.090973 4.645164 3.000000
2.161972 12.421575 3.000000
1.690919 13.104023 3.000000
13.323788 -6.774550 3.000000
12.996838 -6.069265 3.000000
6.077664 6.423468 3.000000
4.311399 9.400295 3.000000
3.181767 10.671884 3.000000
13.761395 -8.004947 3.000000
14.001694 -8.235202 3.000000
5.516162 7.322474 3.000000
4.645702 8.656675 3.000000
3.624439 9.942762 3.000000
9.271104 -0.776210 2.000000
8.835291 0.065590 2.000000
8.086655 1.552401 2.000000
-1.760628 16.856380 1.000000
-1.984920 16.540392 3.000000
10.112380 -2.387729 2.000000
9.796929 -1.673087 1.000000
7.326384 2.596385 3.000000
0.017115 14.375552 3.000000
-0.445654 15.047207 3.000000
11.318933 -4.729686 2.000000
10.941849 -3.956475 3.000000
5.630080 3.700839 3.000000
1.425399 12.031718 3.000000
0.916603 12.760655 3.000000
12.652339 -7.101524 1.000000
12.300928 -6.360883 3.000000
4.467854 5.196629 3.000000
2.521170 8.274739 3.000000
1.539958 9.863591 3.000000
13.158726 -9.215704 3.000000
13.561014 -9.177082 3.000000
3.782366 6.154664 3.000000
2.902349 7.501632 3.000000
1.876560 8.999116 3.000000
4.816519 -3.181802 2.000000
4.416049 -2.423798 2.000000
3.494906 -0.925089 2.000000
-5.631744 13.970865 2.000000
-5.519145 14.488293 2.000000
5.545712 -4.691498 2.000000
5.109762 -4.109919 2.000000
2.883752 0.048248 1.000000
-4.679858 12.207215 3.000000
-4.863451 12.830082 3.000000
6.845863 -7.108154 2.000000
6.400780 -6.459585 1.000000
2.056866 1.589243 3.000000
-3.077899 9.575379 3.000000
-3.379250 10.267999 3.000000
8.757027 -9.952162 2.000000
8.206666 -9.512615 3.000000
1.392011 3.279255 3.000000
-1.070150 6.316101 3.000000
-1.716984 7.814590 3.000000
9.971036 -11.208534 2.000000
9.439260 -10.977350 3.000000
0.796276 4.256729 3.000000
-0.463303 5.660624 3.000000
-1.167408 7.141563 3.000000
-8.977867 -10.561494 2.000000
-9.647645 -9.795835 2.000000
-10.595587 -8.361391 2.000000
-18.169254 6.814030 2.000000
-17.602882 6.581137 2.000000
-8.239691 -12.102738 2.000000
-8.645000 -11.497684 2.000000
-11.343621 -7.451491 2.000000
-16.524399 4.309438 1.000000
-16.844591 5.037199 3.000000
-7.075475 -14.403906 2.000000
-7.429413 -13.721035 2.000000
-12.375005 -6.204509 3.000000
-15.455087 1.869938 3.000000
-15.834019 2.533799 3.000000
-5.623516 -16.840527 2.000000
-5.777654 -16.137707 1.000000
-13.414794 -5.079597 3.000000
-14.282760 -0.332087 3.000000
-14.588389 0.342272 3.000000
-5.062838 -18.820997 2.000000
-4.812251 -18.299231 3.000000
-13.797104 -4.051448 3.000000
-13.679583 -2.237350 3.000000
-13.638920 -1.232341 3.000000
-9.604134 -10.979161 2.000000
-10.238790 -10.222501 2.000000
-11.235842 -8.889968 2.000000
-18.190521 5.960842 2.000000
-17.786901 5.809412 2.000000
-8.973665 -12.493089 2.000000
-9.412466 -11.874859 2.000000
-12.014585 -8.021358 2.000000
-17.186314 3.909575 2.000000
-17.415243 4.605379 1.000000
-7.835202 -14.680699 2.000000
-8.243395 -14.017250 2.000000
-13.084625 -6.723912 2.000000
-16.161964 1.385797 3.000000
-16.473253 2.104699 3.000000
-6.402543 -17.014038 2.000000
-6.601144 -16.347141 2.000000
-14.123928 -5.402692 3.000000
-15.035223 -0.681161 3.000000
-15.306746 -0.010809 3.000000
-5.751210 -18.354612 2.000000
-5.579434 -17.973558 1.000000
-14.495461 -4.227867 3.000000
-14.392884 -2.381260 3.000000
-14.383425 -1.409852 3.000000
12.519222 0.941931 2.000000
12.083264 1.751170 2.000000
11.320491 3.325174 1.000000
1.680006 18.180519 3.000000
1.475887 17.729568 3.000000
13.284529 -0.600806 2.000000
12.989883 0.123389 3.000000
10.764410 4.385364 3.000000
2.817910 16.231377 3.000000
2.282981 16.792847 3.000000
14.433362 -2.988450 1.000000
14.075532 -2.254187 3.000000
9.331988 5.904153 3.000000
4.436221 13.853924 3.000000
4.029125 14.541251 3.000000
15.607704 -5.692666 3.000000
15.307243 -4.967036 3.000000
8.223123 7.513073 3.000000
5.829373 10.635523 3.000000
5.679421 12.272274 3.000000
16.037067 -6.841994 3.000000
16.414145 -7.136082 3.000000
7.764081 8.575761 3.000000
6.812782 10.005876 3.000000
6.647917 11.494182 3.000000
11.678293 0.567627 2.000000
11.339311 1.428763 2.000000
10.575626 2.996917 2.000000
0.714312 18.396940 2.000000
0.579378 17.827152 2.000000
12.529862 -1.011192 2.000000
12.204535 -0.318527 2.000000
10.119288 4.137757 1.000000
2.216950 15.752078 3.000000
1.626633 16.379953 3.000000
13.723547 -3.417553 2.000000
13.366830 -2.677940 1.000000
9.721833 6.036687 3.000000
3.768421 13.426780 3.000000
3.315016 14.135982 3.000000
14.918541 -6.098970 2.000000
14.625544 -5.293128 3.000000
8.953361 7.642570 3.000000
5.430531 11.073555 3.000000
5.174374 12.055808 3.000000
15.544076 -7.604830 2.000000
15.947349 -8.015749 3.000000
8.469350 8.796006 3.000000
7.230703 10.195425 3.000000
6.811629 11.293414 3.000000
2.962170 -4.105945 2.000000
2.358587 -3.479870 2.000000
1.442086 -1.897422 2.000000
-7.296643 13.062524 2.000000
-7.731934 13.254021 2.000000
3.567038 -5.560599 2.000000
3.016908 -5.061365 2.000000
0.851321 -0.999146 2.000000
-6.377902 11.362634 2.000000
-6.786873 11.837813 3.000000
4.864351 -7.736197 2.000000
4.379424 -7.277080 2.000000
0.230109 0.011349 1.000000
-4.728205 8.606044 3.000000
-5.132807 9.244327 3.000000
7.746948 -11.544573 2.000000
6.739212 -11.163350 2.000000
4.957891 -10.387371 3.000000
-3.248078 6.191098 3.000000
-3.685308 6.711833 3.000000
8.162189 -12.649657 2.000000
7.041574 -12.309752 3.000000
5.250840 -11.109158 3.000000
-2.573537 4.772024 3.000000
-3.135749 5.190793 3.000000
-7.527218 -9.812875 2.000000
-7.824324 -8.658963 2.000000
-8.805543 -7.218029 2.000000
-15.825218 8.372711 2.000000
-15.345979 8.030969 2.000000
-6.122866 -10.679100 2.000000
-6.210989 -9.619279 2.000000
-9.220595 -6.125867 2.000000
-14.296250 5.785592 2.000000
-14.622313 6.569444 2.000000
-5.012934 -13.289782 2.000000
-4.661201 -12.449289 2.000000
-9.700304 -4.917331 2.000000
-12.974293 3.291211 1.000000
-13.327489 4.032481 3.000000
-3.378066 -16.969908 2.000000
-3.061323 -15.728158 2.000000
-2.348206 -13.699282 1.000000
-11.706979 1.133663 3.000000
-11.968015 1.711561 3.000000
-2.223362 -18.077234 2.000000
-1.899034 -16.922760 2.000000
-1.728224 -14.454420 3.000000
-10.767019 -0.558524 3.000000
-10.953318 0.161858 3.000000
-7.422941 -9.992787 2.000000
-7.412387 -8.455752 2.000000
-8.142557 -6.990281 2.000000
-16.204739 7.492654 2.000000
-15.782060 7.252282 2.000000
-6.567146 -10.888583 2.000000
-6.524168 -9.138052 2.000000
-8.478387 -5.929387 2.000000
-14.965344 5.433837 2.000000
-15.281057 6.145765 2.000000
-5.657621 -13.083572 2.000000
-5.323429 -12.282698 2.000000
-9.029088 -4.721937 2.000000
-13.670380 2.868573 2.000000
-14.021763 3.610524 1.000000
-3.795586 -16.788036 2.000000
-3.505096 -15.609783 2.000000
-2.875950 -14.200859 2.000000
-12.531466 0.666894 3.000000
-12.739760 1.279510 3.000000
-2.782445 -17.953077 2.000000
-2.229860 -16.656279 2.000000
-2.017720 -14.962078 1.000000
-11.659842 -0.809558 3.000000
-11.833291 -0.163547 3.000000
14.950160 2.128001 2.000000
14.590968 3.060373 2.000000
13.946818 4.666431 2.000000
3.496810 18.805033 1.000000
3.936748 19.047167 3.000000
15.832315 0.698797 2.000000
15.476634 1.351596 1.000000
13.497347 5.850471 3.000000
5.213451 17.403534 3.000000
4.814920 18.015980 3.000000
16.943605 -1.620626 2.000000
16.619902 -0.862163 3.000000
12.619295 7.710728 3.000000
7.051803 15.412367 3.000000
6.570487 16.059895 3.000000
17.772820 -4.294923 1.000000
17.574923 -3.560134 3.000000
11.573076 9.434608 3.000000
8.600784 13.432133 3.000000
8.097977 14.004028 3.000000
18.080299 -5.520621 3.000000
18.477022 -5.705968 3.000000
10.734499 10.471697 3.000000
9.607096 11.859053 3.000000
8.924072 12.572311 3.000000
14.261237 1.890435 2.000000
13.963641 2.810377 2.000000
13.287086 4.433559 2.000000
2.857937 19.356533 2.000000
3.346358 19.646118 2.000000
15.151442 0.315452 2.000000
14.746346 0.965152 2.000000
12.831098 5.613332 2.000000
4.527695 17.026520 1.000000
4.200325 17.701967 3.000000
16.305803 -2.016495 2.000000
15.925131 -1.312927 2.000000
11.969736 7.336893 3.000000
6.290531 15.013011 3.000000
5.900370 15.687204 3.000000
17.179581 -4.692213 2.000000
16.910999 -3.912385 1.000000
10.978946 8.910694 3.000000
7.857676 12.991652 3.000000
7.394289 13.559019 3.000000
17.880493 -6.297581 2.000000
18.414289 -6.571219 3.000000
10.220525 9.949982 3.000000
9.059100 11.390964 3.000000
8.312309 12.084729 3.000000
0.538169 -5.208738 2.000000
0.186058 -4.418139 2.000000
-0.644446 -2.919602 2.000000
-9.175175 11.813346 2.000000
-9.636316 11.995572 2.000000
1.321541 -6.557285 2.000000
1.208626 -5.771482 2.000000
-1.115270 -1.934387 2.000000
-7.995913 10.193484 2.000000
-8.438031 10.668219 2.000000
2.463110 -8.643675 2.000000
2.425406 -8.008544 2.000000
-1.651187 -0.868016 2.000000
-6.391755 7.566621 1.000000
-6.860756 8.180133 3.000000
6.161356 -14.343289 2.000000
5.240342 -13.093699 2.000000
3.819178 -11.466105 1.000000
-5.132461 5.295333 3.000000
-5.501749 5.729517 3.000000
6.244791 -14.919275 2.000000
5.466425 -13.621938 2.000000
4.300918 -12.128436 3.000000
-4.364178 3.633175 3.000000
-4.715073 4.172663 3.000000
-2.587611 -7.480303 2.000000
-3.418749 -6.001199 2.000000
-4.134933 -4.624460 2.000000
-13.408703 9.751399 2.000000
-13.002417 9.805638 2.000000
-2.186261 -8.283586 2.000000
-3.107944 -6.773348 2.000000
-4.722941 -3.679739 2.000000
-12.069062 6.997621 2.000000
-12.419645 7.721785 2.000000
-1.016257 -10.594097 2.000000
-1.374846 -10.849215 2.000000
-5.403785 -2.506851 2.000000
-10.674888 4.700059 2.000000
-11.050866 5.455919 2.000000
1.009707 -17.221535 2.000000
0.473174 -15.408822 2.000000
-0.049916 -13.124551 2.000000
-9.440658 2.578580 1.000000
-9.736625 3.188539 3.000000
1.246133 -17.790531 2.000000
0.678509 -16.081116 2.000000
0.184356 -14.057345 2.000000
-8.244827 0.852403 3.000000
-8.669966 1.528749 3.000000
-4.386961 -8.373477 2.000000
-5.272555 -7.091122 2.000000
-6.005172 -5.757972 2.000000
-13.835575 8.784694 2.000000
-13.555149 8.592778 2.000000
-3.987417 -9.120787 2.000000
-5.004351 -7.842710 2.000000
-6.497354 -4.860013 2.000000
-12.766366 6.676054 2.000000
-13.094075 7.384795 2.000000
-2.845601 -11.029653 2.000000
-3.232919 -10.895050 2.000000
-7.083545 -3.720825 2.000000
-11.358394 4.281625 2.000000
-11.722362 4.992026 2.000000
0.038324 -17.310102 2.000000
-0.363722 -15.723680 2.000000
-0.706874 -13.611863 2.000000
-10.101750 2.125511 2.000000
-10.399858 2.686614 1.000000
0.268807 -17.765858 2.000000
-0.160304 -16.317310 2.000000
-0.452934 -14.477422 2.000000
-9.104082 0.630254 1.000000
-9.437930 1.240807 3.000000
15.996925 2.523250 2.000000
15.754831 3.613553 2.000000
15.124052 5.141913 2.000000
5.456021 19.845139 2.000000
4.931761 19.496105 1.000000
16.867470 1.361651 2.000000
17.001776 2.310385 2.000000
14.690965 6.365288 3.000000
6.575535 18.269117 3.000000
5.870862 18.537430 3.000000
17.984455 -1.043724 2.000000
17.948097 -0.152778 3.000000
13.698003 8.346651 3.000000
8.328580 16.217649 3.000000
7.598556 16.658298 3.000000
18.803764 -3.599443 2.000000
18.893929 -2.831769 3.000000
12.519605 10.245258 3.000000
9.998593 14.274658 3.000000
9.181673 14.636466 3.000000
19.173466 -4.801214 1.000000
19.759455 -4.606821 3.000000
11.671299 11.227624 3.000000
10.642559 12.550102 3.000000
9.852901 13.283439 3.000000
16.216541 2.785400 2.000000
16.214222 3.804936 2.000000
15.600876 5.384949 2.000000
5.187372 20.453377 2.000000
4.557480 20.144611 2.000000
17.332115 1.466723 2.000000
17.376999 2.707086 2.000000
15.161355 6.605696 2.000000
6.903375 18.889154 2.000000
6.132978 19.014826 1.000000
18.535625 -1.062232 2.000000
18.602692 -0.118676 2.000000
14.179432 8.517543 2.000000
8.708805 16.787590 3.000000
7.874602 17.146194 3.000000
19.361578 -3.571832 2.000000
19.580656 -2.848925 2.000000
13.017384 10.464221 3.000000
10.531368 14.539059 3.000000
9.522932 15.041282 3.000000
19.567886 -5.444077 2.000000
20.123318 -5.214019 1.000000
12.177561 11.500451 3.000000
11.069393 12.872443 3.000000
10.278268 13.416491 3.000000
-0.591742 -5.875274 2.000000
-0.933664 -4.979979 2.000000
-1.746710 -3.458188 2.000000
-10.149673 10.846105 2.000000
-10.470809 11.124925 2.000000
0.142810 -7.089522 2.000000
-0.080151 -6.335454 2.000000
-2.256907 -2.469805 2.000000
-8.981285 9.329161 2.000000
-9.414128 9.802629 2.000000
1.254914 -9.036687 2.000000
1.105797 -8.493108 2.000000
-2.772285 -1.355777 2.000000
-7.453395 6.845942 2.000000
-7.888179 7.454839 1.000000
4.954315 -15.375375 2.000000
4.136086 -14.061742 2.000000
2.994135 -12.227614 2.000000
-6.292923 4.637376 3.000000
-6.603421 5.084734 3.000000
5.084142 -15.804529 2.000000
4.343389 -14.579688 2.000000
3.408187 -12.936604 1.000000
-5.454069 3.043518 3.000000
-5.825972 3.565088 3.000000
-1.846945 -6.988636 2.000000
-2.630067 -5.663411 2.000000
-3.386168 -4.261297 2.000000
-11.451004 9.886224 2.000000
-11.716675 9.999859 2.000000
-1.480053 -7.867191 2.000000
-2.257897 -6.373145 2.000000
-3.919227 -3.319640 2.000000
-10.355242 8.206065 2.000000
-10.757588 8.684389 2.000000
-0.496004 -9.740199 2.000000
-0.590636 -9.441949 2.000000
-4.560811 -2.213938 2.000000
-8.949709 5.815166 2.000000
-9.382042 6.423515 2.000000
3.055566 -16.381027 2.000000
2.493812 -14.887151 2.000000
1.685118 -12.916290 2.000000
-7.705276 3.695904 2.000000
-8.048584 4.145106 1.000000
3.087390 -16.844061 2.000000
2.708745 -15.403160 2.000000
2.052011 -13.673038 2.000000
-6.878994 2.128239 1.000000
-7.219965 2.684336 3.000000
-3.582408 -7.874026 2.000000
-4.412930 -6.526638 2.000000
-5.108743 -5.281800 2.000000
-12.165255 9.033981 2.000000
-12.315709 9.023829 2.000000
-3.142380 -8.657273 2.000000
-4.123090 -7.200523 2.000000
-5.636028 -4.399850 2.000000
-11.106198 7.503312 2.000000
-11.522923 8.026778 2.000000
-2.135160 -10.048715 2.000000
-2.395780 -9.983008 2.000000
-6.292038 -3.213627 2.000000
-9.728661 5.225234 2.000000
-10.189935 5.929125 2.000000
1.986967 -16.762522 2.000000
1.536255 -15.262136 2.000000
0.938732 -13.303041 2.000000
-8.539045 3.158289 2.000000
-8.887265 3.662881 2.000000
2.139015 -17.181444 2.000000
1.710430 -15.815231 2.000000
1.188465 -14.117942 2.000000
-7.641479 1.649499 2.000000
-8.089623 2.217422 1.000000
