-6.894371 10.219843 1.000000
-22.270033 1.054060 1.000000
9.941857 -3.179720 1.000000
-19.504648 -7.918764 1.000000
7.056624 5.503053 1.000000
-31.547741 -9.817707 2.000000
9.877971 -9.848048 1.000000
19.431894 -3.661460 1.000000
30.575592 14.690903 1.000000
2.373073 9.486212 1.000000
27.586926 -6.417753 1.000000
21.529619 1.872642 1.000000
-12.365745 -2.588373 2.000000
26.933767 -0.147576 1.000000
-28.366451 -4.572360 2.000000
-12.153471 0.228599 2.000000
4.159232 9.727690 1.000000
5.575225 -0.629736 1.000000
-27.275110 1.448128 2.000000
-7.530497 12.018071 1.000000
-27.969971 -2.649920 2.000000
-22.035837 -6.599895 2.000000
14.494521 5.389400 1.000000
-12.120652 1.415692 2.000000
25.263653 -9.931420 1.000000
-14.781735 -3.372363 2.000000
16.624187 8.873796 1.000000
-3.991322 12.287652 1.000000
21.851946 1.673832 1.000000
38.005260 1.121231 1.000000
15.718171 8.914546 1.000000
20.392426 -4.986315 1.000000
-32.239899 -3.786406 2.000000
18.417643 -5.585106 1.000000
11.543458 4.285731 1.000000
21.536505 1.545869 1.000000
-20.365623 -12.849555 2.000000
-8.542791 1.238683 1.000000
-26.427280 -2.598050 2.000000
-19.131723 -1.154918 2.000000
-15.952899 -9.071174 1.000000
-12.555352 1.974885 2.000000
-35.257748 -3.005743 2.000000
-12.307500 -7.867717 2.000000
-19.691057 -12.550347 2.000000
29.541880 2.477736 1.000000
-26.128643 -7.583706 2.000000
31.352737 0.096653 1.000000
7.056714 5.502933 1.000000
-20.379997 -6.525818 2.000000
-14.205578 2.475412 2.000000
-12.509206 -2.827346 2.000000
-17.904348 -5.097294 2.000000
-29.492329 -5.083333 2.000000
-31.472012 -1.581822 2.000000
-15.937922 0.550075 2.000000
-19.707464 -7.871294 2.000000
-11.814387 2.313788 2.000000
-21.443991 1.160655 2.000000
-12.525182 1.279733 2.000000
-15.882508 -5.899815 2.000000
27.731863 0.653242 1.000000
-34.697033 -2.025178 2.000000
-15.412050 -5.361468 2.000000
29.987543 0.173243 1.000000
-13.722849 3.733488 2.000000
5.917036 -0.336613 1.000000
-20.959927 -2.516558 2.000000
-24.968473 -6.592000 2.000000
22.589270 -9.770738 1.000000
-3.582330 6.273717 1.000000
-34.564384 -15.910233 2.000000
18.816343 -9.607087 1.000000
-27.425703 -3.850699 2.000000
-13.886222 1.978901 2.000000
21.700577 -9.748137 1.000000
38.112675 -0.043279 1.000000
-0.944445 10.179971 1.000000
9.685232 -3.917097 1.000000
22.844648 3.716576 1.000000
18.433510 -9.546141 1.000000
5.815619 8.372347 1.000000
-7.567639 9.069513 1.000000
18.194300 -9.505282 1.000000
-27.298807 -12.913522 2.000000
-35.843632 -13.714094 2.000000
-20.634304 -0.236904 2.000000
-26.603848 -8.016422 2.000000
5.830842 -0.546418 1.000000
22.709288 3.868922 1.000000
23.940094 -8.598756 1.000000
10.330690 10.425971 1.000000
5.522425 -0.613883 1.000000
30.820267 -0.140462 1.000000
20.392426 -4.986315 1.000000
24.802830 -8.142557 1.000000
25.613354 10.633485 1.000000
-7.364339 10.276904 1.000000
-35.682682 -13.193912 2.000000
-27.447065 -11.008024 2.000000
-17.983976 -5.810047 2.000000
-12.927584 -3.341908 2.000000
4.148306 0.895661 1.000000
-10.413695 1.876404 2.000000
-33.176926 -15.878150 2.000000
-13.779434 3.573551 2.000000
-28.249481 1.094672 2.000000
-28.806236 -12.170784 2.000000
33.316277 5.115488 1.000000
-23.202808 -4.582705 2.000000
20.410580 -9.713373 1.000000
-24.819712 1.614674 2.000000
-28.470930 -1.567478 2.000000
-34.212936 -3.063082 2.000000
9.840145 -5.262276 1.000000
8.455976 -9.869094 1.000000
-10.645817 3.540129 1.000000
-28.872421 -14.507565 2.000000
26.775908 2.026029 1.000000
9.220457 -3.539170 1.000000
36.107018 -2.332488 1.000000
8.549103 -3.431835 1.000000
-34.730175 -2.468995 2.000000
-21.576969 0.567327 2.000000
-25.519117 -10.849435 2.000000
29.832260 0.728364 1.000000
-25.410454 -3.962258 2.000000
10.874983 -1.318848 1.000000
-23.419851 -0.375595 2.000000
24.232178 5.307765 1.000000
-3.582516 6.273710 1.000000
19.911066 -4.678247 1.000000
-29.394958 -11.369342 2.000000
14.857830 2.781029 1.000000
17.577419 5.708036 1.000000
1.800742 -1.349004 1.000000
4.344550 9.839080 1.000000
12.647112 12.706757 1.000000
0.258167 6.670844 1.000000
29.771456 -3.549063 1.000000
12.149639 12.017960 1.000000
25.807430 11.888851 1.000000
-15.226864 1.299815 2.000000
8.456071 -9.869109 1.000000
21.635834 1.910620 1.000000
37.384956 0.091582 1.000000
-20.929453 0.622296 2.000000
27.281841 1.359509 1.000000
-13.826229 -5.566617 1.000000
-35.014503 -12.237189 2.000000
27.892729 -6.661721 1.000000
-22.415760 0.405194 2.000000
-20.868919 -11.626177 2.000000
7.222870 -7.137676 1.000000
34.876427 9.992078 1.000000
-25.719606 -0.413275 2.000000
35.854336 1.514757 1.000000
20.254826 -4.488627 1.000000
37.015564 7.805549 1.000000
-34.664452 -11.857798 2.000000
-23.646652 -6.606455 2.000000
3.905131 -1.353880 1.000000
10.874767 -1.324064 1.000000
30.635359 14.685112 1.000000
-7.137483 10.464416 1.000000
3.492422 -1.629734 1.000000
-27.805538 -12.314897 2.000000
-31.889664 -16.605381 2.000000
11.800805 -1.374391 1.000000
31.102602 9.237226 1.000000
12.096097 12.468550 1.000000
25.024242 -9.378143 1.000000
30.602951 0.508032 1.000000
-32.043552 -12.955434 2.000000
-26.327618 2.078454 2.000000
-28.688620 -11.608350 2.000000
20.298035 -4.498161 1.000000
-18.762764 -12.048475 2.000000
5.582596 -0.010111 1.000000
-21.834362 1.127350 2.000000
27.892729 -6.661721 1.000000
35.681274 9.435917 1.000000
-7.529839 12.017659 1.000000
-28.137320 -9.417917 2.000000
-26.788876 1.980749 2.000000
22.237595 -4.629149 1.000000
-26.617439 -8.394787 2.000000
-29.830555 -14.649495 2.000000
-26.747646 -10.055966 2.000000
36.400528 -0.324149 1.000000
-30.970665 -10.543092 2.000000
-28.129189 -12.861775 2.000000
-3.453910 12.484084 1.000000
25.629070 -9.370597 1.000000
11.655868 -0.990427 1.000000
5.882686 -0.152947 1.000000
-23.042608 -4.768420 1.000000
6.381922 5.142728 1.000000
35.988163 9.687014 1.000000
15.185265 5.200627 1.000000
-24.006792 -6.884092 2.000000
-33.758266 -2.911270 2.000000
25.608614 -8.790229 1.000000
-6.970807 10.399200 1.000000
25.680727 -9.015606 1.000000
-31.124601 -12.406579 2.000000
-32.289207 -3.230918 2.000000
27.780071 -6.311508 1.000000
27.892729 -6.661721 1.000000
-8.366659 10.712967 1.000000
-31.892443 -12.326310 2.000000
-30.350990 -9.532217 2.000000
25.262142 -8.383791 1.000000
-31.821859 -11.550096 2.000000
-31.514084 -9.155599 2.000000
-20.694128 -11.001007 2.000000
30.331158 1.414173 1.000000
24.246593 -9.979887 1.000000
-21.459227 -12.177620 2.000000
-5.064256 6.677693 1.000000
26.789352 -10.251430 1.000000
-22.001982 -7.128662 2.000000
6.141369 -8.035439 2.000000
-22.722601 -2.810949 2.000000
-23.790104 -5.552976 2.000000
30.235792 -0.024822 1.000000
-23.260805 -6.613573 2.000000
-21.277607 -10.883073 2.000000
27.892729 -6.661721 1.000000
-33.845657 -10.292356 2.000000
-22.600899 -3.432215 2.000000
-25.085070 -9.488939 2.000000
-12.258315 0.783789 1.000000
-25.725561 1.555988 2.000000
-6.757567 -3.387364 1.000000
-0.106206 3.866940 1.000000
-35.350594 -12.757743 2.000000
-19.445740 -11.011441 2.000000
-33.125805 -14.069263 2.000000
-23.932903 2.521947 2.000000
-7.092265 4.271642 1.000000
7.703913 5.924995 1.000000
20.450550 -4.630747 1.000000
12.203179 -8.769277 1.000000
24.606209 -8.714522 1.000000
-5.714089 9.919186 1.000000
-30.672972 -9.867887 2.000000
-23.828327 2.109536 2.000000
-6.675971 -3.392647 1.000000
11.809553 -1.249887 1.000000
36.692795 2.779853 1.000000
-28.120535 -1.407746 2.000000
-24.131430 -0.816175 1.000000
-35.257736 -3.005767 2.000000
-34.697052 -2.025148 2.000000
-22.101728 -1.306221 2.000000
12.870686 12.514990 1.000000
14.805542 4.812325 1.000000
11.495244 -0.914699 1.000000
-21.943462 -1.011900 1.000000
-28.114647 -0.284512 2.000000
-34.115337 -8.533465 2.000000
-24.181652 -7.711231 2.000000
-27.678427 -3.550706 2.000000
-12.644651 -8.499102 2.000000
-4.723549 5.838124 1.000000
-27.333666 2.572966 2.000000
-20.565651 1.787714 2.000000
-31.294764 -6.692082 2.000000
25.470068 -9.664283 1.000000
-21.139223 -4.177738 2.000000
-7.313569 10.385556 1.000000
-20.565598 1.787728 2.000000
-10.442080 3.498749 2.000000
10.153509 -0.223487 1.000000
-0.149414 4.262959 1.000000
15.029664 4.952984 1.000000
30.596111 1.512496 1.000000
25.002087 -8.950836 1.000000
-15.156311 2.668474 2.000000
11.121634 -0.959393 1.000000
18.417734 -5.584527 1.000000
-26.055801 -2.901910 2.000000
-24.441387 2.714529 2.000000
-26.774361 -2.987359 2.000000
-32.087532 -10.142245 2.000000
-33.242870 -13.863185 2.000000
17.577776 5.708459 1.000000
-15.923371 -4.881816 2.000000
-27.504425 -12.113160 2.000000
35.144634 10.723986 1.000000
25.262142 -8.383791 1.000000
-19.264442 -9.580678 2.000000
-25.645313 0.631804 2.000000
29.880856 0.422684 1.000000
-28.006819 -6.542411 2.000000
-15.240678 -4.405079 1.000000
-5.856154 2.026582 1.000000
-6.711854 14.336720 1.000000
-24.169750 -3.969970 2.000000
-20.795567 -10.027972 2.000000
24.696693 -9.129868 1.000000
-33.463741 -13.461513 2.000000
23.844921 -8.923200 1.000000
-27.021511 -1.374410 2.000000
-21.820868 -5.689466 2.000000
23.886349 -9.343119 1.000000
24.578686 -9.578461 1.000000
-21.467112 -11.474590 2.000000
12.158188 -8.713372 1.000000
22.844795 3.716906 1.000000
35.510849 10.041910 1.000000
-12.623775 -8.353861 2.000000
36.339916 10.335892 1.000000
30.071390 -3.566995 1.000000
-15.855102 -8.294649 1.000000
-21.883535 0.076984 2.000000
-27.215706 -9.830160 2.000000
24.035030 4.302984 1.000000
-18.978746 -1.097947 1.000000
-24.084387 -2.450968 2.000000
11.643411 -1.620188 1.000000
11.456262 -1.714392 1.000000
-26.855476 -1.043294 2.000000
24.034191 -9.697227 1.000000
14.680066 1.706736 1.000000
-23.262333 3.189185 2.000000
30.872843 1.529266 1.000000
-17.972263 -10.289862 2.000000
-25.826128 2.267778 2.000000
-25.222189 3.066681 2.000000
-8.408560 9.774459 1.000000
-6.944936 4.782876 1.000000
-25.519703 -0.784235 2.000000
-24.371000 0.691935 2.000000
36.215359 9.971899 1.000000
-26.287786 -1.446811 2.000000
24.965338 -10.085276 1.000000
29.992107 -3.800691 1.000000
-25.395876 0.705387 2.000000
-23.252417 3.152454 2.000000
24.616064 -10.110907 1.000000
26.498779 11.994935 1.000000
34.720440 10.322017 1.000000
-29.238205 -5.068723 2.000000
34.903309 10.653597 1.000000
-6.923957 4.894450 1.000000
33.380596 5.302353 1.000000
-10.986616 -5.555040 2.000000
-19.518177 -2.385378 2.000000
4.145608 6.147319 1.000000
19.908085 -4.686491 1.000000
-14.456848 -5.570292 1.000000
-28.746895 -12.462086 2.000000
31.552382 0.675328 1.000000
2.875584 11.344371 1.000000
-9.004691 3.560866 2.000000
-34.390594 -7.858010 2.000000
-18.125277 -10.525630 2.000000
-16.129786 1.135374 2.000000
-32.525906 -13.618140 2.000000
-29.729395 -6.477403 2.000000
9.015759 -7.275644 1.000000
-3.070773 2.092434 1.000000
19.980595 -4.980926 1.000000
21.540688 1.537455 1.000000
-31.913094 -13.131183 2.000000
-28.330133 -10.378707 2.000000
38.005180 1.121231 1.000000
37.716389 -0.235400 1.000000
-0.126357 8.770789 1.000000
38.005180 1.121231 1.000000
0.256952 6.671031 1.000000
-2.949321 11.038667 1.000000
11.543565 4.286166 1.000000
34.174255 10.002917 1.000000
31.095457 -0.065506 1.000000
29.773684 -3.543925 1.000000
8.216312 6.944118 1.000000
-5.047258 3.511431 1.000000
34.107777 10.400663 1.000000
-24.126204 -5.105844 2.000000
13.009410 -3.963838 1.000000
26.305201 11.700054 1.000000
26.021418 11.703573 1.000000
10.728761 8.127836 1.000000
-26.540621 2.625355 2.000000
-5.025992 3.522827 1.000000
20.319761 1.759775 1.000000
-5.015759 15.012139 1.000000
30.944195 3.135079 1.000000
-23.595339 -7.024788 2.000000
14.693493 5.601323 1.000000
31.347218 10.205118 1.000000
36.731419 0.547922 1.000000
15.023972 6.176795 1.000000
11.152306 -0.939789 1.000000
4.655004 14.226783 1.000000
14.887047 2.603630 1.000000
37.401604 1.730845 1.000000
-34.081612 -8.148170 2.000000
12.474691 12.747526 1.000000
-4.278235 3.972411 1.000000
7.819542 -8.524950 1.000000
30.505846 6.362479 1.000000
30.512234 -0.133183 1.000000
0.293641 7.936322 1.000000
30.490814 0.774224 1.000000
10.532271 -5.299303 1.000000
11.543736 4.287082 1.000000
30.077196 1.240937 1.000000
30.072653 -3.567934 1.000000
-32.368069 -4.902062 2.000000
-5.831127 7.971608 1.000000
-22.582617 -3.211389 2.000000
-12.406714 -3.464353 1.000000
-33.645046 -2.915715 2.000000
30.857115 0.904354 1.000000
-8.087384 4.165365 1.000000
23.017118 6.603581 1.000000
10.466164 -5.318760 1.000000
-34.066620 -3.882644 2.000000
-5.875930 1.908336 1.000000
-3.582691 6.273827 1.000000
12.789532 11.918853 1.000000
-32.174023 -10.506499 2.000000
-2.970239 4.125537 1.000000
-19.205036 -9.641822 2.000000
29.884998 1.032089 1.000000
21.716206 1.529889 1.000000
22.806303 8.105329 1.000000
6.753249 4.502499 1.000000
-4.187868 14.593566 1.000000
9.181532 8.695618 1.000000
-29.326818 1.606724 1.000000
-27.022192 3.494583 2.000000
-19.328262 -8.895188 2.000000
4.867130 14.486325 1.000000
-1.524103 2.335207 1.000000
0.146476 14.425311 1.000000
-29.123272 -1.579383 2.000000
5.600453 -7.804730 1.000000
28.908068 7.587275 1.000000
35.520100 12.807700 1.000000
4.785683 4.125304 1.000000
26.358063 11.726756 1.000000
34.585945 9.400484 1.000000
-0.000730 14.832496 1.000000
31.347450 10.205143 1.000000
-28.092392 -9.897136 2.000000
6.764852 6.532045 1.000000
0.181186 14.601942 1.000000
8.551619 8.072009 1.000000
-27.542860 -8.159731 2.000000
22.385345 7.465783 1.000000
-11.136101 4.392606 2.000000
-26.439161 -4.842913 2.000000
-20.598539 -12.319288 2.000000
0.494450 12.659639 1.000000
-2.622355 6.103806 1.000000
4.145601 6.147333 1.000000
7.932003 -8.885036 1.000000
3.344324 6.118394 1.000000
4.282269 15.914093 1.000000
4.267764 14.344201 1.000000
-20.603302 -11.770458 2.000000
-23.009785 -6.241962 2.000000
-25.029446 -5.396564 2.000000
4.579373 14.215176 1.000000
35.061966 0.570266 1.000000
15.715851 8.914618 1.000000
3.344195 6.118360 1.000000
-1.132444 15.991184 1.000000
4.862543 14.434624 1.000000
-0.524991 14.520608 1.000000
12.358572 11.854263 1.000000
2.692979 13.688123 1.000000
4.694882 14.818410 1.000000
-0.684607 12.856101 1.000000
-29.075331 -7.863136 2.000000
-0.646292 15.808070 1.000000
3.176176 4.736318 1.000000
-33.328484 -15.414614 2.000000
-24.311975 -8.183060 2.000000
0.494451 12.659641 1.000000
28.905031 7.612679 1.000000
15.717185 8.913690 1.000000
-33.887432 -6.568690 2.000000
-11.016267 -5.500539 2.000000
-9.875881 3.105250 2.000000
34.313820 9.680197 1.000000
-28.757639 2.680959 2.000000
6.493871 10.725831 1.000000
-29.855114 -8.801054 2.000000
4.183626 3.181009 1.000000
15.718767 8.913962 1.000000
31.351717 10.203288 1.000000
3.838390 13.295865 1.000000
4.401959 10.222362 1.000000
4.434899 10.023871 1.000000
-7.528891 12.016682 1.000000
3.863984 9.809105 1.000000
5.817201 8.372952 1.000000
5.297146 -0.274763 1.000000
35.332489 9.267195 1.000000
21.907030 7.738217 1.000000
-32.485199 -14.953123 2.000000
8.434743 -9.974277 1.000000
-0.488539 14.358829 1.000000
25.756098 11.993216 1.000000
34.942284 9.252407 1.000000
-3.536292 12.850471 1.000000
-0.358630 14.250837 1.000000
15.716982 8.915292 1.000000
-27.681837 -10.458273 2.000000
-26.158548 -9.640340 2.000000
31.351711 10.203227 1.000000
30.021770 -3.786360 1.000000
10.040085 9.980453 1.000000
-28.828896 3.079496 2.000000
36.803955 8.249634 1.000000
5.786122 15.194084 1.000000
-14.897945 0.939202 2.000000
-27.199537 -1.665833 2.000000
15.334309 5.729020 1.000000
10.331084 10.425920 1.000000
4.181479 14.684768 1.000000
5.298368 -0.261715 1.000000
-2.331045 6.725142 1.000000
6.492935 10.727592 1.000000
-22.590914 -4.482854 2.000000
0.292849 7.936682 1.000000
27.561525 -6.467987 1.000000
15.307943 5.458603 1.000000
21.556206 1.891314 1.000000
36.525112 -1.705267 1.000000
-7.012504 10.014250 1.000000
-5.830896 7.972851 1.000000
3.839004 10.230858 1.000000
-6.061383 13.200410 1.000000
-4.853748 13.129623 1.000000
12.935984 12.112262 1.000000
-0.572074 10.430540 1.000000
3.864679 9.808213 1.000000
37.394726 -1.257133 1.000000
-4.080624 12.611457 1.000000
-29.810896 -10.214291 2.000000
28.030657 11.517671 1.000000
14.308927 11.141772 1.000000
-22.554497 -10.692040 2.000000
14.487390 4.770904 1.000000
24.165445 -8.340875 1.000000
13.068612 -4.024243 1.000000
8.576465 -5.843062 1.000000
12.049933 12.238260 1.000000
-6.794678 -3.414339 1.000000
-2.492257 9.418667 1.000000
4.145524 6.147371 1.000000
21.848097 1.764242 1.000000
-4.102452 12.444536 1.000000
-7.044423 10.002062 1.000000
-7.313910 10.080606 1.000000
24.504347 -8.178023 1.000000
13.911948 6.062876 1.000000
3.904420 -1.354310 1.000000
-28.717279 -10.095091 2.000000
11.700425 0.447138 1.000000
7.229603 -6.961372 1.000000
-22.936390 -0.015603 2.000000
-32.539120 -5.699389 2.000000
-33.071186 -2.008337 2.000000
-24.294363 -8.338819 2.000000
13.847209 5.267602 1.000000
31.404713 1.272633 1.000000
-19.775681 -10.220416 2.000000
-5.831137 7.972715 1.000000
-3.860505 12.237023 1.000000
30.938820 0.603585 1.000000
31.536257 0.362390 1.000000
24.252514 -9.133429 1.000000
-3.623534 8.207132 1.000000
-28.177622 -7.212536 2.000000
-25.559687 -9.194963 2.000000
12.953631 12.335943 1.000000
4.723522 4.141024 1.000000
35.682983 10.388288 1.000000
-31.409521 -10.433837 2.000000
-4.187589 14.593176 1.000000
-12.874460 -9.054425 2.000000
-0.051800 14.260968 1.000000
-23.387394 -14.052536 2.000000
-26.972166 -7.465017 2.000000
-25.548552 1.377098 2.000000
0.495287 12.660342 1.000000
-28.690336 2.977326 2.000000
-3.565684 12.338610 1.000000
0.255581 6.671898 1.000000
-4.744397 6.591342 1.000000
14.488059 5.659365 1.000000
-2.734784 4.936118 1.000000
14.435835 6.331697 1.000000
29.752226 -3.692225 1.000000
4.228672 10.364283 1.000000
-15.996357 -9.049200 2.000000
-28.783484 -2.474039 2.000000
-23.356131 -7.569936 2.000000
5.986144 13.030657 1.000000
35.194492 9.863087 1.000000
-34.287216 -5.421865 2.000000
-0.020243 14.837417 1.000000
-28.694363 -1.479600 2.000000
-22.181767 -13.705069 2.000000
-32.506462 -13.070313 2.000000
22.424911 7.854811 1.000000
23.115465 0.149833 1.000000
-1.095870 5.331893 1.000000
15.204937 6.026240 1.000000
31.352610 10.199874 1.000000
4.110126 10.379732 1.000000
-3.435405 12.716721 1.000000
14.219550 4.823638 1.000000
-9.756218 1.783483 1.000000
2.469326 6.103006 1.000000
36.250393 10.708387 1.000000
-2.770005 10.573877 1.000000
8.548069 -7.918689 1.000000
-24.795557 -10.316841 2.000000
8.238555 -9.400063 1.000000
26.307802 12.337663 1.000000
4.166255 14.559216 1.000000
-2.502471 6.418736 1.000000
-3.718919 12.907207 1.000000
36.108753 11.041480 1.000000
-18.137827 -9.830806 2.000000
12.218059 12.654099 1.000000
-1.168849 4.199439 1.000000
-20.439537 -12.981337 2.000000
-2.318538 2.272377 1.000000
4.270647 14.791346 1.000000
4.145394 6.147392 1.000000
5.263915 6.629273 1.000000
13.960532 5.009798 1.000000
13.768651 5.550215 1.000000
35.510036 11.359183 1.000000
26.433647 12.220844 1.000000
14.153470 6.248618 1.000000
36.692711 2.779800 1.000000
30.420458 6.727769 1.000000
-33.508503 -15.753892 2.000000
13.842533 5.804235 1.000000
7.852589 -8.388063 1.000000
30.433706 6.037119 1.000000
-4.187525 14.593266 1.000000
3.777997 10.115619 1.000000
11.032931 -1.630892 1.000000
14.702973 6.314595 1.000000
-3.920784 12.854440 1.000000
-14.465893 -5.638186 1.000000
-28.522856 1.475670 2.000000
35.499382 10.657875 1.000000
31.192154 1.429846 1.000000
5.564042 -0.001407 1.000000
37.384941 0.091535 1.000000
37.384941 0.091535 1.000000
8.048073 7.187769 1.000000
35.833103 11.260068 1.000000
0.019228 11.384458 1.000000
11.192760 -1.712046 1.000000
-17.536566 -9.436905 2.000000
-21.949011 -12.494068 2.000000
-29.344158 -7.640083 2.000000
12.242362 -3.102112 1.000000
20.109716 -5.073033 1.000000
-0.408239 9.472715 1.000000
31.578667 0.955464 1.000000
-1.629085 4.484504 1.000000
35.063408 0.570113 1.000000
-0.447373 14.681076 1.000000
34.276752 11.047787 1.000000
26.045336 12.367517 1.000000
-32.317711 -12.368223 2.000000
-29.789639 -8.955520 2.000000
-6.132794 11.193969 1.000000
35.174225 11.427290 1.000000
34.189568 10.729633 1.000000
34.848011 11.398440 1.000000
34.515301 11.332525 1.000000
14.825526 1.937951 1.000000
4.635142 14.851466 1.000000
30.627398 14.688223 1.000000
30.420284 6.727972 1.000000
-30.392347 1.094252 2.000000
12.559003 11.820880 1.000000
16.254715 4.570744 1.000000
13.842514 13.425998 1.000000
25.868660 12.267023 1.000000
-19.014151 -12.236096 2.000000
-23.550686 -13.501934 2.000000
-23.569052 -13.625175 2.000000
