25.529518 4.637709 1.000000
18.913853 1.838472 2.000000
12.310158 3.148322 3.000000
-0.846156 11.391536 4.000000
4.210316 -34.341446 5.000000
9.285541 -8.102628 6.000000
-11.639603 25.592621 7.000000
1.336508 -15.788215 8.000000
11.957614 -1.236710 9.000000
34.350391 12.835090 1.000000
23.786154 -0.575309 2.000000
10.864093 23.274063 3.000000
6.611577 10.686866 4.000000
1.717244 -38.364769 5.000000
-26.178818 4.091285 6.000000
-36.209518 9.694310 7.000000
-2.680530 -9.628197 8.000000
-23.942078 20.890543 9.000000
40.400879 5.023319 1.000000
19.197502 1.806055 2.000000
6.696274 17.579769 3.000000
-8.052574 17.448233 4.000000
-4.320454 -38.495762 5.000000
-3.095729 1.703825 6.000000
-30.802916 3.167179 7.000000
-19.463732 16.581306 8.000000
-17.686602 -5.004672 9.000000
41.829449 3.119879 1.000000
26.300478 -1.321445 2.000000
5.298135 19.488142 3.000000
-12.609550 5.846864 4.000000
-6.160783 -34.514236 5.000000
-24.998478 2.995960 6.000000
7.841327 -3.877601 7.000000
-18.890173 -11.372954 8.000000
-16.875778 12.807099 9.000000
33.622574 2.270832 1.000000
28.269321 -14.320388 2.000000
16.656153 7.209409 3.000000
-13.321127 6.979643 4.000000
1.950400 -30.392786 5.000000
-20.735310 10.111757 6.000000
-38.637989 6.819163 7.000000
1.840362 -12.133374 8.000000
-31.523615 -3.319350 9.000000
14.571390 -0.796499 1.000000
20.562891 -1.213162 2.000000
6.337320 22.489769 3.000000
-30.000458 -6.432523 4.000000
-7.160954 -40.599724 5.000000
-4.230209 1.514621 6.000000
-31.400858 5.898433 7.000000
2.936230 -17.268003 8.000000
-18.880640 -6.218853 9.000000
37.021801 1.092677 1.000000
-16.995308 18.331264 2.000000
16.218592 5.485805 3.000000
-14.188243 18.266445 4.000000
-11.441103 -36.805313 5.000000
-27.081343 19.212748 6.000000
-27.727608 -4.453613 7.000000
-13.873493 -11.985815 8.000000
-23.804647 17.533901 9.000000
33.245186 6.618311 1.000000
21.314945 1.404951 2.000000
15.579098 22.120951 3.000000
-22.402437 20.262201 4.000000
-6.099043 -34.643051 5.000000
-27.895399 -0.274953 6.000000
-26.186512 16.267403 7.000000
4.969349 -7.007075 8.000000
-19.469250 -9.609825 9.000000
41.844971 2.347173 1.000000
25.377043 -0.549835 2.000000
9.431726 20.198376 3.000000
-22.497513 23.612740 4.000000
-9.264435 -36.572689 5.000000
-22.103296 4.509297 6.000000
13.640999 -1.757348 7.000000
-12.229745 -13.707025 8.000000
-28.769758 -11.280013 9.000000
34.272858 5.162340 1.000000
16.638123 -4.766240 2.000000
7.576046 23.335577 3.000000
-5.650606 19.358036 4.000000
-3.645928 -39.543392 5.000000
-22.405329 7.335272 6.000000
-33.903786 9.233348 7.000000
3.734496 -10.303993 8.000000
-23.489187 19.801027 9.000000
34.083370 1.376444 1.000000
17.224415 -2.768710 2.000000
8.097698 22.372276 3.000000
-11.820234 5.819418 4.000000
-10.377911 -38.963905 5.000000
-19.426918 7.732902 6.000000
-29.622049 8.422611 7.000000
-5.400129 -8.363674 8.000000
9.504813 -13.195843 9.000000
31.474905 -0.406652 1.000000
17.924213 -0.048168 2.000000
14.939951 14.564917 3.000000
0.303599 13.353441 4.000000
-7.235099 -32.515579 5.000000
-23.873175 4.402865 6.000000
-26.384823 15.435609 7.000000
-15.091216 -6.878211 8.000000
-7.174278 11.451169 9.000000
41.221729 4.534050 1.000000
20.821823 -5.226474 2.000000
15.973531 18.666424 3.000000
-18.925468 23.371500 4.000000
-2.422725 -39.171318 5.000000
-21.540121 2.275002 6.000000
-19.736629 5.326347 7.000000
-2.959471 -16.594698 8.000000
-21.232754 6.757148 9.000000
30.227882 9.110059 1.000000
16.065594 2.085253 2.000000
18.388260 12.572664 3.000000
0.984098 12.699802 4.000000
-20.476292 18.248541 5.000000
-15.976011 2.139023 6.000000
-28.916391 4.909060 7.000000
-18.956360 17.540663 8.000000
-17.321661 -6.457639 9.000000
39.531925 4.080451 1.000000
20.256325 -11.051035 2.000000
17.338434 7.380096 3.000000
-5.124415 14.629461 4.000000
-5.253851 -40.394955 5.000000
-26.089659 19.371925 6.000000
-38.177292 7.188990 7.000000
-5.507628 -11.759325 8.000000
-18.895071 -3.203233 9.000000
36.528931 5.046925 1.000000
21.813541 -8.770732 2.000000
13.386610 -10.920444 3.000000
1.440052 11.764318 4.000000
4.388813 -36.782486 5.000000
-21.220819 10.955941 6.000000
4.322929 -1.547428 7.000000
-6.235228 -8.218988 8.000000
-15.631930 0.063615 9.000000
28.975227 3.888588 1.000000
18.387703 -9.608345 2.000000
10.117871 24.861700 3.000000
-3.660227 14.600833 4.000000
-3.610576 -29.328575 5.000000
-28.153666 -1.634382 6.000000
-32.266289 2.098291 7.000000
-3.077811 -8.197434 8.000000
7.142813 -17.625835 9.000000
29.933773 3.020653 1.000000
20.500160 -3.411036 2.000000
10.784111 17.236088 3.000000
-7.542765 15.401772 4.000000
-10.977038 -35.959133 5.000000
-20.238665 -9.762897 6.000000
-33.413460 7.545538 7.000000
4.871479 -4.586859 8.000000
-21.930725 -12.760135 9.000000
35.161110 5.668649 1.000000
17.752430 -3.232136 2.000000
8.025608 12.510745 3.000000
7.729616 11.062379 4.000000
0.897690 -35.871490 5.000000
-25.247271 2.771712 6.000000
-28.966164 7.533119 7.000000
-13.544130 -8.360713 8.000000
-18.652281 -4.456110 9.000000
38.425362 8.440381 1.000000
19.708179 5.248323 2.000000
5.868258 24.561611 3.000000
1.067373 12.883175 4.000000
0.840003 -35.677338 5.000000
-18.858568 9.976459 6.000000
-35.810581 7.624992 7.000000
5.370087 -6.212755 8.000000
-10.630541 -4.576961 9.000000
14.612954 1.610644 1.000000
19.225367 -11.137891 2.000000
17.313877 19.682413 3.000000
-21.781744 20.622028 4.000000
-3.303824 -40.509289 5.000000
9.401053 -12.520636 6.000000
-30.699667 10.503049 7.000000
-10.391596 -17.281734 8.000000
7.137623 -0.723150 9.000000
37.371510 10.773324 1.000000
16.126352 -6.299665 2.000000
16.914989 9.835993 3.000000
-1.267495 18.038454 4.000000
-4.334002 -40.715778 5.000000
-22.134361 9.673305 6.000000
-21.467466 -4.507448 7.000000
4.162963 -12.555286 8.000000
-9.420819 -3.079817 9.000000
35.161316 5.667808 1.000000
27.174341 -10.923547 2.000000
13.307219 -0.221527 3.000000
-2.020198 11.708921 4.000000
2.058419 -31.665682 5.000000
-18.098898 7.676321 6.000000
-0.084201 0.299469 7.000000
-4.646448 -17.270864 8.000000
-9.153996 -4.242540 9.000000
36.892601 -0.025390 1.000000
20.695246 -7.174170 2.000000
17.172953 17.746841 3.000000
-22.944550 0.029701 4.000000
-2.565621 -43.249832 5.000000
12.636601 -15.089430 6.000000
-10.992352 26.964647 7.000000
-0.848948 -16.459261 8.000000
7.847030 -18.067417 9.000000
29.717520 1.565967 1.000000
19.013203 -0.016947 2.000000
19.421686 13.820956 3.000000
-0.139637 10.322045 4.000000
3.327202 -36.233238 5.000000
-17.509398 2.319308 6.000000
-26.830221 13.827395 7.000000
-12.584844 -14.768215 8.000000
2.937523 -2.197580 9.000000
33.650543 11.078894 1.000000
18.684948 0.871976 2.000000
10.759553 17.137232 3.000000
-13.581613 18.074596 4.000000
3.327149 -36.233192 5.000000
-5.447648 3.449919 6.000000
-30.632448 8.645037 7.000000
-13.443038 -14.144234 8.000000
-14.160778 -3.307950 9.000000
29.177029 2.465974 1.000000
22.565462 -11.076323 2.000000
6.576248 19.020525 3.000000
-4.608116 15.539518 4.000000
-2.830203 -36.065998 5.000000
-18.327696 -11.276311 6.000000
6.617902 -4.109080 7.000000
-18.324083 16.920122 8.000000
12.992453 -1.174937 9.000000
28.742689 2.205665 1.000000
22.264008 -9.532761 2.000000
14.859100 10.313020 3.000000
-0.993697 13.463037 4.000000
0.626217 -31.713921 5.000000
-23.435339 19.769083 6.000000
-11.293857 25.881392 7.000000
-2.887437 -18.547985 8.000000
-31.369396 -2.685491 9.000000
35.983627 3.889436 1.000000
22.481218 3.931442 2.000000
7.685790 18.844126 3.000000
-10.882153 13.801338 4.000000
-11.654095 -36.385796 5.000000
-2.624672 0.503621 6.000000
8.425163 -5.716992 7.000000
-10.617630 -16.739159 8.000000
-13.599880 -0.999470 9.000000
38.675064 1.853896 1.000000
25.764606 -12.032238 2.000000
16.274958 5.108415 3.000000
-0.182632 9.322557 4.000000
-5.515166 -33.391201 5.000000
-21.266680 21.992352 6.000000
-24.964169 15.323450 7.000000
3.228472 -5.033894 8.000000
-20.961226 -12.905199 9.000000
35.959728 4.901539 1.000000
16.361090 -10.444579 2.000000
7.633442 13.212195 3.000000
-26.641882 -6.866008 4.000000
-21.401199 18.079592 5.000000
-21.565212 -0.494524 6.000000
9.083112 -4.545587 7.000000
-5.409925 -12.828476 8.000000
-25.688066 20.319279 9.000000
42.763542 9.640142 1.000000
20.779707 -1.633234 2.000000
9.034628 24.261343 3.000000
-5.627326 -0.802798 4.000000
-6.159802 -34.514874 5.000000
-9.246014 8.398376 6.000000
-32.441624 9.685735 7.000000
4.746799 -7.008084 8.000000
-10.266975 0.299343 9.000000
36.865112 9.361014 1.000000
5.595182 5.880474 2.000000
13.709103 14.170061 3.000000
-9.319632 4.955000 4.000000
3.361778 -37.548042 5.000000
14.278565 27.231226 6.000000
-31.321524 7.851525 7.000000
0.064898 -11.870548 8.000000
0.277118 -19.920815 9.000000
39.617233 7.145680 1.000000
24.186411 -8.125531 2.000000
11.411512 20.602045 3.000000
7.099862 11.016969 4.000000
-9.506820 -37.912750 5.000000
5.470170 -0.646479 6.000000
-28.122156 9.291638 7.000000
0.492708 -9.257355 8.000000
-12.990161 2.320188 9.000000
36.424801 10.863992 1.000000
8.841423 0.925352 2.000000
6.385274 7.236804 3.000000
5.130757 -3.212704 4.000000
-1.826970 -43.135750 5.000000
-5.187504 5.436629 6.000000
-27.153229 -4.292328 7.000000
-1.557548 -10.832853 8.000000
-16.398458 -1.076226 9.000000
35.369057 7.852526 1.000000
28.687082 -5.636951 2.000000
13.595556 20.164799 3.000000
-17.559593 -8.473839 4.000000
4.701755 -33.038208 5.000000
-19.798666 6.624987 6.000000
-36.182167 9.586080 7.000000
0.920690 -8.825893 8.000000
-16.770727 -3.987480 9.000000
30.498661 8.226699 1.000000
20.778004 -4.119000 2.000000
12.535472 5.938238 3.000000
-1.533659 17.528200 4.000000
0.512687 -37.035194 5.000000
10.862640 -0.468387 6.000000
-38.347111 6.953746 7.000000
-0.664527 -18.618795 8.000000
-24.921377 22.685961 9.000000
22.618700 6.793614 1.000000
17.611959 -7.889218 2.000000
11.156315 9.308395 3.000000
2.288573 10.729602 4.000000
-4.815849 -36.172943 5.000000
-21.540848 0.641432 6.000000
-0.363303 0.955769 7.000000
-3.311095 -10.205635 8.000000
-11.654809 -3.028981 9.000000
37.820953 11.649632 1.000000
28.403868 -14.356901 2.000000
7.205540 21.841215 3.000000
-11.322724 11.819419 4.000000
-12.688760 -36.910175 5.000000
-22.576031 8.274201 6.000000
9.308025 -4.664487 7.000000
-0.960092 -13.723215 8.000000
-20.621820 -7.034030 9.000000
40.711449 9.173865 1.000000
21.080580 -11.327959 2.000000
-16.437199 20.396093 3.000000
-5.686681 -3.736409 4.000000
-8.424620 -34.602589 5.000000
-25.918163 19.440592 6.000000
-0.825792 0.116571 7.000000
-20.588943 -3.046142 8.000000
-20.646734 -6.909103 9.000000
37.316978 4.013344 1.000000
16.304289 -10.329894 2.000000
6.616396 6.666080 3.000000
-9.217536 15.716138 4.000000
1.640314 -26.620728 5.000000
-32.789158 18.634407 6.000000
-25.957623 16.045708 7.000000
-0.703046 -16.332729 8.000000
-13.882127 -3.383491 9.000000
22.237207 5.923760 1.000000
19.957159 -5.594580 2.000000
17.518774 9.911427 3.000000
-23.439365 -1.554452 4.000000
8.778391 -10.310108 5.000000
-5.281145 -4.476175 6.000000
-26.182770 -4.529546 7.000000
-1.230726 -8.130107 8.000000
-24.255095 -5.732170 9.000000
28.410812 13.381818 1.000000
21.601633 -17.323509 2.000000
14.850608 17.735653 3.000000
-2.683367 18.988749 4.000000
-7.108164 -36.394814 5.000000
-15.405175 -2.842958 6.000000
-25.748899 -3.259642 7.000000
-10.098401 -14.503544 8.000000
-19.433804 -4.347677 9.000000
-25.867191 0.584693 1.000000
17.191998 -0.333702 2.000000
15.369197 9.963202 3.000000
-28.407251 -8.590216 4.000000
3.202131 -27.555992 5.000000
-25.400110 -15.162797 6.000000
-28.967693 13.417649 7.000000
-1.740595 -15.752794 8.000000
-9.267357 0.072713 9.000000
34.608528 6.118212 1.000000
18.218884 -1.144472 2.000000
14.206736 12.388190 3.000000
-2.789482 14.928335 4.000000
-10.106342 -36.855446 5.000000
-18.889727 6.735258 6.000000
-25.629210 7.490469 7.000000
0.293077 -9.211683 8.000000
-15.648737 -0.623596 9.000000
41.162937 10.051219 1.000000
0.555789 -6.842876 2.000000
15.558539 21.430830 3.000000
-14.267872 3.894612 4.000000
-6.402098 -35.575764 5.000000
-22.130503 5.642255 6.000000
-23.089193 1.646571 7.000000
2.181648 -12.791083 8.000000
-12.256471 -3.846972 9.000000
34.240078 11.424403 1.000000
15.987093 -4.377110 2.000000
10.851915 7.280434 3.000000
-6.435930 14.944677 4.000000
5.087542 -31.037931 5.000000
-23.445061 15.410246 6.000000
-22.692007 -17.256025 7.000000
2.726812 -14.685057 8.000000
-11.481668 1.291191 9.000000
34.196136 8.302788 1.000000
19.291353 -9.810718 2.000000
14.378198 23.031923 3.000000
6.958357 -11.727401 4.000000
-7.257133 -36.416023 5.000000
-22.103233 4.507823 6.000000
-30.083481 7.203275 7.000000
-12.541772 -7.906416 8.000000
-18.012991 -2.980961 9.000000
36.865532 9.361073 1.000000
23.966827 -15.596646 2.000000
14.643108 12.674037 3.000000
-6.045425 17.764029 4.000000
-0.147051 -38.893845 5.000000
-33.131077 17.354927 6.000000
-10.855555 25.512373 7.000000
3.234497 -12.215014 8.000000
5.417312 -2.346783 9.000000
37.316559 4.013478 1.000000
23.715363 -6.507051 2.000000
2.924767 22.375359 3.000000
-13.290299 11.073580 4.000000
-12.408552 -35.656731 5.000000
-19.803274 6.626593 6.000000
-1.316960 1.558013 7.000000
3.694937 -10.276109 8.000000
-23.788975 21.418699 9.000000
35.498039 0.127174 1.000000
16.334753 -6.515643 2.000000
17.017843 8.734820 3.000000
8.210869 -9.222807 4.000000
-10.750886 -35.595333 5.000000
11.273234 -0.658198 6.000000
4.738027 -2.434523 7.000000
-9.529178 -15.822827 8.000000
-15.029259 -0.500994 9.000000
39.187325 10.234885 1.000000
20.441477 -8.152134 2.000000
11.451190 -2.110664 3.000000
8.492540 15.733197 4.000000
-26.244299 -0.493313 5.000000
-18.252037 6.576669 6.000000
-0.460779 2.692438 7.000000
-3.247312 -19.260002 8.000000
-17.742233 5.042214 9.000000
26.647779 10.904146 1.000000
18.125267 -6.080320 2.000000
15.998354 12.992916 3.000000
-3.727215 13.963564 4.000000
1.415764 -34.847206 5.000000
-21.158695 4.736761 6.000000
-29.574116 5.939753 7.000000
-18.689182 16.699430 8.000000
-10.941019 -3.972808 9.000000
32.446774 3.393702 1.000000
22.818003 -7.849450 2.000000
9.104972 10.150210 3.000000
-23.863577 -2.937742 4.000000
-6.642150 -38.251770 5.000000
-30.818752 -9.468853 6.000000
-0.682981 -0.733713 7.000000
-13.399153 -12.609561 8.000000
-28.459196 4.271594 9.000000
35.600849 7.846335 1.000000
24.399954 -9.262544 2.000000
14.970277 4.077697 3.000000
-5.098856 14.472055 4.000000
12.359514 3.543478 5.000000
-5.266073 4.648129 6.000000
-30.070517 11.937919 7.000000
-6.580865 -13.874693 8.000000
-23.231941 -5.353908 9.000000
41.713543 4.006564 1.000000
23.070583 -10.546042 2.000000
9.394279 23.095995 3.000000
7.721419 -10.437243 4.000000
1.433286 -34.840530 5.000000
-4.403968 2.891040 6.000000
-35.835495 3.930008 7.000000
-1.240797 -18.118809 8.000000
-21.101900 -9.040558 9.000000
37.364922 10.095798 1.000000
20.411789 -6.587719 2.000000
3.708041 15.181656 3.000000
0.858236 11.114657 4.000000
-22.223602 18.905817 5.000000
-31.469614 17.903719 6.000000
-31.827644 12.014270 7.000000
-14.647486 -10.177813 8.000000
-8.460782 -20.272266 9.000000
35.550552 0.934187 1.000000
23.362053 0.007812 2.000000
14.440738 20.160942 3.000000
0.986322 10.657395 4.000000
-25.730749 -10.690769 5.000000
12.544541 -15.093516 6.000000
-34.298058 8.396701 7.000000
2.422198 -4.989655 8.000000
-14.121979 -0.496344 9.000000
33.955437 3.477812 1.000000
23.247078 -2.706636 2.000000
8.103547 22.147190 3.000000
1.547931 9.527961 4.000000
-0.473056 -32.644154 5.000000
-19.153347 4.089338 6.000000
-28.538485 6.398158 7.000000
-0.286135 -8.329990 8.000000
-12.423862 0.501808 9.000000
37.024490 6.051197 1.000000
24.890055 -1.500535 2.000000
15.972692 19.500463 3.000000
-18.726931 0.396897 4.000000
-11.013494 -35.639011 5.000000
-20.940166 -0.738436 6.000000
-29.441732 4.931861 7.000000
-3.686197 -11.052042 8.000000
-16.053331 4.114695 9.000000
27.467190 11.509268 1.000000
26.122009 -7.249349 2.000000
10.838916 17.950214 3.000000
-1.172484 -3.083282 4.000000
-5.426142 -29.101881 5.000000
-25.489248 3.609681 6.000000
-30.793800 5.878220 7.000000
-3.689912 -18.193262 8.000000
-8.641530 -4.485657 9.000000
35.184971 6.502215 1.000000
22.830126 -4.955059 2.000000
17.566874 12.781741 3.000000
9.346045 26.759493 4.000000
2.699464 -38.113621 5.000000
-20.082312 10.615292 6.000000
-27.413378 7.556947 7.000000
-16.579304 15.498521 8.000000
-24.223526 -4.462072 9.000000
33.946754 10.651517 1.000000
25.823389 -11.746339 2.000000
12.206490 2.422238 3.000000
-27.221613 -10.513704 4.000000
-4.675177 -28.006145 5.000000
-23.955889 4.456851 6.000000
0.685445 -0.464139 7.000000
0.181615 -11.537124 8.000000
-20.595037 -0.644915 9.000000
33.292591 4.158959 1.000000
19.538643 2.925944 2.000000
14.483894 -4.618341 3.000000
14.140285 -8.266745 4.000000
-3.970028 -37.370243 5.000000
-6.769994 3.865643 6.000000
-0.843989 4.025422 7.000000
2.534311 -15.098668 8.000000
-18.518566 -14.695816 9.000000
39.294655 10.574382 1.000000
7.001207 6.220157 2.000000
16.821854 11.764242 3.000000
-6.437205 14.946156 4.000000
-5.909951 -31.875271 5.000000
-21.256052 -1.744503 6.000000
1.717775 3.095518 7.000000
1.383562 -10.437723 8.000000
-26.167929 -0.340621 9.000000
35.516895 9.374698 1.000000
25.515757 -12.217713 2.000000
12.077295 0.498194 3.000000
-7.464175 13.375974 4.000000
0.615232 -36.649300 5.000000
5.258892 1.139159 6.000000
-37.128036 6.992620 7.000000
-10.396821 -10.907126 8.000000
25.310915 7.390863 9.000000
29.022923 13.993380 1.000000
12.472789 -6.852302 2.000000
9.773847 17.476923 3.000000
-6.862916 13.878523 4.000000
0.763079 -40.393250 5.000000
9.943604 -1.832112 6.000000
-27.162561 5.958322 7.000000
1.387192 -13.946695 8.000000
12.599411 -17.723984 9.000000
32.176403 9.807759 1.000000
17.683956 2.739880 2.000000
17.391235 4.556687 3.000000
-22.900776 -1.523396 4.000000
-0.958604 -39.292404 5.000000
-5.449498 3.450496 6.000000
-34.557446 6.770493 7.000000
2.251548 -17.670094 8.000000
11.217050 -5.840633 9.000000
39.236477 1.869952 1.000000
24.317593 -5.887148 2.000000
18.641294 14.407721 3.000000
-6.045525 17.763924 4.000000
4.609715 -31.801144 5.000000
-21.029467 3.893338 6.000000
-2.698851 -1.570703 7.000000
-12.941660 -14.873990 8.000000
-12.048643 1.238703 9.000000
39.769615 4.596142 1.000000
20.390579 -6.817447 2.000000
11.061193 11.781871 3.000000
-24.778393 21.348579 4.000000
3.745936 -39.096252 5.000000
-32.071838 -11.283042 6.000000
-0.531134 0.865579 7.000000
-13.494743 -16.018265 8.000000
-18.422365 -5.517265 9.000000
33.955528 3.477588 1.000000
20.766037 -15.424975 2.000000
11.107009 21.457758 3.000000
-7.245326 19.702320 4.000000
12.853890 -4.514394 5.000000
-3.447007 2.681830 6.000000
-30.071039 4.492900 7.000000
-7.596973 -14.550822 8.000000
-19.364626 0.293451 9.000000
28.070797 1.879831 1.000000
17.799929 -11.939091 2.000000
14.760341 19.842733 3.000000
4.517073 19.305399 4.000000
-11.666124 -37.951424 5.000000
7.551661 -14.172310 6.000000
-29.628944 7.004003 7.000000
-5.660389 -10.901561 8.000000
-22.457205 -11.880441 9.000000
37.472580 2.860778 1.000000
24.319130 -11.933731 2.000000
15.635297 14.768862 3.000000
-19.216360 21.376719 4.000000
-6.941880 -33.897198 5.000000
-22.506187 -10.523609 6.000000
-32.776958 6.253282 7.000000
-14.629738 -10.200814 8.000000
12.576280 -18.055414 9.000000
43.069473 7.049195 1.000000
22.476053 -5.994851 2.000000
13.265672 17.934107 3.000000
-5.657424 12.148164 4.000000
1.540807 -39.462772 5.000000
-2.351962 6.427221 6.000000
-28.214125 14.799371 7.000000
-4.942746 -12.734259 8.000000
-11.862529 8.159763 9.000000
27.801580 7.645821 1.000000
21.742378 -17.271605 2.000000
7.794311 23.126625 3.000000
-19.512344 18.412050 4.000000
-2.469587 -37.213211 5.000000
-27.554075 2.423326 6.000000
-33.048954 3.826239 7.000000
1.191854 -10.836209 8.000000
10.313608 -3.720275 9.000000
31.477690 -0.369248 1.000000
21.507299 1.401259 2.000000
8.234339 22.258013 3.000000
-11.481404 11.749302 4.000000
-25.574755 -10.983088 5.000000
-16.901588 2.095713 6.000000
1.001774 3.132021 7.000000
2.120198 -16.211418 8.000000
-23.130226 19.692234 9.000000
27.872404 6.701556 1.000000
26.831507 -14.694274 2.000000
14.309987 14.984451 3.000000
2.250697 13.143172 4.000000
-1.027989 -37.551514 5.000000
-17.002476 9.010205 6.000000
9.082379 -4.546927 7.000000
-19.518303 -1.556543 8.000000
-9.488248 -6.907549 9.000000
14.328229 -0.853651 1.000000
24.353096 -14.350275 2.000000
15.833721 17.043962 3.000000
-11.312695 11.856215 4.000000
-2.761194 -43.236298 5.000000
10.831019 1.174483 6.000000
-36.242554 4.375959 7.000000
-12.927731 -8.735000 8.000000
-35.669434 -6.041457 9.000000
36.325771 12.134975 1.000000
24.916830 -14.434857 2.000000
20.314039 13.496241 3.000000
-0.863386 10.272278 4.000000
-4.163816 -38.529678 5.000000
14.385627 -2.658227 6.000000
-30.784325 3.172669 7.000000
-5.551937 -14.076502 8.000000
-12.055929 -3.568041 9.000000
15.127460 1.470044 1.000000
30.618126 11.242785 2.000000
15.204899 12.846700 3.000000
-13.730433 11.187201 4.000000
-11.206475 -36.611214 5.000000
-21.234993 2.267694 6.000000
-32.994293 4.641726 7.000000
-1.732353 -17.245979 8.000000
-21.558121 14.437996 9.000000
31.638742 5.621491 1.000000
25.821348 -2.578676 2.000000
11.246491 9.517490 3.000000
6.776177 -8.750000 4.000000
-7.857336 -35.277798 5.000000
-23.052217 -8.053751 6.000000
-26.918255 8.425455 7.000000
-4.510649 -12.835855 8.000000
-19.064575 5.212391 9.000000
36.730331 5.847852 1.000000
18.429853 2.584057 2.000000
16.413380 14.632773 3.000000
-26.499300 -10.359468 4.000000
-3.067435 -36.617920 5.000000
3.430283 -3.372904 6.000000
-31.789070 5.577419 7.000000
0.171277 -15.109138 8.000000
-18.765694 -0.282815 9.000000
29.238722 9.301921 1.000000
18.608564 -11.416872 2.000000
14.303090 16.540258 3.000000
-6.437651 14.938692 4.000000
9.160894 -10.836705 5.000000
-28.516207 -10.817241 6.000000
-38.192123 4.705309 7.000000
4.531011 -6.849370 8.000000
-21.965319 16.933157 9.000000
12.989571 1.254559 1.000000
8.268567 5.848020 2.000000
13.611959 8.405371 3.000000
-4.337686 19.130869 4.000000
2.750620 -31.348486 5.000000
4.715798 1.960262 6.000000
-11.101835 26.105440 7.000000
3.343202 -7.259725 8.000000
7.143923 -17.641312 9.000000
39.577339 1.574480 1.000000
9.100157 0.443114 2.000000
20.302099 11.078403 3.000000
-30.051035 -6.390181 4.000000
-4.516413 -35.325958 5.000000
-30.284103 -9.486071 6.000000
-26.599619 16.655535 7.000000
-15.091930 -6.873011 8.000000
-13.498546 -3.331852 9.000000
28.606413 6.681532 1.000000
15.735376 -1.926240 2.000000
7.064370 7.329512 3.000000
-5.420667 19.144312 4.000000
-4.216326 -34.565201 5.000000
-20.116173 -0.135849 6.000000
-30.880070 10.349463 7.000000
-2.785571 -19.451595 8.000000
-19.499481 1.901402 9.000000
41.372982 4.479811 1.000000
23.528122 -13.814608 2.000000
16.858356 13.087536 3.000000
10.422222 2.650113 4.000000
-10.923905 -36.951633 5.000000
-8.640247 18.781239 6.000000
0.404861 1.401397 7.000000
2.404024 -12.684379 8.000000
12.262541 -8.187574 9.000000
27.599657 3.342088 1.000000
18.377565 2.442839 2.000000
17.441854 15.145880 3.000000
-8.919156 5.461011 4.000000
-5.541088 -36.501522 5.000000
-19.811958 6.625651 6.000000
-31.394438 5.896442 7.000000
-3.416808 -11.930543 8.000000
-22.009115 -2.697992 9.000000
25.981602 12.357442 1.000000
21.083303 -9.818103 2.000000
15.848992 12.279080 3.000000
-6.630986 18.550764 4.000000
1.799811 -39.418007 5.000000
-16.279734 7.455231 6.000000
-24.764158 15.927313 7.000000
3.606497 -14.084397 8.000000
-35.583855 -6.217700 9.000000
35.962387 4.902833 1.000000
21.509235 -8.498514 2.000000
9.235526 12.990109 3.000000
-7.194309 13.500628 4.000000
-11.806842 -34.255276 5.000000
-24.774977 -7.887482 6.000000
-34.351948 6.624083 7.000000
0.424335 -13.291595 8.000000
-13.099298 3.730753 9.000000
37.365791 10.097225 1.000000
7.610673 5.448946 2.000000
7.963800 25.437168 3.000000
-9.938810 12.496511 4.000000
-4.366103 -39.281994 5.000000
4.819724 -3.023335 6.000000
-29.159061 10.214774 7.000000
-10.372591 -15.773693 8.000000
11.431448 -8.938143 9.000000
25.636604 16.679478 1.000000
19.008469 -15.687465 2.000000
9.405621 22.646450 3.000000
-14.173178 4.697444 4.000000
-4.603861 -27.901520 5.000000
-32.225594 18.962843 6.000000
12.133005 -2.944838 7.000000
1.179561 -16.757711 8.000000
-11.272251 -2.620731 9.000000
41.271648 8.979924 1.000000
22.295721 -6.611300 2.000000
11.383039 17.649529 3.000000
-6.632132 17.771475 4.000000
-11.788493 -38.130577 5.000000
-26.425266 2.392830 6.000000
-28.654667 10.323665 7.000000
-18.214970 15.889757 8.000000
-16.872395 -5.227347 9.000000
41.232288 9.219918 1.000000
23.647570 -8.687216 2.000000
-17.612062 19.227350 3.000000
-20.404192 0.951244 4.000000
-6.762570 -32.361485 5.000000
-19.214281 10.716739 6.000000
-27.210346 10.675797 7.000000
-0.518972 -13.698545 8.000000
7.851820 2.523207 9.000000
27.106968 10.506279 1.000000
20.971815 -12.680980 2.000000
16.144653 15.979660 3.000000
12.964417 26.231794 4.000000
-5.540448 -36.501598 5.000000
-24.057178 5.435565 6.000000
-30.979286 8.486486 7.000000
-20.152695 -1.491865 8.000000
-22.883858 -3.920974 9.000000
26.717117 11.819909 1.000000
20.818306 -17.336731 2.000000
10.585881 15.648973 3.000000
-9.314152 11.358154 4.000000
-3.450793 -33.562706 5.000000
6.491529 -11.027964 6.000000
12.456439 -12.903765 7.000000
-3.668230 -10.036785 8.000000
-19.645880 18.447899 9.000000
24.424316 2.291933 1.000000
19.116207 3.681537 2.000000
5.960333 23.776394 3.000000
-22.720144 22.890564 4.000000
3.995289 -30.477732 5.000000
-25.218290 19.301859 6.000000
-27.801035 10.935643 7.000000
12.475905 -0.211751 8.000000
10.683034 -4.703860 9.000000
35.736504 2.321451 1.000000
18.435661 -4.586456 2.000000
16.029163 13.141371 3.000000
5.759019 11.004924 4.000000
-5.906098 -36.637779 5.000000
-20.603348 8.595342 6.000000
-27.210770 21.635136 7.000000
-1.778931 -6.879559 8.000000
-17.393358 -5.002828 9.000000
42.342834 12.190629 1.000000
21.914747 -7.087743 2.000000
5.820350 20.787159 3.000000
-9.009807 5.164561 4.000000
3.789795 -30.369236 5.000000
-11.949738 3.436102 6.000000
-28.213638 9.137185 7.000000
8.839549 -0.375279 8.000000
4.432933 -3.849803 9.000000
31.544373 10.047525 1.000000
22.950941 -1.456303 2.000000
12.266275 20.203545 3.000000
7.433632 -2.605022 4.000000
0.578220 -37.139797 5.000000
12.753587 -15.127343 6.000000
-38.786995 9.648914 7.000000
-11.352444 -9.821714 8.000000
-18.898220 -12.220637 9.000000
14.595003 0.999687 1.000000
24.206709 -2.990914 2.000000
8.690516 23.811377 3.000000
-0.307055 15.317975 4.000000
12.711198 -2.048514 5.000000
-33.853573 19.610432 6.000000
-19.221470 -13.454942 7.000000
-1.669408 -9.480856 8.000000
-23.726292 20.367916 9.000000
41.748661 10.581314 1.000000
26.436161 -8.479866 2.000000
13.288560 21.462805 3.000000
-2.845380 17.245176 4.000000
-5.527168 -37.969086 5.000000
-17.696018 -11.161225 6.000000
-38.201736 9.155687 7.000000
-8.948774 -16.165983 8.000000
0.938061 -4.015335 9.000000
14.517657 1.024732 1.000000
16.026649 -0.125879 2.000000
14.231623 20.933601 3.000000
-6.433290 14.950588 4.000000
3.432363 -28.760347 5.000000
-32.811642 18.140263 6.000000
-0.112274 -0.067000 7.000000
-1.541031 -16.857420 8.000000
-20.549038 -6.170807 9.000000
42.042583 7.848608 1.000000
19.180656 -8.906133 2.000000
14.080807 26.929890 3.000000
-1.012327 12.221354 4.000000
-12.072808 -33.457615 5.000000
-21.424234 9.378855 6.000000
-13.988489 2.686995 7.000000
1.700115 -11.394521 8.000000
-15.650311 -1.850968 9.000000
30.880968 9.631310 1.000000
25.726007 -7.788051 2.000000
13.363060 17.906622 3.000000
0.918274 15.840001 4.000000
-0.066424 -35.579872 5.000000
-21.689785 3.650213 6.000000
-30.910877 7.752348 7.000000
7.349142 -6.909534 8.000000
-25.983242 -1.388862 9.000000
33.095207 11.916316 1.000000
22.536053 -9.453593 2.000000
15.675681 14.920059 3.000000
-23.132656 0.146549 4.000000
-0.598819 -34.038467 5.000000
-28.662415 -2.025722 6.000000
-31.066532 4.389729 7.000000
-3.536242 -18.222292 8.000000
-9.883413 2.530641 9.000000
31.777824 5.586405 1.000000
25.916002 -9.603128 2.000000
15.291337 6.863681 3.000000
-27.373161 -7.797033 4.000000
2.059034 -31.666016 5.000000
-4.917496 3.950739 6.000000
-25.879528 7.378411 7.000000
0.497423 -17.205685 8.000000
-24.092369 18.922394 9.000000
35.961506 4.902004 1.000000
15.972677 -1.459958 2.000000
4.715369 23.987738 3.000000
-5.435703 -2.586636 4.000000
-25.742294 -12.222282 5.000000
-18.234232 -1.383452 6.000000
12.821854 -1.226098 7.000000
-13.200023 -14.181055 8.000000
-35.534039 -6.312190 9.000000
34.518761 4.136724 1.000000
19.920483 -12.194161 2.000000
13.135270 5.374979 3.000000
-6.155291 -0.472561 4.000000
-1.176380 -35.902088 5.000000
6.391343 -2.902206 6.000000
2.172552 0.148389 7.000000
2.538767 -6.991614 8.000000
-31.477749 -2.125055 9.000000
33.665668 4.497326 1.000000
23.331581 -16.844126 2.000000
17.879635 7.508258 3.000000
-19.487484 19.568943 4.000000
-6.005727 -40.172310 5.000000
-16.217434 7.533268 6.000000
-25.581682 10.782311 7.000000
-25.298325 -0.732210 8.000000
-22.117414 -11.682773 9.000000
38.660992 6.132353 1.000000
6.949741 6.095510 2.000000
13.342994 -3.090904 3.000000
-4.462232 12.411205 4.000000
-24.779619 -11.163632 5.000000
5.125494 1.260689 6.000000
-36.936592 4.660729 7.000000
-3.967883 -11.963725 8.000000
-18.894299 -3.203789 9.000000
35.548992 0.934092 1.000000
19.623680 -0.246117 2.000000
6.867882 18.763855 3.000000
-5.312824 15.835775 4.000000
-7.890618 -32.446171 5.000000
6.688572 -3.120877 6.000000
-29.456900 11.241912 7.000000
-20.619204 -2.654265 8.000000
9.926394 -9.656802 9.000000
25.812021 4.568070 1.000000
16.638063 -4.648099 2.000000
8.690126 23.809658 3.000000
-5.563621 13.225314 4.000000
-7.420315 -31.466051 5.000000
-19.810799 6.640893 6.000000
2.187364 1.554367 7.000000
4.938607 -8.413718 8.000000
-23.565207 -4.692634 9.000000
27.751545 6.636174 1.000000
18.350645 -1.644103 2.000000
12.642906 13.941390 3.000000
-12.631572 5.828790 4.000000
1.718621 -31.593185 5.000000
-21.409929 0.383539 6.000000
-38.680386 5.881323 7.000000
-11.640758 -13.376287 8.000000
-21.350096 -13.227443 9.000000
37.191711 7.475380 1.000000
21.684519 -12.798068 2.000000
11.127505 20.224010 3.000000
-5.316070 20.509462 4.000000
-6.152875 -33.752567 5.000000
-33.512611 19.231802 6.000000
-32.995415 4.639952 7.000000
-11.367730 -9.858220 8.000000
-24.098040 18.884623 9.000000
31.304111 8.964173 1.000000
24.842579 -2.208525 2.000000
5.868897 24.560698 3.000000
-6.713677 7.676841 4.000000
4.224367 -35.720253 5.000000
-23.180609 -7.727637 6.000000
0.120572 3.799703 7.000000
2.959908 -6.732259 8.000000
-17.929144 0.660386 9.000000
36.406006 9.476859 1.000000
19.175905 -7.416486 2.000000
18.637356 15.514867 3.000000
-23.444366 0.257872 4.000000
-2.632110 -43.227085 5.000000
-29.124353 -13.798659 6.000000
-21.868343 -1.233898 7.000000
-13.128122 -15.297262 8.000000
9.944240 -6.278558 9.000000
39.567810 6.977903 1.000000
25.622641 -10.969332 2.000000
15.777765 15.836418 3.000000
-5.765447 -3.718939 4.000000
1.793460 -36.071659 5.000000
-21.105698 8.554121 6.000000
-28.064974 12.697114 7.000000
-20.351213 16.464260 8.000000
-22.297955 17.393343 9.000000
37.963524 4.004199 1.000000
17.959597 -0.107700 2.000000
14.864648 21.883261 3.000000
-5.453480 17.936546 4.000000
-3.176632 -37.559914 5.000000
-19.427389 7.730921 6.000000
-26.283665 9.423746 7.000000
-8.493855 -16.177134 8.000000
-11.050070 1.462053 9.000000
34.664875 -0.090025 1.000000
17.492914 0.741455 2.000000
18.181629 14.925099 3.000000
-28.750206 -8.458545 4.000000
-1.375579 -37.999767 5.000000
-19.303574 8.640516 6.000000
-31.569948 6.815173 7.000000
-13.336371 -8.314336 8.000000
8.415113 -9.453024 9.000000
