-8.620523 -2.067316 2.000000
24.778469 -3.683096 1.000000
-45.343063 -0.378595 3.000000
34.012451 2.495429 1.000000
-43.809128 3.320362 3.000000
-5.147902 -7.935006 2.000000
1.448268 15.318829 5.000000
-45.254528 3.446541 3.000000
-0.908844 -0.577210 4.000000
-0.229238 -0.676045 4.000000
26.926056 -2.983983 1.000000
-9.519518 -2.844508 2.000000
-9.201473 -5.163522 2.000000
27.255247 0.381599 1.000000
-38.369167 -0.556231 3.000000
-2.327013 2.511555 4.000000
-9.771123 0.932418 2.000000
35.192070 0.190784 1.000000
-40.171677 4.173936 3.000000
2.104456 18.451092 5.000000
8.113349 -8.312209 6.000000
-5.247035 -6.511880 2.000000
2.988277 18.645123 5.000000
-38.833897 2.994227 3.000000
0.465470 16.508793 5.000000
28.277721 0.727278 1.000000
7.883752 -9.135805 6.000000
2.776124 17.711813 5.000000
-1.233805 -7.488462 2.000000
-39.063034 1.925187 3.000000
32.676247 -3.428850 1.000000
-9.725592 0.922394 2.000000
31.096272 -6.860954 1.000000
25.773714 0.654487 1.000000
-0.123343 1.926121 4.000000
-9.841496 1.285280 2.000000
-38.286732 0.728223 3.000000
-5.674239 -3.334659 2.000000
-37.323025 1.624566 3.000000
26.893385 -2.413593 1.000000
-4.291285 -1.427170 2.000000
-3.070098 0.088365 4.000000
25.550516 -0.787589 1.000000
-3.153549 -0.061334 2.000000
-0.269736 13.347150 5.000000
-40.882378 -2.575675 3.000000
-3.414828 3.630303 4.000000
7.549073 -7.946770 6.000000
-6.612520 0.127286 2.000000
-41.365051 -3.419021 3.000000
-39.164631 -1.860433 3.000000
-0.419434 1.973913 4.000000
25.787201 -1.031834 1.000000
28.305763 2.000560 1.000000
-0.359762 15.048074 5.000000
27.042688 1.841895 1.000000
-6.657713 -1.631509 2.000000
-39.710533 -1.047634 3.000000
-2.642635 0.691490 4.000000
-9.899764 -3.858886 2.000000
6.955386 -8.822409 6.000000
26.129728 0.339645 1.000000
3.097634 14.783381 5.000000
26.926165 -2.984015 1.000000
-9.354002 -3.612587 2.000000
-38.855049 -1.008076 3.000000
34.380463 -0.364860 1.000000
-2.326709 2.511594 4.000000
5.192484 17.921499 5.000000
28.324713 -1.271547 1.000000
-3.646068 -4.648396 2.000000
5.132803 -8.316683 6.000000
-40.310406 -3.382870 3.000000
1.688453 11.814761 5.000000
-5.436567 0.630471 4.000000
-7.977844 -5.775224 2.000000
-7.685274 -7.047171 2.000000
21.111336 -0.703286 1.000000
-42.259331 -4.203006 3.000000
0.736191 12.256364 5.000000
22.071404 -0.953347 1.000000
-7.961367 -6.705006 2.000000
-8.145570 -4.925887 2.000000
-6.288312 -6.633232 2.000000
0.556429 12.404886 5.000000
21.343195 -1.352945 1.000000
21.843157 -0.703420 1.000000
-40.137817 -3.295405 3.000000
28.673811 -6.603103 1.000000
-1.474754 1.411847 4.000000
-9.909462 -4.589590 2.000000
-8.957634 1.130985 2.000000
2.190205 17.516462 5.000000
30.893019 -6.340720 1.000000
-40.073837 1.365063 3.000000
-4.121742 3.074362 4.000000
-7.848113 -3.951082 2.000000
3.694999 13.604564 5.000000
24.311146 -5.149834 1.000000
6.701245 -8.640390 6.000000
-5.532685 -4.148016 2.000000
4.049664 13.476565 5.000000
21.372599 -2.478820 1.000000
-4.224206 -9.119032 2.000000
-3.391011 -8.506798 2.000000
26.097334 -3.654012 1.000000
-4.164771 1.455058 4.000000
24.721123 -0.891922 1.000000
-41.993359 1.720279 3.000000
27.471931 -5.449469 1.000000
30.789577 -6.068337 1.000000
-43.801708 0.770566 3.000000
4.027147 13.318367 5.000000
-46.092758 1.463435 3.000000
-39.887032 1.232727 3.000000
4.765954 17.505129 5.000000
-7.287845 -5.051641 2.000000
-45.421272 1.224259 3.000000
-5.312153 2.414512 4.000000
25.171547 -1.658212 1.000000
-3.586165 -6.609955 2.000000
4.950109 17.632126 5.000000
5.694196 -8.293016 6.000000
24.584654 -5.537574 1.000000
26.266541 -4.990439 1.000000
-6.720562 -5.316567 2.000000
5.454333 -8.703691 6.000000
-40.290531 2.677846 3.000000
3.140196 13.666705 5.000000
-3.947972 3.040037 4.000000
28.663515 -6.634936 1.000000
21.396717 -2.202449 1.000000
-46.799736 0.672289 3.000000
3.720248 12.495918 5.000000
3.864165 11.839579 5.000000
28.334814 -6.239538 1.000000
-5.426787 2.274650 4.000000
-4.094797 -8.971685 2.000000
-46.670967 1.225454 3.000000
22.103588 -1.113820 1.000000
-2.810662 3.255405 2.000000
22.420479 -0.052103 1.000000
26.007225 -6.331590 1.000000
-36.136486 1.963178 3.000000
-44.955605 0.285174 3.000000
-42.089737 0.156138 3.000000
-9.415372 -4.006643 2.000000
2.661297 16.285419 5.000000
0.924355 -0.949385 4.000000
-8.585862 -1.670548 2.000000
-7.977105 -1.394223 2.000000
23.269955 -3.470141 1.000000
23.274889 -3.370328 1.000000
25.649221 1.823665 1.000000
2.613575 15.574021 5.000000
-42.570885 -2.447740 3.000000
-8.835137 -1.597639 2.000000
-44.828758 -1.639171 3.000000
-6.963645 -1.004120 2.000000
-3.069348 -5.007273 2.000000
0.518277 -1.062295 4.000000
-6.232218 -1.263361 2.000000
-41.971794 -1.236459 3.000000
6.422164 -9.454294 6.000000
-8.146461 -2.894788 2.000000
25.182512 -3.863302 1.000000
29.859308 -5.211262 1.000000
-41.399609 -0.153210 3.000000
0.900775 -1.771932 4.000000
-44.204933 0.719516 3.000000
-45.123108 -0.231456 3.000000
33.197918 2.798462 1.000000
32.944252 4.388862 1.000000
32.711758 4.117668 1.000000
-44.894924 -1.811552 3.000000
33.678070 2.568906 1.000000
34.025955 2.175572 1.000000
-10.160765 -2.528435 2.000000
-43.977837 -1.529912 3.000000
-45.523041 -1.734084 3.000000
31.984510 4.254052 1.000000
25.536934 2.999455 1.000000
25.122442 3.579377 1.000000
25.166685 3.527168 1.000000
5.229403 -9.818592 6.000000
-8.601994 -2.579614 2.000000
-10.217834 -3.115335 2.000000
-10.202807 -2.279765 2.000000
-10.806047 -3.355656 2.000000
32.674747 4.128865 1.000000
-40.095119 0.471049 3.000000
-38.076012 -0.566265 3.000000
-40.389721 -1.998564 3.000000
33.429409 1.536870 1.000000
34.545589 1.948426 1.000000
-7.330193 -4.081640 2.000000
-40.636070 -0.401905 3.000000
-5.691654 -7.352458 2.000000
-6.332570 -7.985920 2.000000
-6.277313 -7.816453 2.000000
-0.210047 14.443224 5.000000
-1.826928 14.201667 5.000000
0.228553 14.806985 5.000000
-1.789652 14.154149 5.000000
-1.018296 13.421986 5.000000
28.057205 -2.927448 1.000000
28.013531 -3.684100 1.000000
28.334507 -3.163774 1.000000
28.604969 -3.775040 1.000000
28.788061 -3.715730 1.000000
29.511419 -3.194136 1.000000
29.390524 -3.312549 1.000000
-43.155575 2.653275 3.000000
-43.527245 2.684411 3.000000
-44.517544 2.121109 3.000000
-43.740372 3.867321 3.000000
-44.437840 2.663798 3.000000
-44.574062 3.490399 3.000000
-1.700817 -2.408576 4.000000
-2.268988 -2.479589 4.000000
-1.504017 -1.754528 4.000000
-2.447676 -2.853065 4.000000
2.209403 16.809164 5.000000
4.892868 15.791778 5.000000
4.964296 15.827347 5.000000
1.701608 12.079719 5.000000
3.734578 14.691496 5.000000
3.397386 15.343176 5.000000
4.469079 14.053198 5.000000
-7.774372 -4.464623 2.000000
-10.285098 -6.636969 2.000000
-10.730090 -6.746894 2.000000
-10.514686 -6.699255 2.000000
27.155012 -0.629324 1.000000
21.428164 -4.042786 1.000000
21.428265 -4.989614 1.000000
21.151083 -5.597601 1.000000
21.302513 -5.276264 1.000000
21.178720 -5.343073 1.000000
6.256176 -10.550413 6.000000
5.974843 -11.039606 6.000000
33.340183 -4.129712 1.000000
33.825150 -4.726677 1.000000
33.183495 -3.017452 1.000000
34.826069 -1.102722 1.000000
33.584538 0.169438 1.000000
34.135387 -1.251732 1.000000
33.807827 -1.321661 1.000000
26.060768 2.899558 1.000000
-43.263042 -0.383351 3.000000
-45.743065 1.829966 3.000000
-43.447227 -0.457397 3.000000
-43.930077 -0.508255 3.000000
-43.729401 -1.452947 3.000000
-44.091961 -3.389020 3.000000
-44.027164 -3.295718 3.000000
-0.091130 -1.368115 4.000000
-0.505637 -5.672861 4.000000
1.323104 -4.622145 4.000000
-1.002232 -3.937422 4.000000
1.172883 -4.665130 4.000000
-1.132202 -6.555150 4.000000
1.815282 19.154030 5.000000
1.333641 19.642605 5.000000
1.426367 19.255098 5.000000
1.595058 18.439482 5.000000
6.885269 -9.787802 6.000000
7.128043 -10.310782 6.000000
7.222281 -9.909878 6.000000
-0.592594 -4.867469 4.000000
-1.395168 -2.641403 4.000000
-0.209126 -4.082280 4.000000
30.010414 -1.684216 1.000000
32.267948 -1.843668 1.000000
31.556356 -2.160455 1.000000
31.778013 -1.385142 1.000000
31.957285 -2.668878 1.000000
-2.334783 -6.165185 2.000000
-4.846975 -5.278308 2.000000
-1.106950 -0.890603 4.000000
0.856159 -2.587974 4.000000
-1.466053 -4.371678 4.000000
30.120232 -1.477432 1.000000
31.868622 -0.335033 1.000000
-2.121271 -4.614988 2.000000
-1.336697 -4.797570 2.000000
-2.849856 -3.990237 2.000000
-41.316521 -2.134322 3.000000
-43.126759 0.869439 3.000000
-41.970924 -2.051058 3.000000
-43.663998 1.359787 3.000000
29.185961 0.539069 1.000000
32.065693 0.274949 1.000000
32.181404 -1.426388 1.000000
30.862677 1.360365 1.000000
1.353181 15.072170 5.000000
1.576079 16.595343 5.000000
3.691929 16.228411 5.000000
0.481380 13.481700 5.000000
1.813954 16.544041 5.000000
-40.298996 -0.261909 3.000000
-41.007301 -1.366850 3.000000
-39.648964 -0.396657 3.000000
-0.455961 -1.719290 4.000000
34.505505 -2.071736 1.000000
28.771391 0.167164 1.000000
-2.442014 -1.859652 4.000000
-0.291031 -2.277405 4.000000
-1.871912 -1.751516 4.000000
29.767658 0.969907 1.000000
30.248920 1.363235 1.000000
31.311264 -0.706257 1.000000
-41.461330 1.563515 3.000000
-40.397533 1.105688 3.000000
-41.083035 2.314467 3.000000
-40.239548 2.704425 3.000000
-41.755653 1.561098 3.000000
32.646759 -0.841403 1.000000
30.312584 -0.782316 1.000000
33.334946 -0.004034 1.000000
29.274286 -0.872627 1.000000
-0.143889 -3.043791 4.000000
0.137347 -0.034656 4.000000
27.367737 0.078812 1.000000
27.575466 -0.643959 1.000000
-1.384898 -1.855278 4.000000
-40.669636 1.482588 3.000000
-39.286694 1.221715 3.000000
-4.782917 -0.611990 4.000000
31.245564 -3.906972 1.000000
29.741205 2.832343 1.000000
-2.092187 -0.386372 4.000000
0.496261 -2.968113 4.000000
-0.021013 16.823378 5.000000
0.612530 17.209452 5.000000
31.447350 0.120497 1.000000
31.247272 -0.980691 1.000000
1.968184 13.826166 5.000000
1.474884 14.056404 5.000000
-41.249363 2.819113 3.000000
33.405697 -0.908757 1.000000
1.901843 15.736107 5.000000
0.430620 15.741805 5.000000
4.914155 -9.321654 6.000000
5.375742 -10.196257 6.000000
-1.962457 -3.370531 4.000000
-3.321420 -5.216013 4.000000
5.970915 -9.783111 6.000000
4.687864 -9.668061 6.000000
5.291117 -10.389344 6.000000
33.283813 -3.269200 1.000000
32.627274 -5.731326 1.000000
32.137032 -5.853870 1.000000
0.823694 15.841420 5.000000
1.110665 15.632145 5.000000
33.103985 -5.975520 1.000000
33.773125 -5.817461 1.000000
30.087029 0.426926 1.000000
33.382805 -1.727404 1.000000
-3.963705 -2.510445 2.000000
-5.205611 -3.584397 2.000000
-2.067153 0.357951 4.000000
-0.624004 -2.966843 4.000000
-41.221279 3.772824 3.000000
-41.609543 2.957170 3.000000
34.256519 -0.781169 1.000000
