3.684055 42.616177 1.000000
2.419721 39.933441 1.000000
4.362199 41.744324 1.000000
3.849337 42.004128 1.000000
2.962313 42.475151 1.000000
3.748944 41.003738 1.000000
3.467633 42.226933 1.000000
3.238827 40.987656 1.000000
3.288492 41.009342 1.000000
2.887143 41.598015 1.000000
2.905703 41.027405 1.000000
4.955016 41.394543 1.000000
2.396701 41.554901 1.000000
3.712005 40.877529 1.000000
4.689395 40.832294 1.000000
3.214730 41.085327 1.000000
3.325726 40.833694 1.000000
3.050644 40.959557 1.000000
3.310536 41.063190 1.000000
2.215369 40.586025 1.000000
4.683466 41.336517 1.000000
3.280698 41.002029 1.000000
2.780168 41.044628 1.000000
3.012529 40.828472 1.000000
4.150593 41.361370 1.000000
4.354801 40.267223 1.000000
4.120551 39.765308 1.000000
3.919721 40.853073 1.000000
4.541484 40.541729 1.000000
3.267513 40.871559 1.000000
3.244329 41.036419 1.000000
3.361191 41.046909 1.000000
2.343886 41.092278 1.000000
2.772501 42.148605 1.000000
3.485532 41.068348 1.000000
1.809001 40.988583 1.000000
2.711620 40.540184 1.000000
3.259287 41.038670 1.000000
3.315749 40.986740 1.000000
2.082117 41.701542 1.000000
3.252796 41.009197 1.000000
3.073713 41.699924 1.000000
3.457039 39.574299 1.000000
3.013193 39.636955 1.000000
4.677232 40.036938 1.000000
3.856131 40.220318 1.000000
3.319181 41.044441 1.000000
4.401364 42.167233 1.000000
3.219445 41.353901 1.000000
3.319709 40.991776 1.000000
3.835552 41.765980 1.000000
1.878060 41.629303 1.000000
1.955931 40.420033 1.000000
2.490370 42.305271 1.000000
3.295085 41.070877 1.000000
3.464607 41.698910 1.000000
3.767478 39.729122 1.000000
2.990525 39.356045 1.000000
3.241760 40.295605 1.000000
3.684436 41.085785 1.000000
2.217045 39.776310 1.000000
3.145720 40.494984 1.000000
3.638315 40.343925 1.000000
3.228445 41.021893 1.000000
-5.924546 21.878292 2.000000
-6.434667 22.564800 2.000000
-6.749752 22.650795 2.000000
-7.321957 22.980679 2.000000
-6.570387 22.712534 2.000000
-6.571129 22.759184 2.000000
-7.794345 23.569296 2.000000
-6.619831 22.709145 2.000000
-7.451732 23.910166 2.000000
-5.891419 23.208439 2.000000
-6.365907 21.520273 2.000000
-7.094729 21.598063 2.000000
-6.488454 22.773603 2.000000
-6.667078 23.256109 2.000000
-6.075335 21.292578 2.000000
-7.603345 22.600746 2.000000
-5.585941 23.166552 2.000000
-5.231685 22.412821 2.000000
-5.525254 23.422049 2.000000
-6.400767 22.438992 2.000000
-7.156082 22.267689 2.000000
-6.541668 21.515419 2.000000
-6.318010 23.139200 2.000000
-6.005549 22.572134 2.000000
-6.873472 24.047409 2.000000
-6.518597 22.629280 2.000000
-5.257176 22.968481 2.000000
-6.607000 22.633425 2.000000
-7.147267 21.204546 2.000000
-5.951621 24.166752 2.000000
-7.486347 23.472105 2.000000
-5.675557 21.505304 2.000000
-6.463373 22.652142 2.000000
-8.019414 23.065783 2.000000
-6.584883 22.555811 2.000000
-6.577882 22.664183 2.000000
-6.580899 22.719776 2.000000
-6.192490 22.171909 2.000000
-7.674609 21.740700 2.000000
-6.508761 22.679678 2.000000
-5.987807 22.641954 2.000000
-6.530858 22.674589 2.000000
-6.754959 22.550812 2.000000
-5.055412 22.621098 2.000000
-5.220820 22.072121 2.000000
-6.231616 23.658655 2.000000
-6.511291 22.687492 2.000000
-6.574753 22.732716 2.000000
-7.048862 23.078699 2.000000
-7.782000 22.413147 2.000000
-6.714103 22.823860 2.000000
-7.392739 21.989241 2.000000
-6.515943 22.681026 2.000000
-6.890898 23.883366 2.000000
-6.530175 22.702667 2.000000
-7.042142 21.668329 2.000000
-5.232912 23.811178 2.000000
-7.115928 23.167427 2.000000
-8.043574 22.315287 2.000000
-5.697031 23.630848 2.000000
-6.484682 22.692644 2.000000
-6.534276 23.001694 2.000000
-6.411097 24.206158 2.000000
-5.435039 21.778265 2.000000
20.999771 21.065701 3.000000
21.003424 21.023697 3.000000
21.081179 21.086279 3.000000
21.047901 21.024534 3.000000
19.667974 20.536222 3.000000
21.022327 21.057680 3.000000
19.544466 21.365452 3.000000
22.562965 21.062740 3.000000
21.216030 21.582821 3.000000
21.023291 21.057760 3.000000
21.202196 22.176495 3.000000
20.347759 20.063124 3.000000
21.448359 20.356821 3.000000
20.664371 21.888168 3.000000
21.374002 20.801033 3.000000
20.372295 19.647951 3.000000
19.532963 20.755108 3.000000
21.148588 19.763977 3.000000
21.864511 20.677170 3.000000
20.682955 22.520325 3.000000
22.377289 20.695263 3.000000
22.181486 20.079271 3.000000
20.474957 22.491552 3.000000
20.351768 21.042063 3.000000
21.868074 22.436289 3.000000
21.008528 21.050446 3.000000
21.864906 19.715998 3.000000
21.052313 20.997988 3.000000
20.995993 21.066448 3.000000
20.796844 21.178503 3.000000
20.511286 20.613461 3.000000
21.221935 22.461866 3.000000
21.009647 20.834665 3.000000
21.084957 21.088600 3.000000
19.829557 21.343393 3.000000
21.589722 20.417650 3.000000
20.113569 21.494833 3.000000
22.338982 21.450262 3.000000
21.205629 21.088718 3.000000
21.062937 21.000414 3.000000
20.878778 21.095728 3.000000
21.025219 21.139875 3.000000
21.053341 21.121367 3.000000
20.785185 21.768625 3.000000
21.062281 21.210083 3.000000
21.803629 21.831165 3.000000
20.671722 21.347727 3.000000
19.793377 20.076691 3.000000
20.557558 20.857424 3.000000
21.621189 21.627172 3.000000
19.814716 21.992876 3.000000
21.095144 21.014473 3.000000
22.366663 21.790157 3.000000
20.068689 22.001825 3.000000
21.324606 19.504530 3.000000
21.918568 21.325214 3.000000
20.750301 20.628004 3.000000
21.134926 20.050648 3.000000
22.097536 20.641726 3.000000
21.120920 21.102104 3.000000
20.695431 20.297512 3.000000
21.046946 21.061419 3.000000
20.342018 20.296234 3.000000
21.592352 21.994139 3.000000
-32.753769 5.294087 4.000000
-34.257519 4.559766 4.000000
-32.762669 5.215450 4.000000
-32.726768 4.988299 4.000000
-33.609379 6.069046 4.000000
-32.741486 5.246053 4.000000
-32.703056 5.317497 4.000000
-32.556057 4.829592 4.000000
-33.427914 3.961577 4.000000
-31.983349 4.514480 4.000000
-32.596813 5.316659 4.000000
-32.703056 5.317496 4.000000
-31.238537 4.761056 4.000000
-32.496296 4.343296 4.000000
-32.718800 5.270701 4.000000
-33.427429 5.509678 4.000000
-33.376114 4.969472 4.000000
-32.045792 5.411505 4.000000
-32.801033 5.245255 4.000000
-31.821184 6.614742 4.000000
-32.870495 5.284637 4.000000
-31.842682 6.159766 4.000000
-32.420616 6.670600 4.000000
-31.042458 4.603010 4.000000
-31.676306 4.276140 4.000000
-32.900459 5.250630 4.000000
-32.333546 5.848357 4.000000
-32.803112 6.359991 4.000000
-33.146122 5.542015 4.000000
-32.112503 6.351784 4.000000
-31.267893 5.682606 4.000000
-33.303276 6.647829 4.000000
-32.779114 5.255944 4.000000
-31.916330 5.127348 4.000000
-32.827503 5.289586 4.000000
-33.252323 4.505817 4.000000
-33.719006 4.165537 4.000000
-33.452209 5.569114 4.000000
-33.920101 5.202158 4.000000
-32.845650 4.247484 4.000000
-33.215492 4.817446 4.000000
-34.278965 5.499627 4.000000
-32.765636 5.076908 4.000000
-32.710197 5.457165 4.000000
-32.873005 5.273768 4.000000
-33.127232 6.895081 4.000000
-32.697151 5.357334 4.000000
-32.104256 5.398809 4.000000
-33.111416 5.806051 4.000000
-32.752857 5.219227 4.000000
-32.348778 3.804487 4.000000
-32.720161 5.313587 4.000000
-32.775700 5.328414 4.000000
-32.720161 5.313587 4.000000
-34.012909 6.013438 4.000000
-31.818485 5.821040 4.000000
-32.219967 4.419851 4.000000
-32.653450 6.116131 4.000000
-32.941341 3.805650 4.000000
-31.523388 5.397413 4.000000
-33.955727 4.942751 4.000000
-34.531921 4.508138 4.000000
-33.845070 6.533166 4.000000
-32.866180 4.852624 4.000000
25.376476 -19.175337 5.000000
25.021564 -18.149578 5.000000
25.005289 -18.164017 5.000000
26.347950 -17.334122 5.000000
25.385244 -19.871082 5.000000
26.100670 -18.036297 5.000000
23.470898 -17.716705 5.000000
24.913221 -18.165369 5.000000
26.055487 -19.348158 5.000000
26.423550 -17.639959 5.000000
24.916943 -18.253660 5.000000
25.290054 -18.080654 5.000000
24.879553 -18.179930 5.000000
23.770180 -18.765459 5.000000
24.710972 -18.594532 5.000000
25.039860 -17.522934 5.000000
24.674633 -18.065239 5.000000
26.535496 -18.088171 5.000000
26.282295 -18.865732 5.000000
24.884943 -18.069881 5.000000
24.881075 -18.267778 5.000000
24.433002 -16.870712 5.000000
25.794212 -17.826778 5.000000
25.227409 -18.800255 5.000000
25.025503 -18.310627 5.000000
25.643072 -18.789097 5.000000
25.919817 -17.395569 5.000000
24.079107 -19.369699 5.000000
24.450628 -18.324657 5.000000
24.603106 -19.400303 5.000000
25.121820 -17.554306 5.000000
24.283186 -17.770601 5.000000
24.922188 -18.302723 5.000000
24.973970 -18.332912 5.000000
24.117331 -18.423494 5.000000
24.888906 -17.177982 5.000000
25.018433 -17.348139 5.000000
24.935503 -18.543432 5.000000
25.483782 -17.257135 5.000000
24.054235 -17.198343 5.000000
23.662420 -18.202587 5.000000
24.852221 -18.697813 5.000000
24.180328 -19.002394 5.000000
24.990259 -18.175119 5.000000
25.047363 -16.664955 5.000000
23.834835 -18.590267 5.000000
23.932966 -17.492292 5.000000
25.410414 -16.664598 5.000000
24.910421 -18.241423 5.000000
25.570383 -18.405678 5.000000
25.164474 -18.240751 5.000000
24.942694 -18.224787 5.000000
24.030090 -17.783403 5.000000
24.921112 -18.165396 5.000000
24.950968 -18.273682 5.000000
23.847994 -16.890078 5.000000
26.584356 -18.925556 5.000000
25.269579 -19.211302 5.000000
24.964342 -18.213707 5.000000
24.538395 -19.798038 5.000000
24.920700 -18.286903 5.000000
25.352901 -19.647045 5.000000
25.955658 -18.292271 5.000000
24.956944 -18.091764 5.000000
-23.524036 23.535118 6.000000
-24.954206 23.166414 6.000000
-24.961523 23.711933 6.000000
-23.543310 23.517687 6.000000
-23.572817 23.476477 6.000000
-22.924168 21.852610 6.000000
-24.574125 24.578852 6.000000
-23.677130 22.244711 6.000000
-23.121933 23.160086 6.000000
-23.446833 23.297169 6.000000
-22.611818 24.242798 6.000000
-23.209644 22.565836 6.000000
-23.770992 23.816603 6.000000
-23.541153 23.472040 6.000000
-23.074711 25.095873 6.000000
-23.686218 22.750769 6.000000
-24.656540 22.534832 6.000000
-23.688097 23.530842 6.000000
-23.038715 23.262465 6.000000
-23.554272 23.505791 6.000000
-23.918873 24.459793 6.000000
-23.712330 24.962702 6.000000
-23.559628 23.540146 6.000000
-24.735567 22.898540 6.000000
-22.296648 23.287268 6.000000
-22.918329 22.149763 6.000000
-23.545406 23.570524 6.000000
-23.718296 23.390604 6.000000
-23.532700 23.522259 6.000000
-24.330652 22.605913 6.000000
-23.528393 23.534733 6.000000
-23.170174 24.474985 6.000000
-22.455015 23.780048 6.000000
-23.433567 23.607845 6.000000
-24.908180 24.190128 6.000000
-23.538931 23.508432 6.000000
-24.002819 22.354288 6.000000
-23.519619 23.471291 6.000000
-22.051237 23.338142 6.000000
-23.796192 24.103436 6.000000
-24.529301 23.804552 6.000000
-22.113607 24.289042 6.000000
-23.215040 23.776409 6.000000
-22.171276 24.296951 6.000000
-23.992161 22.000246 6.000000
-23.604706 23.513407 6.000000
-23.966770 23.279194 6.000000
-22.686352 24.823864 6.000000
-23.571686 23.535393 6.000000
-22.874739 22.408743 6.000000
-23.942482 23.242565 6.000000
-24.319935 24.807886 6.000000
-23.423414 24.114405 6.000000
-22.837198 24.108931 6.000000
-23.517780 23.650011 6.000000
-22.392273 22.547892 6.000000
-23.561275 23.634912 6.000000
-22.438782 23.021242 6.000000
-24.234852 23.962484 6.000000
-23.593231 23.518066 6.000000
-23.409214 24.871161 6.000000
-23.510336 23.621264 6.000000
-23.458426 23.310043 6.000000
-24.692268 23.555162 6.000000
-18.561323 -6.640486 7.000000
-18.519073 -6.300287 7.000000
-18.507568 -6.297891 7.000000
-18.920391 -8.054799 7.000000
-18.624411 -6.251398 7.000000
-18.580557 -6.285446 7.000000
-19.699001 -5.483490 7.000000
-18.661364 -6.376757 7.000000
-18.507925 -6.338570 7.000000
-19.044521 -5.316274 7.000000
-18.108171 -6.935109 7.000000
-19.414845 -6.529339 7.000000
-18.710817 -6.423457 7.000000
-17.426998 -7.439739 7.000000
-18.509270 -6.351682 7.000000
-19.762964 -6.723699 7.000000
-18.516903 -6.328176 7.000000
-18.560980 -6.407303 7.000000
-19.118032 -7.119496 7.000000
-18.578493 -6.349808 7.000000
-17.011971 -6.764570 7.000000
-17.945164 -6.296166 7.000000
-18.105309 -4.975185 7.000000
-19.171230 -6.326434 7.000000
-18.507910 -6.266457 7.000000
-20.005690 -6.359466 7.000000
-18.465319 -5.926780 7.000000
-20.166309 -5.848884 7.000000
-19.451088 -7.480060 7.000000
-18.829964 -7.679006 7.000000
-18.542179 -6.334316 7.000000
-17.050228 -5.876013 7.000000
-18.177483 -7.797386 7.000000
-18.690575 -6.257919 7.000000
-18.590961 -4.871989 7.000000
-17.572535 -5.728658 7.000000
-18.498154 -5.163871 7.000000
-18.253031 -7.426562 7.000000
-17.654980 -5.139903 7.000000
-18.126045 -6.331744 7.000000
-19.783239 -7.048289 7.000000
-19.297613 -5.927319 7.000000
-17.393305 -6.645432 7.000000
-18.444519 -6.527216 7.000000
-18.988823 -6.028795 7.000000
-17.612352 -6.654420 7.000000
-19.660610 -5.623886 7.000000
-18.940580 -7.632487 7.000000
-19.094477 -4.937074 7.000000
-18.497690 -6.323259 7.000000
-18.980143 -5.662602 7.000000
-18.390068 -6.461688 7.000000
-17.776443 -7.104677 7.000000
-17.743128 -7.696873 7.000000
-18.346710 -5.981839 7.000000
-17.598984 -5.526000 7.000000
-18.677912 -6.915241 7.000000
-17.331566 -6.316037 7.000000
-18.501160 -6.279239 7.000000
-20.250896 -6.785676 7.000000
-18.112200 -5.643064 7.000000
-18.635069 -6.325061 7.000000
-18.442455 -6.782287 7.000000
-18.486048 -6.328597 7.000000
8.460082 -7.962855 8.000000
6.615860 -7.969237 8.000000
7.464965 -8.821679 8.000000
7.355919 -8.501616 8.000000
7.389712 -8.515567 8.000000
7.119482 -8.442317 8.000000
7.145916 -8.451600 8.000000
8.555329 -8.968043 8.000000
7.640416 -8.408086 8.000000
7.675010 -7.573797 8.000000
7.254923 -8.849796 8.000000
7.360309 -8.553329 8.000000
7.355552 -9.236490 8.000000
6.970881 -7.575380 8.000000
7.132041 -8.437519 8.000000
7.460602 -9.577626 8.000000
7.054525 -7.174320 8.000000
6.184036 -9.303497 8.000000
7.298800 -8.419496 8.000000
6.405494 -9.684737 8.000000
7.574936 -9.922951 8.000000
7.206746 -8.465448 8.000000
6.581858 -8.509625 8.000000
7.756927 -8.590635 8.000000
6.736521 -9.315607 8.000000
6.595854 -8.505110 8.000000
5.769314 -9.123560 8.000000
6.184113 -8.816543 8.000000
7.330695 -8.448050 8.000000
7.207699 -8.421394 8.000000
8.568304 -9.480645 8.000000
8.022051 -8.147391 8.000000
6.107727 -7.189493 8.000000
8.271822 -7.491545 8.000000
7.410598 -7.051145 8.000000
7.148894 -8.476304 8.000000
5.750412 -8.034025 8.000000
5.954753 -7.934503 8.000000
8.619972 -8.470016 8.000000
8.286570 -8.821801 8.000000
6.572250 -7.841416 8.000000
6.404746 -7.308659 8.000000
6.828999 -9.968114 8.000000
7.787860 -7.754708 8.000000
7.178575 -8.421548 8.000000
6.001768 -8.284951 8.000000
7.131626 -8.483108 8.000000
5.767777 -8.741315 8.000000
8.011614 -7.273289 8.000000
7.215919 -8.507792 8.000000
7.428256 -8.482123 8.000000
7.036654 -8.519948 8.000000
7.250014 -8.420918 8.000000
7.205738 -8.549658 8.000000
7.322854 -9.123774 8.000000
6.801297 -8.981364 8.000000
8.018327 -9.397131 8.000000
7.132793 -10.041904 8.000000
7.183829 -8.382983 8.000000
8.141537 -9.828835 8.000000
7.174415 -8.430649 8.000000
8.915822 -8.814919 8.000000
7.012402 -8.438259 8.000000
6.422397 -6.966601 8.000000
-6.771986 2.562553 9.000000
-5.572330 2.008767 9.000000
-7.367689 1.616268 9.000000
-7.006959 2.772595 9.000000
-6.984160 2.791379 9.000000
-8.087384 2.446716 9.000000
-6.661955 2.652475 9.000000
-6.231118 1.372698 9.000000
-6.889545 2.701651 9.000000
-6.533791 1.112364 9.000000
-6.511825 2.659661 9.000000
-6.804054 4.167540 9.000000
-6.831172 2.085441 9.000000
-7.104267 3.820277 9.000000
-7.212942 2.436499 9.000000
-7.405908 4.098685 9.000000
-7.738472 2.766869 9.000000
-5.672842 3.368496 9.000000
-5.514785 2.462605 9.000000
-7.576636 1.979182 9.000000
-6.494841 1.756551 9.000000
-5.999549 1.839603 9.000000
-6.912914 1.205168 9.000000
-6.917179 2.671346 9.000000
-8.168708 3.658701 9.000000
-7.189546 2.683014 9.000000
-6.304101 2.298027 9.000000
-7.733805 2.734110 9.000000
-6.892972 2.534755 9.000000
-8.433802 2.565790 9.000000
-7.838737 1.452448 9.000000
-5.957397 3.806205 9.000000
-6.534102 2.582685 9.000000
-6.799762 2.732571 9.000000
-7.503837 2.364512 9.000000
-7.768865 3.334664 9.000000
-6.856430 2.608790 9.000000
-6.124512 2.871212 9.000000
-8.158960 1.930788 9.000000
-6.801497 2.828440 9.000000
-6.312879 3.126558 9.000000
-5.724873 1.625536 9.000000
-7.428067 3.742027 9.000000
-5.565325 2.890258 9.000000
-6.455598 3.459227 9.000000
-6.724539 2.421745 9.000000
-6.743165 2.836598 9.000000
-5.298588 2.556676 9.000000
-6.835755 2.651114 9.000000
-6.788256 2.714003 9.000000
-7.139233 2.346343 9.000000
-6.596342 2.648218 9.000000
-6.829854 2.729584 9.000000
-6.853370 2.647652 9.000000
-8.230727 3.297041 9.000000
-7.378018 3.214659 9.000000
-6.658292 3.706692 9.000000
-7.355004 1.300427 9.000000
-6.775279 2.146284 9.000000
-6.849923 2.686564 9.000000
-5.548722 3.418896 9.000000
-6.829461 2.631808 9.000000
-6.873325 2.640832 9.000000
-6.280273 4.013785 9.000000
42.081596 2.804581 10.000000
42.903019 2.912659 10.000000
43.547443 0.816056 10.000000
42.920174 1.387791 10.000000
42.605408 2.063484 10.000000
43.996902 3.430526 10.000000
42.394005 1.415395 10.000000
41.660694 1.843601 10.000000
43.251656 0.524191 10.000000
43.291454 2.075282 10.000000
43.008163 2.236420 10.000000
44.890797 2.387014 10.000000
43.342503 3.298844 10.000000
42.430717 1.450361 10.000000
43.574715 2.450979 10.000000
43.207211 2.114424 10.000000
43.311050 1.225159 10.000000
42.596886 2.530463 10.000000
44.296818 2.361993 10.000000
42.814266 3.570681 10.000000
43.742813 1.536517 10.000000
44.341896 1.511709 10.000000
43.278721 2.172216 10.000000
43.197250 1.986766 10.000000
44.383770 2.980747 10.000000
43.076546 3.103857 10.000000
44.615726 2.254405 10.000000
42.595795 0.950056 10.000000
44.032475 2.061274 10.000000
44.545956 0.841846 10.000000
43.544621 1.666200 10.000000
43.207420 2.114394 10.000000
43.209908 2.070615 10.000000
43.240726 1.492503 10.000000
43.459957 1.742557 10.000000
43.294285 2.197835 10.000000
43.190746 2.102076 10.000000
43.916950 2.739087 10.000000
41.854092 1.273615 10.000000
43.155670 1.981027 10.000000
43.029594 2.053782 10.000000
43.737743 3.160889 10.000000
43.215172 2.078353 10.000000
43.484047 1.929535 10.000000
42.871338 0.612059 10.000000
43.326359 2.339781 10.000000
43.195732 2.090448 10.000000
42.518597 3.320312 10.000000
43.195011 2.096762 10.000000
43.037750 2.153383 10.000000
43.136898 2.051931 10.000000
43.170403 2.101550 10.000000
41.893536 2.261577 10.000000
42.038609 1.841286 10.000000
42.025574 2.542583 10.000000
43.115208 1.972354 10.000000
42.115772 3.062788 10.000000
43.831306 0.837116 10.000000
43.794430 2.749535 10.000000
42.287895 0.804130 10.000000
44.493416 1.428962 10.000000
43.378059 2.024111 10.000000
43.250526 2.043315 10.000000
44.318405 1.024017 10.000000
-5.257022 -20.067862 11.000000
-4.382842 -20.509661 11.000000
-4.937998 -20.805420 11.000000
-4.585000 -19.251154 11.000000
-4.547421 -19.313644 11.000000
-3.322564 -20.032110 11.000000
-4.059216 -20.747108 11.000000
-5.675577 -18.347998 11.000000
-4.289012 -19.439943 11.000000
-4.517989 -19.213217 11.000000
-3.704222 -18.090588 11.000000
-4.678988 -18.998991 11.000000
-5.958107 -19.193197 11.000000
-4.042926 -20.009924 11.000000
-4.483380 -20.516729 11.000000
-5.121677 -17.946539 11.000000
-3.071859 -18.591808 11.000000
-4.373799 -19.341160 11.000000
-4.644556 -19.033386 11.000000
-3.679106 -18.813442 11.000000
-4.480745 -19.315525 11.000000
-5.749990 -18.614864 11.000000
-5.072927 -18.018225 11.000000
-3.866692 -18.103140 11.000000
-4.450189 -19.362633 11.000000
-5.251174 -18.356102 11.000000
-4.499676 -19.015444 11.000000
-4.519101 -19.368235 11.000000
-4.408720 -17.861717 11.000000
-5.752311 -19.856262 11.000000
-6.029520 -19.074745 11.000000
-4.948762 -19.583040 11.000000
-5.381089 -19.260029 11.000000
-5.922561 -19.954748 11.000000
-4.520108 -19.316557 11.000000
-4.476931 -19.621443 11.000000
-4.550653 -19.325048 11.000000
-4.989471 -18.801374 11.000000
-5.408028 -19.577414 11.000000
-3.057230 -19.261614 11.000000
-3.834241 -19.292736 11.000000
-3.755526 -19.183847 11.000000
-3.578992 -19.790340 11.000000
-4.449755 -17.896263 11.000000
-4.574160 -19.273237 11.000000
-4.543111 -19.300028 11.000000
-4.516084 -19.294907 11.000000
-5.044288 -19.083492 11.000000
-4.440962 -19.200737 11.000000
-4.820496 -19.172703 11.000000
-4.543536 -19.936968 11.000000
-4.507393 -19.311623 11.000000
-4.510663 -19.278830 11.000000
-3.021850 -19.422829 11.000000
-4.507503 -19.309044 11.000000
-3.557411 -20.510151 11.000000
-3.307581 -18.557003 11.000000
-4.990609 -20.307991 11.000000
-4.151815 -18.540014 11.000000
-3.631809 -19.914848 11.000000
-5.460024 -20.484890 11.000000
-4.409309 -18.724514 11.000000
-4.541674 -19.447346 11.000000
-4.528799 -19.299084 11.000000
22.115017 0.987990 12.000000
23.008200 1.061689 12.000000
22.327623 -0.605673 12.000000
22.377296 0.537401 12.000000
23.307169 -0.732800 12.000000
22.338047 0.480722 12.000000
21.689142 0.035734 12.000000
22.140436 0.424893 12.000000
22.723635 -0.286677 12.000000
21.745079 1.306583 12.000000
22.707254 1.313943 12.000000
21.804029 -0.881543 12.000000
22.333437 2.084639 12.000000
22.319765 0.667494 12.000000
22.333633 0.448839 12.000000
22.234159 -1.038623 12.000000
22.772024 -0.353659 12.000000
22.370781 0.420401 12.000000
23.667807 -0.139318 12.000000
22.445101 0.471999 12.000000
21.025305 -0.092192 12.000000
23.473511 0.273075 12.000000
21.123560 1.335535 12.000000
21.493277 -0.261965 12.000000
20.795528 0.887218 12.000000
21.235991 0.739522 12.000000
22.382242 0.328323 12.000000
22.762602 1.818183 12.000000
23.342592 0.195729 12.000000
22.149847 0.613641 12.000000
21.219927 0.607022 12.000000
23.338528 -0.353637 12.000000
22.856281 -0.940801 12.000000
21.381208 1.697292 12.000000
22.318024 0.462029 12.000000
23.866951 0.531052 12.000000
23.783026 0.960744 12.000000
22.151329 0.278338 12.000000
22.306911 0.495434 12.000000
22.350460 0.491812 12.000000
23.089851 0.944539 12.000000
21.368114 -0.756771 12.000000
22.335859 0.482847 12.000000
22.434965 0.439161 12.000000
21.828056 1.190292 12.000000
20.964611 -0.245201 12.000000
23.224163 0.787921 12.000000
22.032763 -0.393002 12.000000
22.360302 0.523045 12.000000
22.319176 0.496393 12.000000
23.147728 1.671647 12.000000
22.356323 0.461606 12.000000
21.970432 0.553752 12.000000
22.639082 0.179046 12.000000
22.131840 0.674068 12.000000
22.305178 1.749235 12.000000
22.315622 0.500691 12.000000
22.576075 0.008608 12.000000
22.332586 0.469315 12.000000
22.375883 0.550846 12.000000
23.427271 1.373422 12.000000
22.382933 0.551511 12.000000
21.817383 1.722311 12.000000
21.308025 0.529086 12.000000
8.241193 -33.180813 13.000000
7.110850 -32.808861 13.000000
7.170930 -35.372219 13.000000
6.850713 -35.402122 13.000000
8.635482 -34.669792 13.000000
8.011719 -35.827686 13.000000
7.535954 -34.446125 13.000000
7.625348 -34.341007 13.000000
7.573062 -34.484035 13.000000
7.561713 -34.407475 13.000000
8.139918 -34.495884 13.000000
6.854930 -33.867970 13.000000
7.925790 -34.160759 13.000000
7.181561 -35.208916 13.000000
7.827493 -32.897266 13.000000
7.394615 -33.274975 13.000000
7.971820 -33.696796 13.000000
6.439411 -34.587345 13.000000
7.154712 -33.030888 13.000000
7.438517 -34.335236 13.000000
6.170581 -33.885426 13.000000
7.560427 -34.066158 13.000000
6.125543 -34.805038 13.000000
8.114394 -35.305069 13.000000
7.240983 -34.577847 13.000000
7.610018 -34.241203 13.000000
9.121061 -34.715000 13.000000
7.603661 -34.461189 13.000000
6.118187 -34.942112 13.000000
7.531546 -34.400097 13.000000
7.345364 -33.630840 13.000000
8.311342 -34.631840 13.000000
8.802165 -35.257996 13.000000
8.052262 -34.186203 13.000000
8.702371 -33.835567 13.000000
7.566488 -34.442036 13.000000
7.593022 -34.472637 13.000000
8.971231 -34.189770 13.000000
7.674902 -34.548359 13.000000
7.663792 -34.483418 13.000000
7.614617 -34.423210 13.000000
7.628496 -35.944782 13.000000
7.637536 -34.469234 13.000000
7.273746 -34.837479 13.000000
8.334903 -34.917309 13.000000
5.886230 -34.464806 13.000000
7.453341 -34.475594 13.000000
6.833953 -34.715660 13.000000
7.580393 -34.543026 13.000000
7.619580 -34.318584 13.000000
6.869476 -34.192303 13.000000
8.472629 -33.340008 13.000000
7.666461 -34.755707 13.000000
8.873963 -33.679646 13.000000
7.547764 -33.684559 13.000000
6.631393 -35.776985 13.000000
6.546271 -33.395687 13.000000
7.519829 -34.373268 13.000000
6.174067 -33.623863 13.000000
8.461733 -35.736481 13.000000
6.756528 -34.039608 13.000000
7.731168 -35.258739 13.000000
7.620290 -34.428162 13.000000
6.818159 -35.758865 13.000000
-12.474027 -35.626034 14.000000
-12.754200 -37.128227 14.000000
-12.748644 -37.087711 14.000000
-12.817308 -37.073555 14.000000
-12.389491 -38.221653 14.000000
-14.043407 -37.518661 14.000000
-14.105043 -37.164600 14.000000
-11.371957 -37.500690 14.000000
-12.335459 -36.654797 14.000000
-12.619244 -37.089405 14.000000
-13.359087 -36.689240 14.000000
-12.772492 -36.972000 14.000000
-12.762943 -37.089104 14.000000
-12.865621 -37.113434 14.000000
-12.295329 -36.822510 14.000000
-11.490427 -38.363636 14.000000
-12.971224 -38.612129 14.000000
-12.801064 -37.099812 14.000000
-12.136896 -37.390144 14.000000
-12.856056 -37.057339 14.000000
-14.221058 -36.848824 14.000000
-12.521943 -37.255863 14.000000
-11.416433 -37.194839 14.000000
-12.833474 -37.090340 14.000000
-13.386748 -37.884113 14.000000
-13.095456 -36.450581 14.000000
-11.689378 -38.120251 14.000000
-13.566953 -36.974487 14.000000
-13.401350 -37.692814 14.000000
-12.821342 -37.020142 14.000000
-13.010892 -37.441498 14.000000
-13.643551 -35.880016 14.000000
-12.242502 -35.839691 14.000000
-12.672459 -37.859619 14.000000
-13.277924 -35.696487 14.000000
-14.114656 -38.054077 14.000000
-12.278097 -37.095726 14.000000
-12.816684 -36.909531 14.000000
-13.223584 -38.013947 14.000000
-11.510737 -36.458431 14.000000
-12.805439 -37.129177 14.000000
-12.809452 -37.104828 14.000000
-12.029763 -37.511940 14.000000
-12.226806 -36.190964 14.000000
-12.886015 -37.091034 14.000000
-12.805875 -37.829391 14.000000
-13.178327 -37.144253 14.000000
-12.756162 -37.125759 14.000000
-11.337760 -36.860569 14.000000
-12.692921 -37.192886 14.000000
-13.604630 -38.415535 14.000000
-12.841021 -36.921764 14.000000
-12.401053 -38.567162 14.000000
-14.036844 -36.071438 14.000000
-13.619462 -36.270260 14.000000
-13.710702 -37.382320 14.000000
-13.156549 -36.408897 14.000000
-12.548510 -36.331413 14.000000
-12.892165 -35.603680 14.000000
-11.635614 -36.073147 14.000000
-12.827950 -37.112263 14.000000
-11.925513 -36.765064 14.000000
-13.799322 -36.741005 14.000000
-12.020225 -37.994812 14.000000
7.542817 10.247821 15.000000
7.433764 9.798823 15.000000
6.231842 11.155230 15.000000
7.496304 9.116135 15.000000
6.381093 10.331329 15.000000
6.899343 11.659078 15.000000
6.399070 10.312082 15.000000
6.918413 9.020896 15.000000
6.003083 10.632134 15.000000
5.774362 10.269753 15.000000
6.455921 10.449816 15.000000
6.443413 8.746884 15.000000
6.341817 9.327335 15.000000
7.914371 9.672416 15.000000
5.458661 10.565797 15.000000
5.761064 9.604960 15.000000
5.635603 10.718860 15.000000
6.403975 10.291983 15.000000
5.709477 9.395523 15.000000
6.408987 10.279824 15.000000
6.350269 11.810058 15.000000
7.086022 11.177651 15.000000
6.099324 11.405792 15.000000
6.414123 10.331814 15.000000
7.159810 9.410315 15.000000
6.437444 10.255143 15.000000
6.431881 10.271803 15.000000
7.174682 9.703703 15.000000
6.336285 10.686874 15.000000
5.245279 11.348801 15.000000
5.547254 11.477697 15.000000
6.992799 10.235992 15.000000
6.407489 10.319819 15.000000
6.339566 10.436138 15.000000
6.441024 10.357446 15.000000
6.313684 10.274845 15.000000
6.368765 10.249317 15.000000
6.463068 9.459853 15.000000
6.041122 9.923660 15.000000
6.797395 9.813198 15.000000
7.492857 11.353253 15.000000
7.809842 10.260536 15.000000
6.374692 10.218639 15.000000
5.432808 9.042045 15.000000
6.922905 10.836542 15.000000
5.032584 10.010584 15.000000
6.540437 10.380225 15.000000
6.380509 10.738463 15.000000
7.801206 10.795214 15.000000
5.451225 10.052558 15.000000
6.339937 10.250642 15.000000
6.653890 10.466187 15.000000
5.977734 11.833694 15.000000
6.981229 11.452579 15.000000
4.833676 10.346715 15.000000
6.106308 10.831651 15.000000
6.654426 10.342247 15.000000
7.614747 10.911917 15.000000
6.484410 10.249987 15.000000
5.007982 10.846857 15.000000
6.136075 8.897605 15.000000
5.238387 9.546350 15.000000
6.409310 10.329417 15.000000
6.423767 9.919560 15.000000
-36.145927 -13.375451 16.000000
-36.070023 -13.833969 16.000000
-35.862110 -14.035103 16.000000
-34.544956 -14.303592 16.000000
-34.858059 -15.062023 16.000000
-35.896221 -13.864470 16.000000
-36.756966 -13.029885 16.000000
-34.835682 -13.071012 16.000000
-36.018391 -13.788939 16.000000
-37.342876 -14.581357 16.000000
-36.698456 -12.747834 16.000000
-35.053032 -12.174018 16.000000
-35.246037 -13.677330 16.000000
-34.806267 -14.801886 16.000000
-35.820747 -13.902960 16.000000
-35.841919 -13.901065 16.000000
-35.837864 -14.853343 16.000000
-35.884052 -14.068775 16.000000
-35.859241 -13.916886 16.000000
-36.202457 -13.846134 16.000000
-36.498806 -14.914994 16.000000
-35.649345 -13.119159 16.000000
-35.749317 -13.798046 16.000000
-34.428581 -14.283003 16.000000
-37.335815 -14.030967 16.000000
-36.003151 -13.937286 16.000000
-35.512726 -13.900315 16.000000
-35.513386 -14.088053 16.000000
-35.667370 -14.208310 16.000000
-36.402897 -14.077098 16.000000
-35.866951 -13.854825 16.000000
-37.089832 -13.322560 16.000000
-35.902977 -13.894719 16.000000
-35.449284 -13.388722 16.000000
-35.549320 -15.392676 16.000000
-36.962505 -13.581311 16.000000
-37.436459 -13.361900 16.000000
-36.891212 -15.014900 16.000000
-34.505196 -13.568911 16.000000
-35.163528 -14.416904 16.000000
-35.829372 -13.862307 16.000000
-35.896336 -13.887858 16.000000
-36.403767 -12.679689 16.000000
-34.676868 -13.042383 16.000000
-36.113148 -15.052926 16.000000
-35.322105 -15.013812 16.000000
-36.013924 -12.384981 16.000000
-35.810440 -13.950500 16.000000
-36.401592 -14.488715 16.000000
-35.900341 -13.893497 16.000000
-35.151051 -12.354350 16.000000
-35.782879 -13.723564 16.000000
-36.038826 -12.919116 16.000000
-36.899338 -14.550775 16.000000
-34.436268 -13.872316 16.000000
-35.617531 -14.592093 16.000000
-35.018497 -13.595430 16.000000
-35.743736 -13.905755 16.000000
-36.146378 -13.642573 16.000000
-35.593819 -12.743475 16.000000
-35.986301 -15.399094 16.000000
-35.759720 -13.977656 16.000000
-36.903202 -14.077463 16.000000
-35.842705 -13.956098 16.000000
