-6.759576 -16.881231 1.000000
-8.158242 -17.470209 1.000000
-7.253297 -17.564531 1.000000
-5.172420 -16.883070 1.000000
-6.444250 -15.379217 1.000000
-6.700104 -16.779694 1.000000
-6.781966 -16.948656 1.000000
-6.255757 -17.786896 1.000000
-6.561787 -16.784752 1.000000
-6.604714 -16.917524 1.000000
-6.693997 -16.845655 1.000000
-7.443309 -18.030132 1.000000
-6.674562 -16.886395 1.000000
-5.093698 -17.125320 1.000000
-5.926969 -17.393082 1.000000
-6.814334 -16.934113 1.000000
-7.817698 -16.989592 1.000000
-6.045908 -16.458672 1.000000
-6.595327 -17.379606 1.000000
-6.873397 -16.781317 1.000000
-6.575206 -16.650887 1.000000
-6.704839 -16.881542 1.000000
-5.360285 -16.120924 1.000000
-7.215755 -15.402591 1.000000
-7.505323 -16.480591 1.000000
-6.881427 -15.656856 1.000000
-6.194600 -16.808220 1.000000
-6.568586 -16.611698 1.000000
-7.934290 -16.511921 1.000000
-6.731681 -16.831165 1.000000
-6.118605 -18.214979 1.000000
-6.914900 -15.339151 1.000000
-5.951530 -15.585372 1.000000
-6.830001 -17.057755 1.000000
-6.630835 -18.278151 1.000000
-5.279953 -17.182579 1.000000
-7.673875 -17.907631 1.000000
-7.050216 -18.215115 1.000000
-5.869918 -15.781637 1.000000
-6.681860 -16.850256 1.000000
-6.790764 -16.905851 1.000000
-6.700848 -16.904922 1.000000
-7.815263 -18.219301 1.000000
-6.729721 -16.910341 1.000000
-6.507963 -18.460482 1.000000
-6.616565 -16.782164 1.000000
-6.318712 -17.049948 1.000000
-6.716956 -16.912951 1.000000
-6.360451 -16.224665 1.000000
-7.432080 -15.774395 1.000000
-7.180151 -16.708567 1.000000
-6.591147 -17.280642 1.000000
-5.540380 -16.214352 1.000000
-5.639848 -17.784231 1.000000
-5.582304 -17.976934 1.000000
-7.940707 -15.846369 1.000000
-8.125999 -15.786657 1.000000
-7.005634 -17.350983 1.000000
-7.201911 -16.138899 1.000000
-8.432690 -17.349045 1.000000
-8.148696 -16.612755 1.000000
-6.692287 -16.792976 1.000000
-6.276634 -16.473392 1.000000
-7.052595 -16.997557 1.000000
-2.915115 13.161855 2.000000
-2.480349 13.945933 2.000000
-1.387268 13.855345 2.000000
-1.393922 13.836217 2.000000
-0.686673 13.181258 2.000000
-1.513412 12.512966 2.000000
-1.155935 13.756196 2.000000
-1.723619 15.396625 2.000000
-0.284163 14.155540 2.000000
-1.830215 13.404091 2.000000
-2.577085 14.797834 2.000000
-1.241578 14.017841 2.000000
-1.612885 14.391138 2.000000
-2.837869 14.264558 2.000000
-1.048012 15.470917 2.000000
-0.872765 12.588468 2.000000
-1.384678 13.908369 2.000000
-0.171287 13.540187 2.000000
-1.404575 13.818836 2.000000
-1.155582 13.731707 2.000000
-2.497182 13.192313 2.000000
-0.092330 13.446523 2.000000
-1.690864 15.244122 2.000000
-1.404986 13.812936 2.000000
-1.382535 14.049724 2.000000
-0.268011 14.866701 2.000000
-1.747195 14.187072 2.000000
-1.087518 15.075274 2.000000
-1.933762 15.025144 2.000000
-2.124404 13.324039 2.000000
-0.393787 14.691545 2.000000
-1.420345 13.246830 2.000000
-0.870137 15.075639 2.000000
-2.443988 12.679707 2.000000
-2.106253 13.715317 2.000000
-1.545170 14.687083 2.000000
-0.865294 13.482791 2.000000
-1.567309 14.075661 2.000000
-0.447591 12.624857 2.000000
-1.409523 13.830485 2.000000
-0.012472 13.003736 2.000000
-1.367682 13.836854 2.000000
-1.451219 13.628763 2.000000
-1.138686 14.060683 2.000000
-0.171189 13.960227 2.000000
-1.404398 13.390636 2.000000
-1.498994 14.080333 2.000000
-1.987321 12.990057 2.000000
-0.868670 12.690666 2.000000
-1.926237 12.531591 2.000000
-2.585917 14.474382 2.000000
0.209219 14.171082 2.000000
-0.662502 14.422565 2.000000
-2.893250 13.644038 2.000000
-0.849244 13.897450 2.000000
-1.438491 12.299264 2.000000
-1.381806 13.866140 2.000000
-1.378137 13.772926 2.000000
-2.317943 14.922296 2.000000
-1.703056 14.069656 2.000000
-1.416646 13.837091 2.000000
-1.386893 14.057933 2.000000
-1.578875 13.997680 2.000000
-1.363539 13.927998 2.000000
26.356182 11.771429 3.000000
26.587025 12.381401 3.000000
26.503807 12.415734 3.000000
27.024397 10.869758 3.000000
27.668139 11.720817 3.000000
26.460686 12.398332 3.000000
26.367064 12.489799 3.000000
26.606871 12.358021 3.000000
26.780785 12.486640 3.000000
26.957890 11.919129 3.000000
28.008091 12.255828 3.000000
26.843672 13.929770 3.000000
26.503147 12.720774 3.000000
24.719877 12.641064 3.000000
26.125368 10.727429 3.000000
27.261648 12.655267 3.000000
26.548113 12.402597 3.000000
26.567331 12.399997 3.000000
25.213369 13.162710 3.000000
25.875990 11.975063 3.000000
26.340479 12.597738 3.000000
25.549023 13.753100 3.000000
25.906755 11.478866 3.000000
26.042986 12.380273 3.000000
27.253836 11.098840 3.000000
26.096010 13.208295 3.000000
26.514065 12.374399 3.000000
26.530510 12.424181 3.000000
26.724880 11.479093 3.000000
26.511078 12.236946 3.000000
25.405382 12.103226 3.000000
26.091927 11.075671 3.000000
27.347521 11.881214 3.000000
27.791351 11.455070 3.000000
27.312727 12.964674 3.000000
27.860516 13.051602 3.000000
28.273500 12.604992 3.000000
27.194342 13.819803 3.000000
27.329971 13.532755 3.000000
26.565084 12.285547 3.000000
26.403811 12.360787 3.000000
24.978874 12.435975 3.000000
26.516468 12.426043 3.000000
26.588556 12.406595 3.000000
25.499960 13.416366 3.000000
25.663105 12.386230 3.000000
27.916042 12.483532 3.000000
26.316309 13.661443 3.000000
26.534706 12.396196 3.000000
25.376829 12.026195 3.000000
27.346678 13.401654 3.000000
26.205757 13.769115 3.000000
27.179373 12.332492 3.000000
25.398550 12.721544 3.000000
26.540358 12.492141 3.000000
25.553720 11.114262 3.000000
25.209936 11.519202 3.000000
26.164581 12.118887 3.000000
26.498121 13.204857 3.000000
26.710314 11.467258 3.000000
26.813694 12.030056 3.000000
26.602301 12.333026 3.000000
26.803633 12.735578 3.000000
26.049520 12.827124 3.000000
-0.748482 42.939728 4.000000
-0.725132 42.891525 4.000000
-2.118396 43.469868 4.000000
-1.219475 43.697624 4.000000
-1.495141 41.631996 4.000000
-1.546671 43.800812 4.000000
-0.696621 41.483772 4.000000
-0.764709 42.858555 4.000000
-0.442637 43.556694 4.000000
-1.902755 43.302849 4.000000
0.674384 43.749680 4.000000
0.863445 42.812687 4.000000
-1.055295 42.873966 4.000000
-0.776348 42.601292 4.000000
-1.940998 44.036022 4.000000
-0.857283 42.035255 4.000000
0.620467 43.283188 4.000000
-0.802140 42.901943 4.000000
-0.734236 43.186264 4.000000
-0.733716 42.945770 4.000000
-0.205233 41.674915 4.000000
0.107518 42.330929 4.000000
-0.673717 42.937435 4.000000
0.184876 42.353180 4.000000
-2.501425 42.692539 4.000000
-0.492930 44.515259 4.000000
-0.823776 42.897587 4.000000
-0.691968 43.833511 4.000000
0.122985 42.654640 4.000000
-0.755128 42.921772 4.000000
-0.879511 42.900322 4.000000
-0.616070 43.050301 4.000000
-0.695492 43.310108 4.000000
-1.849808 41.787647 4.000000
-0.999592 42.901390 4.000000
-0.168317 41.464588 4.000000
-1.473761 42.096741 4.000000
-1.060495 44.524471 4.000000
-0.887930 42.855984 4.000000
-2.257864 42.628429 4.000000
-0.671968 43.024292 4.000000
-0.850094 42.629360 4.000000
-0.075269 44.289459 4.000000
-1.634023 42.562313 4.000000
-0.779301 42.947109 4.000000
-1.001792 42.340282 4.000000
-0.889181 44.256424 4.000000
-0.273615 42.965683 4.000000
0.545343 42.693657 4.000000
-1.557678 44.279091 4.000000
0.294048 41.712093 4.000000
-0.702407 42.927967 4.000000
-0.451547 42.516342 4.000000
-1.967388 42.314720 4.000000
-0.740048 42.908360 4.000000
-0.751773 43.021133 4.000000
0.808891 42.257389 4.000000
-0.260699 43.545254 4.000000
-0.792597 42.904640 4.000000
0.223381 44.068672 4.000000
0.286679 43.567928 4.000000
-1.280347 43.366467 4.000000
-1.073051 41.439396 4.000000
-0.577216 42.498318 4.000000
-35.233845 -5.549803 5.000000
-35.614769 -8.211145 5.000000
-36.165318 -7.602053 5.000000
-36.135143 -6.846011 5.000000
-35.710823 -8.424230 5.000000
-35.052212 -6.002444 5.000000
-36.631493 -6.288722 5.000000
-36.152397 -6.892418 5.000000
-35.998337 -6.799149 5.000000
-36.455177 -6.307324 5.000000
-37.726677 -7.014326 5.000000
-36.473698 -8.148553 5.000000
-36.072498 -6.846808 5.000000
-35.658047 -6.086652 5.000000
-37.546844 -7.577605 5.000000
-36.097546 -6.745123 5.000000
-36.166695 -6.817679 5.000000
-37.436634 -6.630676 5.000000
-35.685383 -6.941545 5.000000
-35.449356 -7.874651 5.000000
-36.153404 -6.876674 5.000000
-35.663689 -6.691134 5.000000
-34.765324 -6.026230 5.000000
-35.868328 -7.806718 5.000000
-34.745934 -6.486497 5.000000
-36.341789 -5.563135 5.000000
-34.772343 -7.561005 5.000000
-35.713058 -6.152440 5.000000
-34.731152 -6.910028 5.000000
-36.198555 -7.506191 5.000000
-36.116974 -6.915000 5.000000
-36.386330 -7.068267 5.000000
-36.226170 -6.845471 5.000000
-36.070766 -6.257955 5.000000
-35.935257 -7.191695 5.000000
-36.585896 -6.513438 5.000000
-34.416035 -6.825499 5.000000
-36.651451 -8.302350 5.000000
-37.188419 -6.088549 5.000000
-36.227123 -6.867530 5.000000
-36.088974 -6.820853 5.000000
-36.279564 -6.876795 5.000000
-35.818760 -5.197160 5.000000
-34.983105 -7.693032 5.000000
-36.191845 -6.892900 5.000000
-37.035362 -7.421063 5.000000
-36.105804 -5.696237 5.000000
-36.397533 -6.743952 5.000000
-36.218372 -6.803207 5.000000
-36.138237 -6.849304 5.000000
-36.769062 -5.473892 5.000000
-36.720222 -7.576540 5.000000
-35.787670 -6.914581 5.000000
-37.521439 -5.945076 5.000000
-37.397156 -7.106172 5.000000
-36.180138 -6.910535 5.000000
-37.456318 -6.509790 5.000000
-36.161915 -6.853801 5.000000
-35.076141 -7.027270 5.000000
-37.044033 -5.612431 5.000000
-35.292072 -7.162932 5.000000
-36.324291 -5.305889 5.000000
-37.020168 -7.960358 5.000000
-36.374344 -6.868478 5.000000
-22.137266 -26.288679 6.000000
-23.197617 -27.210278 6.000000
-23.695507 -26.582651 6.000000
-22.574299 -28.330647 6.000000
-22.130508 -27.765688 6.000000
-23.323580 -28.838621 6.000000
-23.006893 -27.677448 6.000000
-22.229712 -28.836527 6.000000
-23.917967 -27.189281 6.000000
-23.063740 -27.836187 6.000000
-24.178936 -28.380844 6.000000
-24.532743 -26.383060 6.000000
-23.060936 -27.638760 6.000000
-22.915657 -27.584829 6.000000
-23.301281 -27.509459 6.000000
-22.551849 -26.576134 6.000000
-23.893850 -28.552807 6.000000
-23.854332 -27.731899 6.000000
-21.892179 -26.580820 6.000000
-23.159546 -28.042496 6.000000
-23.100695 -28.360823 6.000000
-22.497391 -28.123631 6.000000
-23.284731 -26.123394 6.000000
-22.785763 -26.039255 6.000000
-23.033649 -27.536646 6.000000
-24.467674 -27.096794 6.000000
-21.425547 -27.724070 6.000000
-21.967934 -27.266411 6.000000
-24.387814 -26.571608 6.000000
-23.215088 -26.610752 6.000000
-23.136036 -27.525188 6.000000
-23.064415 -27.529140 6.000000
-22.970892 -27.578243 6.000000
-23.120741 -27.706465 6.000000
-23.691307 -28.335249 6.000000
-22.972422 -27.517328 6.000000
-23.528437 -29.451395 6.000000
-23.392900 -29.250288 6.000000
-22.972494 -27.503233 6.000000
-22.932375 -27.858028 6.000000
-22.884039 -28.919451 6.000000
-22.752567 -26.999899 6.000000
-23.000744 -27.631647 6.000000
-22.237932 -28.855770 6.000000
-23.259375 -27.507227 6.000000
-23.028275 -27.638117 6.000000
-21.538784 -27.267099 6.000000
-23.137655 -27.658772 6.000000
-22.496450 -27.007214 6.000000
-22.199568 -27.075575 6.000000
-21.697155 -28.038023 6.000000
-22.751362 -27.244072 6.000000
-23.068607 -27.556051 6.000000
-24.442495 -27.484068 6.000000
-23.106201 -27.592100 6.000000
-21.965538 -28.249084 6.000000
-23.061783 -27.377832 6.000000
-23.160393 -27.488205 6.000000
-24.877060 -28.147730 6.000000
-24.741459 -28.068336 6.000000
-23.818926 -27.334343 6.000000
-23.776464 -26.236895 6.000000
-23.057390 -27.550665 6.000000
-24.085510 -27.895538 6.000000
42.191200 -1.942331 7.000000
43.967804 -1.894584 7.000000
43.109684 -2.230670 7.000000
41.417820 -1.776229 7.000000
42.500328 -1.711280 7.000000
43.164974 0.544064 7.000000
42.723972 -0.757203 7.000000
42.721882 -0.746043 7.000000
42.212246 -0.278892 7.000000
42.660374 1.025146 7.000000
42.666595 -0.755054 7.000000
42.702526 -0.757495 7.000000
42.773041 -1.384488 7.000000
41.938469 0.486503 7.000000
42.648228 -0.915708 7.000000
42.701229 -1.057354 7.000000
42.756374 -0.598745 7.000000
41.070755 -0.034887 7.000000
43.654480 0.254253 7.000000
41.965271 -0.736622 7.000000
42.875977 -0.751710 7.000000
43.465149 -0.992586 7.000000
42.664192 0.633962 7.000000
42.959969 -2.060811 7.000000
42.673176 -0.801175 7.000000
43.165005 -1.815312 7.000000
44.469597 -0.683678 7.000000
42.740910 -0.882069 7.000000
44.211979 0.063540 7.000000
42.548901 -0.873504 7.000000
42.702579 -0.816767 7.000000
41.270546 -1.059447 7.000000
41.983635 -1.840659 7.000000
42.275146 0.101397 7.000000
41.698277 0.196303 7.000000
42.707142 -0.789568 7.000000
42.564529 0.775491 7.000000
43.901054 -1.361060 7.000000
44.206944 -1.927835 7.000000
42.326138 -0.523010 7.000000
43.795296 -0.613285 7.000000
41.702797 -1.542039 7.000000
42.692478 -0.772983 7.000000
42.759003 -0.701175 7.000000
42.696678 -0.930611 7.000000
42.717781 -0.705461 7.000000
42.935009 -0.481880 7.000000
42.345974 -0.136599 7.000000
42.692165 -0.908322 7.000000
44.136745 -0.338867 7.000000
42.802948 0.013236 7.000000
41.787018 -1.028058 7.000000
43.629654 0.391547 7.000000
42.720119 -0.802548 7.000000
41.279140 -0.136155 7.000000
42.814747 -0.953160 7.000000
41.267342 -0.659934 7.000000
42.922379 -0.275425 7.000000
42.220665 -2.329081 7.000000
43.831463 -0.805819 7.000000
42.717476 -0.866957 7.000000
42.719284 -0.746040 7.000000
43.518604 -1.529297 7.000000
43.309490 -0.280604 7.000000
16.932779 -1.714668 8.000000
17.952101 -2.197477 8.000000
16.313559 0.041689 8.000000
17.357590 -1.782411 8.000000
18.399191 -1.694106 8.000000
17.126263 -1.616459 8.000000
17.353971 -2.996171 8.000000
16.200909 -3.069491 8.000000
16.303059 -0.783933 8.000000
16.870365 -1.426540 8.000000
16.988817 -1.719319 8.000000
16.367382 -0.241315 8.000000
17.820671 -2.307283 8.000000
16.839813 -1.743611 8.000000
17.863218 -2.642059 8.000000
17.041656 -1.638669 8.000000
15.652501 -0.818807 8.000000
16.897259 -0.483990 8.000000
16.165359 -2.215536 8.000000
15.634849 -2.189222 8.000000
17.342194 -1.835219 8.000000
16.428530 -1.067320 8.000000
16.204826 -2.839062 8.000000
17.720900 -3.092279 8.000000
17.429356 -0.858300 8.000000
16.800415 -3.159658 8.000000
16.970282 -1.605624 8.000000
18.291204 -0.738864 8.000000
15.787272 -1.385952 8.000000
15.597298 -1.288190 8.000000
16.941593 -1.690325 8.000000
17.014027 -1.641806 8.000000
16.949203 -1.657118 8.000000
16.759394 -1.853299 8.000000
16.963219 -1.812003 8.000000
16.602995 -1.472663 8.000000
18.046595 -1.131843 8.000000
17.455820 -0.840969 8.000000
16.971935 -1.634678 8.000000
18.497215 -0.643538 8.000000
17.186157 -0.182240 8.000000
16.746758 -1.885343 8.000000
17.072302 -2.438126 8.000000
16.150595 -0.578260 8.000000
17.778065 -0.460554 8.000000
16.971972 -1.634411 8.000000
18.318718 -2.258621 8.000000
16.983196 -1.658402 8.000000
16.771328 -2.739995 8.000000
16.370064 -1.557367 8.000000
17.591690 -1.393582 8.000000
16.987795 -1.564100 8.000000
16.608625 -2.181990 8.000000
17.451586 -0.964567 8.000000
16.917154 -1.790189 8.000000
15.215609 -2.118031 8.000000
17.304806 -3.072847 8.000000
17.266615 -2.274290 8.000000
16.983240 -1.623404 8.000000
17.013441 -1.620625 8.000000
18.449020 -1.821464 8.000000
16.161695 -2.102296 8.000000
16.910273 -1.096921 8.000000
15.489418 -2.058375 8.000000
-0.397827 0.008891 9.000000
0.889175 -1.129467 9.000000
0.880922 -1.112806 9.000000
1.297629 -2.685791 9.000000
2.200703 -1.024783 9.000000
0.426517 -0.837792 9.000000
-0.501059 -1.739411 9.000000
0.867268 -1.094680 9.000000
2.095697 -0.502308 9.000000
1.034618 0.496044 9.000000
0.199566 0.344951 9.000000
0.221290 -2.216665 9.000000
0.998029 -1.404067 9.000000
-0.390753 -2.002484 9.000000
0.803375 -1.050205 9.000000
1.452378 -1.782126 9.000000
1.021842 -0.879300 9.000000
1.086562 -1.104903 9.000000
1.442222 0.365946 9.000000
1.532380 -0.468066 9.000000
1.670914 -1.423144 9.000000
0.890106 -1.111440 9.000000
2.124097 -0.618587 9.000000
0.665588 -0.290830 9.000000
0.881346 -1.060965 9.000000
1.846958 -2.427348 9.000000
0.577559 0.289649 9.000000
0.011686 -0.483478 9.000000
0.118687 -0.137445 9.000000
0.860210 -1.177821 9.000000
0.441317 -1.129800 9.000000
0.976492 -2.516773 9.000000
0.843438 -1.100535 9.000000
-0.421504 -0.524996 9.000000
0.894521 -1.148579 9.000000
0.891923 -0.988515 9.000000
2.044799 -1.590970 9.000000
0.813079 -0.312361 9.000000
1.335990 -2.364274 9.000000
0.666179 -0.450058 9.000000
0.736986 -1.105366 9.000000
0.955747 -1.729084 9.000000
2.105058 -2.048933 9.000000
0.856896 -1.090950 9.000000
1.258057 -0.074039 9.000000
-0.181709 -1.424143 9.000000
0.302900 -1.488424 9.000000
-0.649976 -1.101591 9.000000
0.871106 -0.937252 9.000000
0.846024 -1.101645 9.000000
2.354363 -1.247960 9.000000
0.989561 -0.884718 9.000000
0.131155 -2.375914 9.000000
-0.471549 -0.834406 9.000000
1.370997 -2.060345 9.000000
0.439147 -2.661747 9.000000
0.857766 -1.145907 9.000000
0.745520 -1.425792 9.000000
2.007280 0.017165 9.000000
0.178656 -1.523248 9.000000
0.916809 -1.112010 9.000000
1.683165 -0.348260 9.000000
0.796453 -1.803543 9.000000
0.980035 -1.097405 9.000000
-15.832603 25.089842 10.000000
-14.729035 24.108707 10.000000
-15.703862 24.103397 10.000000
-16.368956 25.330624 10.000000
-15.232926 24.640087 10.000000
-15.093665 22.615095 10.000000
-15.733303 23.446383 10.000000
-15.715343 23.482233 10.000000
-15.294527 23.994253 10.000000
-15.138988 25.721249 10.000000
-16.782293 24.256859 10.000000
-14.796554 23.521311 10.000000
-15.269515 24.097170 10.000000
-16.841505 23.662304 10.000000
-13.565717 24.324543 10.000000
-15.319175 23.957136 10.000000
-14.125695 22.887066 10.000000
-16.086514 22.519014 10.000000
-15.757270 22.602697 10.000000
-13.404509 24.377890 10.000000
-14.656957 24.277969 10.000000
-15.286791 24.013489 10.000000
-15.298374 24.046816 10.000000
-14.040556 25.007801 10.000000
-15.966235 24.413755 10.000000
-15.472111 24.461863 10.000000
-16.458744 23.501877 10.000000
-15.312187 24.058853 10.000000
-15.243774 24.254402 10.000000
-14.237844 24.604942 10.000000
-15.261164 23.159388 10.000000
-14.259945 23.753149 10.000000
-15.239563 23.972223 10.000000
-16.743982 24.723351 10.000000
-14.700402 22.681257 10.000000
-14.959603 25.205185 10.000000
-16.031487 23.224056 10.000000
-15.416956 24.345030 10.000000
-15.000410 22.858639 10.000000
-14.645702 25.248602 10.000000
-15.306000 24.041498 10.000000
-14.866910 23.625822 10.000000
-15.741881 23.009104 10.000000
-16.187914 24.887100 10.000000
-15.705027 23.998699 10.000000
-15.116629 24.093941 10.000000
-15.287004 25.156723 10.000000
-15.433458 24.020130 10.000000
-16.551113 23.094528 10.000000
-15.271591 24.020739 10.000000
-16.228735 24.114868 10.000000
-14.028607 23.630764 10.000000
-16.279739 24.327806 10.000000
-14.355279 23.227295 10.000000
-15.210864 24.884779 10.000000
-15.274546 23.968611 10.000000
-15.127637 24.168419 10.000000
-15.294742 24.055151 10.000000
-14.492023 24.678532 10.000000
-15.844740 25.571526 10.000000
-15.125631 24.169569 10.000000
-14.283066 23.813793 10.000000
-15.331833 23.979538 10.000000
-15.652027 24.125744 10.000000
26.800556 -19.437395 11.000000
27.131218 -19.491318 11.000000
27.085424 -19.469101 11.000000
27.090052 -19.505358 11.000000
26.537689 -17.845467 11.000000
26.805790 -18.841797 11.000000
26.659723 -18.118988 11.000000
27.541979 -18.661022 11.000000
26.711044 -19.037817 11.000000
28.083702 -18.276691 11.000000
28.912405 -19.902233 11.000000
26.964548 -20.321592 11.000000
26.767172 -18.653915 11.000000
27.676294 -18.921118 11.000000
27.160032 -19.520128 11.000000
28.517572 -19.105463 11.000000
27.106728 -19.558235 11.000000
27.210924 -19.619438 11.000000
25.942112 -19.151110 11.000000
25.832493 -18.839611 11.000000
25.744719 -19.663479 11.000000
27.114254 -19.506828 11.000000
26.710896 -19.978170 11.000000
27.523558 -20.351368 11.000000
27.336132 -19.766075 11.000000
25.706264 -18.678665 11.000000
27.025135 -19.411667 11.000000
27.253897 -19.113047 11.000000
25.858036 -20.441225 11.000000
27.741749 -20.658527 11.000000
26.844234 -19.658491 11.000000
28.155607 -19.454626 11.000000
26.474733 -20.958376 11.000000
27.573788 -18.171429 11.000000
28.097794 -18.042578 11.000000
27.017736 -19.489359 11.000000
27.153271 -19.572830 11.000000
27.065676 -19.463549 11.000000
27.263876 -19.484587 11.000000
26.588009 -19.827997 11.000000
27.433529 -18.969158 11.000000
28.005638 -20.802340 11.000000
26.147057 -20.054138 11.000000
25.532398 -19.936571 11.000000
27.122053 -19.517122 11.000000
26.202101 -20.593098 11.000000
26.978369 -20.596212 11.000000
28.140558 -20.181654 11.000000
27.266457 -19.473734 11.000000
26.860929 -20.966368 11.000000
27.173714 -19.513824 11.000000
26.190269 -18.734770 11.000000
28.412756 -19.533937 11.000000
27.529984 -21.028156 11.000000
27.164371 -19.442171 11.000000
27.159546 -19.441132 11.000000
25.931999 -19.595459 11.000000
27.375275 -19.513365 11.000000
28.594776 -19.004072 11.000000
27.874043 -19.603556 11.000000
27.500889 -19.937431 11.000000
27.146479 -18.048809 11.000000
28.703426 -20.014347 11.000000
27.129156 -19.512293 11.000000
10.531548 -21.484236 12.000000
9.704224 -21.329510 12.000000
9.594691 -22.328766 12.000000
9.581197 -22.228107 12.000000
9.601245 -21.951981 12.000000
11.062739 -21.808277 12.000000
10.552052 -22.202280 12.000000
9.255654 -21.851957 12.000000
8.251173 -23.143480 12.000000
9.571467 -22.523346 12.000000
10.963582 -22.854649 12.000000
9.474830 -22.100739 12.000000
9.077284 -22.710924 12.000000
8.957325 -21.797161 12.000000
9.706462 -22.727837 12.000000
9.719206 -20.840574 12.000000
9.950841 -23.521172 12.000000
9.128087 -22.513109 12.000000
9.505971 -22.325169 12.000000
9.552140 -22.304274 12.000000
8.608101 -22.439371 12.000000
9.343240 -22.405979 12.000000
10.370027 -21.189833 12.000000
9.620086 -22.203552 12.000000
8.794004 -21.114002 12.000000
8.518507 -21.745060 12.000000
9.559681 -22.325581 12.000000
8.215096 -21.744537 12.000000
9.167024 -20.893158 12.000000
9.745324 -23.923677 12.000000
10.281863 -20.821112 12.000000
9.636969 -22.317307 12.000000
9.379509 -23.469213 12.000000
8.219780 -22.472767 12.000000
9.298683 -22.215895 12.000000
9.602904 -22.301418 12.000000
9.603172 -22.342855 12.000000
8.869547 -23.762318 12.000000
8.147448 -22.697094 12.000000
9.534888 -22.292818 12.000000
9.288203 -23.290703 12.000000
10.410512 -23.084936 12.000000
9.529479 -22.242769 12.000000
9.534959 -22.248291 12.000000
10.778625 -22.733818 12.000000
11.263815 -22.578362 12.000000
9.296389 -22.616676 12.000000
10.186978 -22.622286 12.000000
7.967171 -22.257896 12.000000
9.290541 -23.230988 12.000000
10.867425 -22.078560 12.000000
10.090130 -22.337955 12.000000
9.211176 -21.003864 12.000000
10.749823 -21.254446 12.000000
10.591620 -23.416845 12.000000
10.422614 -23.573652 12.000000
9.988189 -22.609686 12.000000
9.684175 -22.307148 12.000000
9.570366 -22.634769 12.000000
8.456634 -23.417850 12.000000
8.533020 -21.449015 12.000000
9.846018 -21.814199 12.000000
9.925658 -21.895739 12.000000
9.569939 -22.328440 12.000000
0.311842 -42.382408 13.000000
-1.743850 -42.759483 13.000000
-0.405881 -42.692352 13.000000
-0.163956 -42.320297 13.000000
0.694285 -41.412540 13.000000
-0.031554 -43.899872 13.000000
0.883572 -43.647038 13.000000
-0.345171 -42.729443 13.000000
-0.515006 -42.630810 13.000000
0.048686 -41.662941 13.000000
0.980685 -41.692402 13.000000
-0.310181 -44.555092 13.000000
-0.199773 -43.320023 13.000000
0.099528 -41.252647 13.000000
-1.495710 -43.336578 13.000000
0.738115 -42.520950 13.000000
-0.267303 -42.818878 13.000000
-1.066848 -42.890160 13.000000
-0.415968 -42.671856 13.000000
-0.252735 -42.706642 13.000000
-0.784925 -41.018921 13.000000
-0.379186 -42.646187 13.000000
-0.402897 -42.707745 13.000000
-1.202858 -42.671852 13.000000
-0.577489 -43.140194 13.000000
-1.023682 -42.274105 13.000000
-0.225881 -42.640152 13.000000
0.313274 -43.348976 13.000000
1.069084 -42.336872 13.000000
-0.295688 -42.812130 13.000000
-1.244803 -43.903637 13.000000
-0.722501 -42.523701 13.000000
-0.408773 -41.812824 13.000000
-0.610132 -42.910057 13.000000
-0.570299 -42.601692 13.000000
0.188243 -42.868908 13.000000
-1.116501 -41.287136 13.000000
-0.826351 -41.376221 13.000000
-0.697730 -43.925987 13.000000
-0.139969 -43.316566 13.000000
0.097125 -42.113064 13.000000
-0.386429 -42.636684 13.000000
-0.213865 -41.944153 13.000000
-0.267058 -44.299786 13.000000
-0.360337 -42.646503 13.000000
-1.529947 -41.798878 13.000000
0.826903 -43.856758 13.000000
-0.934577 -42.576927 13.000000
-1.514731 -41.596626 13.000000
-1.722622 -43.609314 13.000000
-0.669392 -43.212406 13.000000
-0.404117 -42.657425 13.000000
-0.431997 -42.688114 13.000000
-1.745113 -42.212273 13.000000
1.157465 -42.813984 13.000000
-0.320728 -42.685867 13.000000
0.574639 -41.593826 13.000000
-0.602428 -42.155674 13.000000
-0.801693 -43.345852 13.000000
-1.172056 -44.197601 13.000000
-1.918246 -43.143883 13.000000
0.413170 -43.286736 13.000000
-0.292309 -42.630795 13.000000
0.472771 -42.939285 13.000000
11.537455 25.565561 14.000000
11.475017 25.245750 14.000000
10.386909 25.069551 14.000000
11.571046 25.619965 14.000000
11.537832 25.544849 14.000000
12.775017 25.593203 14.000000
11.458249 25.548140 14.000000
11.880252 24.083935 14.000000
11.547493 25.625942 14.000000
11.532678 25.780022 14.000000
10.243738 26.390299 14.000000
11.899019 24.617371 14.000000
11.575203 25.504772 14.000000
11.617064 25.475971 14.000000
11.817139 27.084467 14.000000
12.725903 24.884798 14.000000
11.632564 25.486952 14.000000
11.135198 26.092789 14.000000
11.308534 25.286661 14.000000
10.508742 24.853876 14.000000
11.144001 25.535042 14.000000
9.871753 25.794582 14.000000
12.441800 26.892235 14.000000
11.335279 26.912275 14.000000
10.778073 25.734819 14.000000
11.588252 25.584641 14.000000
9.981011 24.783192 14.000000
12.634253 25.031809 14.000000
13.162323 25.262306 14.000000
11.483466 25.508099 14.000000
11.227027 25.000977 14.000000
10.787091 26.322203 14.000000
12.658512 26.205803 14.000000
11.909041 25.201097 14.000000
11.303120 25.716732 14.000000
11.726220 24.274824 14.000000
12.052241 26.517113 14.000000
12.308426 24.115450 14.000000
11.328432 25.246759 14.000000
10.879123 24.786812 14.000000
11.623255 24.481936 14.000000
10.370373 25.662886 14.000000
11.698317 25.738964 14.000000
10.607089 24.357937 14.000000
11.706326 25.497482 14.000000
12.362575 26.175842 14.000000
11.638876 25.879570 14.000000
11.550061 25.600193 14.000000
10.809556 24.120438 14.000000
10.948296 27.019781 14.000000
10.538948 25.443392 14.000000
11.834841 25.385489 14.000000
12.209138 26.105555 14.000000
11.288986 23.960701 14.000000
10.132036 26.090670 14.000000
12.278050 25.507177 14.000000
12.721997 24.591604 14.000000
13.037737 26.037128 14.000000
11.262018 25.672155 14.000000
11.587594 25.616383 14.000000
11.439733 25.457144 14.000000
11.999919 26.598587 14.000000
11.172919 26.443413 14.000000
11.687925 26.533859 14.000000
-17.395329 0.067241 15.000000
-16.492767 0.339845 15.000000
-17.113678 1.074238 15.000000
-16.784277 0.322212 15.000000
-18.060511 -0.443275 15.000000
-18.216887 0.152944 15.000000
-16.865145 0.419438 15.000000
-16.131613 -0.840898 15.000000
-16.829458 0.391428 15.000000
-16.207571 1.815681 15.000000
-16.845013 0.390257 15.000000
-17.303793 1.558656 15.000000
-17.183136 -0.321020 15.000000
-16.823204 -0.948853 15.000000
-17.215960 -0.415425 15.000000
-16.863880 0.402854 15.000000
-17.015882 -0.597300 15.000000
-16.810177 0.367110 15.000000
-17.785166 -0.834168 15.000000
-15.218919 0.025324 15.000000
-15.600366 0.077772 15.000000
-16.913824 0.392882 15.000000
-17.031315 0.444074 15.000000
-16.520981 -1.065876 15.000000
-16.644632 1.199740 15.000000
-15.610496 -0.678260 15.000000
-16.518816 -0.350310 15.000000
-16.076700 1.153569 15.000000
-17.713627 -0.299013 15.000000
-16.659698 0.106920 15.000000
-16.970642 0.428268 15.000000
-17.450832 1.412056 15.000000
-16.861748 0.426456 15.000000
-15.463959 1.102538 15.000000
-16.622410 1.833559 15.000000
-16.183819 0.381364 15.000000
-15.887185 -0.849871 15.000000
-16.819462 0.365727 15.000000
-18.237890 0.604858 15.000000
-16.769257 0.462732 15.000000
-16.288963 1.164163 15.000000
-18.079451 0.578686 15.000000
-17.346191 0.645414 15.000000
-16.822481 0.376443 15.000000
-16.851439 0.486254 15.000000
-16.765934 0.452011 15.000000
-16.966616 0.408517 15.000000
-15.339159 0.795660 15.000000
-15.790103 0.176061 15.000000
-15.990323 0.743558 15.000000
-16.840839 0.420190 15.000000
-18.070862 1.303948 15.000000
-16.872395 0.356346 15.000000
-17.263205 -1.101903 15.000000
-17.573765 1.862490 15.000000
-17.050911 0.512900 15.000000
-15.823665 1.495991 15.000000
-18.548771 -0.009669 15.000000
-16.936846 1.818009 15.000000
-16.541748 -0.005555 15.000000
-17.832012 0.747016 15.000000
-15.791645 -0.030641 15.000000
-17.417570 0.823599 15.000000
-16.858009 0.420705 15.000000
-31.676352 11.718531 16.000000
-32.268406 9.869552 16.000000
-31.308546 11.926003 16.000000
-31.708254 11.368638 16.000000
-32.693565 10.715934 16.000000
-32.472881 10.239753 16.000000
-33.260239 10.733918 16.000000
-31.445963 11.180391 16.000000
-31.584297 11.390119 16.000000
-32.535423 12.177093 16.000000
-32.663815 11.119617 16.000000
-31.404680 11.053616 16.000000
-31.829741 12.288830 16.000000
-31.478735 11.302742 16.000000
-31.546684 11.295622 16.000000
-30.348183 10.164240 16.000000
-31.595549 11.318419 16.000000
-30.587446 12.945997 16.000000
-30.958204 11.112307 16.000000
-31.512133 11.090396 16.000000
-29.909645 10.958433 16.000000
-31.653357 11.404161 16.000000
-31.650518 11.772345 16.000000
-32.016514 12.981007 16.000000
-31.475142 11.221876 16.000000
-31.114712 12.557953 16.000000
-32.016483 11.219885 16.000000
-30.328896 11.210813 16.000000
-32.792183 11.660992 16.000000
-30.042809 11.677125 16.000000
-31.521162 10.934611 16.000000
-30.699759 12.745806 16.000000
-31.585337 11.311209 16.000000
-31.855314 10.015160 16.000000
-31.314623 10.993850 16.000000
-30.682953 10.472962 16.000000
-31.138931 9.771822 16.000000
-31.289507 11.160751 16.000000
-30.525223 12.123574 16.000000
-31.009991 11.472761 16.000000
-31.915310 11.156125 16.000000
-31.489679 11.285395 16.000000
-31.254707 11.776657 16.000000
-31.828840 12.786951 16.000000
-31.461098 11.463832 16.000000
-29.663965 10.865180 16.000000
-31.871119 10.130657 16.000000
-31.463369 11.657382 16.000000
-33.085281 10.926561 16.000000
-31.191505 9.621748 16.000000
-29.857750 11.867074 16.000000
-31.089373 10.123607 16.000000
-31.517927 11.330978 16.000000
-31.615591 11.349643 16.000000
-32.979156 12.179955 16.000000
-31.245882 10.700782 16.000000
-31.930674 12.332818 16.000000
-31.522778 11.280071 16.000000
-31.886810 10.799965 16.000000
-31.732895 11.481906 16.000000
-31.505056 11.018619 16.000000
-30.539606 10.317530 16.000000
-32.716808 12.242395 16.000000
-31.085262 11.715057 16.000000
