-8.299251 14.084063 1.000000
-10.533749 13.778801 1.000000
-8.032212 13.058926 1.000000
-9.714787 14.292491 1.000000
-10.203006 13.267130 1.000000
-9.718847 15.185025 1.000000
-9.416504 13.224195 1.000000
-9.258561 12.214170 1.000000
-9.254780 13.750093 1.000000
-8.531831 12.532782 1.000000
-9.161391 13.519669 1.000000
-9.533789 14.635695 1.000000
-10.692305 14.142354 1.000000
-9.206030 13.777850 1.000000
-10.112123 14.977106 1.000000
-9.632863 14.208076 1.000000
-10.286255 12.623535 1.000000
-8.906899 12.475972 1.000000
-8.321971 12.771099 1.000000
-7.818331 14.151816 1.000000
-8.704507 13.483537 1.000000
-9.397619 13.933617 1.000000
-9.745731 13.803519 1.000000
-9.706592 14.297481 1.000000
-7.941967 14.239485 1.000000
-9.282240 13.794010 1.000000
-9.960387 12.700667 1.000000
-9.332079 13.736188 1.000000
-9.147111 14.768742 1.000000
-9.683836 12.351727 1.000000
-9.233114 13.745287 1.000000
-8.886443 14.933250 1.000000
-9.142285 13.405696 1.000000
-9.313316 13.753448 1.000000
-9.629981 13.638911 1.000000
-8.949965 13.219167 1.000000
-9.302022 13.745787 1.000000
-9.160229 15.247916 1.000000
-7.882045 13.502463 1.000000
-10.523607 14.527496 1.000000
-9.319340 13.743223 1.000000
-9.262781 13.779862 1.000000
-8.244004 14.705723 1.000000
-9.000816 14.155000 1.000000
-9.323105 13.795801 1.000000
-8.177512 13.409801 1.000000
-9.261567 13.815581 1.000000
-9.029252 13.768876 1.000000
-9.516938 13.569613 1.000000
-8.935037 13.992416 1.000000
-9.307016 13.706473 1.000000
-9.656526 12.873833 1.000000
-10.627893 13.231114 1.000000
-8.703794 14.199203 1.000000
-9.314416 13.750743 1.000000
-9.816141 13.581573 1.000000
-9.356567 13.656794 1.000000
-8.477359 14.944550 1.000000
-9.654317 13.848897 1.000000
-9.073642 12.834001 1.000000
-10.423315 14.506137 1.000000
-10.720084 13.292763 1.000000
-9.304269 13.730099 1.000000
-8.919355 13.755145 1.000000
40.810169 0.084375 2.000000
40.312454 0.086150 2.000000
40.859146 -1.305802 2.000000
40.406723 -0.425702 2.000000
39.746429 -0.625565 2.000000
40.475437 0.108619 2.000000
40.628963 0.123677 2.000000
40.738487 0.884429 2.000000
40.633408 0.112015 2.000000
40.526001 -0.048442 2.000000
42.102055 0.411375 2.000000
40.652256 0.065746 2.000000
40.672169 0.131581 2.000000
40.181358 -1.256135 2.000000
40.649544 0.203585 2.000000
40.658295 0.062755 2.000000
40.615192 0.086992 2.000000
40.574276 0.338312 2.000000
41.374176 -0.962912 2.000000
41.369598 -0.100323 2.000000
40.631805 0.051169 2.000000
40.636799 0.100072 2.000000
40.623642 0.091622 2.000000
40.657913 0.112880 2.000000
40.495285 -1.211508 2.000000
39.518078 1.050744 2.000000
40.482658 0.451883 2.000000
40.626019 0.087466 2.000000
40.260399 1.536238 2.000000
41.352768 1.298302 2.000000
40.466755 0.109421 2.000000
39.870785 -0.939965 2.000000
40.695744 1.557800 2.000000
40.829208 0.030069 2.000000
41.198570 0.641285 2.000000
41.912106 0.903886 2.000000
40.447128 0.002940 2.000000
42.004494 -0.464040 2.000000
40.816132 -0.507183 2.000000
42.059856 -0.283543 2.000000
41.215294 -0.526432 2.000000
41.639385 1.180032 2.000000
40.409534 1.043312 2.000000
39.250412 0.670235 2.000000
41.605099 0.086261 2.000000
41.650173 -0.678183 2.000000
39.314957 0.161087 2.000000
40.497166 -0.714863 2.000000
39.845459 0.504004 2.000000
39.206867 -0.311671 2.000000
41.211170 -1.173820 2.000000
40.102486 0.848227 2.000000
41.339199 0.555374 2.000000
40.682533 0.131103 2.000000
40.632439 0.288535 2.000000
39.573322 -0.753352 2.000000
40.665871 0.150605 2.000000
39.605000 0.376524 2.000000
39.802643 1.272936 2.000000
40.982697 1.512095 2.000000
41.679932 0.379553 2.000000
40.656075 0.100779 2.000000
40.721661 0.434057 2.000000
39.463161 -0.166321 2.000000
-23.066547 25.781378 3.000000
-23.046907 25.822874 3.000000
-22.897015 24.396814 3.000000
-22.995258 25.684557 3.000000
-23.397360 25.600590 3.000000
-23.005032 25.719078 3.000000
-23.041485 25.739115 3.000000
-23.225727 24.316326 3.000000
-22.610912 25.821640 3.000000
-22.521099 26.925409 3.000000
-23.281139 26.623075 3.000000
-22.217819 25.577515 3.000000
-23.026197 25.775347 3.000000
-23.352715 25.861519 3.000000
-22.389959 24.453327 3.000000
-23.190844 25.848457 3.000000
-24.509583 25.569637 3.000000
-22.307154 25.294889 3.000000
-23.199259 26.234512 3.000000
-23.168600 27.220125 3.000000
-21.799986 25.368383 3.000000
-24.085611 26.904800 3.000000
-23.081478 25.796469 3.000000
-23.428448 25.269510 3.000000
-23.640985 27.166208 3.000000
-23.759022 24.713522 3.000000
-22.314714 24.787846 3.000000
-22.995468 25.761610 3.000000
-23.056091 25.701313 3.000000
-23.093597 25.733957 3.000000
-23.587112 24.725780 3.000000
-24.328581 26.193613 3.000000
-22.268337 26.294758 3.000000
-23.181305 25.481127 3.000000
-22.581116 24.879513 3.000000
-22.972422 25.329172 3.000000
-21.638042 26.136751 3.000000
-22.335146 26.284374 3.000000
-21.781258 26.540606 3.000000
-22.318996 26.780907 3.000000
-23.258801 25.525431 3.000000
-23.029768 25.828854 3.000000
-22.895226 25.610474 3.000000
-23.696833 26.025587 3.000000
-22.873091 25.863552 3.000000
-24.350319 26.571968 3.000000
-23.604115 26.716024 3.000000
-23.494186 26.069057 3.000000
-23.318922 25.069595 3.000000
-22.152878 27.173786 3.000000
-22.924940 26.419315 3.000000
-23.064114 25.684793 3.000000
-21.792000 24.811394 3.000000
-24.181608 25.109938 3.000000
-22.990585 25.780832 3.000000
-24.253361 25.163584 3.000000
-23.141838 25.800016 3.000000
-23.005224 25.718811 3.000000
-23.370543 25.965855 3.000000
-22.863899 27.278072 3.000000
-24.352583 25.843004 3.000000
-21.770350 25.659710 3.000000
-23.891567 24.356010 3.000000
-23.632677 26.196291 3.000000
20.025347 3.676864 4.000000
19.924852 4.812304 4.000000
19.933764 3.884591 4.000000
19.059961 4.719455 4.000000
20.018126 3.806826 4.000000
21.370743 4.304233 4.000000
20.332249 2.455747 4.000000
19.244411 4.849765 4.000000
20.483969 4.360027 4.000000
19.799307 4.071524 4.000000
21.126625 2.695474 4.000000
20.010841 3.685580 4.000000
20.327826 3.551215 4.000000
20.090740 3.742960 4.000000
20.014658 3.648652 4.000000
19.568987 5.039302 4.000000
19.939770 2.258633 4.000000
20.022453 3.705558 4.000000
19.976984 3.752559 4.000000
18.742847 4.189300 4.000000
19.935444 5.144349 4.000000
20.120947 3.810838 4.000000
21.129908 3.726310 4.000000
18.572124 3.838964 4.000000
18.943840 3.147580 4.000000
20.030794 3.685335 4.000000
20.139620 4.217800 4.000000
21.074467 4.678276 4.000000
18.900066 2.575951 4.000000
20.068550 3.673588 4.000000
20.847404 3.511912 4.000000
18.585146 3.435665 4.000000
19.816776 3.466255 4.000000
21.476837 3.344035 4.000000
20.516417 3.172939 4.000000
19.697348 2.935010 4.000000
20.032026 3.777113 4.000000
20.016645 3.648768 4.000000
20.595018 3.869462 4.000000
19.673666 3.822872 4.000000
19.785702 2.515064 4.000000
21.350374 3.813165 4.000000
20.276299 3.676245 4.000000
19.932375 3.292769 4.000000
20.064894 3.734318 4.000000
20.042500 3.677709 4.000000
19.430056 3.066086 4.000000
20.909100 4.374457 4.000000
20.408434 4.917994 4.000000
18.806253 4.415125 4.000000
20.052357 3.684985 4.000000
19.800827 3.754181 4.000000
20.590235 2.430788 4.000000
19.988638 3.648558 4.000000
20.627125 5.032269 4.000000
19.730646 3.696526 4.000000
21.122961 3.014990 4.000000
19.692652 4.182359 4.000000
18.870327 3.022191 4.000000
20.024799 3.665429 4.000000
18.977058 3.850284 4.000000
19.480459 2.471023 4.000000
19.495182 3.830799 4.000000
20.542633 2.910877 4.000000
-31.563282 5.563581 5.000000
-29.867580 5.351561 5.000000
-30.299694 4.487531 5.000000
-29.274878 5.591047 5.000000
-32.007263 5.036415 5.000000
-29.901262 4.351856 5.000000
-29.764877 6.600441 5.000000
-30.707405 5.553930 5.000000
-30.140097 5.628265 5.000000
-31.004547 6.336698 5.000000
-30.705574 5.557546 5.000000
-30.373888 5.777475 5.000000
-31.591908 4.412471 5.000000
-30.449818 5.513288 5.000000
-30.777449 5.621220 5.000000
-32.067604 5.311134 5.000000
-30.726660 5.511480 5.000000
-30.746765 5.539860 5.000000
-30.716448 5.516703 5.000000
-30.670280 6.850188 5.000000
-30.662985 5.576386 5.000000
-29.768553 4.629826 5.000000
-31.083387 4.555184 5.000000
-31.407047 6.141137 5.000000
-30.394424 5.971228 5.000000
-29.980669 6.848935 5.000000
-30.621931 5.481213 5.000000
-31.322809 5.759410 5.000000
-30.721422 5.551061 5.000000
-30.899065 5.716717 5.000000
-30.737738 5.291279 5.000000
-31.138931 4.152387 5.000000
-31.129702 5.910710 5.000000
-31.397572 4.922535 5.000000
-30.767706 5.551464 5.000000
-32.025391 6.103669 5.000000
-30.744932 5.554220 5.000000
-30.577118 5.419919 5.000000
-30.590601 5.047483 5.000000
-31.484964 6.736429 5.000000
-29.646456 6.389078 5.000000
-30.529915 6.073294 5.000000
-30.734419 5.525054 5.000000
-31.078602 6.954265 5.000000
-30.970015 4.893554 5.000000
-30.606365 5.576583 5.000000
-29.309126 6.019669 5.000000
-29.559414 5.915180 5.000000
-30.484554 6.991896 5.000000
-29.509220 4.850048 5.000000
-31.790215 6.503069 5.000000
-29.323484 5.091362 5.000000
-31.856712 4.706791 5.000000
-32.093491 5.781839 5.000000
-30.272390 6.386675 5.000000
-30.369337 5.141699 5.000000
-30.742613 5.513346 5.000000
-30.718420 5.560738 5.000000
-30.468269 5.773191 5.000000
-30.690931 4.118617 5.000000
-30.731785 5.531162 5.000000
-30.700958 5.534496 5.000000
-31.025362 5.187585 5.000000
-30.360798 4.198602 5.000000
5.109893 22.678776 6.000000
4.404783 21.441671 6.000000
5.528457 22.222755 6.000000
4.624247 23.948462 6.000000
5.154092 22.729239 6.000000
5.635239 22.743073 6.000000
5.338717 22.204573 6.000000
4.821955 22.516041 6.000000
5.131165 22.677618 6.000000
3.603765 22.562925 6.000000
5.091701 22.198923 6.000000
5.364361 21.231318 6.000000
5.528309 23.337109 6.000000
5.194605 22.710739 6.000000
5.368701 22.035131 6.000000
5.219158 23.261261 6.000000
4.946193 22.674843 6.000000
5.807247 21.463675 6.000000
6.645428 23.183317 6.000000
4.782417 23.046930 6.000000
6.432673 23.046907 6.000000
5.185518 22.680599 6.000000
3.722112 23.261715 6.000000
5.126821 22.768127 6.000000
4.336731 22.311152 6.000000
4.375697 23.895401 6.000000
5.286306 24.093273 6.000000
4.022998 23.635969 6.000000
4.719217 21.345623 6.000000
5.486824 23.680412 6.000000
5.008931 22.614796 6.000000
4.754416 23.426884 6.000000
5.220175 22.785561 6.000000
4.656531 22.029781 6.000000
6.482327 22.443329 6.000000
6.685197 22.312796 6.000000
4.378189 22.944662 6.000000
6.132794 21.633541 6.000000
5.375294 22.740705 6.000000
4.111545 21.707598 6.000000
5.108063 22.678095 6.000000
5.132832 22.721678 6.000000
5.161210 22.729645 6.000000
5.073257 21.367502 6.000000
5.128123 24.067938 6.000000
5.222728 22.570587 6.000000
5.079391 22.618761 6.000000
3.829411 22.038128 6.000000
5.048663 22.706034 6.000000
4.347716 22.304081 6.000000
5.156178 22.601353 6.000000
4.344566 23.002285 6.000000
5.837856 23.752462 6.000000
4.034798 22.852539 6.000000
5.171169 22.671200 6.000000
6.299679 21.819077 6.000000
5.755569 22.897326 6.000000
5.216084 22.771809 6.000000
6.241009 23.478443 6.000000
5.658095 22.175943 6.000000
5.152161 22.658991 6.000000
6.020110 24.032881 6.000000
5.230790 22.720957 6.000000
6.135482 22.489891 6.000000
1.421781 1.786015 7.000000
1.420413 1.772316 7.000000
2.256092 2.420056 7.000000
1.118387 0.743007 7.000000
2.725266 1.177617 7.000000
1.413016 1.692524 7.000000
0.919460 1.655127 7.000000
1.536873 0.809088 7.000000
0.439357 0.757940 7.000000
1.580829 1.818568 7.000000
1.510157 1.778312 7.000000
1.534017 1.846197 7.000000
1.416943 1.740326 7.000000
1.407971 1.768005 7.000000
1.305713 0.262030 7.000000
1.346720 2.196029 7.000000
1.356375 2.003821 7.000000
0.061050 1.950574 7.000000
2.821375 1.205635 7.000000
1.339039 1.765237 7.000000
1.494780 1.753766 7.000000
1.508850 1.743211 7.000000
1.673957 1.221718 7.000000
1.404099 1.741187 7.000000
1.251098 1.949959 7.000000
1.502122 3.273119 7.000000
1.375267 1.774757 7.000000
1.416577 3.514035 7.000000
1.443037 1.762353 7.000000
0.972736 1.540909 7.000000
1.569617 1.765637 7.000000
1.618931 1.792949 7.000000
1.224443 2.008838 7.000000
1.718577 1.745386 7.000000
1.577765 1.652235 7.000000
2.361191 2.863119 7.000000
2.788162 2.486710 7.000000
0.780452 2.983792 7.000000
2.229754 1.701622 7.000000
0.771080 2.392260 7.000000
0.153541 2.281507 7.000000
1.806118 0.333297 7.000000
1.977946 1.056721 7.000000
1.259367 2.620389 7.000000
1.880456 2.509006 7.000000
2.442798 2.061805 7.000000
1.516322 1.691005 7.000000
2.921978 1.954859 7.000000
1.454021 1.803510 7.000000
1.435439 1.754823 7.000000
2.043481 2.914159 7.000000
0.636385 2.240691 7.000000
0.797306 0.416365 7.000000
0.469715 1.325127 7.000000
1.418176 1.710330 7.000000
2.365123 0.882499 7.000000
2.731244 1.833176 7.000000
0.084616 1.581276 7.000000
0.351643 2.764220 7.000000
0.129046 1.294506 7.000000
0.757720 0.900011 7.000000
1.174319 3.140439 7.000000
2.215470 0.431001 7.000000
2.027548 0.876059 7.000000
9.758764 -11.485034 8.000000
10.889516 -11.393114 8.000000
11.012016 -11.200218 8.000000
10.481419 -12.492261 8.000000
10.288684 -11.140654 8.000000
10.996586 -11.127150 8.000000
10.989472 -11.159280 8.000000
12.271939 -11.739974 8.000000
11.112993 -11.284199 8.000000
10.873980 -12.259215 8.000000
10.728810 -11.056045 8.000000
11.955915 -10.404162 8.000000
10.744836 -12.803167 8.000000
10.849528 -11.105179 8.000000
9.486148 -10.643120 8.000000
10.970113 -11.160069 8.000000
11.510568 -11.147789 8.000000
10.894963 -10.419743 8.000000
12.318533 -11.337444 8.000000
10.985329 -11.205458 8.000000
10.192049 -10.035284 8.000000
10.829704 -11.264389 8.000000
12.007784 -12.172226 8.000000
9.804464 -11.135396 8.000000
11.252504 -10.639668 8.000000
9.315230 -11.219961 8.000000
9.939026 -10.736732 8.000000
9.919144 -10.123650 8.000000
11.164129 -9.758587 8.000000
11.013177 -11.179937 8.000000
10.510275 -11.774706 8.000000
10.971847 -10.783435 8.000000
10.915652 -11.155310 8.000000
10.644567 -11.225958 8.000000
10.464783 -10.789568 8.000000
11.432454 -9.913077 8.000000
10.943714 -11.105842 8.000000
10.927712 -11.148247 8.000000
11.342121 -11.268650 8.000000
10.920153 -12.207915 8.000000
10.718824 -11.488002 8.000000
11.883194 -10.010030 8.000000
10.375432 -10.537018 8.000000
12.244055 -11.119981 8.000000
11.902796 -11.895622 8.000000
10.181787 -11.595044 8.000000
11.065917 -11.047200 8.000000
11.497175 -12.521667 8.000000
11.397815 -11.437359 8.000000
11.691982 -10.768209 8.000000
9.811219 -11.936515 8.000000
11.404168 -11.765403 8.000000
10.670356 -9.837730 8.000000
10.557786 -11.970215 8.000000
10.972492 -11.167340 8.000000
10.812560 -11.215952 8.000000
11.652434 -10.617891 8.000000
10.785180 -10.033012 8.000000
11.438156 -12.346984 8.000000
10.914333 -11.200526 8.000000
10.962714 -11.190924 8.000000
10.972493 -11.167309 8.000000
9.837293 -12.284042 8.000000
12.360980 -10.689114 8.000000
-17.694664 -26.994478 9.000000
-16.983955 -26.740185 9.000000
-17.398523 -26.754595 9.000000
-16.456015 -26.315090 9.000000
-17.547859 -26.846966 9.000000
-17.539022 -26.857523 9.000000
-18.817320 -26.912184 9.000000
-17.904335 -27.721514 9.000000
-17.589441 -26.901379 9.000000
-15.852684 -26.741083 9.000000
-16.765324 -25.972841 9.000000
-16.157412 -27.356070 9.000000
-17.773813 -26.929628 9.000000
-17.741768 -26.985720 9.000000
-18.102854 -26.452742 9.000000
-17.574528 -25.439735 9.000000
-16.639355 -27.995424 9.000000
-16.042528 -26.654709 9.000000
-17.528744 -27.753180 9.000000
-17.053623 -25.570005 9.000000
-17.575581 -26.844307 9.000000
-16.654842 -26.960268 9.000000
-16.628143 -27.173307 9.000000
-17.861921 -28.353434 9.000000
-17.763567 -27.848671 9.000000
-18.604416 -25.920122 9.000000
-17.918589 -26.652435 9.000000
-17.559761 -26.901955 9.000000
-17.600561 -26.015381 9.000000
-19.015450 -27.272675 9.000000
-17.556427 -26.885233 9.000000
-17.624905 -26.916277 9.000000
-16.329557 -27.580914 9.000000
-18.046091 -25.526522 9.000000
-17.449009 -28.344599 9.000000
-17.526974 -27.009216 9.000000
-18.775654 -27.751251 9.000000
-17.426226 -26.953266 9.000000
-18.572908 -27.376947 9.000000
-16.926184 -27.671091 9.000000
-18.512846 -28.086496 9.000000
-17.557989 -26.876232 9.000000
-17.506233 -26.329281 9.000000
-17.569302 -26.914509 9.000000
-17.602190 -26.902559 9.000000
-16.864622 -28.205425 9.000000
-17.479431 -26.806890 9.000000
-17.533049 -26.837093 9.000000
-16.554073 -25.665749 9.000000
-18.324280 -27.581993 9.000000
-17.528992 -26.797071 9.000000
-17.590506 -26.896755 9.000000
-17.539675 -26.915407 9.000000
-18.390564 -25.705317 9.000000
-16.701178 -26.570082 9.000000
-17.738041 -27.044073 9.000000
-18.808197 -26.219187 9.000000
-17.439936 -27.483501 9.000000
-18.275640 -26.897686 9.000000
-17.420872 -26.850271 9.000000
-17.310184 -25.761385 9.000000
-17.902695 -26.271320 9.000000
-19.060410 -26.719135 9.000000
-17.552961 -26.576542 9.000000
24.219301 21.988243 10.000000
23.220121 22.220758 10.000000
23.304268 23.288427 10.000000
22.523479 21.090597 10.000000
23.092506 22.088566 10.000000
23.924543 23.201012 10.000000
23.068699 22.036373 10.000000
23.389418 20.546144 10.000000
23.103956 22.040358 10.000000
23.317350 22.026337 10.000000
22.486948 21.841187 10.000000
21.682301 21.752148 10.000000
23.683641 22.001526 10.000000
24.309872 22.851250 10.000000
21.872473 22.499748 10.000000
23.297276 21.186232 10.000000
21.830053 22.904377 10.000000
23.708971 23.011095 10.000000
22.607634 22.820002 10.000000
22.934841 21.508808 10.000000
22.868265 22.370579 10.000000
22.409853 22.300571 10.000000
23.060118 22.004671 10.000000
23.078266 22.060089 10.000000
23.042370 22.073898 10.000000
23.087030 22.093788 10.000000
22.874403 23.276419 10.000000
23.091227 22.047409 10.000000
23.072470 22.052265 10.000000
22.219959 23.336584 10.000000
23.061880 22.050013 10.000000
24.199862 21.156429 10.000000
24.522825 21.873833 10.000000
23.573334 22.274130 10.000000
23.019272 20.618122 10.000000
23.363201 23.452345 10.000000
23.022190 22.136770 10.000000
23.066490 22.028185 10.000000
23.181753 22.192360 10.000000
23.304291 22.720613 10.000000
23.490335 20.860931 10.000000
22.955339 21.760073 10.000000
21.846138 21.202475 10.000000
23.165077 22.084450 10.000000
23.055183 22.042131 10.000000
21.931885 21.661087 10.000000
22.339075 22.727709 10.000000
23.092443 22.134394 10.000000
22.648731 20.714411 10.000000
23.132727 22.103149 10.000000
22.227173 20.813078 10.000000
22.802761 21.851952 10.000000
22.604774 22.172461 10.000000
23.172184 21.813583 10.000000
22.286833 21.528313 10.000000
23.395399 21.571825 10.000000
22.693741 23.224901 10.000000
24.431231 22.352573 10.000000
24.333942 21.366272 10.000000
23.669615 21.695677 10.000000
23.075071 22.077787 10.000000
21.592430 22.159838 10.000000
23.909863 20.946524 10.000000
24.163916 22.619305 10.000000
-36.269623 -10.782804 11.000000
-36.453167 -11.638953 11.000000
-35.944992 -11.567561 11.000000
-37.458042 -10.829596 11.000000
-36.810452 -12.498249 11.000000
-36.418213 -11.610967 11.000000
-37.505337 -12.324457 11.000000
-36.057537 -10.054029 11.000000
-36.969475 -11.506688 11.000000
-37.528183 -11.136972 11.000000
-36.377953 -11.572858 11.000000
-36.528793 -11.193707 11.000000
-37.509766 -10.639663 11.000000
-35.161655 -10.787340 11.000000
-34.965015 -11.405581 11.000000
-35.409203 -12.623969 11.000000
-36.899849 -11.154212 11.000000
-35.932209 -10.436547 11.000000
-36.152248 -11.996014 11.000000
-36.365208 -11.657799 11.000000
-35.576817 -12.226415 11.000000
-36.386169 -11.587767 11.000000
-36.464809 -11.483210 11.000000
-36.428123 -11.498852 11.000000
-36.482117 -12.938244 11.000000
-35.808357 -11.199072 11.000000
-37.044941 -11.791109 11.000000
-36.808819 -12.084495 11.000000
-36.386322 -11.690959 11.000000
-35.574150 -10.508257 11.000000
-36.429649 -10.011115 11.000000
-36.466503 -11.608485 11.000000
-37.025837 -10.375758 11.000000
-36.304317 -11.629708 11.000000
-35.448471 -11.729192 11.000000
-36.425056 -11.521140 11.000000
-35.744362 -12.767025 11.000000
-36.255898 -10.677045 11.000000
-36.189156 -11.694391 11.000000
-36.217613 -11.348431 11.000000
-37.232784 -12.691834 11.000000
-35.140495 -10.847645 11.000000
-36.331314 -11.581111 11.000000
-35.128536 -12.388450 11.000000
-37.103745 -10.035018 11.000000
-36.650799 -10.519461 11.000000
-36.798565 -12.903710 11.000000
-36.214455 -12.467299 11.000000
-36.317673 -11.660218 11.000000
-37.671757 -11.910290 11.000000
-35.224957 -11.715099 11.000000
-36.667400 -11.822714 11.000000
-36.448730 -11.369205 11.000000
-36.436977 -11.482378 11.000000
-36.465641 -11.587581 11.000000
-36.351849 -11.561543 11.000000
-36.286564 -10.934735 11.000000
-36.047764 -12.949934 11.000000
-36.371185 -11.486599 11.000000
-36.100311 -11.791218 11.000000
-37.779369 -11.402672 11.000000
-36.371777 -11.608199 11.000000
-37.910149 -12.053953 11.000000
-34.851044 -11.927281 11.000000
-0.336933 41.180374 12.000000
0.854533 40.753452 12.000000
-0.370978 41.098312 12.000000
-1.199600 40.039314 12.000000
0.219006 41.420830 12.000000
-1.619251 40.640686 12.000000
0.031678 40.955414 12.000000
-0.317772 41.264175 12.000000
-0.691501 40.403259 12.000000
-0.308695 41.523743 12.000000
-0.573139 42.483257 12.000000
-1.159694 41.625881 12.000000
0.048838 39.737297 12.000000
-0.448301 40.724346 12.000000
-0.839021 39.811054 12.000000
0.291021 40.198994 12.000000
-1.270829 42.216759 12.000000
0.590509 42.211784 12.000000
-0.473593 40.762375 12.000000
0.292037 42.202801 12.000000
-0.050366 42.029640 12.000000
-1.496174 41.745232 12.000000
-0.055315 42.641026 12.000000
-0.828454 42.384872 12.000000
1.221591 41.161789 12.000000
-1.732073 41.297501 12.000000
1.194199 40.733849 12.000000
0.936591 42.099640 12.000000
-0.696343 40.933155 12.000000
-1.380387 40.336884 12.000000
0.904111 40.126518 12.000000
-0.235323 41.093594 12.000000
0.502089 41.122704 12.000000
-0.235983 41.066528 12.000000
0.500575 39.999306 12.000000
-0.428607 39.655090 12.000000
0.686834 41.517982 12.000000
-0.253060 41.132877 12.000000
-0.233569 41.123123 12.000000
-0.484917 41.137375 12.000000
-0.266517 39.962467 12.000000
-0.308094 41.141659 12.000000
-1.221433 40.848522 12.000000
0.105697 40.962334 12.000000
-0.226685 41.108067 12.000000
-0.142007 41.239632 12.000000
-0.060150 40.520409 12.000000
-0.198531 41.147034 12.000000
-0.250217 41.111076 12.000000
-0.367380 42.081203 12.000000
-0.234334 41.123714 12.000000
0.559944 40.537640 12.000000
-0.219242 41.129761 12.000000
1.153320 41.593868 12.000000
0.305446 41.679947 12.000000
-1.382689 41.182014 12.000000
-0.470537 41.522350 12.000000
-0.149794 41.129002 12.000000
-0.207959 41.151844 12.000000
-0.231658 41.083927 12.000000
-0.261863 41.120750 12.000000
-0.909336 41.844906 12.000000
-0.241373 41.106564 12.000000
-0.705398 40.883747 12.000000
-2.706511 -17.984993 13.000000
-3.788916 -18.103992 13.000000
-2.478152 -18.883244 13.000000
-3.946314 -19.215046 13.000000
-1.806593 -18.073238 13.000000
-2.776298 -18.188669 13.000000
-1.137894 -19.264923 13.000000
-2.497785 -18.834227 13.000000
-1.039395 -18.865080 13.000000
-2.590695 -18.863836 13.000000
-2.815557 -17.418959 13.000000
-2.190499 -20.164345 13.000000
-2.741920 -19.989929 13.000000
-3.347672 -20.054697 13.000000
-3.969485 -18.688873 13.000000
-2.538704 -18.836338 13.000000
-2.617334 -18.919477 13.000000
-2.485686 -18.833616 13.000000
-1.562847 -17.686768 13.000000
-3.413650 -18.423988 13.000000
-2.970341 -19.007120 13.000000
-3.096908 -17.595285 13.000000
-2.588372 -18.749432 13.000000
-2.538311 -18.858406 13.000000
-2.213893 -18.156599 13.000000
-2.721853 -18.679691 13.000000
-2.658393 -18.837479 13.000000
-2.345315 -19.263268 13.000000
-2.026855 -19.152100 13.000000
-2.186075 -19.318130 13.000000
-2.582692 -18.849367 13.000000
-2.556352 -18.859661 13.000000
-1.651515 -20.038166 13.000000
-2.280654 -18.789400 13.000000
-2.589756 -18.634466 13.000000
-3.726029 -19.759363 13.000000
-2.531640 -18.914747 13.000000
-2.452123 -18.887138 13.000000
-2.963168 -20.336439 13.000000
-1.683137 -18.632166 13.000000
-2.518213 -18.855698 13.000000
-3.325584 -17.816925 13.000000
-2.112842 -17.432100 13.000000
-1.502369 -18.821621 13.000000
-2.534734 -18.831379 13.000000
-2.502278 -18.898039 13.000000
-3.623910 -18.935448 13.000000
-2.709729 -18.850956 13.000000
-3.094707 -19.717592 13.000000
-3.001221 -19.413820 13.000000
-2.413481 -20.416649 13.000000
-2.551429 -18.835600 13.000000
-2.273657 -19.457541 13.000000
-1.224853 -18.320229 13.000000
-2.232436 -17.739868 13.000000
-2.070367 -19.389423 13.000000
-2.589415 -19.062069 13.000000
-2.556112 -18.604055 13.000000
-2.397520 -19.460634 13.000000
-3.581260 -19.318810 13.000000
-1.521298 -19.912672 13.000000
-1.299678 -19.561991 13.000000
-3.596946 -18.179800 13.000000
-1.676753 -18.280472 13.000000
4.635368 -37.883751 14.000000
5.917706 -37.640541 14.000000
4.942882 -38.622032 14.000000
7.337375 -37.129684 14.000000
6.997913 -36.814556 14.000000
6.865348 -37.604191 14.000000
5.871520 -37.555534 14.000000
6.609908 -38.843716 14.000000
5.781619 -36.467007 14.000000
5.903776 -37.579140 14.000000
6.223337 -37.150650 14.000000
6.085665 -36.938271 14.000000
5.462218 -38.990273 14.000000
5.867129 -37.606686 14.000000
7.259267 -37.580631 14.000000
5.648109 -37.456375 14.000000
5.915678 -37.571991 14.000000
6.003038 -36.091068 14.000000
5.874693 -37.580673 14.000000
5.282444 -36.185215 14.000000
5.863027 -37.489082 14.000000
5.307403 -36.892853 14.000000
5.911269 -37.555332 14.000000
5.010425 -37.646381 14.000000
5.865681 -37.493408 14.000000
6.682982 -36.509644 14.000000
6.478566 -38.846809 14.000000
4.379063 -37.451618 14.000000
7.270008 -37.926220 14.000000
5.547952 -36.496822 14.000000
5.326389 -38.688168 14.000000
6.738160 -36.961933 14.000000
5.940492 -37.585846 14.000000
5.661973 -37.727654 14.000000
6.474343 -36.202797 14.000000
5.856483 -37.609901 14.000000
4.764712 -36.558792 14.000000
5.457810 -38.235989 14.000000
6.495774 -37.257469 14.000000
5.890346 -37.599266 14.000000
5.729419 -36.995983 14.000000
6.458142 -37.900471 14.000000
6.066879 -37.260159 14.000000
5.902313 -39.073433 14.000000
7.107809 -38.351166 14.000000
5.353276 -37.257893 14.000000
5.887332 -38.129330 14.000000
6.823469 -38.438770 14.000000
5.830017 -38.245823 14.000000
5.918656 -37.651669 14.000000
4.560795 -38.096287 14.000000
5.955388 -37.694954 14.000000
5.258006 -37.767750 14.000000
6.210898 -37.582771 14.000000
5.910864 -37.535614 14.000000
6.373134 -38.082424 14.000000
5.876706 -37.585243 14.000000
4.728719 -38.444893 14.000000
4.829907 -37.052345 14.000000
5.903603 -37.622215 14.000000
5.808214 -37.613056 14.000000
4.719208 -37.070534 14.000000
5.996523 -38.668053 14.000000
5.886812 -37.596329 14.000000
26.053278 -18.158607 15.000000
26.074778 -17.145176 15.000000
26.015135 -18.217201 15.000000
26.121233 -18.702969 15.000000
26.136671 -18.686319 15.000000
26.121233 -18.702969 15.000000
26.121719 -18.702971 15.000000
25.114412 -19.380507 15.000000
27.191336 -18.830648 15.000000
25.499880 -20.260128 15.000000
25.675364 -17.314226 15.000000
25.233633 -18.700081 15.000000
25.981785 -18.715889 15.000000
26.429335 -18.528835 15.000000
26.121796 -18.702971 15.000000
24.996265 -17.953844 15.000000
25.507706 -19.215137 15.000000
26.630554 -18.737232 15.000000
25.743467 -20.222361 15.000000
27.137325 -19.789061 15.000000
27.474344 -17.607685 15.000000
26.073782 -18.647221 15.000000
25.410419 -18.656343 15.000000
27.596848 -19.398655 15.000000
25.268188 -20.077255 15.000000
26.259932 -20.096786 15.000000
25.868364 -18.634859 15.000000
24.611511 -18.401188 15.000000
26.121233 -18.702969 15.000000
26.068811 -19.520348 15.000000
27.440321 -18.514524 15.000000
27.090847 -19.471773 15.000000
25.961294 -17.812721 15.000000
25.791592 -18.505747 15.000000
26.126976 -18.595976 15.000000
24.785337 -19.413639 15.000000
26.017614 -18.686607 15.000000
26.422392 -18.408463 15.000000
25.870144 -18.866179 15.000000
25.411940 -19.515820 15.000000
27.267574 -18.977791 15.000000
25.904360 -19.273249 15.000000
25.220070 -17.587313 15.000000
26.718555 -19.830908 15.000000
26.121719 -18.702971 15.000000
25.806166 -18.586372 15.000000
26.469774 -17.720133 15.000000
24.466881 -18.896872 15.000000
24.758017 -17.769407 15.000000
26.073782 -18.647221 15.000000
26.970877 -17.714405 15.000000
24.511734 -19.574265 15.000000
26.017717 -18.614044 15.000000
25.736008 -19.943232 15.000000
25.510078 -18.358339 15.000000
25.721083 -18.494257 15.000000
26.825190 -18.032812 15.000000
26.017778 -18.614040 15.000000
27.381681 -17.954966 15.000000
26.045851 -18.100163 15.000000
25.550262 -18.480932 15.000000
26.121233 -18.702969 15.000000
26.697817 -17.273478 15.000000
26.113997 -18.674702 15.000000
-13.998507 -5.371949 16.000000
-14.186767 -4.598595 16.000000
-14.160318 -4.579762 16.000000
-13.611740 -5.019445 16.000000
-14.639347 -5.290408 16.000000
-13.091435 -5.529465 16.000000
-14.814251 -4.939858 16.000000
-13.299196 -4.361634 16.000000
-15.208447 -5.516591 16.000000
-14.220518 -4.592896 16.000000
-14.649368 -5.307116 16.000000
-14.593207 -4.418006 16.000000
-14.991071 -5.865791 16.000000
-14.181602 -4.542382 16.000000
-14.168984 -4.607666 16.000000
-12.921306 -3.762787 16.000000
-14.101098 -5.994368 16.000000
-13.744616 -5.935587 16.000000
-14.085757 -4.430147 16.000000
-13.926028 -4.457190 16.000000
-12.730670 -5.122486 16.000000
-14.166802 -5.273236 16.000000
-12.869900 -4.552999 16.000000
-13.722445 -4.619938 16.000000
-14.065083 -4.579490 16.000000
-15.683551 -4.683657 16.000000
-14.514663 -5.957636 16.000000
-14.039408 -4.654354 16.000000
-14.572119 -4.025905 16.000000
-15.326017 -3.762202 16.000000
-13.708678 -3.996978 16.000000
-15.057709 -3.472649 16.000000
-14.213021 -4.464596 16.000000
-14.226500 -4.591040 16.000000
-14.079935 -3.837581 16.000000
-12.942578 -4.219782 16.000000
-14.175897 -4.595430 16.000000
-14.213790 -4.618444 16.000000
-14.055812 -4.060200 16.000000
-14.915286 -3.351821 16.000000
-13.943143 -3.456685 16.000000
-12.987434 -4.760216 16.000000
-15.485463 -5.206040 16.000000
-13.759026 -4.952027 16.000000
-14.683453 -4.757280 16.000000
-14.130130 -4.559515 16.000000
-15.167796 -4.358095 16.000000
-13.327639 -5.134601 16.000000
-14.095145 -3.075937 16.000000
-14.211333 -4.678731 16.000000
-14.280630 -4.915632 16.000000
-14.214189 -4.653840 16.000000
-14.089596 -4.597094 16.000000
-13.413074 -5.811735 16.000000
-14.132179 -4.548384 16.000000
-13.450231 -3.298778 16.000000
-14.203148 -4.541108 16.000000
-14.571579 -3.962856 16.000000
-14.185223 -4.530475 16.000000
-15.526690 -4.131439 16.000000
-15.430484 -4.735873 16.000000
-13.248043 -3.566610 16.000000
-14.490812 -4.226213 16.000000
-14.380977 -3.103691 16.000000
