1.910232 14.274962 1.000000
0.702794 13.766529 1.000000
1.904254 13.385878 1.000000
1.993242 12.879442 1.000000
2.152223 14.747438 1.000000
1.383211 13.923520 1.000000
2.985321 14.576224 1.000000
2.463065 15.317904 1.000000
1.597572 14.221839 1.000000
1.399122 14.191892 1.000000
1.591632 14.265178 1.000000
1.474482 14.069998 1.000000
2.108237 13.489289 1.000000
1.863995 14.025515 1.000000
2.986795 14.072886 1.000000
2.153126 15.541989 1.000000
1.700258 14.280281 1.000000
1.592660 14.201565 1.000000
2.129204 14.905132 1.000000
1.573431 14.364949 1.000000
0.966599 14.318259 1.000000
0.612524 14.291626 1.000000
2.784393 15.022325 1.000000
1.412196 13.774629 1.000000
1.579939 14.236524 1.000000
1.624523 14.537053 1.000000
0.961331 15.093914 1.000000
1.633879 15.610447 1.000000
1.535052 14.355239 1.000000
1.426953 13.708302 1.000000
1.569289 14.207264 1.000000
0.436169 15.063069 1.000000
1.573732 14.258049 1.000000
1.531893 12.831204 1.000000
0.192345 14.590141 1.000000
1.315635 15.536460 1.000000
1.594793 14.233399 1.000000
0.901868 13.082119 1.000000
0.773877 15.440180 1.000000
1.579559 14.247806 1.000000
0.441187 14.210075 1.000000
1.593331 14.221142 1.000000
1.645729 13.792787 1.000000
0.979138 14.541028 1.000000
1.574517 14.244730 1.000000
0.924383 13.387367 1.000000
2.869262 13.669770 1.000000
0.457005 13.341493 1.000000
2.355025 14.283260 1.000000
1.676503 14.192423 1.000000
1.721600 15.057203 1.000000
0.992010 14.807475 1.000000
1.573302 14.248080 1.000000
1.582539 14.238118 1.000000
2.567205 13.441667 1.000000
2.391739 13.028287 1.000000
2.589570 14.478016 1.000000
1.595387 14.242697 1.000000
1.580539 14.241282 1.000000
1.491101 15.121764 1.000000
1.577697 14.226521 1.000000
2.416009 13.973503 1.000000
1.232187 12.892964 1.000000
0.213436 13.802585 1.000000
-40.430164 -1.850808 2.000000
-40.524067 -1.830939 2.000000
-40.456875 -1.828993 2.000000
-39.563171 -2.083693 2.000000
-40.397839 -1.867720 2.000000
-40.407696 -1.852062 2.000000
-40.185890 -3.000555 2.000000
-40.194363 -2.102069 2.000000
-39.041256 -1.686312 2.000000
-39.230083 -2.529876 2.000000
-40.441860 -1.837082 2.000000
-39.442039 -0.760637 2.000000
-39.664875 -1.411501 2.000000
-40.031246 -0.470994 2.000000
-40.428257 -1.828295 2.000000
-41.467697 -2.798358 2.000000
-40.436043 -2.492612 2.000000
-40.439793 -1.831633 2.000000
-40.894379 -0.495789 2.000000
-40.087185 -3.140692 2.000000
-40.420486 -1.849498 2.000000
-40.937946 -2.327834 2.000000
-41.055763 -2.715736 2.000000
-41.540192 -0.912116 2.000000
-39.795185 -2.250989 2.000000
-40.450092 -1.779835 2.000000
-40.460667 -1.549724 2.000000
-39.677700 -2.634212 2.000000
-40.427025 -1.840508 2.000000
-39.737991 -1.744906 2.000000
-40.405380 -1.716320 2.000000
-40.595921 -0.459735 2.000000
-40.406357 -1.792860 2.000000
-40.487881 -1.837611 2.000000
-41.038376 -3.052068 2.000000
-40.804813 -2.205097 2.000000
-40.396423 -1.753456 2.000000
-40.448723 -1.837288 2.000000
-39.045231 -2.110559 2.000000
-40.270939 -1.345475 2.000000
-40.426964 -2.595946 2.000000
-40.448227 -1.842802 2.000000
-40.436981 -1.860614 2.000000
-40.990551 -1.653294 2.000000
-41.254574 -0.687773 2.000000
-39.157005 -1.289794 2.000000
-40.428261 -1.840887 2.000000
-40.449444 -1.853024 2.000000
-40.066788 -0.661313 2.000000
-40.905510 -1.161553 2.000000
-39.960423 -1.030597 2.000000
-40.427170 -1.852991 2.000000
-40.520340 -1.773748 2.000000
-41.327427 -1.907390 2.000000
-39.498741 -1.154319 2.000000
-41.748241 -2.374411 2.000000
-39.597157 -2.953527 2.000000
-41.856537 -1.742100 2.000000
-40.734364 -1.352815 2.000000
-41.634075 -1.454350 2.000000
-41.547127 -2.154633 2.000000
-40.497204 -0.959176 2.000000
-41.436653 -1.323805 2.000000
-40.662216 -3.217991 2.000000
18.061586 -20.568300 3.000000
19.094206 -21.318371 3.000000
18.110748 -20.542723 3.000000
18.074692 -20.589281 3.000000
18.987738 -19.488440 3.000000
17.248497 -20.880165 3.000000
19.417110 -20.928993 3.000000
18.052790 -20.570753 3.000000
17.041393 -19.707880 3.000000
18.740343 -20.837133 3.000000
18.324770 -19.506424 3.000000
16.965830 -20.389896 3.000000
18.122257 -20.636259 3.000000
18.027185 -21.482706 3.000000
17.775557 -20.651966 3.000000
17.972637 -21.075218 3.000000
17.312298 -19.559921 3.000000
18.523258 -19.992764 3.000000
16.982944 -20.326025 3.000000
18.645103 -21.845266 3.000000
18.132030 -20.586161 3.000000
18.086172 -20.594542 3.000000
19.339624 -19.919748 3.000000
18.077841 -20.584871 3.000000
17.254799 -21.811415 3.000000
17.365393 -21.162838 3.000000
18.126200 -22.036478 3.000000
17.583096 -21.446846 3.000000
17.127542 -21.172657 3.000000
18.179932 -20.645563 3.000000
18.075550 -20.541656 3.000000
18.945601 -20.235714 3.000000
17.167751 -19.999178 3.000000
18.091518 -20.619102 3.000000
17.949966 -19.172510 3.000000
18.787281 -21.774471 3.000000
19.401251 -20.290745 3.000000
18.344488 -21.172792 3.000000
19.218103 -21.376215 3.000000
17.763660 -20.482313 3.000000
18.309254 -20.578871 3.000000
18.804134 -19.791183 3.000000
17.767153 -19.836927 3.000000
18.090071 -20.585079 3.000000
18.069895 -20.585712 3.000000
18.514982 -19.224516 3.000000
16.780275 -21.267212 3.000000
18.071119 -20.586943 3.000000
17.706659 -20.283167 3.000000
18.208157 -20.519043 3.000000
19.454361 -20.628807 3.000000
18.076532 -20.566946 3.000000
18.719652 -20.580931 3.000000
18.168116 -20.465338 3.000000
18.323370 -21.183292 3.000000
18.082878 -20.599937 3.000000
17.603870 -19.287888 3.000000
18.103043 -19.789766 3.000000
17.978603 -20.311031 3.000000
16.618998 -20.586618 3.000000
18.051552 -20.587458 3.000000
18.062742 -20.602123 3.000000
17.832037 -21.818205 3.000000
18.235088 -20.689495 3.000000
1.468917 -18.912886 4.000000
0.134834 -17.987473 4.000000
-0.454749 -19.035477 4.000000
-0.069752 -18.224850 4.000000
1.187119 -19.883202 4.000000
0.854154 -18.447666 4.000000
0.175761 -17.271040 4.000000
1.782688 -18.165417 4.000000
0.872106 -18.451292 4.000000
0.424603 -17.651316 4.000000
1.116282 -18.711243 4.000000
0.863279 -18.439409 4.000000
0.864717 -18.198042 4.000000
-0.237893 -18.741982 4.000000
0.862284 -18.467640 4.000000
0.574838 -17.128227 4.000000
2.211322 -18.807249 4.000000
0.442453 -18.855637 4.000000
0.809986 -18.447851 4.000000
0.811426 -18.445255 4.000000
2.145377 -17.871208 4.000000
-0.218998 -17.443838 4.000000
1.888684 -17.518015 4.000000
1.076865 -19.071711 4.000000
-0.625470 -18.347765 4.000000
0.346637 -18.150167 4.000000
-0.479399 -17.820724 4.000000
0.873437 -18.477093 4.000000
0.889112 -18.417883 4.000000
0.845801 -18.472944 4.000000
0.848608 -18.370171 4.000000
0.455363 -19.560312 4.000000
0.717134 -18.704771 4.000000
0.840841 -18.414663 4.000000
0.846737 -18.441227 4.000000
1.562614 -17.422356 4.000000
1.364377 -17.146904 4.000000
2.183960 -18.296135 4.000000
1.524723 -19.275911 4.000000
0.848346 -18.449320 4.000000
0.801851 -18.365446 4.000000
1.482769 -19.544455 4.000000
-0.237060 -19.308334 4.000000
0.850674 -18.380491 4.000000
1.304653 -17.793831 4.000000
0.829673 -18.411289 4.000000
0.499509 -18.329697 4.000000
0.038345 -18.592676 4.000000
1.073661 -17.818151 4.000000
1.679457 -18.690891 4.000000
0.763315 -17.494865 4.000000
0.838632 -18.441330 4.000000
0.555772 -19.175880 4.000000
0.002537 -19.567181 4.000000
0.561288 -19.865831 4.000000
0.894464 -18.454958 4.000000
1.665754 -18.407572 4.000000
0.946648 -17.097630 4.000000
0.837518 -18.444820 4.000000
2.093275 -19.223696 4.000000
0.871049 -18.444624 4.000000
0.973507 -19.349287 4.000000
0.554411 -18.824179 4.000000
1.159892 -18.225756 4.000000
-9.795246 25.363441 5.000000
-11.064288 25.849159 5.000000
-12.502614 25.551151 5.000000
-11.025548 26.136534 5.000000
-11.160645 25.888287 5.000000
-9.661068 25.891752 5.000000
-11.972964 26.857851 5.000000
-10.531102 26.579174 5.000000
-11.076910 25.836607 5.000000
-11.120365 26.584274 5.000000
-11.790278 25.399357 5.000000
-12.368549 26.494205 5.000000
-11.036886 25.744087 5.000000
-10.838223 25.803581 5.000000
-11.085127 25.762173 5.000000
-11.079397 25.854736 5.000000
-11.105824 25.783899 5.000000
-12.475516 26.158484 5.000000
-10.464130 25.729778 5.000000
-9.987258 24.963564 5.000000
-10.724905 26.175898 5.000000
-11.608121 26.311096 5.000000
-11.226612 26.019289 5.000000
-10.967646 25.676205 5.000000
-11.089390 25.802698 5.000000
-10.369984 24.616684 5.000000
-10.471787 26.076250 5.000000
-11.071227 25.840588 5.000000
-9.961205 25.973927 5.000000
-11.119268 25.856226 5.000000
-11.630355 24.562607 5.000000
-11.104430 27.314373 5.000000
-12.304977 25.011915 5.000000
-10.592525 27.137636 5.000000
-11.914570 25.965384 5.000000
-11.673741 25.300352 5.000000
-10.935642 26.796106 5.000000
-10.885948 24.449705 5.000000
-9.789059 26.435934 5.000000
-10.831028 25.348448 5.000000
-11.838387 24.884855 5.000000
-11.354520 24.533754 5.000000
-11.077008 25.841454 5.000000
-11.075272 25.858974 5.000000
-11.126351 25.884315 5.000000
-11.441385 26.377188 5.000000
-11.964335 26.107517 5.000000
-11.056487 25.112879 5.000000
-11.052106 25.823427 5.000000
-10.905148 24.857069 5.000000
-12.085796 25.497183 5.000000
-11.146279 25.931137 5.000000
-11.080992 25.907511 5.000000
-11.053304 25.853603 5.000000
-11.081091 25.547342 5.000000
-10.372042 25.009184 5.000000
-11.415107 27.110031 5.000000
-11.274536 25.767752 5.000000
-11.210642 25.669931 5.000000
-10.213878 25.525080 5.000000
-11.011097 26.143000 5.000000
-11.824452 27.082832 5.000000
-10.176798 26.532907 5.000000
-10.217430 26.992317 5.000000
-29.177347 15.927202 6.000000
-29.173082 15.870278 6.000000
-29.396013 17.042688 6.000000
-29.219969 15.852634 6.000000
-28.993130 15.581717 6.000000
-29.173887 15.954837 6.000000
-28.782600 16.598703 6.000000
-29.157713 15.882101 6.000000
-29.128117 15.852727 6.000000
-28.687828 17.212772 6.000000
-29.117434 15.985199 6.000000
-29.002779 15.798374 6.000000
-27.988647 15.181826 6.000000
-30.103876 15.651541 6.000000
-29.067945 15.988688 6.000000
-29.244667 15.917537 6.000000
-29.187317 15.867111 6.000000
-29.181070 15.879251 6.000000
-29.379375 14.499052 6.000000
-29.194435 15.863169 6.000000
-29.065285 14.780494 6.000000
-29.718231 14.904988 6.000000
-28.226366 16.099817 6.000000
-29.351986 15.650363 6.000000
-29.051966 15.987400 6.000000
-28.547676 14.967699 6.000000
-27.813257 15.879051 6.000000
-29.819878 16.072954 6.000000
-29.334114 16.764713 6.000000
-29.043776 17.115509 6.000000
-29.056715 15.831585 6.000000
-28.021517 16.656404 6.000000
-28.505440 14.638083 6.000000
-28.370811 16.929258 6.000000
-27.893108 16.419836 6.000000
-30.491138 16.347425 6.000000
-29.055935 14.480890 6.000000
-29.125004 15.840760 6.000000
-29.208130 15.882966 6.000000
-28.656494 16.529629 6.000000
-29.191423 15.874248 6.000000
-30.319386 15.428806 6.000000
-30.566448 15.756207 6.000000
-29.867813 14.643587 6.000000
-29.453352 15.818012 6.000000
-29.201370 15.877797 6.000000
-30.220362 16.508799 6.000000
-30.196552 16.040846 6.000000
-29.234592 15.859687 6.000000
-30.080305 16.947412 6.000000
-29.759781 17.155096 6.000000
-30.343971 15.067396 6.000000
-29.193588 15.421487 6.000000
-29.784119 16.561642 6.000000
-29.293793 15.349086 6.000000
-29.100721 16.206533 6.000000
-28.596874 15.678460 6.000000
-28.155653 14.946258 6.000000
-29.344685 15.879626 6.000000
-27.818949 15.492607 6.000000
-28.771677 15.574377 6.000000
-28.293293 15.829330 6.000000
-29.898775 15.096021 6.000000
-29.212349 15.805877 6.000000
-0.749090 -2.153776 7.000000
-1.705961 -3.115404 7.000000
-0.570881 -0.696398 7.000000
-0.455625 -1.272334 7.000000
-1.271489 -2.490276 7.000000
-0.800758 -3.285774 7.000000
-0.353098 -2.420152 7.000000
-1.965677 -1.759349 7.000000
-0.745217 -2.085867 7.000000
-1.097248 -2.840832 7.000000
-0.966298 -1.071471 7.000000
-0.723298 -2.002805 7.000000
-0.730795 -2.063384 7.000000
-1.053602 -2.167455 7.000000
0.305866 -2.806490 7.000000
-0.720186 -1.429433 7.000000
-1.416828 -1.284972 7.000000
-0.718839 -2.116344 7.000000
-0.714548 -2.102066 7.000000
-1.441842 -2.405108 7.000000
-0.706711 -2.100505 7.000000
0.484037 -2.681946 7.000000
-0.677404 -2.123016 7.000000
-0.537151 -3.013386 7.000000
-0.719588 -2.085199 7.000000
-0.669366 -1.657064 7.000000
-0.751762 -2.085388 7.000000
-0.708991 -2.097999 7.000000
-0.728007 -2.072478 7.000000
-0.013485 -3.263172 7.000000
0.597385 -1.466267 7.000000
-0.935659 -0.744145 7.000000
-0.704648 -2.091915 7.000000
-0.719970 -2.081901 7.000000
-0.137956 -0.782426 7.000000
0.223769 -0.989386 7.000000
-0.646821 -2.045686 7.000000
-0.754095 -2.064937 7.000000
-0.728065 -1.958126 7.000000
0.264317 -2.316039 7.000000
-0.913358 -2.188886 7.000000
-2.024728 -1.581372 7.000000
-2.093107 -2.357760 7.000000
-1.852128 -2.204696 7.000000
-1.982727 -2.682333 7.000000
-1.696116 -1.252878 7.000000
-0.731158 -2.102025 7.000000
-1.476149 -0.886624 7.000000
-0.284473 -2.391428 7.000000
0.723481 -2.166157 7.000000
0.011520 -2.976324 7.000000
-1.417513 -3.111140 7.000000
-0.442341 -3.384933 7.000000
-1.437367 -1.668165 7.000000
0.043473 -1.880997 7.000000
0.424877 -1.866802 7.000000
-1.082088 -3.476720 7.000000
-0.708871 -2.104483 7.000000
-0.690813 -2.535018 7.000000
-0.739232 -2.076622 7.000000
0.017081 -1.463555 7.000000
-0.711489 -2.080395 7.000000
-0.718965 -2.072778 7.000000
-0.085626 -1.554376 7.000000
-18.461395 -11.495589 8.000000
-18.195490 -11.451672 8.000000
-17.206579 -10.811045 8.000000
-17.290369 -11.601052 8.000000
-17.866337 -12.241628 8.000000
-19.439156 -12.200628 8.000000
-18.566706 -11.381942 8.000000
-18.523516 -11.460541 8.000000
-18.462826 -11.522627 8.000000
-18.978510 -12.338627 8.000000
-19.904995 -11.556066 8.000000
-17.769718 -10.474157 8.000000
-19.369379 -12.593576 8.000000
-18.699945 -12.233732 8.000000
-18.544210 -11.430430 8.000000
-19.717381 -10.889333 8.000000
-18.469381 -11.477077 8.000000
-18.876448 -10.825115 8.000000
-18.225634 -11.884187 8.000000
-17.470690 -11.234984 8.000000
-18.464994 -11.494360 8.000000
-17.635063 -10.438783 8.000000
-17.080605 -11.081552 8.000000
-18.917883 -10.270804 8.000000
-18.244703 -11.308250 8.000000
-18.239977 -11.138493 8.000000
-19.390039 -11.627792 8.000000
-18.198217 -12.345613 8.000000
-17.965206 -11.407795 8.000000
-18.094597 -10.301418 8.000000
-18.611631 -11.060774 8.000000
-17.730499 -12.738544 8.000000
-18.472980 -11.495349 8.000000
-18.567244 -11.060925 8.000000
-19.708109 -11.120718 8.000000
-18.508589 -11.503657 8.000000
-18.528461 -11.501346 8.000000
-18.473515 -11.283948 8.000000
-19.296755 -10.602793 8.000000
-18.439440 -11.525307 8.000000
-18.456249 -11.488803 8.000000
-18.526632 -11.692080 8.000000
-19.253082 -11.304870 8.000000
-18.435068 -11.515353 8.000000
-18.368938 -11.450032 8.000000
-17.528658 -11.865398 8.000000
-19.197105 -11.876225 8.000000
-18.931417 -12.859192 8.000000
-18.698822 -11.718850 8.000000
-18.509001 -12.595682 8.000000
-18.269930 -12.923467 8.000000
-18.647787 -11.582855 8.000000
-19.849787 -11.925332 8.000000
-17.959135 -11.013791 8.000000
-18.500153 -11.504041 8.000000
-18.049465 -11.991320 8.000000
-17.265360 -12.368585 8.000000
-19.381510 -10.428086 8.000000
-18.638697 -10.112726 8.000000
-17.367323 -11.848270 8.000000
-18.653339 -11.535830 8.000000
-18.707638 -11.426531 8.000000
-18.358280 -10.112885 8.000000
-18.512503 -11.552615 8.000000
30.512287 8.369939 9.000000
30.985638 7.758596 9.000000
31.646070 8.034087 9.000000
32.794067 7.899821 9.000000
31.570578 6.628765 9.000000
32.994312 7.156323 9.000000
31.982372 8.224791 9.000000
30.528324 7.582947 9.000000
31.467365 7.401485 9.000000
31.877602 7.911333 9.000000
32.829414 7.503464 9.000000
31.910738 7.890004 9.000000
30.840864 8.853790 9.000000
31.783131 7.464498 9.000000
31.437517 8.228271 9.000000
30.676250 7.179603 9.000000
31.889736 7.889025 9.000000
32.502747 9.149590 9.000000
32.007114 7.925570 9.000000
32.779636 8.545902 9.000000
31.842447 7.948680 9.000000
31.869156 7.921877 9.000000
31.785858 7.852085 9.000000
31.546156 7.741680 9.000000
32.233322 6.880773 9.000000
31.888163 7.928580 9.000000
32.063316 9.168113 9.000000
32.027561 6.514894 9.000000
31.307575 9.185211 9.000000
32.700073 6.738850 9.000000
30.954342 8.878592 9.000000
31.741943 7.984231 9.000000
31.551231 9.208716 9.000000
31.883070 7.925087 9.000000
31.774096 8.630928 9.000000
32.353813 7.450933 9.000000
31.243927 7.844684 9.000000
32.564018 8.080529 9.000000
33.082901 8.616168 9.000000
32.221077 8.519712 9.000000
31.894133 7.936004 9.000000
30.460392 7.998885 9.000000
32.118626 8.290377 9.000000
32.371983 7.894781 9.000000
31.895275 7.996405 9.000000
33.248047 7.657955 9.000000
31.883684 8.001868 9.000000
31.509748 8.277924 9.000000
31.892164 7.841942 9.000000
31.391386 6.629847 9.000000
31.953449 7.221568 9.000000
31.997768 9.329641 9.000000
30.903837 6.911312 9.000000
31.861309 7.923903 9.000000
32.740253 9.003670 9.000000
31.825001 8.341234 9.000000
33.292072 8.196207 9.000000
31.925171 7.924006 9.000000
31.831804 8.002739 9.000000
31.934067 7.969695 9.000000
32.356953 7.152455 9.000000
30.949839 8.288019 9.000000
31.192913 7.155305 9.000000
31.815838 7.845879 9.000000
-16.468359 -28.741159 10.000000
-16.996571 -30.049717 10.000000
-17.618956 -28.889755 10.000000
-16.336561 -28.754478 10.000000
-16.483648 -29.773766 10.000000
-15.442299 -28.083351 10.000000
-16.470795 -28.713863 10.000000
-16.458418 -28.769030 10.000000
-15.781017 -27.425512 10.000000
-17.142437 -28.574057 10.000000
-16.458813 -28.800922 10.000000
-16.696085 -28.090935 10.000000
-16.480459 -28.723055 10.000000
-17.006670 -28.128323 10.000000
-16.370852 -27.772009 10.000000
-16.595648 -28.402262 10.000000
-17.781487 -28.597967 10.000000
-16.390436 -27.665106 10.000000
-15.743082 -29.293661 10.000000
-16.191250 -28.342678 10.000000
-16.488268 -28.719822 10.000000
-17.095005 -28.947489 10.000000
-16.470104 -28.711838 10.000000
-16.468773 -28.729815 10.000000
-17.321455 -29.861996 10.000000
-16.464437 -28.735212 10.000000
-15.956813 -29.810446 10.000000
-17.075905 -29.446049 10.000000
-17.592152 -29.577759 10.000000
-16.486885 -28.691854 10.000000
-15.906698 -28.048843 10.000000
-17.821901 -29.241161 10.000000
-16.477566 -28.701771 10.000000
-16.544434 -29.175335 10.000000
-16.451626 -28.739571 10.000000
-16.286758 -28.624666 10.000000
-16.636898 -28.847494 10.000000
-15.493176 -28.620171 10.000000
-17.152119 -27.483931 10.000000
-16.497189 -28.725119 10.000000
-16.588879 -28.705017 10.000000
-16.002268 -30.068226 10.000000
-15.447132 -28.302607 10.000000
-16.794260 -29.415693 10.000000
-16.549234 -28.861891 10.000000
-16.352934 -27.256334 10.000000
-15.020119 -28.560272 10.000000
-15.523115 -28.930597 10.000000
-15.729592 -29.641993 10.000000
-16.720795 -28.202509 10.000000
-17.592661 -27.814066 10.000000
-15.361249 -29.039598 10.000000
-16.547277 -30.023741 10.000000
-15.673863 -27.911940 10.000000
-16.890732 -27.384697 10.000000
-16.462534 -28.734278 10.000000
-15.226349 -29.470112 10.000000
-16.968813 -28.961395 10.000000
-16.462759 -28.711378 10.000000
-16.538662 -28.722960 10.000000
-15.989418 -29.186697 10.000000
-17.507082 -28.012732 10.000000
-17.859709 -28.394770 10.000000
-16.489750 -28.745396 10.000000
39.701340 -7.958285 11.000000
39.902088 -7.232101 11.000000
39.436890 -7.710462 11.000000
39.610561 -7.742530 11.000000
40.342812 -9.112602 11.000000
38.372131 -7.666600 11.000000
38.368580 -8.405545 11.000000
39.689835 -7.998095 11.000000
39.757854 -7.991354 11.000000
39.672260 -7.977676 11.000000
39.550491 -9.418486 11.000000
39.590611 -8.786271 11.000000
39.665062 -7.949927 11.000000
40.621597 -8.083028 11.000000
39.636311 -7.998523 11.000000
39.678867 -7.959637 11.000000
39.669243 -8.012651 11.000000
40.179562 -8.230949 11.000000
38.767433 -9.093023 11.000000
40.408470 -6.821219 11.000000
40.846912 -8.821791 11.000000
38.819355 -7.265979 11.000000
39.644363 -7.942690 11.000000
39.315262 -8.541070 11.000000
40.436462 -8.710867 11.000000
40.635471 -7.804955 11.000000
40.067940 -6.579781 11.000000
40.137711 -9.203629 11.000000
39.627026 -8.014999 11.000000
39.558510 -6.791825 11.000000
41.123608 -7.734970 11.000000
38.610458 -8.699112 11.000000
41.090302 -8.297000 11.000000
38.539303 -7.146173 11.000000
39.638077 -8.002128 11.000000
39.083145 -8.479666 11.000000
39.685303 -7.965140 11.000000
38.251930 -8.096065 11.000000
39.735603 -7.939596 11.000000
38.853817 -6.874843 11.000000
39.684441 -7.954177 11.000000
39.615055 -8.087735 11.000000
39.641510 -7.397718 11.000000
39.644299 -7.974539 11.000000
40.422108 -7.672781 11.000000
39.509872 -6.552120 11.000000
40.136200 -7.609592 11.000000
39.669712 -8.008271 11.000000
39.331692 -7.768762 11.000000
39.013706 -8.206005 11.000000
39.712036 -8.033444 11.000000
39.987556 -8.816142 11.000000
40.913544 -7.189357 11.000000
40.414917 -7.152710 11.000000
39.559315 -9.066881 11.000000
39.897167 -7.457464 11.000000
39.689854 -7.970005 11.000000
38.609745 -7.734043 11.000000
40.433872 -8.342325 11.000000
39.657536 -7.978262 11.000000
39.061310 -7.880005 11.000000
39.602016 -8.081613 11.000000
39.061817 -9.095434 11.000000
39.148098 -6.815109 11.000000
-14.971569 4.726813 12.000000
-14.999607 4.675814 12.000000
-13.665691 5.270122 12.000000
-14.961095 4.737578 12.000000
-15.268822 4.485393 12.000000
-16.340883 4.240810 12.000000
-14.982352 4.736222 12.000000
-14.915582 4.679076 12.000000
-14.177967 3.597677 12.000000
-14.505139 4.753956 12.000000
-15.115704 3.303344 12.000000
-13.832273 5.568336 12.000000
-15.031775 4.171035 12.000000
-14.982327 4.742932 12.000000
-14.915780 5.166016 12.000000
-14.932136 4.729165 12.000000
-14.979719 4.751248 12.000000
-14.945423 5.256715 12.000000
-13.621806 4.372518 12.000000
-14.511243 3.385269 12.000000
-15.504992 5.637795 12.000000
-14.959315 4.711022 12.000000
-14.158278 5.658072 12.000000
-14.984698 4.756362 12.000000
-16.010118 3.746127 12.000000
-16.204863 4.583326 12.000000
-15.549221 6.058678 12.000000
-16.304157 5.332613 12.000000
-14.735794 4.534849 12.000000
-15.530139 5.285458 12.000000
-14.361994 4.697683 12.000000
-15.602983 5.177253 12.000000
-14.765803 3.738111 12.000000
-15.351415 4.539873 12.000000
-14.833832 5.258247 12.000000
-14.966071 4.710229 12.000000
-16.183006 4.981104 12.000000
-14.962787 4.729421 12.000000
-15.052408 4.746412 12.000000
-13.583666 4.675004 12.000000
-13.933946 4.898365 12.000000
-14.650587 4.469279 12.000000
-15.999928 5.708977 12.000000
-15.254709 4.155627 12.000000
-14.554847 5.715903 12.000000
-15.811491 4.807578 12.000000
-14.960335 4.771937 12.000000
-14.484469 4.042941 12.000000
-14.925635 4.771411 12.000000
-15.254866 4.740252 12.000000
-14.448715 6.058520 12.000000
-14.065187 4.145680 12.000000
-14.949794 4.784520 12.000000
-15.593985 3.449838 12.000000
-14.981292 4.740592 12.000000
-15.134539 5.878695 12.000000
-14.366163 5.048641 12.000000
-15.784650 3.979689 12.000000
-14.919701 4.732131 12.000000
-15.777535 4.468306 12.000000
-14.976162 4.754463 12.000000
-14.881557 6.162430 12.000000
-15.192021 3.757112 12.000000
-13.821394 3.943250 12.000000
1.976397 -38.492527 13.000000
1.939185 -38.460899 13.000000
2.456875 -38.616093 13.000000
1.916101 -38.288872 13.000000
3.284992 -37.643024 13.000000
1.991862 -38.397270 13.000000
1.321934 -39.302158 13.000000
2.811908 -37.824158 13.000000
2.861359 -39.402924 13.000000
0.847247 -37.547077 13.000000
2.065157 -38.719318 13.000000
2.693131 -38.957870 13.000000
1.480412 -38.149719 13.000000
1.525634 -38.905441 13.000000
1.163011 -38.171711 13.000000
1.411053 -37.423885 13.000000
1.971545 -37.532978 13.000000
2.054909 -38.307781 13.000000
1.981172 -38.432495 13.000000
0.859517 -38.818272 13.000000
2.808137 -37.256783 13.000000
2.103710 -38.790466 13.000000
2.162325 -39.207134 13.000000
2.374192 -38.526508 13.000000
1.505783 -37.708511 13.000000
1.776236 -39.381660 13.000000
3.164269 -39.235348 13.000000
2.034475 -38.365631 13.000000
3.412914 -38.445984 13.000000
1.984650 -38.398586 13.000000
1.360006 -39.730587 13.000000
1.989203 -37.900917 13.000000
1.818827 -36.962070 13.000000
2.472268 -37.820019 13.000000
0.819713 -39.237045 13.000000
2.217684 -39.525940 13.000000
1.265954 -37.162861 13.000000
1.910265 -39.852238 13.000000
1.993940 -38.387463 13.000000
1.575825 -38.447639 13.000000
1.847977 -38.477478 13.000000
2.254301 -37.060520 13.000000
2.581053 -38.260204 13.000000
2.071850 -37.894836 13.000000
1.994343 -38.401474 13.000000
1.171621 -38.981094 13.000000
3.334993 -38.826263 13.000000
0.531465 -38.323521 13.000000
1.969770 -38.404675 13.000000
2.519829 -37.358936 13.000000
2.856616 -38.412865 13.000000
2.559437 -39.730572 13.000000
1.988140 -38.419731 13.000000
2.150527 -38.557739 13.000000
0.769480 -37.944599 13.000000
1.722328 -38.534218 13.000000
2.286170 -38.077015 13.000000
0.858291 -38.500275 13.000000
1.886532 -38.412868 13.000000
1.989446 -38.435001 13.000000
1.966294 -38.439594 13.000000
1.981528 -38.418919 13.000000
2.054857 -38.407490 13.000000
3.144459 -38.093243 13.000000
17.548862 22.726433 14.000000
17.944525 22.646341 14.000000
17.199942 21.640320 14.000000
16.819811 22.050158 14.000000
17.124590 20.275923 14.000000
18.241455 22.546185 14.000000
17.541189 21.976423 14.000000
17.366257 21.733072 14.000000
17.003178 21.690796 14.000000
17.209829 21.319799 14.000000
16.254736 20.729528 14.000000
15.845074 21.945042 14.000000
17.181664 21.647720 14.000000
17.468552 20.882250 14.000000
16.102558 20.950294 14.000000
17.549335 21.299938 14.000000
17.145634 21.611761 14.000000
16.002598 21.721428 14.000000
16.868528 21.127722 14.000000
16.826946 20.337811 14.000000
17.398611 22.190245 14.000000
17.030054 20.910566 14.000000
17.501934 20.301617 14.000000
17.885439 21.390509 14.000000
16.783955 22.174976 14.000000
16.403456 21.702547 14.000000
17.217480 21.303862 14.000000
17.750557 21.453882 14.000000
17.206066 23.035738 14.000000
16.683285 22.964523 14.000000
17.078350 21.701252 14.000000
15.792181 21.291908 14.000000
16.277359 22.463249 14.000000
17.126896 21.636116 14.000000
17.255135 21.782921 14.000000
17.180475 21.644972 14.000000
17.434772 21.890425 14.000000
17.187973 21.648418 14.000000
17.038273 21.782154 14.000000
17.090532 21.702438 14.000000
17.175875 21.643299 14.000000
17.165358 21.643974 14.000000
18.408413 22.217249 14.000000
16.905441 22.568590 14.000000
17.136404 21.651749 14.000000
18.313169 20.822662 14.000000
17.969357 20.833033 14.000000
17.128471 21.637121 14.000000
17.868732 20.406498 14.000000
17.148260 21.640871 14.000000
17.188831 21.628607 14.000000
17.880526 21.986261 14.000000
16.412283 22.824493 14.000000
15.963059 22.286039 14.000000
17.168476 21.646772 14.000000
16.825869 21.461317 14.000000
17.186621 21.671133 14.000000
16.308926 21.330105 14.000000
17.137743 21.700188 14.000000
18.566870 21.569223 14.000000
18.516693 21.882891 14.000000
17.588717 22.971392 14.000000
16.416948 20.479704 14.000000
18.499678 21.231035 14.000000
4.584733 39.849152 15.000000
3.138582 39.655361 15.000000
4.401722 38.897614 15.000000
1.878414 39.152946 15.000000
4.343988 39.304710 15.000000
3.960115 39.957195 15.000000
2.973452 38.807487 15.000000
1.892546 40.153576 15.000000
1.846187 39.463413 15.000000
3.117499 39.613037 15.000000
3.157352 39.611973 15.000000
3.244917 39.132915 15.000000
2.981497 40.394855 15.000000
3.428890 41.019787 15.000000
3.155026 39.620777 15.000000
2.603644 38.509708 15.000000
3.142835 39.588551 15.000000
3.167733 39.600407 15.000000
2.953129 39.568184 15.000000
2.310168 38.469707 15.000000
2.505273 40.838291 15.000000
3.722045 39.296177 15.000000
3.178592 39.641697 15.000000
2.389215 39.652779 15.000000
3.146041 39.580795 15.000000
1.790932 39.908787 15.000000
3.630876 39.163712 15.000000
3.330071 40.532776 15.000000
3.485805 38.934845 15.000000
3.176875 39.602928 15.000000
2.876351 38.273701 15.000000
3.780233 39.456135 15.000000
2.711778 39.518475 15.000000
4.174162 40.420486 15.000000
3.355781 40.006058 15.000000
3.581192 38.403748 15.000000
3.287713 38.194340 15.000000
3.157020 39.684319 15.000000
3.934506 40.802895 15.000000
4.160909 40.228321 15.000000
3.222042 39.532017 15.000000
2.929760 40.205498 15.000000
3.158498 39.623051 15.000000
2.790273 39.392048 15.000000
2.921191 41.032406 15.000000
2.114920 40.580433 15.000000
3.420506 39.564842 15.000000
2.361539 38.889294 15.000000
2.460680 39.938152 15.000000
2.536654 40.301651 15.000000
3.186232 39.512051 15.000000
3.307686 39.546509 15.000000
3.606740 40.391357 15.000000
3.147521 39.601635 15.000000
3.177976 39.558872 15.000000
2.929543 39.564487 15.000000
3.180830 39.986687 15.000000
3.270019 39.350323 15.000000
3.887247 38.399742 15.000000
2.017616 38.948807 15.000000
4.199090 38.689167 15.000000
3.209414 39.821323 15.000000
4.367056 39.593029 15.000000
3.125813 39.613628 15.000000
15.878439 -1.495524 16.000000
15.040365 -0.145587 16.000000
14.653712 -0.882880 16.000000
16.091417 -0.940739 16.000000
16.154366 -0.984002 16.000000
17.057861 -0.990956 16.000000
15.612335 -1.081198 16.000000
15.872785 -0.788333 16.000000
16.526829 -0.292829 16.000000
16.100229 -0.947468 16.000000
16.090677 -0.943422 16.000000
16.020481 -1.133061 16.000000
16.202438 -0.927862 16.000000
17.106989 -0.199936 16.000000
16.157866 0.186577 16.000000
16.136082 -0.894564 16.000000
16.172987 -0.910574 16.000000
16.012999 -0.773910 16.000000
16.835775 -2.148211 16.000000
16.163372 -0.726610 16.000000
17.532402 -1.085895 16.000000
16.850895 0.238353 16.000000
16.086672 -0.929354 16.000000
16.090590 0.442078 16.000000
15.938248 -0.809753 16.000000
16.091200 -0.947275 16.000000
16.116617 -0.990926 16.000000
15.920546 -1.196141 16.000000
16.098021 -0.953654 16.000000
16.215467 -0.787810 16.000000
15.956839 -0.993326 16.000000
15.039148 -1.263549 16.000000
16.107521 -0.956933 16.000000
16.458551 -1.309691 16.000000
17.260317 -0.184346 16.000000
17.476803 -0.659901 16.000000
15.607369 0.323675 16.000000
16.210642 -2.360618 16.000000
17.304808 -1.745917 16.000000
14.941918 -0.540976 16.000000
16.341187 -1.086928 16.000000
15.628572 -0.601341 16.000000
15.309206 -1.343524 16.000000
15.054132 -0.621986 16.000000
14.770785 -1.484734 16.000000
15.182827 0.062515 16.000000
15.586363 -2.178512 16.000000
16.866819 -1.057477 16.000000
16.385557 -1.955747 16.000000
16.080902 -0.953112 16.000000
16.079283 -0.654060 16.000000
15.093948 -1.828752 16.000000
16.558165 0.351263 16.000000
16.268696 -0.518068 16.000000
16.061167 -0.983908 16.000000
17.191542 -1.469269 16.000000
16.231684 -1.588897 16.000000
15.325461 -2.068478 16.000000
15.621740 0.153840 16.000000
16.720879 -1.892018 16.000000
15.872839 -2.265598 16.000000
16.105692 -0.970670 16.000000
16.726145 -0.704481 16.000000
16.074888 -0.935133 16.000000
