-23.148232 -19.866505 1.000000
-23.552864 -19.498898 1.000000
-22.777412 -20.103321 1.000000
-23.478527 -18.406685 1.000000
-23.416838 -21.184090 1.000000
-22.710924 -21.176643 1.000000
-21.920816 -20.356258 1.000000
-24.420158 -19.056971 1.000000
-22.817385 -20.219110 1.000000
-23.776066 -21.097500 1.000000
-23.372463 -20.543276 1.000000
-23.070242 -19.643257 1.000000
-23.122234 -19.836279 1.000000
-23.934807 -19.857479 1.000000
-23.254826 -19.081015 1.000000
-23.187256 -19.837814 1.000000
-23.225998 -19.854254 1.000000
-23.097225 -18.566578 1.000000
-24.060034 -20.850765 1.000000
-23.960892 -20.315784 1.000000
-23.157545 -19.791277 1.000000
-24.558794 -20.122730 1.000000
-24.019463 -18.613516 1.000000
-24.133387 -19.218939 1.000000
-22.721340 -19.279757 1.000000
-22.054878 -20.662708 1.000000
-22.331861 -20.952446 1.000000
-23.524101 -20.284935 1.000000
-22.665138 -19.703249 1.000000
-23.038450 -21.075640 1.000000
-24.594444 -19.600760 1.000000
-22.681404 -18.449684 1.000000
-23.161423 -19.825396 1.000000
-23.229591 -19.785683 1.000000
-22.515974 -19.668819 1.000000
-23.433119 -20.237017 1.000000
-24.377718 -20.550167 1.000000
-23.145861 -19.869093 1.000000
-23.146851 -19.794619 1.000000
-22.149549 -19.692757 1.000000
-23.167566 -19.815277 1.000000
-23.159330 -19.833353 1.000000
-24.130491 -19.866056 1.000000
-21.988815 -19.250143 1.000000
-23.250776 -19.824451 1.000000
-23.132975 -19.795990 1.000000
-22.987089 -19.731075 1.000000
-23.341328 -20.394247 1.000000
-23.226078 -19.785124 1.000000
-22.758804 -20.617105 1.000000
-23.136133 -19.821596 1.000000
-23.150980 -19.774862 1.000000
-23.612223 -19.467690 1.000000
-21.710295 -19.481272 1.000000
-23.516706 -19.164307 1.000000
-23.100807 -19.775955 1.000000
-23.159021 -19.781147 1.000000
-23.690258 -18.889425 1.000000
-22.811543 -18.767326 1.000000
-22.475622 -20.158846 1.000000
-21.759556 -20.062492 1.000000
-22.382116 -18.877110 1.000000
-23.163263 -19.834852 1.000000
-22.171623 -18.966179 1.000000
-22.077019 12.255490 2.000000
-22.215639 12.915660 2.000000
-21.175508 13.317986 2.000000
-22.083693 12.318935 2.000000
-21.025414 11.773711 2.000000
-22.171913 12.235332 2.000000
-22.114685 12.306548 2.000000
-22.832933 11.972869 2.000000
-21.777554 12.316687 2.000000
-22.102709 12.260137 2.000000
-23.391256 12.455092 2.000000
-21.478514 12.452070 2.000000
-22.359030 11.725678 2.000000
-21.922363 13.096212 2.000000
-22.111259 12.256807 2.000000
-23.465187 12.222332 2.000000
-21.920073 11.779707 2.000000
-22.047527 12.145645 2.000000
-23.340956 11.818689 2.000000
-22.093016 12.276034 2.000000
-21.666492 12.177505 2.000000
-22.180958 12.267009 2.000000
-21.294107 11.329082 2.000000
-22.102558 12.292458 2.000000
-22.688108 12.101530 2.000000
-22.536779 11.132622 2.000000
-22.095661 12.291608 2.000000
-22.141962 12.160171 2.000000
-21.584507 13.597704 2.000000
-21.682333 11.054543 2.000000
-22.057119 12.245179 2.000000
-22.260147 10.919178 2.000000
-21.010283 11.650686 2.000000
-20.716412 12.323514 2.000000
-20.927687 12.812014 2.000000
-22.811138 11.132971 2.000000
-20.942099 13.050185 2.000000
-22.835855 12.713177 2.000000
-23.179628 13.165577 2.000000
-22.061037 12.379893 2.000000
-23.276922 11.602402 2.000000
-22.056236 12.270667 2.000000
-22.135805 12.305027 2.000000
-21.551380 13.023610 2.000000
-21.300611 11.151391 2.000000
-22.101847 12.264446 2.000000
-22.633291 12.845766 2.000000
-20.729784 11.979904 2.000000
-22.487617 13.342640 2.000000
-22.095924 12.314131 2.000000
-21.898184 13.610288 2.000000
-21.025715 12.476891 2.000000
-22.312700 13.659135 2.000000
-21.950289 10.898211 2.000000
-22.105322 12.278076 2.000000
-22.058485 12.268997 2.000000
-22.312254 12.308210 2.000000
-23.065344 11.289975 2.000000
-22.049406 11.519003 2.000000
-22.036947 12.306025 2.000000
-23.361694 12.818737 2.000000
-22.131201 12.519213 2.000000
-22.127001 12.253217 2.000000
-22.871538 13.447176 2.000000
14.414208 7.874607 3.000000
14.591954 6.517566 3.000000
13.625786 8.875533 3.000000
14.531538 8.677093 3.000000
13.756028 7.917822 3.000000
14.966387 8.058878 3.000000
14.299067 7.926329 3.000000
13.120015 8.752194 3.000000
14.208448 9.317156 3.000000
13.271414 6.908108 3.000000
13.739250 6.643375 3.000000
14.315117 8.172939 3.000000
14.255855 7.928469 3.000000
14.373422 7.888554 3.000000
13.072744 7.366382 3.000000
14.253565 7.897584 3.000000
14.262696 7.918769 3.000000
15.712030 8.194509 3.000000
14.353393 7.848150 3.000000
14.896057 7.334145 3.000000
13.563839 7.943132 3.000000
14.949973 7.995728 3.000000
14.689737 8.564359 3.000000
15.305645 8.937881 3.000000
14.361238 7.861148 3.000000
15.536240 8.620762 3.000000
14.240612 7.787104 3.000000
14.121320 7.810852 3.000000
14.439478 7.769225 3.000000
14.059069 7.576672 3.000000
14.186962 7.425886 3.000000
14.141973 7.930496 3.000000
13.938691 8.147851 3.000000
13.691863 9.182009 3.000000
14.377865 7.976660 3.000000
13.822297 8.486568 3.000000
13.522456 7.988129 3.000000
13.094295 8.603239 3.000000
14.376791 7.858787 3.000000
14.245825 7.913099 3.000000
14.300153 7.936554 3.000000
12.905368 8.071839 3.000000
14.723416 8.949124 3.000000
13.681966 7.074845 3.000000
14.118483 8.993576 3.000000
14.069174 6.526112 3.000000
15.586444 7.417867 3.000000
12.874064 7.729428 3.000000
14.540971 7.944305 3.000000
14.258569 7.899108 3.000000
15.488412 7.069046 3.000000
14.915429 7.889153 3.000000
14.356644 7.809355 3.000000
14.866385 9.231668 3.000000
13.360527 7.333227 3.000000
15.208412 8.263988 3.000000
15.013978 7.262872 3.000000
15.069729 6.691855 3.000000
14.238046 7.936963 3.000000
14.224521 6.852706 3.000000
14.628404 6.983077 3.000000
14.413884 8.027364 3.000000
15.726829 7.744629 3.000000
14.504988 7.730505 3.000000
-15.868100 30.874435 4.000000
-15.000458 29.724638 4.000000
-15.196033 29.699804 4.000000
-16.232922 29.753399 4.000000
-14.542498 30.812946 4.000000
-15.535764 30.957960 4.000000
-15.036306 29.693754 4.000000
-13.774765 30.228058 4.000000
-14.359428 28.466841 4.000000
-14.683911 28.996695 4.000000
-15.920817 28.642958 4.000000
-14.600153 31.038002 4.000000
-15.100174 29.933277 4.000000
-14.866193 29.515663 4.000000
-15.017015 28.828012 4.000000
-14.722069 29.599659 4.000000
-14.092790 28.694420 4.000000
-15.711862 30.411734 4.000000
-16.002592 30.080103 4.000000
-15.387003 29.187593 4.000000
-15.596468 28.461554 4.000000
-15.216391 30.344862 4.000000
-15.076018 29.724897 4.000000
-15.060035 29.721741 4.000000
-15.063239 29.720276 4.000000
-15.150506 29.664604 4.000000
-13.740155 29.158180 4.000000
-14.970201 29.714233 4.000000
-16.426849 30.044508 4.000000
-14.059779 29.584484 4.000000
-15.001045 29.706366 4.000000
-15.055612 29.737684 4.000000
-15.182680 29.663105 4.000000
-13.974313 30.541437 4.000000
-15.604227 30.086584 4.000000
-14.430113 30.147196 4.000000
-14.700910 29.814556 4.000000
-15.069804 29.663797 4.000000
-14.755684 30.061508 4.000000
-15.062023 29.724934 4.000000
-15.793046 29.227135 4.000000
-14.167548 30.582655 4.000000
-14.968364 29.747269 4.000000
-15.096733 29.699820 4.000000
-13.719456 29.929466 4.000000
-14.779106 28.283079 4.000000
-15.085073 29.641525 4.000000
-14.978794 29.714901 4.000000
-16.179106 30.513605 4.000000
-15.007183 29.644945 4.000000
-14.008393 29.041706 4.000000
-14.912477 29.400877 4.000000
-16.126446 28.921305 4.000000
-14.851018 28.576614 4.000000
-13.702261 29.597679 4.000000
-16.068857 29.284721 4.000000
-14.918148 30.791080 4.000000
-15.130785 29.710377 4.000000
-16.447216 29.362461 4.000000
-15.212839 31.071714 4.000000
-15.052297 29.771778 4.000000
-15.081617 29.648144 4.000000
-15.353525 28.370321 4.000000
-14.908150 29.585009 4.000000
12.092780 -7.069368 5.000000
12.364405 -7.379207 5.000000
11.866641 -8.152066 5.000000
12.314162 -7.800869 5.000000
12.346216 -7.417410 5.000000
11.095907 -6.572298 5.000000
12.288123 -7.557878 5.000000
12.328102 -7.438726 5.000000
12.137862 -6.364644 5.000000
11.276735 -7.642066 5.000000
12.382735 -7.406866 5.000000
12.343688 -7.399340 5.000000
12.614415 -7.363577 5.000000
13.227263 -6.238425 5.000000
13.663202 -7.729291 5.000000
12.550180 -7.155754 5.000000
13.395209 -8.375278 5.000000
12.084749 -7.540758 5.000000
12.368262 -7.403057 5.000000
12.023792 -6.000975 5.000000
12.336509 -7.425099 5.000000
12.360839 -7.402337 5.000000
10.830683 -7.382937 5.000000
12.336067 -7.410953 5.000000
12.873281 -8.389322 5.000000
13.773384 -7.254330 5.000000
11.154030 -8.210421 5.000000
12.535485 -6.780691 5.000000
13.646347 -8.015995 5.000000
11.289423 -7.800303 5.000000
12.282451 -7.988256 5.000000
11.338258 -7.019486 5.000000
12.283148 -7.408825 5.000000
12.519419 -7.482739 5.000000
13.668098 -6.746168 5.000000
12.123188 -7.083935 5.000000
12.359147 -7.387541 5.000000
11.836710 -6.775838 5.000000
12.350131 -7.391725 5.000000
12.335373 -7.405800 5.000000
11.884296 -7.384171 5.000000
11.786040 -8.682302 5.000000
11.461388 -8.497085 5.000000
13.041996 -6.879008 5.000000
13.053165 -7.680871 5.000000
11.632227 -6.731059 5.000000
12.504645 -6.061259 5.000000
12.967202 -8.730911 5.000000
13.051614 -6.600291 5.000000
12.203115 -8.811265 5.000000
13.345366 -7.132881 5.000000
12.412063 -7.469009 5.000000
11.298187 -7.274563 5.000000
12.818331 -6.093076 5.000000
12.360950 -8.127386 5.000000
12.432899 -7.040862 5.000000
12.307654 -7.412239 5.000000
13.111012 -7.283731 5.000000
11.558714 -6.195387 5.000000
12.013616 -7.695808 5.000000
12.433611 -7.406568 5.000000
12.461269 -8.729342 5.000000
12.586196 -7.587699 5.000000
13.020960 -8.081495 5.000000
11.002814 -29.735922 6.000000
10.968785 -29.723225 6.000000
10.904039 -29.436354 6.000000
10.138333 -28.641150 6.000000
11.751730 -30.537609 6.000000
11.015272 -29.714159 6.000000
10.759422 -28.348791 6.000000
12.324198 -29.650120 6.000000
11.040068 -31.067072 6.000000
9.763195 -30.221296 6.000000
10.473761 -28.733072 6.000000
11.385492 -28.427748 6.000000
10.081791 -29.668293 6.000000
10.685092 -30.771946 6.000000
11.060012 -29.393250 6.000000
11.283850 -29.205084 6.000000
10.093779 -30.642818 6.000000
10.590285 -28.574100 6.000000
11.656269 -30.020603 6.000000
11.010642 -29.698107 6.000000
11.020915 -29.673002 6.000000
10.850288 -30.190073 6.000000
12.206573 -29.367397 6.000000
11.034347 -29.755861 6.000000
10.340672 -29.588175 6.000000
11.006529 -29.719725 6.000000
12.173798 -30.044443 6.000000
11.021602 -29.720757 6.000000
11.568737 -28.524986 6.000000
11.049322 -29.857016 6.000000
10.991169 -29.691162 6.000000
10.288042 -30.806862 6.000000
11.894291 -28.713436 6.000000
11.135670 -28.387545 6.000000
10.875962 -29.823599 6.000000
9.912333 -30.406147 6.000000
10.991063 -29.649694 6.000000
10.947608 -29.880264 6.000000
11.013056 -29.709106 6.000000
12.257237 -29.148180 6.000000
11.023041 -29.715147 6.000000
11.605265 -30.848724 6.000000
11.479185 -29.599504 6.000000
11.360808 -29.532063 6.000000
10.989740 -29.635006 6.000000
11.024502 -29.720339 6.000000
10.950173 -29.475241 6.000000
10.592309 -30.038177 6.000000
11.422367 -29.516914 6.000000
12.019335 -28.852314 6.000000
11.068732 -29.739489 6.000000
9.682418 -29.885870 6.000000
10.060911 -29.121950 6.000000
10.999829 -29.720196 6.000000
12.104778 -30.606539 6.000000
10.668042 -29.380850 6.000000
11.398810 -31.018150 6.000000
12.347746 -30.137318 6.000000
11.239190 -30.386919 6.000000
11.059325 -29.712019 6.000000
9.792691 -28.924353 6.000000
9.616626 -29.451340 6.000000
10.675803 -30.974480 6.000000
10.916328 -29.704535 6.000000
-0.935584 19.764675 7.000000
0.137346 18.770033 7.000000
0.180197 18.791698 7.000000
0.089204 18.809975 7.000000
-0.592252 18.307608 7.000000
0.123243 18.808035 7.000000
0.203778 18.757456 7.000000
1.196520 18.573761 7.000000
1.112444 19.262182 7.000000
-0.271362 19.504379 7.000000
0.239630 20.196817 7.000000
-0.183814 17.452919 7.000000
1.226597 17.946697 7.000000
1.226198 18.133436 7.000000
0.053896 19.606602 7.000000
1.008475 19.660698 7.000000
0.168220 18.814327 7.000000
1.445275 19.264660 7.000000
0.893771 17.617941 7.000000
-0.222415 18.837616 7.000000
0.197959 18.733511 7.000000
-0.252355 17.554108 7.000000
0.154333 18.845526 7.000000
-0.540737 19.994930 7.000000
-0.060202 18.178410 7.000000
0.137684 18.807859 7.000000
1.152585 19.805719 7.000000
0.097365 18.900299 7.000000
0.198953 18.718180 7.000000
1.464014 18.914644 7.000000
1.536580 18.617649 7.000000
0.507916 18.745132 7.000000
0.089724 18.922089 7.000000
0.271510 19.953918 7.000000
-1.260721 19.013206 7.000000
0.182302 18.775196 7.000000
0.183579 18.771025 7.000000
0.159412 18.819674 7.000000
0.594676 17.826620 7.000000
0.210893 18.824062 7.000000
-0.376041 18.521873 7.000000
0.260905 17.792458 7.000000
0.019848 18.733269 7.000000
0.482734 19.190704 7.000000
0.871679 18.309536 7.000000
0.714869 20.080208 7.000000
0.250303 18.825962 7.000000
0.194992 18.775503 7.000000
-0.870050 17.840996 7.000000
-0.279474 20.111553 7.000000
0.195536 18.823322 7.000000
0.239362 18.431866 7.000000
-0.592846 17.790743 7.000000
0.046983 18.900414 7.000000
0.580796 19.502205 7.000000
0.415412 17.391312 7.000000
0.173748 18.795523 7.000000
-0.754796 19.401703 7.000000
0.171688 18.781397 7.000000
-1.213278 18.634262 7.000000
-1.113338 18.249020 7.000000
0.034892 18.736311 7.000000
-0.806126 19.300579 7.000000
-0.943408 18.834419 7.000000
28.461409 -16.845890 8.000000
27.745743 -16.772177 8.000000
28.608273 -16.531860 8.000000
28.020493 -18.194597 8.000000
28.540171 -15.613439 8.000000
28.519320 -17.742250 8.000000
29.009846 -17.388371 8.000000
27.741663 -16.839802 8.000000
27.900337 -17.298374 8.000000
29.130989 -16.963629 8.000000
26.328861 -16.656143 8.000000
28.847776 -17.461136 8.000000
27.772461 -16.860800 8.000000
27.741322 -16.789595 8.000000
27.792931 -16.820210 8.000000
27.802523 -17.950439 8.000000
26.893274 -16.810835 8.000000
27.746361 -16.838612 8.000000
26.855061 -16.672901 8.000000
27.439890 -18.113026 8.000000
28.711584 -16.046366 8.000000
27.056501 -15.578889 8.000000
26.758940 -17.748114 8.000000
27.948931 -17.323931 8.000000
28.073017 -15.463486 8.000000
26.475641 -16.246592 8.000000
26.998821 -17.205620 8.000000
27.777903 -16.808552 8.000000
28.474953 -15.912068 8.000000
27.716928 -16.593809 8.000000
27.279495 -17.639620 8.000000
27.472340 -16.308594 8.000000
27.743599 -16.803164 8.000000
27.494146 -15.418703 8.000000
28.131201 -16.832441 8.000000
28.054485 -16.688274 8.000000
27.712049 -16.822180 8.000000
27.736662 -16.854763 8.000000
29.075731 -16.228201 8.000000
26.386934 -17.270401 8.000000
27.760241 -16.620117 8.000000
27.047966 -15.844442 8.000000
27.737789 -16.879646 8.000000
29.114908 -16.607983 8.000000
28.066549 -16.385849 8.000000
27.754208 -16.787947 8.000000
27.752121 -15.969863 8.000000
27.262280 -16.330286 8.000000
27.721344 -16.814678 8.000000
28.401966 -18.075575 8.000000
27.755886 -16.806053 8.000000
27.339237 -16.564007 8.000000
27.375807 -17.428972 8.000000
27.781088 -16.667553 8.000000
27.759569 -16.834393 8.000000
27.899761 -16.908133 8.000000
27.769913 -16.812700 8.000000
26.681187 -17.337858 8.000000
27.744446 -16.819305 8.000000
27.815105 -15.534314 8.000000
27.071583 -18.075924 8.000000
27.679544 -16.838634 8.000000
26.619623 -15.956637 8.000000
28.353289 -17.467529 8.000000
-39.356495 -1.260746 9.000000
-40.381577 -1.789856 9.000000
-39.608532 -1.685674 9.000000
-40.447617 -0.540275 9.000000
-39.446701 -0.337158 9.000000
-40.564163 -1.973867 9.000000
-40.362663 -0.565110 9.000000
-39.887783 -1.840017 9.000000
-41.070969 0.561646 9.000000
-40.474201 -0.638863 9.000000
-40.959133 -1.015229 9.000000
-39.570641 0.049108 9.000000
-40.610310 0.816907 9.000000
-41.450417 -0.093925 9.000000
-40.772339 -0.981044 9.000000
-40.181606 0.798939 9.000000
-41.657722 -1.004706 9.000000
-40.518383 -0.611395 9.000000
-40.413956 -0.455497 9.000000
-40.449459 -0.501766 9.000000
-39.953987 -0.927519 9.000000
-39.200706 -1.097049 9.000000
-41.769550 -0.205911 9.000000
-41.606052 -1.325824 9.000000
-39.723850 0.676190 9.000000
-40.482723 -0.555117 9.000000
-41.062061 -0.351300 9.000000
-40.454178 -0.544300 9.000000
-41.807854 -0.584500 9.000000
-40.133472 -0.253910 9.000000
-39.410538 0.406937 9.000000
-40.461090 -0.538134 9.000000
-40.589470 -0.164454 9.000000
-40.468517 -0.523198 9.000000
-40.504616 -1.142353 9.000000
-40.457443 -0.544684 9.000000
-40.446396 -0.606634 9.000000
-40.451946 -0.541430 9.000000
-40.091965 0.555491 9.000000
-40.441734 -0.515511 9.000000
-40.441135 -0.556037 9.000000
-39.168449 -0.810057 9.000000
-41.008358 -1.818855 9.000000
-40.460556 -0.569529 9.000000
-40.001591 -0.750239 9.000000
-39.892441 -1.484198 9.000000
-39.131157 0.058359 9.000000
-40.870609 0.730368 9.000000
-40.633789 -1.389172 9.000000
-39.042183 -0.538201 9.000000
-40.650566 -0.713116 9.000000
-40.401489 -0.487282 9.000000
-40.338806 0.059677 9.000000
-40.393013 -0.558877 9.000000
-40.344402 -0.622392 9.000000
-40.622482 -0.425839 9.000000
-40.531879 -0.087197 9.000000
-41.344509 0.251846 9.000000
-39.943840 -0.293512 9.000000
-40.382698 -0.592474 9.000000
-41.482113 0.349922 9.000000
-40.215611 -0.729136 9.000000
-41.299084 -1.648035 9.000000
-41.474293 -0.795440 9.000000
3.673696 38.207073 10.000000
3.402799 39.197956 10.000000
3.344513 39.572460 10.000000
4.391601 39.149738 10.000000
3.283900 39.680443 10.000000
3.387498 39.529179 10.000000
3.408918 39.565624 10.000000
3.383278 39.267200 10.000000
3.813323 38.526623 10.000000
3.336679 39.477215 10.000000
3.908546 39.657661 10.000000
2.978368 40.552345 10.000000
2.865815 40.859821 10.000000
3.148214 40.158817 10.000000
3.969834 39.315319 10.000000
3.369454 39.592793 10.000000
3.205359 38.576412 10.000000
2.288132 38.525620 10.000000
2.420062 40.493797 10.000000
2.642449 38.306728 10.000000
4.742300 39.155712 10.000000
2.958988 39.073391 10.000000
2.446814 38.945389 10.000000
3.054376 39.488209 10.000000
2.906960 38.922745 10.000000
3.955226 39.218868 10.000000
1.946864 39.004704 10.000000
2.291466 40.436741 10.000000
3.982052 40.044178 10.000000
3.029886 38.116425 10.000000
3.337885 39.522411 10.000000
3.326741 39.547337 10.000000
3.532734 38.170765 10.000000
4.209252 38.419739 10.000000
3.357715 39.520237 10.000000
3.363125 39.261356 10.000000
3.548683 39.858803 10.000000
3.372397 39.520542 10.000000
2.159943 40.023945 10.000000
1.865284 39.663548 10.000000
3.517622 39.789104 10.000000
4.034246 40.784859 10.000000
4.757123 39.702595 10.000000
4.505713 40.220837 10.000000
3.337443 39.535885 10.000000
3.397450 39.480247 10.000000
4.471615 38.658440 10.000000
3.568542 39.405914 10.000000
3.246729 39.377193 10.000000
3.315411 39.521412 10.000000
3.618981 40.867722 10.000000
2.929470 39.962387 10.000000
3.359970 39.501274 10.000000
4.576183 39.827137 10.000000
4.263119 40.513618 10.000000
2.639177 39.503052 10.000000
3.339692 39.480095 10.000000
3.287573 39.479042 10.000000
3.268195 40.870628 10.000000
3.284775 39.647316 10.000000
3.314889 39.557014 10.000000
2.515710 39.554047 10.000000
2.265199 39.454464 10.000000
3.711752 40.464329 10.000000
-17.334312 -4.704225 11.000000
-17.472862 -4.255233 11.000000
-15.590464 -3.625556 11.000000
-17.446962 -4.015727 11.000000
-16.896027 -4.206347 11.000000
-15.720790 -5.270397 11.000000
-16.771524 -4.353651 11.000000
-16.675371 -4.300084 11.000000
-15.542454 -5.035622 11.000000
-15.748338 -4.483391 11.000000
-16.786667 -4.356558 11.000000
-17.386223 -5.005281 11.000000
-15.773229 -4.203576 11.000000
-16.797527 -4.221287 11.000000
-18.032370 -3.841892 11.000000
-17.013508 -2.910887 11.000000
-16.776791 -4.301923 11.000000
-16.061298 -3.196059 11.000000
-16.913364 -3.625184 11.000000
-16.689224 -4.912946 11.000000
-16.790983 -4.396758 11.000000
-16.761786 -4.246502 11.000000
-17.143055 -4.312541 11.000000
-16.740221 -3.036241 11.000000
-18.183798 -4.445442 11.000000
-17.154406 -5.039208 11.000000
-16.808081 -4.282542 11.000000
-16.689240 -4.372324 11.000000
-16.563261 -4.663539 11.000000
-17.939985 -5.124184 11.000000
-16.790548 -5.148950 11.000000
-16.225084 -4.172111 11.000000
-16.786551 -4.319344 11.000000
-16.780590 -4.337005 11.000000
-16.933849 -4.182302 11.000000
-16.710415 -5.783351 11.000000
-16.373177 -3.779706 11.000000
-16.011179 -3.460547 11.000000
-15.434827 -3.862515 11.000000
-16.787939 -4.337208 11.000000
-16.792168 -4.337255 11.000000
-16.778816 -4.362996 11.000000
-18.097519 -4.220952 11.000000
-15.323956 -4.454775 11.000000
-17.112244 -5.736062 11.000000
-16.281269 -3.009333 11.000000
-16.835030 -4.249409 11.000000
-16.482115 -4.315876 11.000000
-17.958511 -3.532510 11.000000
-18.059324 -4.817650 11.000000
-17.206530 -3.174995 11.000000
-16.771341 -4.358818 11.000000
-17.499836 -3.580005 11.000000
-16.817751 -4.351839 11.000000
-16.063412 -5.572748 11.000000
-16.778568 -3.923879 11.000000
-16.562035 -5.465752 11.000000
-17.636059 -3.210665 11.000000
-16.736946 -4.309850 11.000000
-16.098289 -4.950032 11.000000
-16.697416 -3.879043 11.000000
-17.573555 -5.499910 11.000000
-16.767075 -4.340545 11.000000
-16.175755 -4.736583 11.000000
-6.170740 -37.627796 12.000000
-6.815867 -38.907070 12.000000
-5.925375 -37.439045 12.000000
-5.916328 -36.894947 12.000000
-5.612570 -36.454464 12.000000
-5.571339 -37.017250 12.000000
-7.521754 -37.531807 12.000000
-5.498305 -38.920372 12.000000
-6.191761 -37.684414 12.000000
-6.153472 -37.653053 12.000000
-6.289242 -37.172035 12.000000
-6.063441 -36.271523 12.000000
-5.287434 -36.574341 12.000000
-6.170908 -37.631695 12.000000
-7.165065 -37.868526 12.000000
-4.844034 -37.982109 12.000000
-7.451799 -37.271229 12.000000
-6.201252 -37.515976 12.000000
-6.203641 -37.659397 12.000000
-6.203431 -37.742550 12.000000
-6.025944 -37.730171 12.000000
-6.208805 -36.462368 12.000000
-6.688471 -36.767418 12.000000
-7.018549 -36.576054 12.000000
-4.771100 -37.489063 12.000000
-6.323167 -38.986259 12.000000
-7.259246 -38.706264 12.000000
-6.438532 -38.575867 12.000000
-5.812921 -38.182472 12.000000
-5.183342 -37.314693 12.000000
-6.204989 -37.679028 12.000000
-6.236793 -37.633881 12.000000
-6.654727 -36.393211 12.000000
-6.417533 -37.415604 12.000000
-7.079266 -36.934662 12.000000
-6.035297 -39.095230 12.000000
-6.162501 -37.689266 12.000000
-6.166373 -37.699986 12.000000
-6.049055 -37.773987 12.000000
-6.099480 -37.692585 12.000000
-5.755116 -37.563244 12.000000
-7.401614 -36.962051 12.000000
-7.314250 -38.316296 12.000000
-6.654490 -38.243576 12.000000
-6.451823 -38.196373 12.000000
-6.252532 -37.642757 12.000000
-5.174049 -38.117073 12.000000
-6.281567 -37.786491 12.000000
-6.181451 -37.773598 12.000000
-6.675884 -37.733829 12.000000
-5.904124 -38.554916 12.000000
-6.176645 -37.666496 12.000000
-6.155188 -37.685112 12.000000
-5.044036 -37.540604 12.000000
-5.626855 -38.148151 12.000000
-6.187315 -37.671772 12.000000
-6.696702 -38.148613 12.000000
-6.138393 -37.790604 12.000000
-7.573069 -38.020687 12.000000
-5.328722 -38.751816 12.000000
-6.172164 -37.681992 12.000000
-4.971657 -36.916698 12.000000
-6.543069 -37.542885 12.000000
-5.025270 -38.482147 12.000000
34.741154 1.728353 13.000000
34.518066 1.675287 13.000000
34.642826 1.462799 13.000000
34.509804 1.646511 13.000000
34.453938 1.189106 13.000000
34.485275 1.628850 13.000000
34.804432 0.261046 13.000000
34.703655 2.661496 13.000000
34.527622 1.625354 13.000000
34.500927 1.618702 13.000000
34.591431 1.722606 13.000000
34.495876 1.674658 13.000000
34.619209 0.831319 13.000000
34.320267 1.870343 13.000000
33.747639 2.873078 13.000000
35.924194 1.577515 13.000000
35.390553 1.132505 13.000000
34.858727 1.196289 13.000000
35.886551 1.894319 13.000000
34.080059 0.951274 13.000000
34.509720 1.653712 13.000000
33.261089 0.982266 13.000000
33.300919 2.387946 13.000000
34.560684 1.769402 13.000000
34.319218 2.575509 13.000000
33.942326 1.440343 13.000000
35.143452 0.529832 13.000000
34.460690 1.620752 13.000000
35.854042 1.093479 13.000000
34.499649 1.582547 13.000000
33.650215 1.229869 13.000000
33.360500 2.490045 13.000000
33.808350 1.841575 13.000000
34.256672 0.284908 13.000000
35.454052 0.537357 13.000000
34.324821 1.893420 13.000000
34.046131 2.395622 13.000000
35.254704 1.618648 13.000000
34.389759 0.567757 13.000000
35.170612 2.827394 13.000000
35.431866 2.690067 13.000000
34.131882 3.064320 13.000000
35.273846 2.207276 13.000000
34.779179 3.107554 13.000000
33.488331 0.679084 13.000000
34.499172 1.691531 13.000000
34.340279 2.280395 13.000000
33.165905 1.436846 13.000000
34.992363 2.339936 13.000000
34.643356 1.740537 13.000000
34.547386 1.636049 13.000000
34.338902 1.314928 13.000000
34.116497 2.032630 13.000000
34.503517 1.622244 13.000000
33.076004 1.820661 13.000000
34.525211 1.637756 13.000000
33.509296 1.722986 13.000000
34.472164 1.629173 13.000000
35.770557 2.306700 13.000000
35.289627 1.195742 13.000000
35.129353 1.721414 13.000000
33.789188 0.416982 13.000000
34.505932 1.734244 13.000000
34.532932 1.651732 13.000000
-1.721274 -16.667727 14.000000
-0.889603 -15.465368 14.000000
-2.263777 -15.346403 14.000000
-2.263331 -15.376179 14.000000
-2.537285 -16.730324 14.000000
-3.236054 -15.434503 14.000000
-2.247823 -15.375539 14.000000
-2.288559 -15.349571 14.000000
-2.305443 -15.468351 14.000000
-2.225096 -15.350627 14.000000
-2.303561 -15.381940 14.000000
-3.021282 -14.145565 14.000000
-2.067973 -15.345262 14.000000
-2.835096 -16.452238 14.000000
-2.301670 -15.364585 14.000000
-2.631585 -15.226787 14.000000
-2.278714 -13.950768 14.000000
-2.172159 -15.279672 14.000000
-2.247093 -14.715243 14.000000
-2.318988 -14.919655 14.000000
-1.464525 -15.303990 14.000000
-2.007831 -15.730737 14.000000
-1.400765 -14.337394 14.000000
-2.283926 -15.364994 14.000000
-1.777438 -14.882312 14.000000
-0.986495 -14.815034 14.000000
-1.685306 -15.210378 14.000000
-2.660306 -14.568665 14.000000
-2.007659 -15.388494 14.000000
-1.709877 -15.851630 14.000000
-3.648966 -15.312379 14.000000
-1.304284 -16.385813 14.000000
-1.744452 -16.337008 14.000000
-1.102927 -16.053627 14.000000
-1.263584 -14.551497 14.000000
-2.779286 -14.770536 14.000000
-2.349889 -15.468663 14.000000
-2.104744 -16.509241 14.000000
-2.481455 -14.146267 14.000000
-3.363978 -14.977659 14.000000
-2.235271 -15.379253 14.000000
-2.380362 -15.509668 14.000000
-3.304759 -14.396935 14.000000
-2.000517 -14.222726 14.000000
-2.285537 -15.363499 14.000000
-2.290517 -15.367831 14.000000
-3.166024 -16.393757 14.000000
-2.778857 -15.362951 14.000000
-2.354706 -15.382298 14.000000
-3.485507 -15.915504 14.000000
-2.306380 -15.356665 14.000000
-2.232057 -15.630304 14.000000
-0.903138 -15.188065 14.000000
-2.222266 -15.421042 14.000000
-3.555843 -15.780726 14.000000
-3.517290 -14.800067 14.000000
-2.463417 -15.654927 14.000000
-1.656878 -14.118406 14.000000
-3.120222 -16.233236 14.000000
-2.242756 -15.348220 14.000000
-1.001492 -15.887830 14.000000
-2.609080 -15.805354 14.000000
-2.262765 -15.392244 14.000000
-2.372217 -16.681250 14.000000
24.484301 23.883688 15.000000
23.859951 22.113556 15.000000
24.738054 23.396791 15.000000
23.691507 22.709412 15.000000
23.902004 23.925892 15.000000
23.560604 23.171652 15.000000
23.623838 23.055662 15.000000
23.578857 23.105215 15.000000
23.385143 21.708485 15.000000
23.106297 21.732071 15.000000
23.659065 22.621471 15.000000
24.716019 22.818932 15.000000
22.688509 21.897011 15.000000
24.250946 22.711252 15.000000
22.416327 23.941080 15.000000
23.734196 23.304598 15.000000
23.502295 23.035154 15.000000
24.211124 23.155350 15.000000
24.494297 21.811079 15.000000
23.598413 23.065615 15.000000
24.966009 22.920277 15.000000
22.984442 23.227573 15.000000
23.493896 23.057854 15.000000
22.378359 22.218542 15.000000
23.416006 23.142838 15.000000
24.260838 22.117626 15.000000
23.460276 23.067814 15.000000
23.479282 23.119484 15.000000
23.503748 23.067261 15.000000
22.180235 22.658365 15.000000
24.767359 22.382753 15.000000
23.490404 24.489597 15.000000
23.543974 23.098022 15.000000
23.869837 21.667906 15.000000
23.476877 23.071123 15.000000
23.506199 23.045794 15.000000
24.372089 24.224560 15.000000
23.901972 24.427996 15.000000
23.113981 24.381468 15.000000
23.510231 23.089083 15.000000
23.230799 23.640770 15.000000
23.510265 23.056242 15.000000
23.942574 22.746738 15.000000
23.736391 23.823345 15.000000
22.913458 22.832783 15.000000
22.184925 23.366220 15.000000
23.399191 23.922073 15.000000
24.105297 23.328865 15.000000
23.475447 23.108170 15.000000
23.513058 23.048025 15.000000
23.366728 22.907782 15.000000
22.665430 22.863888 15.000000
23.431627 23.108727 15.000000
23.490719 22.997913 15.000000
23.490036 22.340574 15.000000
23.168324 22.367170 15.000000
22.766361 24.246849 15.000000
24.754969 23.724033 15.000000
22.180805 23.039963 15.000000
23.488180 22.981649 15.000000
22.749496 22.390823 15.000000
23.471889 23.155016 15.000000
22.333719 23.638693 15.000000
22.881199 23.803398 15.000000
-2.948962 2.230569 16.000000
-2.828125 2.197831 16.000000
-2.908617 2.288127 16.000000
-3.409251 0.964047 16.000000
-1.590987 2.010468 16.000000
-2.725295 2.151597 16.000000
-2.396602 1.294094 16.000000
-2.348948 3.439352 16.000000
-1.567322 2.608534 16.000000
-3.151523 2.577269 16.000000
-1.962248 1.280993 16.000000
-2.991236 2.241218 16.000000
-2.524565 2.334856 16.000000
-2.933192 2.254243 16.000000
-3.508908 1.147925 16.000000
-3.216766 1.994481 16.000000
-3.434055 2.137404 16.000000
-2.485378 3.535568 16.000000
-1.705602 2.262880 16.000000
-2.878213 2.247126 16.000000
-3.464578 1.634983 16.000000
-1.742856 3.012007 16.000000
-2.258426 2.570915 16.000000
-3.175688 3.629911 16.000000
-2.672824 2.054720 16.000000
-2.958190 2.250333 16.000000
-3.371789 2.568637 16.000000
-2.905501 2.221421 16.000000
-2.977962 2.792303 16.000000
-3.950285 2.367236 16.000000
-3.555104 3.500167 16.000000
-2.971521 2.259198 16.000000
-2.737285 0.892392 16.000000
-2.910755 2.251869 16.000000
-2.716120 2.457995 16.000000
-4.312085 2.466683 16.000000
-2.846854 2.005507 16.000000
-2.896328 2.252284 16.000000
-2.856472 2.734785 16.000000
-1.697310 1.731471 16.000000
-3.985157 3.110650 16.000000
-2.980521 2.235378 16.000000
-3.983474 1.800656 16.000000
-3.449909 3.375522 16.000000
-2.945945 2.256388 16.000000
-2.255759 0.934728 16.000000
-3.846808 1.201318 16.000000
-3.111915 2.234642 16.000000
-2.748041 3.498847 16.000000
-2.805751 2.204017 16.000000
-3.520095 2.776474 16.000000
-2.957954 2.288162 16.000000
-1.926947 3.236377 16.000000
-2.959741 2.263556 16.000000
-2.954032 0.970668 16.000000
-2.221592 2.612777 16.000000
-4.156458 1.558449 16.000000
-2.938051 2.220698 16.000000
-2.830075 1.492469 16.000000
-2.688618 1.789696 16.000000
-4.108696 3.010269 16.000000
-2.001706 1.558755 16.000000
-2.890815 2.205696 16.000000
-4.353018 2.163516 16.000000
