17.064800 0.541611 1.000000
17.809082 0.579137 1.000000
18.953617 0.025987 1.000000
17.656673 -0.940772 1.000000
17.589098 0.413464 1.000000
18.257544 -0.661581 1.000000
17.535749 0.386319 1.000000
16.368097 0.216498 1.000000
16.577793 1.484620 1.000000
18.445894 1.204319 1.000000
17.366667 -0.161968 1.000000
17.554911 0.310587 1.000000
17.566511 0.428261 1.000000
17.241306 1.390397 1.000000
17.137592 -0.024854 1.000000
17.986452 1.368194 1.000000
17.587900 0.398686 1.000000
18.453279 0.012198 1.000000
17.497431 1.713996 1.000000
17.642359 0.353308 1.000000
18.556698 1.211096 1.000000
17.992243 -0.106120 1.000000
17.599081 0.414298 1.000000
18.366961 0.679514 1.000000
17.554419 0.454470 1.000000
18.384863 -0.759423 1.000000
16.245283 0.799152 1.000000
17.564926 0.426023 1.000000
17.610506 0.396103 1.000000
17.479074 0.372516 1.000000
17.565653 0.389748 1.000000
17.627653 0.481131 1.000000
16.776537 -0.397561 1.000000
17.699202 0.474682 1.000000
17.626732 0.422711 1.000000
19.023722 0.386418 1.000000
16.564529 0.267698 1.000000
17.603415 0.412705 1.000000
16.830559 0.771019 1.000000
16.265736 -0.132049 1.000000
18.690981 -0.467187 1.000000
18.125185 1.584328 1.000000
17.223162 0.723972 1.000000
17.703722 -0.210240 1.000000
16.216373 0.944957 1.000000
17.056910 1.733897 1.000000
17.691132 0.378932 1.000000
18.181179 0.404025 1.000000
18.638294 0.227678 1.000000
17.571709 0.409303 1.000000
17.597811 0.379140 1.000000
16.830626 1.067988 1.000000
17.671167 0.811033 1.000000
17.807240 1.698851 1.000000
17.564447 0.860275 1.000000
17.074251 -0.904407 1.000000
17.256657 0.104651 1.000000
17.782854 -0.940228 1.000000
17.189104 -0.767895 1.000000
17.609774 0.309394 1.000000
17.361181 0.743663 1.000000
17.858782 0.226527 1.000000
16.559326 -0.488229 1.000000
18.853037 0.975288 1.000000
39.911140 5.175281 2.000000
39.423218 4.058124 2.000000
38.734177 5.255049 2.000000
39.486496 3.761143 2.000000
39.325054 5.376462 2.000000
39.399887 4.024846 2.000000
40.680008 3.324438 2.000000
39.697681 3.822475 2.000000
38.565907 2.915696 2.000000
39.817715 4.794491 2.000000
39.454540 4.053086 2.000000
40.186756 4.236462 2.000000
39.464638 4.048907 2.000000
39.454063 4.024330 2.000000
39.214462 4.110790 2.000000
39.433887 4.023810 2.000000
38.725784 3.710763 2.000000
39.425873 4.027257 2.000000
40.384663 3.560479 2.000000
38.129681 3.774490 2.000000
39.442287 4.048222 2.000000
40.805180 3.923654 2.000000
39.459064 4.030957 2.000000
39.565033 5.400650 2.000000
39.065289 4.657558 2.000000
39.841373 3.446837 2.000000
40.390327 3.900831 2.000000
39.494247 3.976692 2.000000
39.406326 4.045447 2.000000
40.225941 5.218412 2.000000
39.464603 4.017055 2.000000
39.852489 2.732609 2.000000
39.502579 2.703180 2.000000
38.736824 2.886742 2.000000
39.433353 4.082448 2.000000
39.459599 4.086222 2.000000
40.627361 4.420552 2.000000
38.759594 4.281692 2.000000
38.129238 4.175975 2.000000
39.527054 3.098492 2.000000
40.379463 3.167788 2.000000
39.173828 2.715462 2.000000
40.190994 2.892869 2.000000
39.445255 4.037548 2.000000
39.063469 5.116428 2.000000
40.115562 4.301988 2.000000
38.093235 4.383052 2.000000
39.325989 3.602152 2.000000
38.950268 4.401162 2.000000
38.511673 3.469850 2.000000
39.034668 3.324120 2.000000
38.469963 5.034840 2.000000
40.781059 4.583477 2.000000
39.440128 4.031685 2.000000
38.284340 4.731987 2.000000
39.413818 4.423481 2.000000
38.305416 3.538588 2.000000
39.444744 4.037336 2.000000
39.444706 3.982280 2.000000
39.396069 4.065044 2.000000
39.472477 3.993872 2.000000
39.409172 4.475961 2.000000
40.317719 4.867365 2.000000
39.453579 4.037833 2.000000
4.860855 -36.238251 3.000000
5.448261 -37.760414 3.000000
5.681759 -38.137962 3.000000
4.591579 -38.822430 3.000000
5.047085 -37.588711 3.000000
4.885443 -36.561844 3.000000
6.164886 -37.474247 3.000000
5.047935 -37.624424 3.000000
5.086248 -37.297199 3.000000
4.078179 -36.565166 3.000000
6.087133 -38.445099 3.000000
5.367184 -36.217331 3.000000
4.431181 -38.404850 3.000000
5.114264 -37.523586 3.000000
5.023750 -37.592556 3.000000
5.532311 -38.869011 3.000000
4.903637 -38.644962 3.000000
4.209427 -38.744450 3.000000
5.148477 -39.005241 3.000000
5.034096 -37.600937 3.000000
6.473046 -37.742222 3.000000
4.893246 -37.324589 3.000000
5.006090 -37.608963 3.000000
5.645703 -36.413971 3.000000
5.046876 -37.627316 3.000000
3.792349 -36.998734 3.000000
3.725870 -37.430733 3.000000
4.134974 -37.105816 3.000000
5.060385 -37.613663 3.000000
4.375947 -37.390068 3.000000
5.992892 -36.556210 3.000000
5.062506 -37.565086 3.000000
5.503403 -38.335899 3.000000
5.224771 -37.065506 3.000000
3.733767 -37.727451 3.000000
6.043850 -36.952652 3.000000
5.049149 -37.683743 3.000000
5.047392 -37.641068 3.000000
4.786504 -37.644787 3.000000
3.771932 -38.086578 3.000000
4.534595 -37.763847 3.000000
3.898474 -38.358711 3.000000
6.374697 -37.027039 3.000000
5.236228 -36.766548 3.000000
5.493561 -37.492996 3.000000
5.047814 -37.605095 3.000000
5.053267 -37.645111 3.000000
5.540777 -37.156063 3.000000
5.024945 -38.593525 3.000000
5.038439 -37.576008 3.000000
5.045045 -37.691044 3.000000
5.066907 -37.558182 3.000000
4.292060 -37.964527 3.000000
5.048300 -37.611240 3.000000
6.364801 -38.075577 3.000000
5.106205 -37.647758 3.000000
4.413291 -36.424461 3.000000
5.916808 -37.655228 3.000000
5.063993 -37.905807 3.000000
4.571376 -36.807289 3.000000
5.045251 -37.640781 3.000000
4.996927 -37.579174 3.000000
5.045701 -37.611809 3.000000
5.930175 -38.723820 3.000000
-15.141180 -0.298182 4.000000
-15.593680 -0.657396 4.000000
-16.714695 -0.845696 4.000000
-15.907275 0.083395 4.000000
-15.572515 -0.632882 4.000000
-15.619799 -0.662130 4.000000
-16.428862 0.451870 4.000000
-14.675665 -1.624300 4.000000
-14.743675 0.514370 4.000000
-15.494423 -1.224188 4.000000
-15.584420 -0.634106 4.000000
-15.668321 -0.587096 4.000000
-15.589468 0.768800 4.000000
-14.973094 0.671399 4.000000
-15.529205 -0.629808 4.000000
-15.595088 -0.581943 4.000000
-15.375755 -1.396198 4.000000
-16.188250 -1.396730 4.000000
-15.567537 -0.631661 4.000000
-15.576931 -0.599351 4.000000
-16.750420 0.131297 4.000000
-15.545994 -0.490750 4.000000
-15.575774 -0.622370 4.000000
-15.163706 -1.946060 4.000000
-14.446448 -1.085947 4.000000
-16.200970 -0.799150 4.000000
-15.966619 -0.916751 4.000000
-15.163718 -0.077142 4.000000
-15.643121 -0.621120 4.000000
-14.881833 -1.010826 4.000000
-15.586278 -0.594217 4.000000
-16.748472 -1.375365 4.000000
-14.208344 -0.519875 4.000000
-14.931383 0.138953 4.000000
-16.673317 -1.510803 4.000000
-15.656034 0.770055 4.000000
-15.996887 -1.925221 4.000000
-16.069748 -0.318896 4.000000
-15.043053 -1.833075 4.000000
-14.313391 0.097576 4.000000
-16.405792 -0.709742 4.000000
-15.587051 -0.646126 4.000000
-15.546492 -0.569766 4.000000
-15.536850 -0.972820 4.000000
-15.588244 -0.171081 4.000000
-16.355026 -0.352047 4.000000
-14.867765 -0.322612 4.000000
-14.248962 -0.843702 4.000000
-14.436112 -0.297662 4.000000
-15.755911 -0.267079 4.000000
-15.577772 -0.622085 4.000000
-15.569409 -0.629528 4.000000
-14.552337 -1.341312 4.000000
-16.009565 -1.963515 4.000000
-15.626415 -0.540676 4.000000
-15.771946 -1.649436 4.000000
-15.583446 -0.618293 4.000000
-17.043520 -0.627371 4.000000
-16.904898 -0.121081 4.000000
-15.563389 -0.623119 4.000000
-16.310926 0.574975 4.000000
-15.518059 -0.599032 4.000000
-15.293293 -0.672244 4.000000
-15.700070 0.349511 4.000000
-9.996895 -27.987051 5.000000
-11.712517 -29.844131 5.000000
-10.850627 -28.773342 5.000000
-10.175741 -30.061544 5.000000
-10.587927 -28.063747 5.000000
-10.835794 -28.741020 5.000000
-10.783059 -28.753052 5.000000
-10.834979 -28.713150 5.000000
-11.242116 -30.119646 5.000000
-10.309641 -28.860052 5.000000
-12.186430 -28.369627 5.000000
-10.831955 -28.779257 5.000000
-10.912299 -28.732779 5.000000
-10.850755 -28.758974 5.000000
-11.001936 -29.400631 5.000000
-10.562442 -27.768408 5.000000
-9.861890 -28.558367 5.000000
-10.855084 -28.707085 5.000000
-12.009676 -27.997341 5.000000
-9.476308 -29.011721 5.000000
-11.178678 -28.071239 5.000000
-10.336616 -29.473291 5.000000
-9.730623 -29.508757 5.000000
-10.681920 -29.880783 5.000000
-10.870314 -28.343441 5.000000
-12.072994 -29.362434 5.000000
-11.778210 -27.781443 5.000000
-12.176366 -29.083433 5.000000
-10.923331 -29.432110 5.000000
-10.841425 -29.928013 5.000000
-10.865866 -28.748487 5.000000
-11.158637 -27.526134 5.000000
-11.379646 -28.715965 5.000000
-10.737511 -27.323940 5.000000
-10.836688 -28.763252 5.000000
-10.578718 -28.748703 5.000000
-10.847892 -28.750698 5.000000
-10.852399 -28.745575 5.000000
-10.982605 -28.569172 5.000000
-9.407698 -28.627110 5.000000
-10.019202 -28.709854 5.000000
-10.812758 -28.651672 5.000000
-10.433010 -28.335140 5.000000
-10.855733 -28.750187 5.000000
-10.610229 -28.565695 5.000000
-12.228477 -28.676664 5.000000
-9.558911 -28.109667 5.000000
-10.855303 -28.807405 5.000000
-9.842213 -29.316786 5.000000
-10.321695 -27.402653 5.000000
-10.174425 -29.717102 5.000000
-11.440782 -27.431419 5.000000
-11.277115 -29.137934 5.000000
-9.842130 -27.680140 5.000000
-11.462970 -28.456408 5.000000
-11.559937 -28.817389 5.000000
-11.693099 -29.650410 5.000000
-10.860769 -28.686129 5.000000
-10.780766 -28.694389 5.000000
-10.745754 -28.740936 5.000000
-10.849426 -28.759636 5.000000
-11.451085 -29.268419 5.000000
-11.311028 -28.115772 5.000000
-10.857471 -28.765347 5.000000
-23.411037 14.995128 6.000000
-25.197111 16.749306 6.000000
-25.532358 14.876839 6.000000
-24.663162 16.802639 6.000000
-26.176651 15.128701 6.000000
-26.107367 14.815800 6.000000
-24.378767 14.879729 6.000000
-24.700893 15.432442 6.000000
-24.819624 15.377090 6.000000
-23.823732 14.790066 6.000000
-23.426085 15.661966 6.000000
-24.806778 15.355107 6.000000
-23.771347 14.303839 6.000000
-24.722841 15.378557 6.000000
-26.212591 15.607410 6.000000
-25.589317 16.516651 6.000000
-25.073717 15.405231 6.000000
-24.299372 16.681446 6.000000
-25.516333 14.188356 6.000000
-24.301535 15.468365 6.000000
-25.851881 14.472936 6.000000
-25.911997 15.617146 6.000000
-25.238617 14.377586 6.000000
-24.706129 15.742381 6.000000
-24.655525 15.838053 6.000000
-24.576759 15.790953 6.000000
-24.816004 15.374332 6.000000
-24.971764 14.624279 6.000000
-24.825521 15.362076 6.000000
-24.702902 14.461013 6.000000
-25.986914 16.044846 6.000000
-24.789015 15.353408 6.000000
-24.826544 15.406426 6.000000
-24.190489 15.714158 6.000000
-25.601624 15.281664 6.000000
-24.712675 16.243597 6.000000
-24.810274 15.392743 6.000000
-25.829161 16.288774 6.000000
-24.560352 14.704583 6.000000
-24.763765 15.388143 6.000000
-24.814999 15.370907 6.000000
-24.010790 16.462025 6.000000
-23.585951 15.980518 6.000000
-24.950930 15.249256 6.000000
-24.396212 15.294488 6.000000
-25.135422 16.286142 6.000000
-24.806803 15.398499 6.000000
-24.825665 15.368645 6.000000
-25.188221 15.046281 6.000000
-25.118122 15.930081 6.000000
-25.179693 15.582070 6.000000
-23.842997 15.125578 6.000000
-24.762505 15.296452 6.000000
-24.820982 15.362189 6.000000
-25.232687 15.577448 6.000000
-24.827305 15.335830 6.000000
-24.811375 15.327359 6.000000
-24.938894 13.906542 6.000000
-24.256565 14.430937 6.000000
-23.710382 15.319607 6.000000
-24.890343 15.121768 6.000000
-24.832100 15.385718 6.000000
-23.783945 16.263578 6.000000
-24.411142 13.944971 6.000000
31.165834 -15.395754 7.000000
31.879713 -14.778872 7.000000
31.404509 -15.099923 7.000000
31.645931 -15.449871 7.000000
31.335432 -15.063630 7.000000
32.276348 -15.120799 7.000000
31.626091 -14.995497 7.000000
31.216454 -14.971161 7.000000
30.626526 -14.034618 7.000000
31.313480 -15.021419 7.000000
31.304594 -15.034130 7.000000
31.403938 -14.982682 7.000000
30.474541 -15.479487 7.000000
31.374950 -14.997982 7.000000
31.630259 -13.906631 7.000000
31.228537 -14.912240 7.000000
30.735786 -16.277651 7.000000
30.949036 -16.003044 7.000000
32.560341 -15.146379 7.000000
31.381527 -15.021258 7.000000
32.731148 -14.553579 7.000000
32.019379 -13.699270 7.000000
31.366093 -15.019168 7.000000
30.001539 -15.234353 7.000000
30.755207 -14.674745 7.000000
31.323421 -15.019870 7.000000
31.397020 -15.113414 7.000000
31.366037 -15.024823 7.000000
31.454063 -14.871099 7.000000
31.814308 -15.103075 7.000000
31.341364 -15.003146 7.000000
30.867186 -14.786240 7.000000
31.294565 -16.430155 7.000000
31.526188 -16.281317 7.000000
31.288170 -14.259004 7.000000
31.380108 -14.363091 7.000000
31.329187 -14.876056 7.000000
30.938417 -13.639058 7.000000
30.224367 -14.547290 7.000000
30.846151 -14.233377 7.000000
31.525259 -15.085014 7.000000
32.529041 -15.758562 7.000000
30.447214 -15.096324 7.000000
31.365084 -15.024743 7.000000
30.078527 -15.643068 7.000000
31.189560 -15.467155 7.000000
32.406910 -14.078279 7.000000
31.054428 -15.753146 7.000000
30.313377 -15.952381 7.000000
31.926168 -16.338509 7.000000
32.328114 -14.643348 7.000000
31.625088 -14.393505 7.000000
31.269960 -13.557700 7.000000
31.355751 -15.017148 7.000000
32.442818 -15.907190 7.000000
32.855598 -15.095342 7.000000
31.345730 -15.106925 7.000000
31.784815 -15.616257 7.000000
32.070786 -14.293542 7.000000
30.230644 -14.109361 7.000000
30.924295 -15.257837 7.000000
31.367256 -15.029713 7.000000
31.960939 -15.881585 7.000000
29.996052 -14.791313 7.000000
20.980103 18.237938 8.000000
21.594822 18.935211 8.000000
20.190981 18.206650 8.000000
21.339621 17.943829 8.000000
20.584225 18.842308 8.000000
21.001156 18.232983 8.000000
20.317564 16.947802 8.000000
20.347584 17.441738 8.000000
20.303070 19.420099 8.000000
21.744457 19.446098 8.000000
20.439533 18.500198 8.000000
19.934834 19.173977 8.000000
21.016018 18.228788 8.000000
20.987419 18.196413 8.000000
21.766665 18.216003 8.000000
20.113087 17.842688 8.000000
21.018974 18.168739 8.000000
21.057417 19.063061 8.000000
21.085337 18.764893 8.000000
20.703165 17.697460 8.000000
21.463438 18.074751 8.000000
21.263485 16.921843 8.000000
21.002043 18.210073 8.000000
20.960390 18.296288 8.000000
21.213335 18.187311 8.000000
21.033058 18.211264 8.000000
21.025940 18.214840 8.000000
19.956659 17.433239 8.000000
21.396971 19.397694 8.000000
19.955969 18.360285 8.000000
21.215914 18.628157 8.000000
22.402262 18.465908 8.000000
21.018055 18.232803 8.000000
21.734562 18.408577 8.000000
21.250031 17.343525 8.000000
21.076803 18.149437 8.000000
19.735674 18.791111 8.000000
22.179501 17.448149 8.000000
20.664001 17.181206 8.000000
19.673199 17.647402 8.000000
21.026764 18.215721 8.000000
21.060080 19.643595 8.000000
21.026131 18.194157 8.000000
22.134188 18.777397 8.000000
21.025837 17.889332 8.000000
21.892193 17.292942 8.000000
21.527840 17.695358 8.000000
20.922291 18.380587 8.000000
21.018108 18.221149 8.000000
19.558104 18.309919 8.000000
22.286697 18.171785 8.000000
20.524275 18.871786 8.000000
20.621094 19.554262 8.000000
22.336308 17.742691 8.000000
20.995127 17.669455 8.000000
20.888990 16.768381 8.000000
22.074450 19.150574 8.000000
20.712126 18.191191 8.000000
21.657562 16.949753 8.000000
21.062021 18.329699 8.000000
21.023264 18.234344 8.000000
20.925076 18.272270 8.000000
21.023344 18.222067 8.000000
20.782738 18.055143 8.000000
5.843377 27.334600 9.000000
5.094565 28.285582 9.000000
5.968225 27.287436 9.000000
5.990767 27.241074 9.000000
5.982896 27.280361 9.000000
6.789051 26.548458 9.000000
5.935070 26.533661 9.000000
6.066209 25.890417 9.000000
6.977499 26.725586 9.000000
5.976957 27.276569 9.000000
5.858837 27.309832 9.000000
5.994054 27.292664 9.000000
7.347139 27.201500 9.000000
6.700856 27.921831 9.000000
5.928596 27.307415 9.000000
5.867180 28.568535 9.000000
4.920859 27.309877 9.000000
5.875572 27.252884 9.000000
6.137892 27.169941 9.000000
5.727877 26.954655 9.000000
6.771756 26.121399 9.000000
6.263944 27.570494 9.000000
5.418548 28.513142 9.000000
6.538916 26.257727 9.000000
6.492236 27.727461 9.000000
5.983315 27.275087 9.000000
5.336520 26.932083 9.000000
6.705443 27.302210 9.000000
6.116840 26.672897 9.000000
5.975676 27.286100 9.000000
4.855224 28.092674 9.000000
5.967503 27.260414 9.000000
4.713238 26.854282 9.000000
6.163298 28.236450 9.000000
6.122123 27.267807 9.000000
5.612674 27.793224 9.000000
4.688892 27.718092 9.000000
5.610261 25.939508 9.000000
5.942047 27.287842 9.000000
5.996961 27.345560 9.000000
5.413178 27.503752 9.000000
5.970071 27.252796 9.000000
6.161350 26.028765 9.000000
6.525722 28.542076 9.000000
5.988066 27.261967 9.000000
5.996661 27.269449 9.000000
5.348370 26.294630 9.000000
6.075746 27.857529 9.000000
5.983113 27.261660 9.000000
6.110470 28.660353 9.000000
7.187460 27.930964 9.000000
5.936336 27.205984 9.000000
4.775064 26.491089 9.000000
5.996971 27.291182 9.000000
4.601614 27.334465 9.000000
6.963417 27.173710 9.000000
5.914101 27.167704 9.000000
7.273450 26.712801 9.000000
5.160512 26.154507 9.000000
6.018997 27.340500 9.000000
5.241261 26.825981 9.000000
5.317032 28.135189 9.000000
6.907895 28.345989 9.000000
7.332549 27.646763 9.000000
-41.285557 -0.532643 10.000000
-40.134594 0.938578 10.000000
-40.341255 0.157979 10.000000
-40.260731 -0.424812 10.000000
-40.733631 1.456679 10.000000
-41.072266 1.326034 10.000000
-40.150448 0.286833 10.000000
-40.150242 0.216171 10.000000
-39.920181 -0.531296 10.000000
-39.035728 -0.560936 10.000000
-40.768681 0.469798 10.000000
-40.168594 0.189880 10.000000
-40.129604 0.111722 10.000000
-40.148506 0.287587 10.000000
-40.282104 1.696801 10.000000
-40.160583 0.240425 10.000000
-39.207413 1.005701 10.000000
-39.680820 0.801329 10.000000
-39.579948 -0.594463 10.000000
-40.008812 0.222012 10.000000
-40.269073 0.441608 10.000000
-40.158913 0.254207 10.000000
-38.881199 0.704988 10.000000
-40.111061 0.248785 10.000000
-39.145535 1.198736 10.000000
-41.028076 0.077783 10.000000
-40.166462 0.273001 10.000000
-40.578682 0.367044 10.000000
-41.428383 0.724340 10.000000
-40.269367 0.332195 10.000000
-39.053886 -0.403925 10.000000
-38.833641 0.499497 10.000000
-39.835365 0.501598 10.000000
-39.585094 -1.027398 10.000000
-40.168468 0.270495 10.000000
-39.679821 1.274352 10.000000
-41.367794 0.878778 10.000000
-39.662991 1.603418 10.000000
-39.829975 0.166977 10.000000
-40.291637 0.192193 10.000000
-39.783428 0.276428 10.000000
-40.138393 0.190419 10.000000
-40.165482 0.302380 10.000000
-41.523739 0.269069 10.000000
-40.167675 0.235056 10.000000
-40.499386 1.140047 10.000000
-40.147079 0.288267 10.000000
-40.130260 0.090643 10.000000
-40.166058 0.289543 10.000000
-40.564579 -1.032081 10.000000
-40.901863 0.895480 10.000000
-40.197605 0.308635 10.000000
-39.865250 -1.117935 10.000000
-41.005711 -0.838289 10.000000
-41.168884 -0.342761 10.000000
-40.150810 1.358151 10.000000
-40.286087 -0.988850 10.000000
-40.673920 -0.614122 10.000000
-40.156807 0.289596 10.000000
-41.470695 -0.039232 10.000000
-38.793030 0.035559 10.000000
-39.157085 0.234399 10.000000
-39.331841 -0.229413 10.000000
-40.137428 0.248249 10.000000
-8.163642 15.716278 11.000000
-6.203613 16.679825 11.000000
-8.554257 15.581112 11.000000
-5.743089 15.520540 11.000000
-7.146904 15.620247 11.000000
-5.940795 16.374014 11.000000
-7.646433 14.295876 11.000000
-7.120935 15.604422 11.000000
-7.939956 16.202627 11.000000
-7.070487 15.720687 11.000000
-6.137892 16.153036 11.000000
-5.764568 15.859593 11.000000
-8.190133 14.923988 11.000000
-7.035003 15.586540 11.000000
-6.455321 15.937795 11.000000
-7.934772 15.443018 11.000000
-7.124237 15.609124 11.000000
-7.902778 15.938787 11.000000
-7.705806 16.764513 11.000000
-7.108460 15.601128 11.000000
-6.779279 15.371353 11.000000
-6.280262 14.464555 11.000000
-7.124558 15.579062 11.000000
-7.977243 14.504421 11.000000
-7.378770 15.082329 11.000000
-7.103988 15.632180 11.000000
-5.935906 14.846752 11.000000
-6.948722 15.793021 11.000000
-7.069168 15.597369 11.000000
-7.146073 15.627275 11.000000
-7.371142 16.390541 11.000000
-7.095005 15.651397 11.000000
-7.025867 15.569839 11.000000
-7.482002 14.503337 11.000000
-6.977392 16.425127 11.000000
-6.712837 16.879435 11.000000
-7.732645 15.040107 11.000000
-7.019442 17.005428 11.000000
-5.806575 15.209465 11.000000
-8.434032 16.176331 11.000000
-8.450590 15.089916 11.000000
-7.083165 15.611113 11.000000
-6.506465 15.276679 11.000000
-6.758972 14.250355 11.000000
-6.976475 14.901721 11.000000
-7.115088 15.637224 11.000000
-7.158507 15.617630 11.000000
-7.236469 15.627211 11.000000
-7.151969 15.600874 11.000000
-7.484826 16.041689 11.000000
-6.590348 16.561537 11.000000
-7.202587 15.613696 11.000000
-6.994128 15.767613 11.000000
-7.143290 15.619561 11.000000
-7.458880 16.870266 11.000000
-8.133016 16.636200 11.000000
-7.141402 15.032397 11.000000
-6.327457 15.454849 11.000000
-6.846171 15.453821 11.000000
-6.416402 14.658433 11.000000
-7.015086 14.236719 11.000000
-7.419269 15.447593 11.000000
-7.103187 15.603242 11.000000
-7.127189 15.597675 11.000000
1.139599 3.936175 12.000000
3.667452 2.818227 12.000000
2.010362 2.400386 12.000000
2.118507 1.890142 12.000000
2.384310 3.287676 12.000000
2.573052 4.615213 12.000000
2.380450 3.301484 12.000000
2.375126 3.283466 12.000000
2.421305 3.294314 12.000000
2.619008 3.646123 12.000000
2.576074 3.390648 12.000000
3.709708 3.077871 12.000000
2.404728 3.268125 12.000000
2.200309 2.557703 12.000000
2.395862 3.302311 12.000000
2.282048 4.659299 12.000000
1.874036 4.598649 12.000000
2.381583 3.294509 12.000000
2.694642 1.898694 12.000000
2.357966 3.302174 12.000000
2.398331 3.298261 12.000000
1.032880 3.253030 12.000000
2.376740 3.296714 12.000000
2.369147 3.274062 12.000000
2.938728 2.170148 12.000000
2.478117 3.323590 12.000000
1.653593 2.131756 12.000000
1.133047 2.833148 12.000000
1.106608 3.560967 12.000000
2.978470 4.496413 12.000000
1.547857 3.871523 12.000000
2.370635 3.250502 12.000000
3.449854 4.135767 12.000000
1.500567 4.328297 12.000000
2.484301 2.158389 12.000000
2.378105 3.274821 12.000000
1.581693 3.208299 12.000000
3.729981 3.357348 12.000000
2.093167 4.069976 12.000000
2.371648 3.275615 12.000000
1.822086 3.947664 12.000000
2.022578 3.428582 12.000000
3.133509 4.389688 12.000000
2.347806 3.282425 12.000000
1.309655 2.346391 12.000000
2.868165 2.715609 12.000000
3.000859 2.955270 12.000000
2.440416 3.205188 12.000000
1.778608 2.782631 12.000000
1.418002 2.859808 12.000000
2.368834 3.301644 12.000000
2.513832 4.141892 12.000000
2.688817 3.101483 12.000000
2.107520 3.406377 12.000000
3.628285 3.863069 12.000000
3.296936 2.237174 12.000000
2.226262 3.214818 12.000000
2.600898 3.387091 12.000000
2.554279 3.218851 12.000000
3.427709 3.604175 12.000000
2.437416 3.298702 12.000000
3.015326 3.714870 12.000000
3.406191 2.481077 12.000000
2.372961 3.284483 12.000000
-26.482279 -15.765498 13.000000
-25.358236 -15.937139 13.000000
-27.083401 -14.746792 13.000000
-26.423119 -15.263013 13.000000
-26.011435 -15.592811 13.000000
-25.930534 -17.001478 13.000000
-25.991699 -15.504705 13.000000
-25.931200 -15.882233 13.000000
-25.370756 -15.400947 13.000000
-25.740326 -16.798586 13.000000
-26.031021 -15.603156 13.000000
-26.895967 -16.597651 13.000000
-26.056921 -15.537987 13.000000
-26.001690 -15.614787 13.000000
-25.914379 -15.599313 13.000000
-27.397205 -15.653376 13.000000
-26.024847 -15.602745 13.000000
-26.018278 -15.625499 13.000000
-27.192720 -16.336630 13.000000
-26.657705 -16.056950 13.000000
-26.236971 -16.262037 13.000000
-27.063131 -15.085720 13.000000
-25.555639 -14.623318 13.000000
-24.690313 -15.316430 13.000000
-25.281801 -14.931079 13.000000
-24.826241 -16.294565 13.000000
-27.254459 -16.053143 13.000000
-25.973495 -15.593036 13.000000
-26.665855 -16.811253 13.000000
-26.388466 -16.871271 13.000000
-25.660717 -14.231526 13.000000
-26.023619 -15.586803 13.000000
-26.261662 -15.539740 13.000000
-26.302528 -15.593799 13.000000
-25.928436 -14.544195 13.000000
-26.006231 -15.601404 13.000000
-25.970028 -15.620553 13.000000
-26.061504 -15.580323 13.000000
-26.422310 -14.795881 13.000000
-25.269897 -15.925442 13.000000
-26.127819 -15.248324 13.000000
-24.691933 -15.981075 13.000000
-25.151388 -16.651934 13.000000
-24.646208 -15.443011 13.000000
-25.245447 -14.531305 13.000000
-26.000301 -15.614923 13.000000
-26.154594 -15.494494 13.000000
-25.285654 -15.480243 13.000000
-26.074907 -15.553321 13.000000
-24.872604 -14.750120 13.000000
-26.013985 -15.648481 13.000000
-26.539825 -14.350821 13.000000
-26.022020 -15.588867 13.000000
-27.325888 -15.136309 13.000000
-25.974545 -16.308413 13.000000
-25.307774 -16.702644 13.000000
-26.002687 -15.621136 13.000000
-26.175829 -14.219259 13.000000
-25.826012 -16.241102 13.000000
-26.040962 -15.523618 13.000000
-26.793928 -14.470033 13.000000
-27.137720 -15.594479 13.000000
-26.015842 -15.619293 13.000000
-25.915907 -15.189456 13.000000
-9.453991 35.897915 14.000000
-10.376663 37.732273 14.000000
-9.618443 37.454803 14.000000
-9.598905 38.015728 14.000000
-7.793102 37.662319 14.000000
-9.118116 37.248108 14.000000
-9.139401 37.241905 14.000000
-8.746793 37.310047 14.000000
-9.129592 37.236546 14.000000
-8.755253 35.928905 14.000000
-8.972418 36.656994 14.000000
-8.537614 38.505711 14.000000
-9.107988 37.236595 14.000000
-8.969516 37.153290 14.000000
-8.966430 38.628628 14.000000
-8.280940 36.515095 14.000000
-10.392685 37.032494 14.000000
-9.205963 37.198864 14.000000
-9.788220 37.083496 14.000000
-8.658747 36.170128 14.000000
-8.689698 37.211727 14.000000
-9.111610 37.367935 14.000000
-9.431874 38.291393 14.000000
-7.797341 36.606316 14.000000
-8.602863 36.958813 14.000000
-10.486193 37.424316 14.000000
-9.136028 37.207569 14.000000
-9.096452 37.252659 14.000000
-7.966331 37.382221 14.000000
-8.849524 37.621967 14.000000
-9.121655 37.244667 14.000000
-9.169003 37.189301 14.000000
-9.130863 37.235756 14.000000
-9.473350 36.305222 14.000000
-9.988135 38.281971 14.000000
-9.036053 37.331799 14.000000
-8.758139 37.683517 14.000000
-9.068367 37.277641 14.000000
-7.965045 38.051472 14.000000
-10.235963 36.433380 14.000000
-9.574667 36.948181 14.000000
-9.131650 35.894657 14.000000
-9.069710 37.258385 14.000000
-8.303521 38.308884 14.000000
-9.528101 38.715870 14.000000
-9.182996 37.306503 14.000000
-8.481119 37.882156 14.000000
-9.403252 37.121399 14.000000
-9.736528 37.592758 14.000000
-7.786849 37.180023 14.000000
-10.267062 38.001961 14.000000
-9.109831 37.243057 14.000000
-9.858116 36.056469 14.000000
-8.130584 36.847279 14.000000
-9.861640 36.438206 14.000000
-9.246874 37.510117 14.000000
-9.172991 36.907990 14.000000
-9.118547 38.388626 14.000000
-9.207230 36.991253 14.000000
-9.071983 37.674931 14.000000
-10.423895 36.771503 14.000000
-9.078974 37.176907 14.000000
-9.175149 37.170792 14.000000
-8.224350 36.163216 14.000000
10.991179 -18.103371 15.000000
13.336558 -18.579586 15.000000
12.887810 -17.607016 15.000000
11.020447 -18.497421 15.000000
11.960747 -18.554602 15.000000
11.801088 -17.452488 15.000000
12.458679 -18.370102 15.000000
12.744292 -17.397877 15.000000
12.352688 -18.178366 15.000000
13.141156 -18.101509 15.000000
12.353427 -18.200029 15.000000
11.901986 -17.891399 15.000000
13.182027 -17.096144 15.000000
12.837955 -16.883410 15.000000
11.899730 -18.886953 15.000000
12.392212 -18.289227 15.000000
13.592523 -18.779936 15.000000
12.403191 -18.122850 15.000000
13.514400 -17.423586 15.000000
12.356980 -18.187914 15.000000
11.084999 -17.756929 15.000000
12.760762 -18.235472 15.000000
12.738985 -18.515451 15.000000
12.404906 -18.178974 15.000000
12.500833 -18.287952 15.000000
11.444257 -17.218582 15.000000
12.648076 -19.561277 15.000000
13.033989 -19.109447 15.000000
12.365980 -18.192883 15.000000
12.279952 -18.359035 15.000000
12.380876 -18.225618 15.000000
12.294316 -18.276634 15.000000
11.923932 -18.164738 15.000000
13.426574 -19.086517 15.000000
11.387283 -18.445642 15.000000
11.212647 -17.433794 15.000000
12.347619 -18.185755 15.000000
13.707396 -18.007524 15.000000
11.156520 -18.948154 15.000000
11.489002 -19.188951 15.000000
12.368810 -18.179667 15.000000
11.839310 -16.874458 15.000000
12.015136 -19.070415 15.000000
12.297422 -18.103796 15.000000
13.572737 -17.688339 15.000000
11.743134 -19.501215 15.000000
12.360408 -18.230835 15.000000
12.370398 -18.200657 15.000000
12.287343 -18.302296 15.000000
12.508445 -19.277739 15.000000
12.353020 -18.060930 15.000000
12.303896 -17.198317 15.000000
12.512398 -18.352825 15.000000
12.167470 -17.445290 15.000000
12.194833 -19.600601 15.000000
13.043397 -19.381075 15.000000
13.736890 -18.364452 15.000000
12.428093 -18.144323 15.000000
12.619701 -18.398426 15.000000
12.340439 -16.769032 15.000000
12.364398 -18.208305 15.000000
12.549573 -17.724752 15.000000
11.617616 -18.117704 15.000000
12.357361 -18.229530 15.000000
-1.644986 -11.894365 16.000000
-2.483445 -12.412056 16.000000
-3.291418 -12.452037 16.000000
-3.382883 -11.334722 16.000000
-2.600245 -12.334589 16.000000
-2.180039 -13.675248 16.000000
-2.928056 -11.791015 16.000000
-3.067676 -13.588857 16.000000
-1.633021 -11.395511 16.000000
-2.352952 -13.199532 16.000000
-2.584467 -11.839635 16.000000
-2.548378 -12.334202 16.000000
-1.573739 -12.335234 16.000000
-2.895265 -10.953107 16.000000
-3.326163 -11.360283 16.000000
-2.262264 -11.560765 16.000000
-3.100388 -12.822004 16.000000
-3.708279 -11.566072 16.000000
-2.072819 -12.338911 16.000000
-2.571608 -12.350513 16.000000
-2.251062 -12.391109 16.000000
-3.874439 -11.965674 16.000000
-1.722316 -13.169187 16.000000
-3.829475 -12.922319 16.000000
-2.737811 -13.358025 16.000000
-2.646293 -12.317897 16.000000
-1.902625 -11.186149 16.000000
-2.541645 -12.351847 16.000000
-2.565173 -12.334212 16.000000
-2.654477 -13.726477 16.000000
-1.205650 -12.111500 16.000000
-1.805524 -12.925826 16.000000
-2.544536 -12.331197 16.000000
-2.632871 -12.227966 16.000000
-3.030688 -12.156198 16.000000
-2.561491 -12.335914 16.000000
-1.250100 -12.809769 16.000000
-2.481375 -12.803740 16.000000
-2.033418 -12.034080 16.000000
-2.118041 -11.066281 16.000000
-2.560933 -12.287320 16.000000
-3.103455 -12.157642 16.000000
-2.594351 -12.253389 16.000000
-2.614457 -12.306442 16.000000
-2.775900 -12.514292 16.000000
-2.518190 -12.313207 16.000000
-2.572745 -12.365925 16.000000
-2.701203 -11.426580 16.000000
-3.956784 -12.500207 16.000000
-3.221409 -12.816107 16.000000
-3.343148 -13.499448 16.000000
-1.258548 -12.833517 16.000000
-2.561167 -10.985123 16.000000
-2.506668 -12.339181 16.000000
-2.528307 -12.284863 16.000000
-3.908563 -12.119785 16.000000
-2.527825 -12.308728 16.000000
-3.665589 -13.193208 16.000000
-2.718734 -12.533111 16.000000
-2.599384 -12.301663 16.000000
-1.272266 -11.738401 16.000000
-1.850684 -13.503285 16.000000
-2.281360 -12.613311 16.000000
-2.544979 -12.342906 16.000000
