13.921523 -1.044269 1.000000
9.917434 -12.667329 1.000000
6.473578 3.357180 1.000000
4.789566 7.475154 1.000000
13.142719 -11.532881 1.000000
7.258967 4.350338 1.000000
13.888169 -9.683202 1.000000
11.998198 -11.270571 1.000000
2.713890 -9.188536 1.000000
17.773912 -4.189065 1.000000
13.529691 -1.299346 1.000000
15.710786 -7.266005 1.000000
12.883120 -2.671564 1.000000
9.868073 2.600263 1.000000
15.950816 -7.883622 1.000000
3.576486 -8.380603 1.000000
13.304658 -5.967373 1.000000
-0.078245 -6.521626 1.000000
11.436686 -8.463185 1.000000
13.538893 1.776188 1.000000
15.976509 -2.065167 1.000000
19.886347 -6.998161 1.000000
8.647812 3.596653 1.000000
19.659130 -6.409460 1.000000
15.897832 -4.143660 1.000000
3.139505 -7.622113 1.000000
9.103366 -8.381413 1.000000
6.919628 -8.299166 1.000000
8.689010 -2.108340 1.000000
9.492352 -1.219043 1.000000
10.750525 0.851758 1.000000
10.024168 -4.074304 1.000000
8.434758 4.299926 1.000000
10.506914 -2.846101 1.000000
13.294335 -8.134785 1.000000
4.690228 -2.919209 1.000000
7.865555 -7.301642 1.000000
5.711149 5.351367 1.000000
12.045729 -6.564764 1.000000
16.097374 -4.658859 1.000000
7.351541 -5.455122 1.000000
3.727997 -6.659769 1.000000
4.430981 -3.221306 1.000000
9.014498 -7.551801 1.000000
6.291541 4.516460 1.000000
4.223789 -9.337470 1.000000
-0.240475 -6.186068 1.000000
10.027374 -0.470873 1.000000
18.472301 -4.811032 1.000000
10.012854 -9.680555 1.000000
4.665120 -1.713388 1.000000
18.591269 -7.267053 1.000000
8.058971 -10.213712 1.000000
2.833660 -10.160392 1.000000
12.032040 4.466194 1.000000
9.320132 4.508935 1.000000
7.714527 1.907492 1.000000
9.933627 -2.142364 1.000000
7.962154 0.431079 1.000000
8.588884 -2.249149 1.000000
1.698350 -3.366467 1.000000
10.499461 0.547572 1.000000
1.943491 -5.976142 1.000000
12.612597 -10.669714 1.000000
11.145655 -1.364915 1.000000
2.022486 -8.558870 1.000000
9.898790 -8.991443 1.000000
1.379399 -2.046749 1.000000
12.297874 -9.006518 1.000000
4.550439 -5.326711 1.000000
13.083528 -9.502845 1.000000
12.096074 1.575404 1.000000
5.377202 -2.951688 1.000000
15.615439 -2.984303 1.000000
11.420887 -7.765674 1.000000
12.673875 -2.069013 1.000000
11.242654 0.720211 1.000000
2.433730 -4.254239 1.000000
12.076185 -1.926241 1.000000
5.029665 -7.143373 1.000000
10.521544 -3.762553 1.000000
8.854528 -1.085315 1.000000
14.008526 -6.545924 1.000000
6.422374 -6.060017 1.000000
2.967326 -3.336828 1.000000
1.567598 -4.837655 1.000000
1.311516 -2.784970 1.000000
8.113787 2.976506 1.000000
11.452380 4.554997 1.000000
10.415407 5.043009 1.000000
6.350005 -5.162176 1.000000
14.854543 -3.436873 1.000000
16.357071 -3.785263 1.000000
13.548903 -6.619453 1.000000
11.712922 -6.237885 1.000000
3.803475 14.130080 1.000000
10.457437 -4.990102 1.000000
8.256508 6.570619 1.000000
6.503242 9.902584 1.000000
9.118237 1.586126 1.000000
18.315697 -3.508055 1.000000
6.329220 -6.795389 1.000000
19.117863 -5.507761 1.000000
16.575733 -5.495804 1.000000
10.937192 -9.173602 1.000000
7.524163 -7.751774 1.000000
5.802103 -1.309844 1.000000
6.651051 0.231183 1.000000
9.697948 1.025811 1.000000
19.231390 -4.649172 1.000000
19.056217 -6.771153 1.000000
1.585305 -6.819166 1.000000
14.102242 -3.872772 1.000000
11.590006 -2.744208 1.000000
15.218261 -4.932875 1.000000
17.522045 -3.068317 1.000000
7.181699 -3.610092 1.000000
17.725357 -2.160291 1.000000
5.320415 -9.984817 1.000000
2.900057 -7.221458 1.000000
10.554996 -10.135808 1.000000
14.908581 -8.644118 1.000000
11.316539 -11.997018 1.000000
9.994216 -11.744281 1.000000
6.363624 3.696456 1.000000
5.091506 -3.749278 1.000000
14.063821 -9.091947 1.000000
6.264679 -2.503152 1.000000
12.130960 -9.734293 1.000000
5.902307 -3.347506 1.000000
4.019235 -11.376946 1.000000
10.282128 -3.209605 1.000000
15.434252 -6.426970 1.000000
14.346528 -12.496510 1.000000
6.366556 -8.844930 1.000000
7.829957 -4.924889 1.000000
14.791761 -7.625038 1.000000
12.103814 -7.745872 1.000000
17.416840 -3.999254 1.000000
11.352683 -9.742452 1.000000
0.448266 -5.881314 1.000000
8.141454 -9.379375 1.000000
11.440687 -12.378307 1.000000
1.208120 -12.376137 2.000000
2.095667 -2.929338 2.000000
-25.522583 -4.100205 2.000000
-19.087349 -9.691805 2.000000
-19.895685 -8.371448 2.000000
-19.737200 -5.805360 2.000000
-23.547783 -6.799689 2.000000
-18.297123 -8.159696 2.000000
-19.562187 -3.826702 2.000000
-16.608288 -7.523364 2.000000
-22.907036 -4.315588 2.000000
-15.354557 -8.516964 2.000000
-20.215374 -7.655303 2.000000
-29.499298 -3.081169 2.000000
-27.896627 2.551737 2.000000
-20.689253 -5.499643 2.000000
-24.517813 -6.481520 2.000000
-23.224506 -7.785789 2.000000
-24.922279 -7.618539 2.000000
-25.810705 1.806110 2.000000
-21.232155 -4.338288 2.000000
-21.997303 -8.917421 2.000000
-23.740215 -2.912038 2.000000
-23.435850 -4.986338 2.000000
-22.407492 -5.805310 2.000000
-26.248348 -4.314291 2.000000
-21.371784 -5.999888 2.000000
-19.711304 -8.906792 2.000000
-29.553654 -2.520636 2.000000
-20.782120 -9.441531 2.000000
-19.599785 -5.160100 2.000000
-26.310211 0.049150 2.000000
-18.953123 -3.374346 2.000000
-23.280880 0.455809 2.000000
-22.278896 -1.215488 2.000000
-27.975019 0.481694 2.000000
-19.768833 -9.674402 2.000000
-24.034864 -1.983412 2.000000
-28.490877 -2.709602 2.000000
-17.275763 3.144559 2.000000
5.729267 -10.392752 2.000000
-21.436525 0.391982 2.000000
-18.059698 -9.027994 2.000000
-29.354284 2.361913 2.000000
-26.095890 -1.250577 2.000000
-16.773230 -8.804740 2.000000
-22.905016 2.123390 2.000000
-17.491638 -6.257862 2.000000
-21.631048 -0.441404 2.000000
-20.424847 -6.637752 2.000000
-21.705326 -7.441230 2.000000
-27.462738 -4.300404 2.000000
-23.934258 -4.152154 2.000000
-18.583405 -3.184824 2.000000
-20.320658 -1.655945 2.000000
-25.150684 -4.759236 2.000000
-21.437447 -8.572258 2.000000
-22.624722 -2.003041 2.000000
-18.416174 -6.537796 2.000000
-18.964956 -6.226455 2.000000
-18.883051 -6.996543 2.000000
-19.168694 -8.285546 2.000000
-25.683701 -6.779704 2.000000
-21.327011 -5.233930 2.000000
-16.463692 -8.893821 2.000000
-19.968607 -10.415321 2.000000
-24.828157 -0.467212 2.000000
-27.019108 -1.759227 2.000000
-22.059280 -3.969455 2.000000
0.931573 4.557042 2.000000
0.920295 4.141489 2.000000
2.197786 -11.991416 2.000000
1.815102 -12.107574 2.000000
3.470401 -0.986281 2.000000
2.778612 4.990172 2.000000
-21.109154 -0.024806 2.000000
-30.883440 -3.156797 2.000000
0.278621 8.716716 3.000000
-24.863722 -2.915747 3.000000
-5.569559 10.625764 4.000000
-17.419737 3.137281 4.000000
-27.249334 -0.813124 5.000000
-29.245749 -0.678062 5.000000
-29.523880 0.386825 5.000000
-26.456499 -1.234859 5.000000
-28.095940 3.539507 5.000000
-28.200953 -0.631125 5.000000
-27.121634 0.060637 5.000000
-27.458979 -3.204460 5.000000
-25.072184 1.568202 5.000000
-25.067934 -1.287575 5.000000
-25.302244 -2.353477 5.000000
-21.532204 1.296898 5.000000
-28.943451 1.587828 5.000000
-28.001051 1.547493 5.000000
-26.781439 3.227840 5.000000
-22.412783 -2.382685 5.000000
-25.657166 -3.271989 5.000000
-26.377125 -3.005496 5.000000
-29.979879 -1.604541 5.000000
-30.560421 -0.845261 5.000000
-29.833288 1.129618 5.000000
-20.269258 -4.909720 5.000000
-25.490786 2.812312 5.000000
-31.060089 -2.023341 5.000000
-23.812365 0.845566 5.000000
-29.345434 0.972995 5.000000
-28.060118 -1.346229 5.000000
-17.089796 3.159554 5.000000
-28.569498 2.379389 5.000000
-31.502239 0.460844 5.000000
-23.880796 -1.154868 5.000000
-30.398743 0.419074 5.000000
-26.547787 2.369652 5.000000
9.944917 5.731848 5.000000
-27.208172 2.917738 5.000000
4.364721 20.423826 6.000000
4.724852 18.427433 6.000000
2.412584 19.457678 6.000000
4.550282 15.191583 6.000000
2.914167 19.301020 6.000000
1.705362 17.695166 6.000000
2.864434 20.406914 6.000000
3.205691 20.681065 6.000000
4.513880 21.291538 6.000000
2.360469 20.429571 6.000000
3.740195 20.063639 6.000000
5.955106 18.306065 6.000000
-0.451594 10.017690 6.000000
5.629401 17.884674 6.000000
5.823074 19.731379 6.000000
-7.318016 9.007572 6.000000
5.279252 20.272490 6.000000
5.847136 20.629539 6.000000
4.175720 18.542034 6.000000
5.065524 19.479084 6.000000
-5.104074 9.484657 7.000000
-6.185952 9.576031 7.000000
-5.939764 9.624438 7.000000
-5.815521 9.288709 7.000000
-6.073051 9.459999 7.000000
1.012891 8.205890 8.000000
0.921427 10.261934 8.000000
2.498646 14.863082 8.000000
2.478704 17.576616 8.000000
2.062292 9.550692 8.000000
7.261675 14.316154 8.000000
3.751445 12.347715 8.000000
2.510138 17.007509 8.000000
3.658758 10.466820 8.000000
-0.251707 15.016000 8.000000
5.469360 9.709994 8.000000
1.883590 12.353247 8.000000
2.647459 13.583824 8.000000
6.588254 13.854974 8.000000
5.287240 13.282585 8.000000
-0.609458 13.584002 8.000000
8.947847 -5.953113 8.000000
1.711312 10.555715 8.000000
0.521000 6.455868 8.000000
1.055507 14.440656 8.000000
2.098659 15.237135 8.000000
5.582745 14.210592 8.000000
4.604285 16.985579 8.000000
1.256476 15.746976 8.000000
1.938756 13.629041 8.000000
1.914727 14.481093 8.000000
0.699336 8.423923 8.000000
1.048031 15.353885 8.000000
4.695863 11.045714 8.000000
6.352238 12.047167 8.000000
-26.219551 -6.827927 8.000000
1.628958 16.509598 8.000000
5.717267 12.321195 8.000000
4.676478 14.615828 8.000000
2.835643 12.278666 8.000000
2.087414 9.764703 8.000000
3.783446 11.703459 8.000000
3.912961 14.960778 8.000000
0.744257 13.211711 8.000000
3.209730 13.096358 8.000000
2.534714 14.135464 8.000000
4.164025 -7.144604 8.000000
3.406399 14.829817 8.000000
6.166083 8.462118 8.000000
4.836046 12.094777 8.000000
0.553230 11.042344 8.000000
1.229449 -3.477196 8.000000
0.472626 7.240409 8.000000
3.903410 9.972595 8.000000
4.669896 9.750917 8.000000
5.003557 10.010049 8.000000
-0.058279 13.142663 8.000000
