6.516804 -6.316131 1.000000
10.822594 4.619856 1.000000
9.583498 5.996358 1.000000
6.949211 2.057601 1.000000
6.315307 5.843575 1.000000
7.054540 10.645238 1.000000
5.854183 5.445922 1.000000
4.843218 5.817814 1.000000
8.302126 -2.677769 1.000000
2.342086 6.703732 1.000000
5.184996 10.762318 1.000000
0.367303 6.660336 1.000000
4.902406 10.301706 1.000000
1.730189 8.034111 1.000000
-0.296416 8.519740 1.000000
1.026627 8.207859 1.000000
-0.825410 7.003030 1.000000
5.460209 -8.665607 1.000000
5.512224 -5.651557 1.000000
2.610273 3.368680 1.000000
1.340537 3.678065 1.000000
5.414620 -9.882209 1.000000
-0.020675 4.591853 1.000000
0.240324 6.456519 1.000000
4.880340 2.959337 1.000000
1.458323 5.922646 1.000000
5.005612 1.708635 1.000000
1.500234 7.058527 1.000000
-1.135526 8.128158 1.000000
2.426828 4.684216 1.000000
-1.231268 6.843683 1.000000
0.377852 7.902622 1.000000
0.544111 5.659393 1.000000
-0.782493 8.805570 1.000000
-0.787497 5.846160 1.000000
3.933021 1.799208 1.000000
5.970188 -4.398190 1.000000
-0.412309 5.849314 1.000000
4.309615 -9.488331 1.000000
4.309615 -9.488331 1.000000
-1.233066 6.114751 1.000000
-0.516282 7.531270 1.000000
3.412207 1.892592 1.000000
3.379429 -8.305340 1.000000
-1.382745 5.066307 1.000000
4.779047 -4.092980 1.000000
2.142088 1.174958 1.000000
3.471603 -9.158993 1.000000
2.177286 -7.823328 1.000000
4.604736 -3.797943 1.000000
2.749510 -8.900184 1.000000
3.061031 -3.274385 1.000000
-3.021297 1.153485 1.000000
-3.169943 1.707314 1.000000
-3.178154 1.717488 1.000000
-4.192901 5.665901 1.000000
2.796789 6.259730 1.000000
1.438862 6.511078 1.000000
6.840333 4.903791 1.000000
6.270519 3.289218 1.000000
2.859479 -0.738181 1.000000
6.638564 -4.718591 1.000000
3.424833 -7.608129 1.000000
4.436694 -8.600412 1.000000
2.991084 -7.378862 1.000000
3.937418 -6.952877 1.000000
1.768098 -7.189124 1.000000
1.666174 -7.052700 1.000000
2.016829 -7.049008 1.000000
1.926707 -8.125849 1.000000
11.892394 1.006142 2.000000
8.521853 -1.835332 2.000000
6.775684 8.493193 2.000000
8.717448 6.384349 2.000000
6.670131 9.116879 2.000000
6.575457 9.063161 2.000000
9.774082 2.229996 2.000000
8.078257 8.663770 2.000000
10.809438 4.919523 2.000000
8.718101 10.242259 2.000000
9.383475 10.203735 2.000000
6.808918 7.500508 2.000000
7.022837 4.088557 2.000000
8.096976 8.113756 2.000000
12.009969 2.096549 2.000000
7.860160 3.406079 2.000000
5.923171 7.427059 2.000000
9.106832 3.456133 2.000000
7.717763 8.352140 2.000000
6.047144 11.569030 2.000000
1.815963 -3.141607 2.000000
3.339658 8.278509 2.000000
4.379736 7.782071 2.000000
5.353203 7.383013 2.000000
3.449404 10.301712 2.000000
5.063825 -2.245220 2.000000
2.039603 -3.307909 2.000000
-3.501111 6.639123 2.000000
-3.794522 4.152241 2.000000
-3.181440 2.819558 2.000000
-3.699829 4.023540 2.000000
-4.465448 3.342857 2.000000
-4.407337 5.809430 2.000000
1.005584 -9.809138 2.000000
0.920561 -9.533046 2.000000
-7.959450 -10.501157 2.000000
-7.087549 -10.931916 2.000000
-7.789538 -11.688138 2.000000
-10.126245 -9.163606 2.000000
-10.770014 -8.642507 2.000000
-8.622583 -11.569736 2.000000
-8.543962 -11.654342 2.000000
-8.536252 -11.016911 2.000000
7.869004 1.425115 2.000000
6.815568 0.014703 2.000000
7.993621 0.416258 2.000000
7.676590 0.021102 2.000000
10.741953 1.152604 2.000000
9.095967 2.631242 2.000000
10.131901 2.427812 2.000000
6.926445 0.447030 2.000000
7.398380 10.014981 2.000000
7.897057 6.390501 2.000000
10.179377 3.055437 2.000000
4.113105 2.845308 2.000000
1.771393 2.854075 2.000000
0.918583 4.243859 2.000000
-5.249190 -5.346952 2.000000
-5.654667 -5.406269 2.000000
-7.604437 -7.109445 2.000000
-8.398603 -7.988130 2.000000
-8.893804 -10.360053 2.000000
8.166486 0.962332 2.000000
8.879561 -1.863070 2.000000
7.233155 2.904904 2.000000
7.297877 -0.421698 2.000000
3.486547 5.919201 2.000000
7.565976 9.452891 2.000000
5.794783 10.389071 2.000000
6.504598 9.987484 2.000000
9.455241 3.217523 2.000000
4.362900 3.774146 2.000000
4.516846 9.503285 2.000000
9.122693 9.061201 2.000000
-2.126906 3.394323 2.000000
0.500954 2.583143 2.000000
2.896276 -0.595311 3.000000
5.979454 2.211507 3.000000
5.030488 1.988426 3.000000
-2.233283 8.238234 3.000000
8.693708 4.503356 3.000000
4.891496 -8.901395 3.000000
1.926049 -0.754321 3.000000
5.672091 2.627464 3.000000
0.215745 3.443900 3.000000
1.603705 5.413373 3.000000
3.836770 0.772692 3.000000
3.885491 -8.815713 3.000000
5.179748 -3.338329 3.000000
5.341281 -3.439114 3.000000
4.294821 -3.346843 3.000000
2.115403 -0.932219 3.000000
5.370240 -8.178636 3.000000
13.994573 2.669775 5.000000
-6.312320 -6.397070 5.000000
-6.585149 -8.881572 5.000000
-6.601654 -8.945034 5.000000
-9.430319 -8.176213 5.000000
-9.939818 -6.851066 5.000000
-9.586668 -8.475102 5.000000
-9.055726 -9.399289 5.000000
-9.169431 1.926032 5.000000
-9.171760 1.925105 5.000000
-9.051730 -9.658865 5.000000
-6.274297 -6.223947 5.000000
-9.488536 -8.247269 5.000000
-5.340642 -4.484050 6.000000
-4.994109 -4.400867 6.000000
-5.576977 -4.063139 6.000000
-5.713651 -4.064440 6.000000
-7.470531 -2.562197 6.000000
-11.979466 -7.122077 6.000000
-10.641358 -7.867743 6.000000
-10.718282 -9.003935 6.000000
-17.133017 -6.536556 6.000000
13.492512 3.072914 7.000000
13.718601 2.857046 7.000000
4.052991 -2.496341 7.000000
-2.608095 -6.800544 7.000000
-2.474257 -6.747283 7.000000
-6.783296 -3.180406 7.000000
-14.602174 -6.003838 7.000000
-13.767119 -6.578257 7.000000
-15.272431 -4.841176 7.000000
-14.821476 -4.815125 7.000000
-13.586278 -5.496539 7.000000
-12.950142 -5.589715 7.000000
-14.276246 -5.576634 7.000000
-13.787316 -5.934568 7.000000
-14.521935 -6.693964 7.000000
-15.730916 -6.174746 7.000000
-9.851398 -5.890453 7.000000
-15.272655 -6.569742 7.000000
-15.697403 -4.253563 7.000000
-14.943851 -5.956816 7.000000
-16.011705 -5.224588 7.000000
-15.408814 -5.351065 7.000000
-16.070219 -3.139322 7.000000
-13.172233 -6.326845 7.000000
-13.363448 -4.903990 7.000000
-15.957144 -4.745389 7.000000
-15.025358 -4.096498 7.000000
-14.614098 -4.130738 7.000000
-14.271838 -4.390401 7.000000
