-7.450797 12.523928 1.000000
4.454347 -4.982144 2.000000
-2.938643 6.964916 1.000000
4.101339 -2.618700 2.000000
-8.352206 11.666371 1.000000
1.219077 -8.582625 2.000000
-8.429531 12.830515 1.000000
3.276937 -2.951430 2.000000
-7.342670 13.982113 1.000000
1.521685 -9.346704 2.000000
-7.978254 13.935879 1.000000
-1.835504 17.586197 2.000000
-6.273826 14.660497 1.000000
-2.419680 12.224517 2.000000
4.877785 11.933471 1.000000
4.783762 -4.735270 2.000000
3.503275 10.610095 1.000000
4.524129 -10.429822 2.000000
2.500631 1.768133 1.000000
-5.284417 -10.813062 2.000000
-4.890110 15.097531 1.000000
5.471480 -9.027664 2.000000
1.501294 7.403502 1.000000
-2.292022 -6.071414 2.000000
-3.950206 14.531985 1.000000
-7.947419 15.419854 2.000000
-8.902072 13.627781 1.000000
3.447285 -8.807440 2.000000
8.857675 4.603846 1.000000
-3.202106 -1.839923 2.000000
-5.722657 15.314783 1.000000
3.217951 18.957382 2.000000
-6.962100 13.674370 1.000000
-4.877640 5.920497 2.000000
2.440583 18.812721 1.000000
2.655312 19.006178 2.000000
-1.757165 15.024677 1.000000
-3.158393 -9.232856 2.000000
3.340229 9.897012 1.000000
4.546371 6.421954 2.000000
7.962643 3.121585 1.000000
-4.322577 -7.103824 2.000000
7.372940 2.194569 1.000000
7.541329 12.504351 2.000000
-7.223787 14.230528 1.000000
3.849831 -11.742053 2.000000
-4.845794 15.169711 1.000000
-6.074162 -3.956898 2.000000
-2.689060 14.873793 1.000000
4.945222 -8.579087 2.000000
0.067809 17.653275 1.000000
-2.867969 -4.343640 2.000000
-0.447759 -20.919001 1.000000
1.482402 -3.588594 2.000000
-4.205534 15.447025 1.000000
-0.496558 -12.831975 2.000000
-3.495631 17.715252 1.000000
-3.197864 -7.721913 2.000000
4.319577 11.378224 1.000000
-1.101985 -8.618017 2.000000
7.179805 5.233522 1.000000
0.727091 -4.665173 2.000000
7.826315 3.715002 1.000000
3.794139 -16.396811 2.000000
-2.450353 11.202944 1.000000
5.315780 13.535701 2.000000
4.268939 15.230524 1.000000
-3.540853 18.765755 2.000000
-0.960563 -20.517309 1.000000
5.069340 16.381081 2.000000
8.272776 5.130241 1.000000
-1.599024 -3.347466 2.000000
8.282828 3.306900 1.000000
-2.383890 -8.914451 2.000000
8.004355 4.386569 1.000000
-3.591273 18.980520 2.000000
7.761201 4.506637 1.000000
-8.569703 -11.943746 2.000000
9.127375 2.385461 1.000000
-8.700038 -10.789888 2.000000
-6.146458 15.649101 1.000000
-2.816992 12.289865 2.000000
7.933149 2.715951 1.000000
-5.252961 -11.350900 2.000000
-0.390772 4.941766 1.000000
-0.579360 6.426000 2.000000
0.232706 8.143014 1.000000
4.987766 8.286619 2.000000
0.561567 1.134320 1.000000
-2.288594 -12.723738 2.000000
7.375175 5.113656 1.000000
-4.951038 -4.075348 2.000000
-1.567310 2.016744 1.000000
1.244156 -3.406489 2.000000
-0.665386 1.024989 1.000000
-8.149585 -15.193156 2.000000
-6.965255 -15.417643 1.000000
-6.493330 -16.416023 1.000000
4.323997 -6.839840 2.000000
1.760384 5.470605 1.000000
-8.775683 10.995743 2.000000
-1.678193 15.423395 1.000000
-0.552102 -6.230349 2.000000
-3.615996 15.695050 1.000000
-3.570383 -0.367758 2.000000
-2.478967 16.681873 1.000000
-3.149458 -6.811707 2.000000
-2.041803 15.238324 1.000000
-3.398755 -6.587414 2.000000
-8.122809 14.837624 1.000000
-4.201755 -0.570575 2.000000
-6.359906 -15.638418 1.000000
-3.517303 -0.357576 2.000000
-6.063105 -16.548021 1.000000
0.011204 -10.098525 2.000000
0.104045 -3.177607 1.000000
-2.891381 4.266118 2.000000
2.682870 6.580612 1.000000
-4.862389 -4.689605 2.000000
-0.907996 15.961265 1.000000
-1.239404 -1.656801 2.000000
-2.943993 10.909154 1.000000
1.847275 -7.235144 2.000000
-0.718218 0.008529 1.000000
0.747044 -6.397923 2.000000
6.774865 4.156117 1.000000
-2.095845 9.098687 2.000000
1.013093 15.132200 1.000000
-1.346034 -4.276796 2.000000
1.575331 14.882503 1.000000
8.356714 8.964607 2.000000
0.277378 -1.827666 1.000000
9.623735 9.704928 2.000000
-5.911551 -14.810348 1.000000
9.531853 9.616763 2.000000
-5.680530 -16.791153 1.000000
0.749813 -14.647574 2.000000
0.567989 1.515123 1.000000
0.963689 -8.975462 2.000000
-3.344181 4.505618 1.000000
-5.970185 -4.292627 2.000000
1.480613 14.218317 1.000000
-4.930928 16.265898 2.000000
1.101051 -8.106780 1.000000
-1.904474 3.871542 2.000000
0.150241 -8.916247 1.000000
2.334178 -8.733390 2.000000
2.408423 14.794820 1.000000
5.255288 8.349876 2.000000
2.631201 14.131846 1.000000
0.914428 -7.062643 2.000000
1.655604 5.231855 1.000000
0.532938 -8.278271 2.000000
-1.445304 -18.967037 1.000000
0.737812 -8.769480 2.000000
1.108074 9.252831 1.000000
0.822392 -8.500137 2.000000
-1.314761 -16.972801 1.000000
0.602813 -7.640238 2.000000
2.960358 -18.191607 1.000000
0.855519 -8.535187 2.000000
0.380317 11.130977 1.000000
-6.968351 -1.122163 2.000000
2.811852 -18.470976 1.000000
9.419339 3.629610 2.000000
2.775794 -18.963934 1.000000
-2.038319 -9.757673 2.000000
3.398976 -18.944897 1.000000
-0.645326 -7.143305 2.000000
3.958740 8.259904 1.000000
0.238789 -5.567720 2.000000
0.276302 12.304847 1.000000
-1.256700 -6.640772 2.000000
2.561104 16.399099 1.000000
2.169451 -7.925225 2.000000
4.428726 12.831811 1.000000
2.515136 -10.339386 2.000000
2.367642 10.166183 1.000000
0.961528 -8.017379 2.000000
-7.958218 13.872141 1.000000
-5.328061 -2.552539 2.000000
-7.862039 12.324212 1.000000
6.188196 -6.805163 2.000000
-8.299318 12.334198 1.000000
-3.725983 0.953278 2.000000
2.347009 -18.534599 1.000000
1.344785 -1.556231 2.000000
-2.427431 -20.773769 1.000000
0.781421 -12.284102 2.000000
8.693792 5.668206 1.000000
-1.268895 -5.672630 2.000000
2.802989 -6.306537 1.000000
0.615999 -10.970777 2.000000
5.407015 4.193322 1.000000
-6.028677 -5.059900 2.000000
0.709380 16.998886 1.000000
5.920019 7.741261 2.000000
3.875335 16.310715 1.000000
2.676697 -9.457902 2.000000
4.377449 15.511931 1.000000
-2.766814 2.221223 2.000000
-8.046932 13.416744 1.000000
3.107466 -7.739573 2.000000
2.094210 12.686061 1.000000
2.592678 -13.744402 2.000000
1.142025 13.256785 1.000000
2.150403 -11.688176 2.000000
2.828583 5.889106 1.000000
1.793101 -10.469281 2.000000
-1.528641 9.737184 1.000000
2.789852 -4.686703 2.000000
-0.309788 -0.000038 1.000000
-1.278224 -10.056986 2.000000
-1.194944 10.111600 1.000000
6.301959 14.881943 2.000000
2.359275 -18.396458 1.000000
2.258364 19.341698 2.000000
7.427242 3.095290 1.000000
-1.640989 -1.714851 2.000000
-7.908080 -13.141932 1.000000
-6.722376 -4.028809 2.000000
-6.480797 -13.245738 1.000000
-0.204470 18.174299 2.000000
8.120164 2.682436 1.000000
-0.456652 -5.332834 2.000000
-7.415113 -13.795499 1.000000
-2.064483 -11.159601 2.000000
-0.679816 -18.882801 1.000000
-2.622336 9.040581 2.000000
6.682550 3.569463 1.000000
-1.010087 -7.768400 2.000000
2.534539 14.041361 1.000000
1.741309 -5.613290 2.000000
1.474346 3.926877 1.000000
5.812652 15.195545 2.000000
-1.550905 16.708088 1.000000
-0.581347 -9.289346 2.000000
0.317846 3.491425 1.000000
0.314198 -8.144182 2.000000
0.462181 5.336796 1.000000
1.716762 -6.166446 2.000000
-1.290233 14.382163 1.000000
3.820556 -6.850349 2.000000
-0.975316 14.051562 1.000000
8.256784 8.939528 2.000000
0.163172 10.932037 1.000000
-1.709323 -8.025642 2.000000
-0.178036 1.829046 1.000000
-0.552101 -6.230349 2.000000
-1.954816 -17.464359 1.000000
3.148953 -0.486971 2.000000
-0.414277 -19.113621 1.000000
-0.507821 -11.208389 2.000000
1.449073 -18.887182 1.000000
1.138077 -16.353106 1.000000
2.432920 -18.678692 1.000000
0.646385 3.361213 1.000000
1.165916 6.056264 1.000000
1.385381 4.939267 1.000000
1.225604 7.993636 1.000000
0.586362 0.200919 1.000000
-7.263146 -12.901519 1.000000
-7.779773 -13.287851 1.000000
-7.043727 -14.320313 1.000000
-7.769540 -14.222791 1.000000
-7.167637 -14.820246 1.000000
-4.875924 -15.582445 1.000000
3.357466 3.536602 1.000000
2.596075 4.186955 1.000000
-1.218939 3.663601 1.000000
1.232920 14.358817 1.000000
-1.669867 0.932994 1.000000
0.090446 6.617187 1.000000
0.308718 2.980560 1.000000
-0.185265 2.588976 1.000000
0.331897 4.630141 1.000000
0.253513 3.116287 1.000000
-0.137197 -0.402012 1.000000
-7.382690 -13.100216 1.000000
-7.336287 -14.599148 1.000000
-6.249115 -16.009258 1.000000
-6.850457 -15.844779 1.000000
-5.096328 -17.487379 1.000000
-1.679366 -18.384974 1.000000
0.280204 -9.055670 1.000000
-2.067138 5.288754 1.000000
0.641981 -1.197013 1.000000
1.803731 10.009565 1.000000
-1.225247 10.180361 1.000000
1.278121 10.314418 1.000000
0.126931 0.767144 1.000000
-1.044356 4.254151 1.000000
-3.136542 13.770158 1.000000
-0.724113 11.434944 1.000000
-1.559240 4.905765 1.000000
-0.821975 2.691484 1.000000
-5.215950 -17.469862 1.000000
-4.651171 -18.057362 1.000000
-3.466353 -18.993675 1.000000
-2.802071 -18.617996 1.000000
-3.087092 -19.381197 1.000000
-2.264417 -19.157053 1.000000
-0.283333 15.276320 1.000000
0.606328 14.399411 1.000000
0.022489 15.740643 1.000000
1.412437 3.000524 1.000000
-1.510761 0.022624 1.000000
-7.074014 -16.661486 1.000000
-5.651763 -17.178186 1.000000
-2.374123 -18.913223 1.000000
-2.534824 -19.756386 1.000000
-1.689905 -19.980955 1.000000
1.835084 15.718168 1.000000
-0.259260 13.256721 1.000000
-1.956788 -18.390038 1.000000
-1.652384 -19.554981 1.000000
-0.310523 -19.809052 1.000000
-1.067375 12.272522 1.000000
2.143922 6.182734 1.000000
2.576863 11.776649 1.000000
1.266729 15.089967 1.000000
1.415903 12.742337 1.000000
2.237262 13.585642 1.000000
1.017168 0.699569 1.000000
-1.412464 -18.807482 1.000000
-0.859623 -19.547415 1.000000
0.200762 -19.710348 1.000000
3.028280 -17.372084 1.000000
2.653732 -17.832542 1.000000
1.951842 13.630624 1.000000
2.956203 11.966832 1.000000
2.326093 11.072254 1.000000
1.333053 10.990778 1.000000
2.971640 13.915730 1.000000
2.153277 14.493586 1.000000
3.345368 13.685949 1.000000
-1.118398 -19.350700 1.000000
0.513272 -19.529289 1.000000
1.190341 -16.457062 1.000000
2.910325 -18.496605 1.000000
0.626003 -9.879477 1.000000
2.994875 13.607733 1.000000
0.783034 9.322487 1.000000
-0.789487 1.951567 1.000000
1.311564 8.264058 1.000000
-0.135206 6.754642 1.000000
1.630671 11.977139 1.000000
2.475733 13.236618 1.000000
1.935425 13.373266 1.000000
-0.106166 14.336939 1.000000
0.614340 10.309408 1.000000
