6.308335 -19.208864 1.000000
7.113170 -21.923969 1.000000
5.918942 -21.674789 1.000000
6.295300 -22.172016 1.000000
6.675484 -19.080288 1.000000
6.944830 -17.216682 1.000000
5.535424 -21.471994 1.000000
6.648724 -19.902769 1.000000
6.188310 -22.927673 1.000000
6.894304 -21.304399 1.000000
6.248767 -17.694069 1.000000
7.034951 -20.509939 1.000000
6.823143 -22.124813 1.000000
5.555892 -22.985970 1.000000
6.097305 -16.417511 1.000000
6.646183 -16.203562 1.000000
6.467390 -17.096392 1.000000
6.532649 -19.128891 1.000000
5.973741 -16.943808 1.000000
7.051382 -18.054533 1.000000
5.618585 -18.345209 1.000000
7.072621 -18.416731 1.000000
4.773228 -21.274336 1.000000
7.717919 -19.568100 1.000000
7.924679 -20.481087 1.000000
7.556217 -21.462288 1.000000
7.290108 -19.640558 1.000000
6.330351 -18.760406 1.000000
5.977224 -19.196146 1.000000
6.465780 -21.469398 1.000000
7.134406 -21.560883 1.000000
5.734416 -18.390482 1.000000
7.232648 -16.993141 1.000000
6.733794 -16.512102 1.000000
6.894304 -21.304401 1.000000
5.915797 -20.667774 1.000000
5.591371 -17.864906 1.000000
6.894304 -21.304401 1.000000
5.885026 -22.772177 1.000000
6.527855 -19.565020 1.000000
6.043321 -19.629396 1.000000
6.748872 -23.455154 1.000000
5.488572 -22.379337 1.000000
7.707532 -19.134035 1.000000
7.802595 -17.899532 1.000000
6.838445 -22.163198 1.000000
7.150772 -17.972620 1.000000
5.934972 -21.941467 1.000000
6.454655 -17.932367 1.000000
6.369473 -20.289343 1.000000
-5.598511 11.190745 2.000000
-4.966444 9.563272 2.000000
-5.160663 11.479654 2.000000
-5.838179 4.649471 2.000000
-4.997396 10.036869 2.000000
-4.549793 6.539828 2.000000
-4.236265 9.582413 2.000000
-6.373251 3.210221 2.000000
-5.409971 10.161374 2.000000
-5.134068 4.364024 2.000000
-6.556190 3.384034 2.000000
-5.051146 6.969165 2.000000
-6.952170 5.508591 2.000000
-4.326368 8.764727 2.000000
-5.598142 4.312868 2.000000
-5.713887 10.209630 2.000000
-4.118496 6.608800 2.000000
-6.067349 5.777538 2.000000
-6.574992 8.251480 2.000000
-6.195132 4.902108 2.000000
-2.912935 9.141788 2.000000
-6.012470 6.681327 2.000000
-3.464200 10.621584 2.000000
-4.705291 8.509903 2.000000
-5.601867 8.987583 2.000000
-5.603169 9.871106 2.000000
-5.151028 11.004830 2.000000
-4.301826 11.942671 2.000000
-4.502374 7.997943 2.000000
-6.706037 4.419568 2.000000
-6.253203 4.473009 2.000000
-6.421841 4.281673 2.000000
-6.068105 5.472628 2.000000
-2.262163 10.521028 2.000000
-3.983216 6.122059 2.000000
-3.674615 8.366225 2.000000
-5.224761 10.775523 2.000000
-6.536829 8.178395 2.000000
-5.031181 5.821113 2.000000
-5.572929 4.850229 2.000000
-4.718308 5.367548 2.000000
-4.480518 8.575700 2.000000
-6.069938 5.527462 2.000000
-6.416020 3.279979 2.000000
-5.158443 5.488876 2.000000
-5.142642 6.199632 2.000000
-5.124405 6.133960 2.000000
-5.361826 8.087560 2.000000
-6.433500 3.106928 2.000000
-5.448115 5.789092 2.000000
-2.760910 16.044416 3.000000
-1.553516 10.181414 3.000000
-0.920173 15.914759 3.000000
-1.620188 13.275021 3.000000
-1.598291 14.842037 3.000000
-0.122923 17.140144 3.000000
-3.737941 4.881133 3.000000
-0.110421 16.451262 3.000000
-0.671543 14.213469 3.000000
-1.427188 16.873749 3.000000
-3.123210 13.490195 3.000000
-2.184057 12.632256 3.000000
-1.948090 14.724875 3.000000
-1.216443 9.921885 3.000000
-0.829649 10.405268 3.000000
-2.977438 14.563627 3.000000
-1.938603 13.551576 3.000000
-0.708718 17.627304 3.000000
0.252582 17.288280 3.000000
-1.877501 9.038574 3.000000
-1.743956 15.674648 3.000000
-1.305775 9.708298 3.000000
0.102060 17.157690 3.000000
-2.938964 10.813364 3.000000
-1.871750 15.348207 3.000000
-0.518194 16.107382 3.000000
-3.033411 10.255649 3.000000
-2.820733 9.929818 3.000000
-1.586970 13.956835 3.000000
-0.275599 15.734554 3.000000
-0.155504 16.366018 3.000000
-0.715637 17.612869 3.000000
-1.626237 14.133983 3.000000
-3.122971 11.069998 3.000000
-1.425708 11.935979 3.000000
-0.446691 16.930996 3.000000
-3.041050 15.471230 3.000000
-2.006486 13.488236 3.000000
-2.861161 9.562761 3.000000
-2.224189 14.784915 3.000000
-2.235174 15.277019 3.000000
-3.062605 14.381289 3.000000
-1.553810 10.181231 3.000000
-1.699884 15.863375 3.000000
-2.323545 15.784152 3.000000
-2.793667 14.325463 3.000000
-2.509742 11.175610 3.000000
-2.738842 13.423406 3.000000
-3.340811 15.100154 3.000000
-2.119185 10.058623 3.000000
