-6.387637 1.952279 1.000000
-12.094406 6.329935 1.000000
1.051364 7.097942 1.000000
-6.180064 2.000379 1.000000
-6.203547 1.863319 1.000000
-6.473073 2.057555 1.000000
1.036826 7.490921 1.000000
-12.968286 6.413271 1.000000
0.505965 7.533102 1.000000
0.477600 7.676562 1.000000
-0.148258 8.377466 1.000000
0.859858 7.174055 1.000000
-6.225512 2.598637 1.000000
-6.801497 2.147318 1.000000
1.201307 7.495170 1.000000
-5.779005 1.561529 1.000000
15.140490 1.268028 2.000000
17.697466 1.505501 2.000000
16.105970 6.027727 2.000000
16.399559 2.670083 2.000000
17.221684 3.843661 2.000000
16.245779 3.140228 2.000000
14.412135 0.803148 2.000000
14.797828 0.866420 2.000000
16.199228 5.998538 2.000000
16.630898 5.687706 2.000000
16.926643 4.500278 2.000000
16.271593 2.379131 2.000000
16.374712 2.635319 2.000000
16.159719 5.919243 2.000000
16.250069 6.158232 2.000000
16.810875 2.749637 2.000000
15.400974 -32.742760 3.000000
16.191217 -33.079594 3.000000
15.195837 -33.046215 3.000000
16.568520 -34.128819 3.000000
13.969034 -33.683224 3.000000
16.597456 -33.457802 3.000000
15.027369 -33.432487 3.000000
16.453125 -33.655388 3.000000
15.250548 -33.897182 3.000000
15.867626 -34.114613 3.000000
15.555993 -32.619316 3.000000
16.131186 -33.398865 3.000000
-0.078422 -21.573320 3.000000
15.650045 -34.164486 3.000000
15.828458 -33.259090 3.000000
15.067099 -33.461891 3.000000
-9.700920 -12.447271 4.000000
-9.559051 -12.349659 4.000000
-12.435314 -10.888079 4.000000
-13.134679 -11.977999 4.000000
-13.133270 -13.112867 4.000000
-13.300294 -8.378160 4.000000
-13.312530 -10.939782 4.000000
-13.246945 -11.469503 4.000000
-12.389951 -10.598512 4.000000
-13.441446 -9.879996 4.000000
-9.800218 -12.553600 4.000000
-14.606977 -17.299595 4.000000
-13.200419 -8.454645 4.000000
-14.172568 -7.824035 4.000000
-12.413221 -8.144448 4.000000
-12.763919 -6.760480 4.000000
6.497063 36.489407 5.000000
6.088912 37.965195 5.000000
7.281904 37.951664 5.000000
7.633523 38.272224 5.000000
7.549823 38.424278 5.000000
5.375801 37.644981 5.000000
8.655787 37.906208 5.000000
4.937701 37.428436 5.000000
9.408338 37.692982 5.000000
6.742117 38.812695 5.000000
6.879183 38.017601 5.000000
6.407221 37.689278 5.000000
6.114142 37.429817 5.000000
6.647899 38.175873 5.000000
8.501496 37.956432 5.000000
5.140795 37.248989 5.000000
26.605446 7.861760 6.000000
23.238274 7.123372 6.000000
24.358995 7.717960 6.000000
24.533829 7.177158 6.000000
24.265182 7.038627 6.000000
25.665836 5.853449 6.000000
25.468149 6.924307 6.000000
24.308298 8.154431 6.000000
24.245544 6.847161 6.000000
25.273300 7.694342 6.000000
25.514082 6.533822 6.000000
26.047819 7.445356 6.000000
25.546663 7.253990 6.000000
27.102957 6.829500 6.000000
23.622541 7.330409 6.000000
27.904076 6.740792 6.000000
-30.611782 -21.307602 7.000000
-31.829557 -19.979794 7.000000
-31.573507 -19.598293 7.000000
-31.316662 -20.677874 7.000000
-31.991213 -19.298231 7.000000
-31.009462 -20.816862 7.000000
-31.561426 -18.852119 7.000000
-30.931465 -21.304655 7.000000
-31.770292 -18.415895 7.000000
-32.174976 -19.340418 7.000000
-30.404366 -21.646584 7.000000
-30.583998 -20.780502 7.000000
-31.309351 -19.205713 7.000000
-31.116199 -20.187408 7.000000
-32.100979 -18.801411 7.000000
-31.202532 -19.742451 7.000000
-19.168196 24.463194 8.000000
-25.322842 12.434855 8.000000
-15.892245 25.560701 8.000000
-23.132034 15.023767 8.000000
-22.818180 17.748610 8.000000
-23.723471 16.204023 8.000000
-18.950878 23.850584 8.000000
-25.870115 14.934312 8.000000
-24.317947 15.869154 8.000000
-25.844133 14.437346 8.000000
-23.374441 16.047424 8.000000
-25.841721 13.646423 8.000000
-26.267179 9.120424 8.000000
-25.750374 15.501289 8.000000
-25.556681 15.342996 8.000000
-19.240688 22.712759 8.000000
-2.201720 3.534116 9.000000
-2.358542 3.511019 9.000000
-3.405028 9.939707 9.000000
-4.728534 7.602585 9.000000
-4.180199 6.667749 9.000000
-4.470149 8.356194 9.000000
-4.971303 6.893734 9.000000
-4.722858 7.716689 9.000000
-0.787599 4.093367 9.000000
-3.944610 8.376859 9.000000
-4.619595 7.567834 9.000000
-5.130554 7.787411 9.000000
-5.002414 6.801008 9.000000
-0.496550 4.947271 9.000000
-4.384338 6.234322 9.000000
-3.450837 9.462852 9.000000
13.593579 37.138447 10.000000
12.880689 36.118034 10.000000
13.823814 35.806564 10.000000
13.245489 34.456188 10.000000
12.444121 36.497742 10.000000
13.914972 36.646793 10.000000
12.994143 36.137943 10.000000
12.955287 35.192772 10.000000
13.174040 35.351936 10.000000
12.360849 36.880890 10.000000
14.356324 36.011196 10.000000
13.755116 36.195385 10.000000
12.756957 37.051159 10.000000
14.053864 35.477211 10.000000
12.960436 37.116295 10.000000
13.586483 36.413498 10.000000
7.855353 35.443455 11.000000
6.683516 36.484207 11.000000
-0.370971 32.515854 11.000000
-0.666708 32.446938 11.000000
8.889257 36.220379 11.000000
-1.409216 32.131615 11.000000
9.289161 36.483364 11.000000
8.585678 36.218651 11.000000
7.567569 37.106934 11.000000
8.570349 36.917156 11.000000
10.541444 37.173000 11.000000
7.257431 35.395035 11.000000
-0.842845 32.334118 11.000000
8.334980 36.096664 11.000000
4.241108 28.859880 11.000000
7.738556 36.551872 11.000000
-13.088464 31.345308 12.000000
-13.954238 32.958511 12.000000
-14.557596 31.276411 12.000000
-20.060785 25.459631 12.000000
-14.926974 31.503933 12.000000
-18.399366 28.029074 12.000000
-25.611107 19.857447 12.000000
-21.811848 23.323723 12.000000
-19.291662 25.976028 12.000000
-27.738783 17.341171 12.000000
-28.716887 17.437370 12.000000
-20.478136 26.787251 12.000000
-20.497208 26.486547 12.000000
-19.627022 26.711082 12.000000
-22.400854 21.829498 12.000000
-26.234850 15.851815 12.000000
-7.881209 17.027679 13.000000
-7.575900 13.428608 13.000000
-7.720850 13.338821 13.000000
-7.375175 13.186557 13.000000
-7.511260 13.896906 13.000000
-8.593254 15.266556 13.000000
-9.640321 15.262828 13.000000
-8.639380 15.232356 13.000000
-9.414498 15.459627 13.000000
-7.787015 17.039625 13.000000
-7.648840 15.020758 13.000000
-6.850018 12.793185 13.000000
-6.131356 16.247700 13.000000
-9.808051 15.352608 13.000000
-7.628204 14.305844 13.000000
-6.965294 12.788567 13.000000
-7.946965 30.472176 14.000000
-10.769741 27.526371 14.000000
-8.907786 29.412708 14.000000
-9.410896 28.447447 14.000000
-10.436080 27.780260 14.000000
-9.377671 29.003458 14.000000
-8.307543 29.619843 14.000000
-11.439569 26.753309 14.000000
-9.057781 28.323616 14.000000
-9.037956 28.894247 14.000000
-8.086353 30.220459 14.000000
-9.686769 29.309980 14.000000
-8.711491 29.991381 14.000000
-9.659595 28.837688 14.000000
-9.777737 28.137842 14.000000
-6.334555 31.237576 14.000000
9.232972 16.001333 15.000000
7.980058 16.619530 15.000000
7.646050 15.214776 15.000000
7.806660 14.406651 15.000000
8.243427 16.431541 15.000000
8.879336 15.426892 15.000000
7.678865 14.152125 15.000000
7.425718 16.363422 15.000000
7.916952 15.064783 15.000000
8.734466 14.559902 15.000000
7.972581 15.996185 15.000000
7.051752 15.533565 15.000000
6.002819 15.128631 15.000000
8.555060 15.689972 15.000000
8.852286 15.761528 15.000000
7.971843 15.184352 15.000000
-17.794950 7.268208 16.000000
-18.097254 8.350772 16.000000
-18.434248 9.019681 16.000000
-12.112691 8.582500 16.000000
-4.622506 17.970518 16.000000
-13.358234 11.869618 16.000000
-7.531414 19.483171 16.000000
-3.401453 19.122221 16.000000
-3.799511 13.172707 16.000000
-15.413853 4.581463 16.000000
-11.603827 11.337716 16.000000
-19.180372 2.855001 16.000000
-12.583675 7.592686 16.000000
-12.712679 10.507816 16.000000
-16.234642 6.825770 16.000000
-12.511655 11.559383 16.000000
29.010931 1.075445 17.000000
28.058035 5.698145 17.000000
27.200706 3.653968 17.000000
32.687618 4.305492 17.000000
30.143333 -1.609611 17.000000
29.329990 2.547786 17.000000
30.710911 0.360841 17.000000
32.219536 5.443284 17.000000
39.606003 -5.985021 17.000000
31.882488 2.857003 17.000000
29.588974 0.036370 17.000000
30.094835 2.574822 17.000000
30.340633 -0.168442 17.000000
30.361517 2.958755 17.000000
27.576572 4.945086 17.000000
28.821194 5.730474 17.000000
-26.947777 -4.407876 18.000000
-26.133266 -5.709060 18.000000
-29.544184 -17.000971 18.000000
-22.291742 -7.141705 18.000000
-23.803661 -16.365654 18.000000
-26.242579 -6.422572 18.000000
-28.031012 -13.468161 18.000000
-24.018883 -0.033344 18.000000
-23.166143 3.089406 18.000000
-24.832581 -16.237852 18.000000
-26.444868 -7.277897 18.000000
-22.809801 -3.319606 18.000000
-26.581272 -4.192457 18.000000
-24.227713 -8.290479 18.000000
-22.239698 -7.144017 18.000000
-21.169521 6.196583 18.000000
-16.737675 29.900663 19.000000
-15.077330 29.405798 19.000000
-17.228891 31.365290 19.000000
-18.108324 28.201410 19.000000
-16.762983 30.863520 19.000000
-20.853350 23.527958 19.000000
-14.736946 28.483213 19.000000
-14.900241 30.445869 19.000000
-17.361656 31.302608 19.000000
-16.539528 30.288498 19.000000
-14.886374 31.959154 19.000000
-20.994003 24.285225 19.000000
-13.540923 33.101910 19.000000
-20.710129 23.685539 19.000000
-17.976273 29.010036 19.000000
-18.457186 28.211107 19.000000
-20.516775 -33.914040 20.000000
-18.332270 -34.466831 20.000000
-19.314510 -34.050297 20.000000
-20.415758 -34.383827 20.000000
-18.306433 -33.553276 20.000000
-18.596252 -32.930798 20.000000
-19.315557 -34.327011 20.000000
-18.205133 -33.651028 20.000000
-11.153549 -18.638699 20.000000
-18.033669 -35.503147 20.000000
-10.958334 -17.949142 20.000000
-17.709448 -35.897892 20.000000
-19.012239 -34.709076 20.000000
4.591238 -37.060429 20.000000
-20.943445 -33.833408 20.000000
-11.064034 -18.100489 20.000000
0.135179 31.586376 21.000000
-2.010739 28.424168 21.000000
-0.964682 28.872038 21.000000
-15.609908 10.625916 21.000000
-2.865263 27.564474 21.000000
-6.271773 22.101656 21.000000
-6.263738 24.708797 21.000000
-0.651190 28.306873 21.000000
-0.500311 34.612057 21.000000
-1.807540 17.607628 21.000000
-0.614510 22.068655 21.000000
-0.443724 25.400986 21.000000
-9.915349 20.755569 21.000000
-9.018881 20.305418 21.000000
1.913164 28.733204 21.000000
1.174263 27.467514 21.000000
37.528000 -1.406710 22.000000
40.972576 -7.355668 22.000000
36.909912 -1.416316 22.000000
31.364985 -1.176531 22.000000
39.987034 -4.974764 22.000000
33.602951 -0.896822 22.000000
40.336384 -6.612723 22.000000
38.145714 -3.526960 22.000000
38.620014 -2.427488 22.000000
38.264572 -4.371533 22.000000
40.145157 -6.232066 22.000000
38.939716 -4.223826 22.000000
39.871647 -4.217231 22.000000
38.722790 -3.067104 22.000000
33.762623 -0.577052 22.000000
37.954330 -2.158134 22.000000
-0.780886 14.685770 23.000000
-0.321381 15.965432 23.000000
-0.782552 14.819321 23.000000
-1.555345 16.273502 23.000000
-1.028923 17.532114 23.000000
0.066549 18.132423 23.000000
-2.565331 14.231664 23.000000
-0.628265 15.274854 23.000000
1.057327 18.826199 23.000000
0.161789 19.352589 23.000000
0.136482 18.913677 23.000000
-0.079478 17.947268 23.000000
-0.321792 16.543833 23.000000
-0.026381 18.118364 23.000000
0.118581 16.091824 23.000000
-2.992764 13.859674 23.000000
-25.155487 17.034494 24.000000
-26.424063 -1.533537 24.000000
-24.480610 9.639080 24.000000
-14.974797 18.269400 24.000000
-24.488922 14.129065 24.000000
-22.263916 16.130560 24.000000
-24.828493 11.271255 24.000000
-22.874922 13.587490 24.000000
-21.951523 16.856972 24.000000
-19.749941 19.246939 24.000000
-19.713055 8.579791 24.000000
-4.022243 16.581375 24.000000
-25.511133 4.362035 24.000000
-25.397583 0.118373 24.000000
-22.337194 11.567412 24.000000
-14.548368 9.202517 24.000000
-28.555639 15.585032 25.000000
-28.166437 15.427717 25.000000
-28.480425 14.812974 25.000000
-27.919537 17.405737 25.000000
-28.405371 17.632830 25.000000
-27.592474 14.689673 25.000000
-28.974844 16.386679 25.000000
-28.490450 16.496895 25.000000
-27.484705 15.389935 25.000000
-27.093267 17.124540 25.000000
-28.165016 17.005072 25.000000
-29.161829 16.900536 25.000000
-26.636326 15.814794 25.000000
-27.314188 17.801769 25.000000
-28.755358 16.841780 25.000000
-26.389376 16.730673 25.000000
0.369838 20.219639 26.000000
-8.850267 5.603628 26.000000
-6.080748 8.954534 26.000000
-13.260429 2.939874 26.000000
-11.766676 4.115102 26.000000
-16.775402 8.337321 26.000000
-9.551126 7.227468 26.000000
-10.766866 4.679978 26.000000
-9.765334 11.930963 26.000000
-8.028458 9.452491 26.000000
-6.286478 19.570255 26.000000
-16.637026 19.599785 26.000000
-12.566097 12.811928 26.000000
-4.104039 14.292960 26.000000
-11.160733 9.915524 26.000000
-9.701561 6.133413 26.000000
26.588121 0.122824 27.000000
20.378504 -7.663037 27.000000
32.103214 5.041172 27.000000
27.607082 7.901825 27.000000
24.605246 -0.033391 27.000000
27.622778 5.118181 27.000000
26.823416 1.725820 27.000000
31.851202 4.868647 27.000000
27.693874 1.836151 27.000000
27.735308 3.809646 27.000000
25.196583 3.214592 27.000000
30.715258 3.598605 27.000000
29.268793 5.120745 27.000000
29.926098 6.723539 27.000000
29.958662 6.085884 27.000000
26.836853 1.992170 27.000000
26.991142 -6.244777 28.000000
31.808180 -8.360867 28.000000
26.879040 -5.930434 28.000000
27.224897 -6.016586 28.000000
26.051853 -6.223701 28.000000
28.339401 -5.577039 28.000000
30.876898 -8.605652 28.000000
26.314034 -6.132684 28.000000
30.173208 -5.810996 28.000000
25.495010 -6.233914 28.000000
27.162100 -5.870624 28.000000
29.052347 -5.455411 28.000000
30.035486 -7.769794 28.000000
30.947092 -7.148809 28.000000
26.133871 -5.764985 28.000000
28.834476 -5.905446 28.000000
-19.746065 22.555380 29.000000
-21.818380 12.786109 29.000000
-18.207184 20.076172 29.000000
-16.294865 20.435431 29.000000
-17.957136 19.371618 29.000000
-18.943451 24.948584 29.000000
-17.529366 20.088917 29.000000
-20.374516 22.811167 29.000000
-20.931585 20.507256 29.000000
-15.577699 24.109787 29.000000
-21.551229 3.747328 29.000000
-17.713955 18.599735 29.000000
-18.794922 19.362726 29.000000
-19.699286 2.495557 29.000000
-18.189234 22.898762 29.000000
-16.109581 24.116356 29.000000
-17.288881 23.088783 30.000000
-22.469902 20.579546 30.000000
-20.923559 9.585264 30.000000
-20.064716 5.395841 30.000000
-23.043249 18.192528 30.000000
-24.496149 2.835841 30.000000
-24.844406 14.353858 30.000000
-20.148359 11.606463 30.000000
-17.411657 22.927372 30.000000
-14.908292 14.331082 30.000000
-24.238113 5.448246 30.000000
-19.041033 20.106239 30.000000
-24.879698 13.868024 30.000000
-23.652637 5.129665 30.000000
-19.533142 19.244017 30.000000
-25.008888 7.726422 30.000000
-33.241524 -7.767446 31.000000
-32.933983 -5.960390 31.000000
-33.449558 -5.726254 31.000000
-34.147961 -7.160786 31.000000
-33.356453 -7.065997 31.000000
-32.058018 -5.189945 31.000000
-33.031231 -4.979277 31.000000
-33.006210 -5.269076 31.000000
-33.366680 -7.433537 31.000000
-33.857925 -6.756658 31.000000
-32.265038 -5.568817 31.000000
-33.264069 -6.432344 31.000000
-32.423859 -5.936040 31.000000
-33.036995 -7.370999 31.000000
-32.795135 -6.547033 31.000000
-33.697922 -6.171102 31.000000
23.515411 -1.396759 32.000000
27.603851 -0.305207 32.000000
27.091139 -0.665151 32.000000
28.397579 -1.703660 32.000000
28.598557 -0.510305 32.000000
28.393127 -0.891765 32.000000
25.486040 -0.341842 32.000000
36.705017 -6.190738 32.000000
25.399456 1.537040 32.000000
25.152418 1.228039 32.000000
27.274218 1.182361 32.000000
27.154928 2.404864 32.000000
29.477652 2.138370 32.000000
25.682737 0.259957 32.000000
25.620516 -0.573707 32.000000
26.452385 -0.481847 32.000000
16.351662 -1.058080 33.000000
18.040369 -2.810448 33.000000
17.926207 -2.875826 33.000000
15.998344 -3.027253 33.000000
15.928227 -1.786660 33.000000
16.093599 -0.232326 33.000000
17.892317 -2.528119 33.000000
16.408939 -2.351130 33.000000
15.806715 -1.461654 33.000000
15.887858 -0.864735 33.000000
16.219286 -0.540435 33.000000
21.758904 0.228017 33.000000
16.776682 -0.204316 33.000000
16.150501 -4.314198 33.000000
17.896360 -3.043290 33.000000
15.543123 -3.225804 33.000000
-0.111357 32.774769 34.000000
-1.325632 25.699036 34.000000
2.770443 28.480949 34.000000
2.877619 29.335453 34.000000
2.865252 29.839800 34.000000
2.616616 29.325787 34.000000
2.291516 30.090181 34.000000
2.298072 30.218405 34.000000
-0.506666 34.207806 34.000000
0.531722 33.495796 34.000000
1.996200 29.605272 34.000000
3.516516 30.303396 34.000000
3.205208 30.111393 34.000000
1.174718 29.833241 34.000000
2.521324 29.221107 34.000000
2.650778 30.678139 34.000000
13.141078 -32.916294 35.000000
6.768562 -6.596029 35.000000
6.579941 -5.979800 35.000000
6.674000 -6.830356 35.000000
6.584047 -5.906730 35.000000
1.085914 -19.371500 35.000000
6.260459 -7.129047 35.000000
12.766569 -31.997824 35.000000
9.610761 -3.380757 35.000000
9.548282 -3.567868 35.000000
12.762652 -32.275558 35.000000
6.089246 -8.062134 35.000000
1.138877 -19.557945 35.000000
11.947925 -32.262142 35.000000
10.195283 -3.265735 35.000000
10.197574 -3.220756 35.000000
1.051267 -31.916483 36.000000
-0.383246 -31.361799 36.000000
3.579787 -31.114719 36.000000
1.175796 -30.128431 36.000000
-0.327107 -31.399420 36.000000
-0.748824 -29.537590 36.000000
1.265868 -30.289122 36.000000
-0.668698 -31.215176 36.000000
0.038691 -30.051254 36.000000
-0.625019 -30.246813 36.000000
-1.519956 -34.835182 36.000000
1.085002 -33.813847 36.000000
-0.895154 -30.390190 36.000000
-0.747185 -32.555817 36.000000
-0.833050 -32.723446 36.000000
4.229963 -18.280899 36.000000
2.531637 43.828613 37.000000
2.991187 40.599262 37.000000
1.678445 39.928150 37.000000
3.030748 40.812160 37.000000
1.879160 42.972073 37.000000
2.262195 41.961487 37.000000
2.056944 43.445217 37.000000
2.300456 42.700962 37.000000
2.260472 42.187412 37.000000
2.321112 43.961304 37.000000
1.345633 39.042522 37.000000
4.776356 41.949509 37.000000
2.914540 42.027714 37.000000
3.895664 41.709057 37.000000
1.305729 38.902939 37.000000
2.662349 42.515491 37.000000
2.816431 -28.456144 38.000000
0.701767 -24.585621 38.000000
1.641657 -23.563253 38.000000
2.509500 -26.339594 38.000000
2.258485 -25.684416 38.000000
2.045174 -24.255808 38.000000
1.449924 -24.337540 38.000000
0.887277 -24.543472 38.000000
1.571524 -24.290436 38.000000
1.447436 -24.792780 38.000000
2.831483 -28.363214 38.000000
2.483838 -25.741102 38.000000
2.598573 -26.459948 38.000000
5.174486 -22.651735 38.000000
3.481642 -26.289257 38.000000
2.995872 -26.597878 38.000000
-2.694067 -44.596493 39.000000
0.396503 -21.337929 39.000000
-7.016891 -30.211267 39.000000
-7.048954 -30.222761 39.000000
-4.262947 -38.742905 39.000000
2.217782 -38.953388 39.000000
-3.103710 -38.088177 39.000000
-17.826006 -29.517559 39.000000
-9.189487 -39.323509 39.000000
-3.609936 -38.439892 39.000000
-4.287169 -38.683655 39.000000
0.333016 -21.325817 39.000000
-3.146091 -38.591419 39.000000
-9.131787 -39.438141 39.000000
-8.742066 -46.232498 39.000000
-3.287611 -37.854378 39.000000
10.321799 -32.067265 40.000000
7.066103 -33.169254 40.000000
6.661574 -33.349865 40.000000
10.693035 -19.977472 40.000000
6.997148 -33.246376 40.000000
6.763957 -34.116749 40.000000
7.869724 -34.154945 40.000000
10.740998 -31.579756 40.000000
9.734245 -31.886784 40.000000
7.182638 -33.769844 40.000000
8.734343 -32.700409 40.000000
9.099030 -32.605854 40.000000
8.124520 -33.265240 40.000000
6.768884 -33.885330 40.000000
11.734740 -20.107273 40.000000
11.342429 -31.294937 40.000000
4.790706 -33.782299 41.000000
7.763443 -32.597836 41.000000
7.964439 -31.070927 41.000000
10.578662 -19.781563 41.000000
8.392212 -30.327276 41.000000
7.799078 -30.706837 41.000000
5.320129 -32.481243 41.000000
5.071558 -33.405926 41.000000
5.655487 -33.632008 41.000000
5.495973 -33.406677 41.000000
8.022568 -31.428579 41.000000
5.083181 -33.429142 41.000000
8.455991 -30.289528 41.000000
4.023876 -33.298119 41.000000
8.216335 -30.105110 41.000000
8.512516 -31.135714 41.000000
1.558882 -45.669327 42.000000
3.561043 -37.271908 42.000000
5.179015 -45.540543 42.000000
7.847553 -35.301086 42.000000
-1.798986 -40.462406 42.000000
-2.214468 -39.722408 42.000000
1.543929 -44.098938 42.000000
9.100483 -34.914463 42.000000
-6.057321 -48.412086 42.000000
-1.932341 -38.799728 42.000000
-5.057146 -46.867367 42.000000
-2.384648 -40.533100 42.000000
5.262204 -45.454212 42.000000
-2.393693 -42.335117 42.000000
-2.516715 -40.944035 42.000000
-1.000286 -38.892197 42.000000
15.301919 -12.178415 43.000000
17.124496 -10.313412 43.000000
18.737183 -6.641193 43.000000
16.560175 -10.513599 43.000000
17.143820 -10.845240 43.000000
23.559099 -0.699988 43.000000
19.464596 -7.370355 43.000000
19.577660 -6.985223 43.000000
17.065172 -9.990613 43.000000
16.213285 -11.337190 43.000000
21.073147 -6.658829 43.000000
17.840145 -6.781813 43.000000
18.986137 -7.035026 43.000000
17.646858 -9.951034 43.000000
16.404984 -11.132032 43.000000
18.904533 -8.971573 43.000000
17.763203 -10.884161 44.000000
15.885693 -11.770667 44.000000
17.394253 -11.979986 44.000000
17.179932 -11.827518 44.000000
16.200094 -12.315921 44.000000
19.929886 -8.828569 44.000000
20.051672 -7.929304 44.000000
15.887337 -12.786599 44.000000
16.277887 -13.183208 44.000000
18.392881 -12.678945 44.000000
8.438289 -29.000149 44.000000
18.462606 -9.973137 44.000000
15.330005 -13.624015 44.000000
15.673412 -12.609160 44.000000
19.315472 -8.165477 44.000000
18.627865 -10.788815 44.000000
-19.727871 -21.342119 45.000000
-16.905050 0.895225 45.000000
-14.796957 -22.895998 45.000000
-17.789225 -23.599197 45.000000
-14.974643 -22.915960 45.000000
-18.019918 -23.959095 45.000000
-19.593786 -11.503957 45.000000
-18.141840 -25.658857 45.000000
-19.531168 -16.710043 45.000000
-20.043789 -17.293804 45.000000
-14.325500 -21.488611 45.000000
-19.690992 -6.012594 45.000000
-19.685314 -6.372897 45.000000
-19.447952 -16.531900 45.000000
-17.221754 -23.754000 45.000000
-19.820507 -6.692904 45.000000
28.227535 8.326037 46.000000
17.449846 -8.126069 46.000000
24.681389 5.945956 46.000000
22.653528 -0.074347 46.000000
17.213423 -6.532769 46.000000
18.050402 -7.676062 46.000000
23.230547 1.116307 46.000000
17.951385 -8.846111 46.000000
18.211857 -8.241029 46.000000
31.040613 7.281857 46.000000
16.818811 -9.042233 46.000000
23.180807 0.995750 46.000000
28.023642 8.326241 46.000000
22.118572 1.263612 46.000000
32.131126 6.257871 46.000000
17.658291 -7.706928 46.000000
-16.889380 -25.086302 47.000000
-20.297539 -27.779724 47.000000
-16.443666 -24.844608 47.000000
-20.257826 -27.857977 47.000000
-16.420223 -17.583900 47.000000
-16.963545 -26.013922 47.000000
-15.980843 -25.974924 47.000000
-15.771744 -26.836279 47.000000
-17.904913 -24.506474 47.000000
-14.464790 -21.080017 47.000000
-17.314695 -19.131319 47.000000
-16.144232 -18.091318 47.000000
-15.167787 -27.051722 47.000000
-14.423255 -22.107933 47.000000
-14.986902 -21.890543 47.000000
-17.420414 -24.824154 47.000000
47.840477 10.862049 48.000000
48.388226 11.819217 48.000000
49.875648 11.184450 48.000000
49.095806 10.935514 48.000000
48.230682 10.746312 48.000000
49.384304 12.320751 48.000000
50.655048 11.039173 48.000000
52.831867 7.140889 48.000000
49.675697 10.907763 48.000000
47.854626 11.280190 48.000000
50.445698 10.858864 48.000000
49.274220 11.532936 48.000000
47.173824 10.551834 48.000000
47.889816 11.229653 48.000000
48.719364 11.705879 48.000000
48.951820 10.813589 48.000000
-13.321651 -36.184414 49.000000
-10.504978 -43.306919 49.000000
-10.631485 -43.361359 49.000000
-11.256510 -43.789360 49.000000
-10.780023 -43.923779 49.000000
-9.489172 -45.362572 49.000000
-12.639183 -38.682495 49.000000
-13.010755 -37.374187 49.000000
-12.790488 -38.332855 49.000000
-12.777095 -38.231712 49.000000
-9.681569 -45.501225 49.000000
-10.854248 -44.574459 49.000000
-9.798285 -45.119343 49.000000
-10.368852 -43.889362 49.000000
-10.419223 -44.090427 49.000000
-10.173182 -44.693970 49.000000
-16.754271 -4.515574 50.000000
-16.054390 -4.750687 50.000000
-2.971529 30.871229 50.000000
-16.288177 4.926134 50.000000
-16.772860 -3.727170 50.000000
-14.766425 -6.434706 50.000000
-16.698000 5.367655 50.000000
-9.354553 4.806446 50.000000
-18.255306 -3.482062 50.000000
-18.292456 -3.711348 50.000000
-20.892488 -9.256869 50.000000
-22.683826 -12.433667 50.000000
-17.714855 2.848216 50.000000
-16.537085 3.951068 50.000000
-21.222416 -10.907082 50.000000
-16.779861 -6.814991 50.000000
-4.782558 24.138578 51.000000
-15.241327 31.102777 51.000000
-3.684825 28.606485 51.000000
2.366395 33.890194 51.000000
-16.694607 27.386236 51.000000
-1.581843 29.335577 51.000000
-1.774748 29.538128 51.000000
-11.977669 7.586141 51.000000
-5.533561 20.782896 51.000000
-5.596856 40.626972 51.000000
-5.898848 40.557247 51.000000
-8.797035 38.734386 51.000000
3.830589 27.980490 51.000000
-4.361065 23.105314 51.000000
-5.020515 19.957081 51.000000
-14.154575 31.629856 51.000000
10.058761 -24.220406 52.000000
10.359322 -23.398281 52.000000
4.904253 -29.649046 52.000000
17.173309 -13.894400 52.000000
8.515032 -26.465063 52.000000
9.388773 -25.351631 52.000000
17.675434 -14.730331 52.000000
17.594732 -14.625216 52.000000
3.383147 -16.008955 52.000000
18.539106 -12.824650 52.000000
9.988860 -24.311541 52.000000
8.863482 -26.084513 52.000000
10.553982 -24.960026 52.000000
9.145209 -25.708544 52.000000
10.237684 -23.511702 52.000000
9.548752 -25.330280 52.000000
45.369957 0.608698 53.000000
48.994030 6.818781 53.000000
45.716709 1.322759 53.000000
45.875076 0.308726 53.000000
54.193432 3.808013 53.000000
49.094299 6.470944 53.000000
48.584091 5.854203 53.000000
52.275921 4.078157 53.000000
52.392292 9.507681 53.000000
51.255199 8.895371 53.000000
46.731354 13.149427 53.000000
44.987217 0.784626 53.000000
48.138538 6.386451 53.000000
45.433666 1.040273 53.000000
49.322296 1.028666 53.000000
49.342693 8.618896 53.000000
-25.454166 25.761204 54.000000
-27.519045 25.782644 54.000000
-33.206062 -3.495208 54.000000
-33.223797 -3.370495 54.000000
-26.720366 28.298546 54.000000
-27.665073 25.379059 54.000000
-27.011189 27.912455 54.000000
-25.469625 25.735516 54.000000
-26.130039 27.683947 54.000000
-26.229244 28.653885 54.000000
-27.237158 28.142626 54.000000
-25.889160 27.956579 54.000000
-25.652611 28.358015 54.000000
-27.803268 25.329685 54.000000
-26.360527 28.356699 54.000000
-27.845472 27.462677 54.000000
-5.910550 24.924355 55.000000
-5.082188 31.731220 55.000000
-5.365714 30.225004 55.000000
-7.534653 39.468014 55.000000
-7.519298 37.154438 55.000000
-7.039189 38.627583 55.000000
-3.472259 28.353367 55.000000
-3.885428 38.936153 55.000000
-5.753759 37.806210 55.000000
-7.332989 38.390774 55.000000
-3.719960 38.924015 55.000000
-10.961047 10.180048 55.000000
-6.775366 24.919695 55.000000
-7.417499 37.523571 55.000000
-6.147903 37.645401 55.000000
-4.138157 29.078419 55.000000
1.456502 23.164009 56.000000
-2.961560 14.156835 56.000000
1.527473 24.210680 56.000000
2.807317 26.040085 56.000000
-2.505801 20.090807 56.000000
0.889512 25.591545 56.000000
-3.759148 18.232321 56.000000
5.410723 38.257107 56.000000
1.339428 25.022966 56.000000
1.529120 25.202448 56.000000
6.851708 38.857689 56.000000
-2.723516 18.909725 56.000000
2.796845 26.275133 56.000000
-3.812431 18.139032 56.000000
2.918927 34.269367 56.000000
-2.604219 14.845910 56.000000
-2.436131 16.551315 57.000000
5.490154 39.150887 57.000000
-1.240220 18.828287 57.000000
4.168978 29.801929 57.000000
-2.781986 17.157761 57.000000
4.118181 28.981056 57.000000
3.886216 29.004513 57.000000
-2.799231 17.220789 57.000000
-2.644653 17.961466 57.000000
-6.508787 7.460660 57.000000
-2.995777 15.705091 57.000000
-9.032318 4.717178 57.000000
5.652004 40.740208 57.000000
-7.519029 8.412638 57.000000
-8.921178 4.743475 57.000000
2.939017 27.273031 57.000000
51.334454 10.532209 58.000000
51.415627 6.547173 58.000000
51.873833 6.683014 58.000000
53.267075 6.182491 58.000000
51.611534 7.350945 58.000000
52.593273 6.633807 58.000000
53.252506 6.951183 58.000000
48.831089 8.870314 58.000000
48.587311 9.449756 58.000000
54.053177 4.422944 58.000000
54.856968 4.340672 58.000000
53.258358 5.107321 58.000000
53.421806 4.918346 58.000000
52.243118 8.714762 58.000000
52.816879 9.730818 58.000000
52.176163 5.885061 58.000000
-1.314140 -44.843338 59.000000
-0.944035 -44.602882 59.000000
2.667266 -44.120037 59.000000
0.698949 -44.752857 59.000000
2.206403 -42.134514 59.000000
0.905149 -41.736366 59.000000
1.002673 -43.549870 59.000000
-0.734405 -45.062603 59.000000
-1.561464 -45.355816 59.000000
-1.287657 -45.079388 59.000000
2.206878 -44.295292 59.000000
-1.200653 -45.040649 59.000000
2.107976 -41.583706 59.000000
1.704946 -42.310455 59.000000
0.185162 -44.795208 59.000000
1.497405 -42.360916 59.000000
-8.522047 -47.039104 60.000000
-8.553773 -43.690620 60.000000
-7.083538 -47.985641 60.000000
-15.351750 -29.628466 60.000000
-9.441218 -41.964230 60.000000
-5.414695 -42.504757 60.000000
-5.709694 -46.344261 60.000000
-8.230770 -47.385845 60.000000
-7.092010 -48.722260 60.000000
-8.518128 -42.980171 60.000000
-12.059816 -42.568851 60.000000
-7.577319 -43.249695 60.000000
-5.209896 -42.996082 60.000000
-7.887545 -43.798481 60.000000
-7.873294 -48.077126 60.000000
-7.493091 -38.125748 60.000000
2.448719 -33.150875 61.000000
2.408961 -33.243061 61.000000
3.857913 -34.601513 61.000000
2.992369 -32.801346 61.000000
5.333985 -21.182110 61.000000
6.281041 -20.627247 61.000000
4.459005 -21.711843 61.000000
2.176083 -31.686888 61.000000
0.080258 -34.915539 61.000000
2.996623 -32.267632 61.000000
6.448277 -21.087347 61.000000
5.876930 -20.620455 61.000000
7.121090 -20.711836 61.000000
5.893820 -20.639084 61.000000
2.975132 -32.531197 61.000000
2.196232 -31.578926 61.000000
-23.189636 -2.529966 62.000000
-23.559748 -2.022002 62.000000
-18.535089 8.156390 62.000000
-24.049662 -4.219074 62.000000
-19.307354 5.905940 62.000000
-18.843109 6.111582 62.000000
-18.676054 7.473464 62.000000
-23.500837 -2.944021 62.000000
-24.062479 -13.809913 62.000000
-23.899235 -2.371420 62.000000
-18.885181 3.888394 62.000000
-23.129641 -3.885122 62.000000
-19.434708 7.494577 62.000000
-24.559650 -13.859414 62.000000
-22.674330 8.103187 62.000000
-21.571863 -4.929171 62.000000
-12.699793 -9.493109 63.000000
-6.187665 8.924777 63.000000
-12.894911 -10.192175 63.000000
-13.821073 -7.829654 63.000000
-11.475432 -10.524202 63.000000
-13.414805 -6.258744 63.000000
-13.292473 -7.111600 63.000000
-12.934022 -9.757531 63.000000
-9.063368 4.518998 63.000000
-13.850121 -5.989290 63.000000
-12.205719 -11.464179 63.000000
-14.949598 -5.448723 63.000000
-13.831580 -5.264583 63.000000
-13.894085 -9.077229 63.000000
-13.362330 -9.160460 63.000000
-14.136329 -6.355961 63.000000
-10.071426 11.576675 64.000000
0.619589 28.904856 64.000000
-6.388474 18.980539 64.000000
-5.823375 19.967329 64.000000
-18.860203 9.722232 64.000000
-6.934155 19.364681 64.000000
-13.488501 13.502970 64.000000
-10.677440 7.823615 64.000000
-13.693045 13.905340 64.000000
-13.201957 13.463729 64.000000
-19.105904 9.970383 64.000000
-10.153108 11.395609 64.000000
-7.413531 19.229734 64.000000
-13.013161 33.558331 64.000000
-6.410172 19.947258 64.000000
-10.929293 8.695856 64.000000
4.877865 -15.015607 65.000000
-0.341807 -35.235226 65.000000
2.501001 -31.059887 65.000000
2.573607 -16.919300 65.000000
10.501165 -12.987502 65.000000
9.790902 -13.233011 65.000000
-10.954990 -23.665136 65.000000
2.573190 -16.971167 65.000000
2.423983 -35.139618 65.000000
4.706670 -15.443155 65.000000
6.809552 -18.864483 65.000000
2.635411 -34.931770 65.000000
1.241669 -34.060413 65.000000
8.282112 -16.653408 65.000000
8.333475 -16.856310 65.000000
-0.828658 -35.342010 65.000000
51.437351 2.591538 66.000000
51.415474 2.316785 66.000000
51.618858 2.559888 66.000000
48.223991 15.387409 66.000000
54.350159 2.969548 66.000000
50.010334 4.360533 66.000000
53.152515 15.317176 66.000000
-9.046182 47.538170 66.000000
48.697258 5.089555 66.000000
-9.583658 46.592972 66.000000
50.259758 15.771895 66.000000
48.139648 5.015473 66.000000
49.808392 4.704732 66.000000
-9.253313 47.177170 66.000000
46.991676 6.548723 66.000000
54.371887 2.649254 66.000000
-11.235722 9.728961 67.000000
-4.821210 24.747873 67.000000
-7.050278 30.680019 67.000000
-5.258327 24.403482 67.000000
-7.308685 32.811985 67.000000
-10.120055 9.851141 67.000000
-8.041513 24.638758 67.000000
-7.313360 31.335339 67.000000
-7.400933 30.555775 67.000000
-1.170291 7.931823 67.000000
-5.273917 20.025478 67.000000
-0.887673 24.216803 67.000000
-0.942702 25.653755 67.000000
-0.858447 26.614811 67.000000
-0.246110 26.608034 67.000000
-6.168453 30.530222 67.000000
22.542160 3.214921 68.000000
31.056177 8.563324 68.000000
31.714367 8.703752 68.000000
22.477066 -1.665581 68.000000
20.744886 -0.465976 68.000000
20.486639 -0.299474 68.000000
29.893162 8.356872 68.000000
31.210026 8.887964 68.000000
22.367746 2.931063 68.000000
20.240931 -0.417609 68.000000
19.884127 -5.573214 68.000000
22.136204 2.558398 68.000000
22.779125 3.428835 68.000000
25.603981 8.010273 68.000000
19.797085 -1.041603 68.000000
28.433134 6.841743 68.000000
-22.870310 -14.666021 69.000000
-21.305679 -10.057067 69.000000
-18.276726 -21.534029 69.000000
-19.272640 -24.076967 69.000000
-23.036411 -15.797446 69.000000
-19.360466 -25.184727 69.000000
-23.214954 -13.834529 69.000000
-20.475834 -22.848204 69.000000
-20.100899 -24.110081 69.000000
-18.586103 -21.614702 69.000000
-18.297930 -27.309975 69.000000
-20.854965 -22.299690 69.000000
-22.512980 -11.897751 69.000000
-20.094574 7.857924 69.000000
-22.690752 -15.284267 69.000000
-23.021721 -14.977259 69.000000
31.467449 -8.917002 70.000000
-22.290146 -4.943388 70.000000
-21.887270 7.698836 70.000000
-19.390854 5.812606 70.000000
-16.970955 18.358908 70.000000
-19.481377 21.919437 70.000000
-16.014864 32.689491 70.000000
31.270582 -8.597034 70.000000
-24.946684 0.966158 70.000000
-18.320581 20.259008 70.000000
-17.588140 -7.691570 70.000000
-18.727650 11.791508 70.000000
-23.404251 2.301560 70.000000
-24.265942 1.323825 70.000000
-16.380901 -3.955469 70.000000
-20.567493 9.251382 70.000000
-15.920058 -28.732931 71.000000
-16.052595 -24.037037 71.000000
-17.047956 -26.949884 71.000000
-16.541964 -21.328033 71.000000
-12.052737 -12.458623 71.000000
-15.861523 19.583498 71.000000
-13.489959 5.739996 71.000000
-15.735108 3.776912 71.000000
-11.647012 -12.604079 71.000000
-21.320963 -10.749428 71.000000
-17.542061 -20.722939 71.000000
-11.773804 -12.585478 71.000000
-16.901346 -21.401749 71.000000
-17.079395 -28.190319 71.000000
-3.686907 23.256483 71.000000
-17.137812 -27.749353 71.000000
-13.163974 39.879383 72.000000
-9.201218 45.822071 72.000000
-22.399403 26.647495 72.000000
-21.783344 27.295650 72.000000
-13.172651 39.682579 72.000000
-22.268837 26.591743 72.000000
-11.954955 43.692455 72.000000
-19.311607 33.643986 72.000000
-21.605673 26.659344 72.000000
-21.030325 27.877331 72.000000
-19.802692 33.243942 72.000000
-12.092837 45.446857 72.000000
-18.981760 34.605186 72.000000
-11.408347 40.118069 72.000000
-12.697271 39.971756 72.000000
-14.262815 39.544796 72.000000
-18.636356 -24.942490 73.000000
-20.963572 -2.881951 73.000000
-8.012227 24.948326 73.000000
-12.458819 9.429503 73.000000
-12.308277 26.735638 73.000000
-17.622547 3.439927 73.000000
-19.838772 -5.003772 73.000000
-16.849144 0.895580 73.000000
-17.851011 2.672977 73.000000
-17.773767 -2.951172 73.000000
-17.022327 21.436348 73.000000
-17.758968 4.951702 73.000000
-16.767166 3.454541 73.000000
-17.864614 9.186470 73.000000
-21.560066 -10.522660 73.000000
-20.620573 -4.750212 73.000000
30.812586 7.347282 74.000000
33.415710 4.658134 74.000000
31.480673 0.626085 74.000000
28.009472 0.835751 74.000000
31.687916 7.527852 74.000000
29.090546 -0.412293 74.000000
32.843887 1.977480 74.000000
30.585684 1.933239 74.000000
22.190466 -7.006206 74.000000
32.228531 1.265892 74.000000
37.127132 -2.789879 74.000000
31.838131 7.600313 74.000000
31.612778 3.619162 74.000000
37.179317 -2.648683 74.000000
29.851274 -0.571292 74.000000
23.270824 -2.141283 74.000000
-26.128157 -13.539636 75.000000
-24.865543 -2.289714 75.000000
-25.890928 -15.080881 75.000000
-24.447229 -2.620899 75.000000
-24.573626 -14.609298 75.000000
-20.540859 7.574135 75.000000
-26.023600 -13.204204 75.000000
-22.719913 7.843071 75.000000
-16.776054 32.538589 75.000000
-24.142513 -12.321382 75.000000
-25.697067 -15.404387 75.000000
-24.432770 -1.606682 75.000000
-22.182285 -16.377739 75.000000
-24.970459 -15.056000 75.000000
-25.939213 -17.304338 75.000000
-25.616531 -3.991015 75.000000
53.606716 9.302891 76.000000
55.698891 12.282681 76.000000
55.083366 14.214037 76.000000
56.073681 11.370571 76.000000
55.584576 9.673517 76.000000
54.937618 4.121091 76.000000
56.772751 10.409937 76.000000
55.529778 11.206732 76.000000
57.396870 10.281117 76.000000
55.407223 9.556511 76.000000
55.163429 13.937332 76.000000
51.390419 14.952554 76.000000
57.039734 10.915511 76.000000
56.577000 11.245304 76.000000
52.169155 15.268517 76.000000
57.122719 11.743258 76.000000
55.834045 3.961598 77.000000
44.385258 3.710819 77.000000
48.181408 15.017895 77.000000
47.195251 15.234090 77.000000
45.870098 15.426914 77.000000
46.140461 13.901690 77.000000
48.950794 15.767027 77.000000
48.979412 14.306232 77.000000
47.025658 6.292973 77.000000
46.295055 3.688838 77.000000
49.294479 2.104382 77.000000
47.210217 4.140603 77.000000
46.377483 3.021390 77.000000
48.756283 1.265675 77.000000
48.400219 1.765533 77.000000
47.837391 4.333319 77.000000
3.179778 -47.877445 78.000000
-8.754298 -41.025894 78.000000
-7.332426 -42.806499 78.000000
-17.097212 -33.517792 78.000000
-7.047377 -49.087063 78.000000
-5.220464 -44.814930 78.000000
-6.731433 -45.632637 78.000000
-5.485217 -45.547001 78.000000
-7.058914 -46.416298 78.000000
-2.940379 -49.953506 78.000000
-3.049317 -50.312824 78.000000
2.831853 -47.642246 78.000000
-2.450658 -49.198208 78.000000
-3.196121 -49.566154 78.000000
-2.395123 -49.320923 78.000000
-6.703928 -42.075294 78.000000
40.553509 -7.921228 79.000000
36.404331 -3.857126 79.000000
42.119030 -0.620076 79.000000
40.008293 -6.762480 79.000000
40.925484 -5.217517 79.000000
41.278900 -5.887197 79.000000
36.678139 -5.365158 79.000000
41.341133 -6.242423 79.000000
38.485054 -2.042493 79.000000
36.338974 -1.181059 79.000000
36.845631 -5.862580 79.000000
38.718689 -4.470786 79.000000
41.573486 -6.211506 79.000000
36.821949 -9.277675 79.000000
37.534809 -5.555092 79.000000
39.684902 -2.338857 79.000000
44.603573 4.453315 80.000000
51.608166 3.686960 80.000000
47.372974 5.194053 80.000000
46.093014 13.677960 80.000000
48.676945 3.826745 80.000000
49.929302 4.268039 80.000000
48.392399 15.194745 80.000000
50.888046 3.622459 80.000000
49.126041 0.693946 80.000000
46.645500 14.492057 80.000000
46.988178 3.855874 80.000000
44.124321 3.405507 80.000000
49.938801 3.444600 80.000000
53.806797 10.434768 80.000000
49.649216 5.294835 80.000000
47.789677 4.109054 80.000000
-21.956553 9.615632 81.000000
-25.269119 -3.218241 81.000000
-22.686138 8.522849 81.000000
-23.116848 9.464952 81.000000
-23.172421 6.492498 81.000000
-25.203445 -3.987997 81.000000
-24.132729 -3.151787 81.000000
-22.571846 6.124063 81.000000
-23.341755 8.406521 81.000000
-24.227638 -4.772322 81.000000
-23.770153 9.938844 81.000000
-22.334030 8.652881 81.000000
-19.814682 23.427931 81.000000
-25.486254 -2.294886 81.000000
-26.290838 -15.229544 81.000000
-26.032604 -15.899020 81.000000
-21.992331 6.954382 82.000000
-9.418077 41.410946 82.000000
-0.295010 21.373199 82.000000
-1.925765 30.347334 82.000000
-9.689812 45.830784 82.000000
-9.850615 41.817616 82.000000
-8.899378 40.459808 82.000000
-9.022196 40.993298 82.000000
-9.929702 41.360069 82.000000
-6.505653 40.515499 82.000000
-20.567587 21.641846 82.000000
-17.770620 30.360579 82.000000
-8.860332 42.188976 82.000000
-2.987720 35.682888 82.000000
2.567326 32.679932 82.000000
-12.647938 19.998528 82.000000
-26.216051 -19.423573 83.000000
-26.400293 -22.698975 83.000000
-27.276854 -15.280587 83.000000
-24.275951 -23.186457 83.000000
-21.625963 -1.275026 83.000000
-23.973881 -6.077582 83.000000
-25.874386 -10.654920 83.000000
-25.921240 -11.192698 83.000000
-27.293837 -17.772552 83.000000
-23.674530 -22.184391 83.000000
-24.861959 -18.393551 83.000000
-25.930769 -18.273764 83.000000
-27.010418 -17.811445 83.000000
-24.072382 -23.118885 83.000000
-26.642200 -18.385284 83.000000
-26.070362 -19.620819 83.000000
0.320349 -49.117496 84.000000
1.607267 -48.375748 84.000000
1.241329 -48.407681 84.000000
0.501689 -48.541615 84.000000
-2.312917 -42.676746 84.000000
1.702133 -49.371391 84.000000
0.548215 -49.246304 84.000000
7.971375 -36.239578 84.000000
1.154126 -47.438618 84.000000
8.118276 -36.150188 84.000000
1.931149 -46.941212 84.000000
2.759391 -45.333920 84.000000
1.554612 -47.528290 84.000000
-1.210462 -46.715252 84.000000
0.726053 -49.018700 84.000000
1.085785 -47.228485 84.000000
38.819031 -0.817066 85.000000
48.433685 -0.020813 85.000000
41.650887 0.253891 85.000000
43.277706 2.287656 85.000000
38.527260 0.669264 85.000000
41.862720 0.358298 85.000000
32.743252 -1.963279 85.000000
44.489506 14.545227 85.000000
44.938686 14.481495 85.000000
43.133125 -2.848019 85.000000
44.172634 -2.045326 85.000000
43.240440 -2.870929 85.000000
40.211739 0.984699 85.000000
37.029209 0.635250 85.000000
41.065807 -0.665226 85.000000
45.460667 -0.680337 85.000000
37.275951 -8.674556 86.000000
30.180693 -8.552587 86.000000
20.853661 -9.819218 86.000000
36.815018 -9.636481 86.000000
40.928226 -4.684145 86.000000
29.208839 -9.968964 86.000000
37.886898 -8.665183 86.000000
26.260321 -7.385767 86.000000
30.972578 -1.561282 86.000000
21.282166 -11.321238 86.000000
31.475883 -9.974991 86.000000
28.858564 -4.138916 86.000000
37.419262 -8.926562 86.000000
42.002697 -6.822189 86.000000
37.167450 -4.121945 86.000000
34.515072 0.450223 86.000000
-12.496039 -42.586720 87.000000
-21.663240 -25.622484 87.000000
-14.246585 -27.896976 87.000000
-11.836550 -39.485332 87.000000
-23.432758 -23.733133 87.000000
-18.270815 -28.811895 87.000000
-7.657395 -38.065525 87.000000
-10.870272 -40.411663 87.000000
-11.565284 -38.347805 87.000000
-12.335703 -42.346222 87.000000
-14.080695 -39.272598 87.000000
-22.764980 -23.445452 87.000000
-14.707902 -38.390072 87.000000
-26.510248 -11.698757 87.000000
-16.246765 -37.379692 87.000000
-13.529402 -39.283203 87.000000
-24.052183 6.778001 88.000000
-25.783276 -17.338192 88.000000
-25.635822 -14.159578 88.000000
-24.097677 -12.681314 88.000000
-26.825922 -16.127558 88.000000
-25.335318 -2.246826 88.000000
-25.689901 -4.944094 88.000000
-24.646347 1.509824 88.000000
-19.822977 20.175472 88.000000
-26.586720 -3.211692 88.000000
-22.257008 -2.414033 88.000000
-25.206100 -16.977528 88.000000
-24.613192 -3.382240 88.000000
-22.153660 5.481195 88.000000
-24.928406 -5.201754 88.000000
-23.818941 -15.457621 88.000000
-0.135766 -49.019112 89.000000
-7.049513 -39.727856 89.000000
-6.262272 -46.684464 89.000000
-6.558918 -42.242737 89.000000
-4.522304 -45.737682 89.000000
-7.140862 -43.798508 89.000000
-16.026779 -38.990978 89.000000
-8.741124 -41.014118 89.000000
2.761987 -48.290916 89.000000
-6.939158 -44.826725 89.000000
-6.817370 -47.005611 89.000000
-6.906228 -44.710987 89.000000
-7.371428 -47.439232 89.000000
-6.190644 -45.807709 89.000000
-4.654890 -45.733379 89.000000
-6.221366 -45.736076 89.000000
49.297092 8.339024 90.000000
55.498806 12.831591 90.000000
50.855038 15.402122 90.000000
55.017899 11.823192 90.000000
51.549816 14.789032 90.000000
53.444664 14.814111 90.000000
55.484680 10.665261 90.000000
54.815861 10.526618 90.000000
54.401825 9.980665 90.000000
52.930309 14.523837 90.000000
55.525768 12.470588 90.000000
55.923286 10.119988 90.000000
51.962891 14.054132 90.000000
54.777840 9.627172 90.000000
52.992130 7.918898 90.000000
52.650944 14.999268 90.000000
-16.844809 -37.790497 91.000000
-15.285634 -38.785275 91.000000
-15.116532 -38.297009 91.000000
-14.326224 -40.493668 91.000000
-10.720091 -38.725849 91.000000
-15.218851 -31.511333 91.000000
-20.380518 -34.485291 91.000000
-15.717298 -39.766987 91.000000
-9.756567 -40.791477 91.000000
-8.471745 -41.337212 91.000000
-15.434201 -39.217655 91.000000
-17.283218 -35.647530 91.000000
-9.295189 -43.596298 91.000000
-16.052242 -38.412373 91.000000
-11.940443 -18.710867 91.000000
-10.935794 -30.549479 91.000000
-14.878506 -8.978882 92.000000
-14.388907 -26.514723 92.000000
-16.654882 -22.156284 92.000000
-14.194789 -23.851728 92.000000
-14.337314 -13.722976 92.000000
-15.980240 -16.865360 92.000000
-16.608238 -19.479467 92.000000
-13.573097 -20.399033 92.000000
-13.960558 -20.128447 92.000000
-14.522494 -14.120456 92.000000
-15.445892 -20.703453 92.000000
-17.802269 -18.772886 92.000000
-19.630583 -28.037653 92.000000
-13.255393 -22.442665 92.000000
-18.830011 -26.178776 92.000000
-14.618161 -24.184994 92.000000
-14.140680 34.115921 93.000000
-14.671351 37.293816 93.000000
-11.534081 32.595753 93.000000
-21.958586 -5.084412 93.000000
-7.845374 40.015255 93.000000
-18.552656 35.452530 93.000000
-10.468831 42.002533 93.000000
-18.537811 34.986061 93.000000
-11.005237 43.916351 93.000000
-18.618738 -8.187219 93.000000
-19.566347 28.716600 93.000000
-12.899058 42.054745 93.000000
-20.724688 25.784328 93.000000
-14.266580 37.819992 93.000000
-13.484362 38.579460 93.000000
-10.295442 40.023384 93.000000
-21.899267 23.518290 94.000000
-17.642685 33.833481 94.000000
-10.908037 45.072750 94.000000
-20.089594 28.424124 94.000000
-16.612993 35.220863 94.000000
-17.596235 34.473446 94.000000
-11.257701 42.713005 94.000000
-17.572462 33.900864 94.000000
-16.683578 35.116482 94.000000
-17.183750 32.819057 94.000000
-11.595746 41.595093 94.000000
-11.532786 42.210735 94.000000
-19.874382 30.212105 94.000000
-11.603628 42.515877 94.000000
-27.796246 18.452456 94.000000
-20.377516 29.828026 94.000000
-11.721003 43.203472 95.000000
-12.272265 40.708538 95.000000
-10.569818 43.364773 95.000000
-11.175601 43.566898 95.000000
-11.273973 45.283909 95.000000
-10.446515 44.524441 95.000000
-9.437860 46.320435 95.000000
-10.841661 40.962723 95.000000
-10.695139 41.045322 95.000000
-9.814553 45.025284 95.000000
-12.093401 40.452560 95.000000
-12.174536 44.579502 95.000000
-12.560803 43.315887 95.000000
-12.737761 43.721279 95.000000
-9.048757 43.521683 95.000000
-11.132923 45.945377 95.000000
6.234737 -17.666630 96.000000
5.548158 -18.103857 96.000000
6.150799 -18.032738 96.000000
5.978441 -19.460636 96.000000
6.430811 -17.942640 96.000000
7.259399 -14.974921 96.000000
7.404333 -19.482286 96.000000
8.399533 -18.471451 96.000000
3.872828 -21.557804 96.000000
5.673011 -18.448542 96.000000
7.209907 -17.978531 96.000000
7.947665 -19.159122 96.000000
5.748137 -19.062462 96.000000
6.787800 -18.095028 96.000000
7.891477 -18.819723 96.000000
4.690600 -19.547083 96.000000
7.368029 -13.318761 97.000000
5.151907 -17.105139 97.000000
4.109186 -21.265760 97.000000
6.866992 -13.240892 97.000000
2.884290 -34.636044 97.000000
5.927368 -16.102688 97.000000
5.406137 -19.721544 97.000000
6.336669 -15.634326 97.000000
8.015314 -14.411314 97.000000
7.923680 -14.528442 97.000000
7.385608 -13.729088 97.000000
7.828724 -14.586822 97.000000
6.087987 -15.862538 97.000000
16.247179 -2.746374 97.000000
7.213570 -13.563202 97.000000
5.381368 -16.619381 97.000000
-16.803850 -23.184288 98.000000
-19.646067 -18.997332 98.000000
-17.106382 -20.396635 98.000000
-18.204014 -22.510529 98.000000
-15.924334 -28.002464 98.000000
-17.822950 -22.691614 98.000000
-18.708607 -23.551912 98.000000
-19.616182 -19.377813 98.000000
-16.792439 -11.842061 98.000000
-16.252941 -27.583147 98.000000
-16.359074 -28.429169 98.000000
-18.900053 -23.360947 98.000000
-16.268881 -28.179321 98.000000
-16.446869 -27.579449 98.000000
-18.590137 -22.270851 98.000000
-19.508795 -19.196911 98.000000
35.560528 -0.343789 99.000000
42.981617 1.973680 99.000000
29.961979 -5.625163 99.000000
44.369328 14.517948 99.000000
32.341824 -1.723674 99.000000
47.156029 2.453246 99.000000
45.002048 -0.676851 99.000000
31.831743 -1.851593 99.000000
30.666500 -2.477814 99.000000
38.326435 -3.194912 99.000000
48.061760 8.978974 99.000000
35.060219 -0.322275 99.000000
45.355782 -0.317345 99.000000
37.945484 -4.954483 99.000000
30.135244 -5.611641 99.000000
31.029753 -5.547217 99.000000
-15.489111 2.918382 100.000000
-18.375462 -1.191594 100.000000
-11.695411 24.353176 100.000000
-18.744862 1.124822 100.000000
-13.459943 6.486466 100.000000
-8.654353 31.960312 100.000000
-9.244406 30.604439 100.000000
-10.857898 26.913023 100.000000
-8.838178 27.770653 100.000000
-10.663888 28.871092 100.000000
-11.656096 24.796665 100.000000
-11.771325 24.428383 100.000000
-18.012625 -0.488697 100.000000
-18.183250 -0.574585 100.000000
-13.172380 7.104296 100.000000
-10.336119 28.434284 100.000000
