-4.523752 18.733604 1.000000
-2.997898 11.624894 1.000000
-5.195670 18.632156 1.000000
-2.985548 12.642445 1.000000
-3.927277 19.481539 1.000000
-7.441764 16.256414 1.000000
-0.948725 17.582605 1.000000
-3.067414 16.900106 1.000000
-3.438858 17.482519 1.000000
-2.672266 16.803005 1.000000
-3.514381 18.216501 1.000000
-6.477299 13.926100 1.000000
15.284458 -9.502298 1.000000
14.507947 -8.383658 1.000000
15.895817 -8.746151 1.000000
15.288148 -8.124171 1.000000
16.434263 -8.589844 1.000000
15.611805 -9.034814 1.000000
-0.152347 15.796544 1.000000
1.695826 15.433529 1.000000
-1.167724 15.490903 1.000000
0.497458 16.620518 1.000000
0.999375 18.033915 1.000000
0.760654 17.582113 1.000000
-5.985576 16.954641 2.000000
-6.992434 15.315969 2.000000
-7.043139 15.171148 2.000000
-1.687273 15.082855 2.000000
-7.275670 13.292842 2.000000
2.389048 -7.184522 2.000000
-3.821779 16.167908 2.000000
-4.181448 15.588933 2.000000
-4.655625 16.261393 2.000000
-5.198872 16.325264 2.000000
-7.398147 13.110110 2.000000
-4.636533 15.820829 2.000000
15.874037 -6.844759 2.000000
15.946200 -6.586274 2.000000
15.329646 -6.146966 2.000000
17.288570 -7.674933 2.000000
14.955306 -6.499928 2.000000
15.702894 -7.123032 2.000000
1.320407 14.211252 2.000000
1.543511 13.149497 2.000000
-0.474990 14.384817 2.000000
0.998030 15.317645 2.000000
0.287134 14.983630 2.000000
0.237162 15.503382 2.000000
-0.729332 -10.685905 3.000000
0.835523 -11.111271 3.000000
0.572246 -10.810995 3.000000
-0.516993 3.145137 3.000000
0.748994 -12.613037 3.000000
-2.099406 -10.025771 3.000000
2.866693 -12.760312 3.000000
1.860888 -12.891302 3.000000
2.399523 -12.587159 3.000000
-26.543613 -1.244377 3.000000
2.467299 -13.554302 3.000000
2.641186 -12.978847 3.000000
-0.639423 5.958280 3.000000
-0.647093 4.974596 3.000000
-2.384206 4.239744 3.000000
-1.719725 3.740536 3.000000
-0.703045 3.305018 3.000000
-2.635581 4.532829 3.000000
-2.291676 6.067476 3.000000
-1.504464 6.354748 3.000000
-1.374279 7.163760 3.000000
-1.679507 6.818029 3.000000
-1.619098 5.561645 3.000000
-0.460085 5.355428 3.000000
14.896435 6.955772 4.000000
13.096120 4.435357 4.000000
15.031351 5.338975 4.000000
11.058032 4.772033 4.000000
2.743325 -8.866302 4.000000
14.499835 3.498438 4.000000
12.995401 3.407145 4.000000
13.445856 3.619755 4.000000
14.174058 2.611219 4.000000
17.502069 4.669117 4.000000
15.908514 3.860913 4.000000
13.753845 3.107987 4.000000
11.102144 3.794138 4.000000
17.476562 7.026468 4.000000
11.637095 4.639443 4.000000
16.090418 6.610829 4.000000
16.172857 5.762874 4.000000
16.087971 7.164317 4.000000
9.022467 6.346310 4.000000
11.320568 8.978614 4.000000
13.237464 8.422799 4.000000
9.022467 6.346310 4.000000
11.320568 8.978614 4.000000
13.237807 8.422627 4.000000
6.519998 -5.015422 5.000000
5.198213 -3.700634 5.000000
9.354817 -8.225074 5.000000
6.054433 -8.682925 5.000000
5.631002 -5.467247 5.000000
6.107476 -4.394512 5.000000
6.405954 -3.107659 5.000000
6.577211 -1.904193 5.000000
7.144156 -3.253251 5.000000
7.654457 -4.351158 5.000000
6.923079 -2.879782 5.000000
8.217551 -4.653591 5.000000
7.376713 -8.435549 5.000000
7.844860 -7.797185 5.000000
6.915055 -7.714101 5.000000
7.612320 -7.231157 5.000000
7.167781 -7.816305 5.000000
6.710134 -4.014252 5.000000
6.311492 -0.309976 5.000000
7.542959 1.350673 5.000000
5.792113 0.493103 5.000000
6.311917 -0.309926 5.000000
7.542959 1.350673 5.000000
5.791709 0.492928 5.000000
17.314503 3.624422 6.000000
16.201591 2.522861 6.000000
16.298603 2.731103 6.000000
15.513702 7.770936 6.000000
3.760193 0.384409 6.000000
22.209270 5.025605 6.000000
22.760544 4.623528 6.000000
18.447378 4.122842 6.000000
19.943584 3.977941 6.000000
17.979563 2.950510 6.000000
17.405817 3.197977 6.000000
16.442703 1.555698 6.000000
24.342403 3.628626 6.000000
24.621189 4.973944 6.000000
22.970490 2.988344 6.000000
15.482245 6.592207 6.000000
23.587284 4.107851 6.000000
24.821743 4.713426 6.000000
12.704506 10.113996 6.000000
9.656702 11.120316 6.000000
9.708125 10.126027 6.000000
12.704617 10.113942 6.000000
9.656702 11.120316 6.000000
9.708125 10.126027 6.000000
-6.153516 -16.942347 7.000000
-5.926260 -16.285934 7.000000
-6.790873 -17.347008 7.000000
-8.674170 -16.111673 7.000000
-0.728566 -9.211378 7.000000
-0.708563 -9.882619 7.000000
-8.723817 -13.370049 7.000000
-10.547149 -16.717951 7.000000
-10.676558 -15.777754 7.000000
-10.542063 -16.300840 7.000000
-8.053905 -13.628291 7.000000
-8.004879 -14.205480 7.000000
-8.186481 -17.704468 7.000000
-8.453019 -17.125494 7.000000
-9.054821 -16.844776 7.000000
-8.148478 -15.515122 7.000000
-5.391479 -11.676525 7.000000
-7.926320 -16.562426 7.000000
4.221662 11.234156 7.000000
4.513705 12.873782 7.000000
4.340137 12.456996 7.000000
6.893134 13.789922 7.000000
5.988274 13.391908 7.000000
3.977219 13.092182 7.000000
-22.007591 -2.579515 8.000000
-1.611451 -8.542905 8.000000
-20.069553 -0.836394 8.000000
-12.142347 4.824441 8.000000
-25.746841 -2.632210 8.000000
-20.987265 -2.089782 8.000000
-18.160078 0.064759 8.000000
-23.079412 -1.461565 8.000000
-21.191675 -1.375393 8.000000
-21.025391 -0.723028 8.000000
-19.173479 -0.389825 8.000000
-20.292522 -1.454571 8.000000
-14.498184 0.653033 8.000000
-15.282363 0.241256 8.000000
-15.142200 -0.231729 8.000000
-20.579868 3.840715 8.000000
-20.932159 3.795642 8.000000
-20.122616 3.769315 8.000000
-25.831228 -0.472415 8.000000
4.948722 15.421124 8.000000
-11.238238 5.806164 8.000000
5.275909 14.858494 8.000000
5.487535 14.350537 8.000000
-11.770813 5.475242 8.000000
1.753261 -8.465347 9.000000
0.885526 -8.963779 9.000000
0.477762 -7.499830 9.000000
2.020481 0.456948 9.000000
1.235940 -8.977460 9.000000
0.115733 -8.271010 9.000000
-2.091560 -6.337236 9.000000
-0.852961 -7.653048 9.000000
-0.982989 -7.046406 9.000000
-0.218216 -7.558784 9.000000
0.043446 -6.890722 9.000000
-0.432195 -6.706670 9.000000
6.150641 8.516397 9.000000
2.468465 2.683891 9.000000
2.356326 1.805799 9.000000
1.980852 1.297288 9.000000
2.333177 1.201005 9.000000
1.783665 0.438162 9.000000
5.705606 12.060301 9.000000
5.901881 11.296920 9.000000
6.760266 11.776092 9.000000
6.016494 12.203054 9.000000
6.012753 11.316214 9.000000
6.733500 11.560189 9.000000
-8.954076 -15.055456 10.000000
-11.477530 -17.500389 10.000000
-9.348799 -14.783621 10.000000
27.344090 -3.087085 10.000000
-9.463256 -18.524553 10.000000
-5.739263 -14.525188 10.000000
-12.867142 -18.173811 10.000000
-10.824682 -19.820971 10.000000
-12.523975 -14.993145 10.000000
-10.799821 -20.015110 10.000000
-11.818589 -15.007337 10.000000
-12.533614 -15.503418 10.000000
24.507875 -2.349787 10.000000
24.653017 -2.922468 10.000000
25.697138 -2.498740 10.000000
25.486425 -2.019707 10.000000
24.865627 -2.148121 10.000000
25.308741 -2.955244 10.000000
6.813018 10.212456 10.000000
4.905784 9.897005 10.000000
3.326344 10.365703 10.000000
6.813216 10.212518 10.000000
4.905784 9.897005 10.000000
3.325804 10.366303 10.000000
-19.840214 2.688696 11.000000
-20.426432 2.580835 11.000000
-17.831429 3.138622 11.000000
-13.412124 4.549953 11.000000
-19.507719 -1.792632 11.000000
-19.708019 -3.273637 11.000000
-17.352484 6.270694 11.000000
-20.568291 0.132611 11.000000
-17.482967 0.870566 11.000000
-16.567610 -0.599672 11.000000
-17.000713 0.142124 11.000000
-15.750310 -1.163234 11.000000
-10.656613 6.992397 11.000000
-11.918516 7.063742 11.000000
-10.118249 7.184914 11.000000
-10.473030 7.470339 11.000000
-9.804791 6.688889 11.000000
-14.737233 2.470989 11.000000
-19.454779 5.153224 11.000000
-21.673748 1.753734 11.000000
-18.668615 4.336435 11.000000
-19.454679 5.153249 11.000000
-21.673820 1.753762 11.000000
-18.668644 4.335902 11.000000
-6.614028 -13.658610 12.000000
-6.921422 -14.871411 12.000000
-12.509542 -19.117786 12.000000
-10.467517 -17.601988 12.000000
-5.370815 -15.034276 12.000000
-11.637810 -18.238607 12.000000
-10.622621 -12.867375 12.000000
-9.904575 -12.469419 12.000000
-10.187537 -13.048077 12.000000
-13.514586 -17.899319 12.000000
-12.523794 -17.140190 12.000000
-12.434258 -17.590975 12.000000
-10.383062 -14.010962 12.000000
-14.355530 -16.491447 12.000000
-14.145254 -18.509804 12.000000
-11.698236 -13.234972 12.000000
-11.495553 -13.728565 12.000000
-14.146138 -16.824268 12.000000
3.083952 7.569492 12.000000
2.937402 8.503745 12.000000
2.347186 6.217010 12.000000
3.083808 7.569416 12.000000
2.937402 8.503745 12.000000
2.347192 6.217012 12.000000
-19.669445 1.444160 13.000000
-19.369804 1.592928 13.000000
-18.528137 1.408860 13.000000
-10.381286 3.383949 13.000000
-17.256247 -2.034796 13.000000
-22.712124 -2.871665 13.000000
-15.496307 2.466653 13.000000
-16.138525 0.182221 13.000000
-17.442083 -0.804159 13.000000
-16.609760 4.709648 13.000000
-17.350677 2.395724 13.000000
-16.439777 0.969470 13.000000
-14.035645 4.978684 13.000000
-14.374696 7.362600 13.000000
-13.446911 7.448686 13.000000
-13.897623 6.967711 13.000000
-14.415610 7.841215 13.000000
-13.071142 1.475878 13.000000
-12.036368 3.193914 13.000000
-16.622953 5.574434 13.000000
-16.256714 3.675314 13.000000
-12.036368 3.193914 13.000000
-16.623037 5.574481 13.000000
-16.257210 3.674955 13.000000
-8.170595 -21.282648 14.000000
-8.419316 -21.143297 14.000000
-8.522653 -20.882162 14.000000
13.142488 11.679185 14.000000
4.083742 -4.975102 14.000000
25.713709 3.407186 14.000000
22.849089 0.332486 14.000000
25.960032 1.971568 14.000000
24.761793 1.574545 14.000000
25.461452 1.870642 14.000000
25.038929 2.630709 14.000000
25.412640 3.109339 14.000000
26.668325 0.761869 14.000000
25.995457 0.837328 14.000000
25.587606 0.392260 14.000000
25.179543 0.610494 14.000000
26.298800 -0.165384 14.000000
26.620977 1.592547 14.000000
12.745315 12.097383 14.000000
23.900755 -0.508767 14.000000
14.333180 10.219584 14.000000
12.745639 12.097509 14.000000
23.900631 -0.508740 14.000000
14.333571 10.220819 14.000000
-4.221738 -17.308784 15.000000
-5.496761 -18.916819 15.000000
-4.520187 -17.295898 15.000000
23.206051 -6.884262 15.000000
-2.764154 -14.829036 15.000000
-5.374534 -18.839628 15.000000
24.033831 -7.355340 15.000000
25.970003 -5.503524 15.000000
24.775589 -6.076216 15.000000
24.554590 -6.756057 15.000000
25.381260 -5.221745 15.000000
25.073910 -6.290494 15.000000
27.417305 -5.465500 15.000000
27.517914 -5.047793 15.000000
27.071365 -4.839926 15.000000
23.049612 -7.548092 15.000000
22.587906 -8.008421 15.000000
26.614523 -6.038522 15.000000
-25.375576 -0.030256 15.000000
-25.193029 -1.343125 15.000000
-24.307846 -0.891126 15.000000
-25.267412 -0.289655 15.000000
-25.433605 -1.238068 15.000000
-24.296875 -0.484374 15.000000
