5.453277 -13.020858 1.000000
11.578004 -14.015640 1.000000
13.157956 -13.071022 1.000000
5.592178 -14.266071 1.000000
10.263262 -11.127027 1.000000
11.770288 -13.237599 1.000000
10.029861 -10.781775 1.000000
6.557767 -12.772518 1.000000
10.484299 -13.621608 1.000000
10.667618 -13.128910 1.000000
-3.955047 -17.177774 2.000000
-2.646054 -18.082672 2.000000
-2.471679 -16.535486 2.000000
-3.288699 -17.281755 2.000000
-2.294545 -16.817682 2.000000
-3.285786 -16.397356 2.000000
-1.522066 -16.538801 2.000000
-3.362478 -18.392899 2.000000
-3.126771 -17.721455 2.000000
-1.378551 -17.508247 2.000000
6.876346 7.035915 3.000000
6.203863 5.686752 3.000000
6.022633 7.064177 3.000000
6.142074 6.723019 3.000000
13.019986 0.726974 3.000000
13.339318 0.377194 3.000000
8.261615 6.729236 3.000000
8.851859 6.823853 3.000000
8.775151 6.646550 3.000000
6.511290 5.707625 3.000000
8.998865 1.922339 4.000000
5.526166 3.699237 4.000000
8.107874 3.552894 4.000000
9.503825 1.469921 4.000000
6.944473 2.991421 4.000000
5.931434 3.569990 4.000000
10.189976 0.573526 4.000000
7.161842 2.715319 4.000000
9.422422 1.581354 4.000000
8.249472 3.498168 4.000000
17.003311 -1.215955 5.000000
15.551604 -6.563244 5.000000
17.882940 -1.987801 5.000000
18.009336 -2.169103 5.000000
16.810528 -0.987233 5.000000
15.474895 -4.551954 5.000000
15.656306 -4.521089 5.000000
16.456524 -1.251668 5.000000
16.610060 -4.604645 5.000000
16.434868 -4.806965 5.000000
-15.125452 5.528955 6.000000
-16.233463 4.126683 6.000000
-15.436170 5.683204 6.000000
-14.925386 5.416818 6.000000
-16.457455 4.601027 6.000000
-16.144627 3.289934 6.000000
-15.609506 4.099052 6.000000
-16.709349 3.566602 6.000000
-15.379795 3.573377 6.000000
-17.217911 4.219154 6.000000
-5.034730 4.131739 7.000000
-3.725622 3.548443 7.000000
-4.533540 4.900843 7.000000
-5.490168 3.880204 7.000000
-4.552929 3.009724 7.000000
-4.223602 3.042316 7.000000
-5.500729 5.039396 7.000000
-6.110186 4.519958 7.000000
-6.495563 5.059171 7.000000
-6.058385 3.929163 7.000000
-14.324437 -11.225575 8.000000
-13.129817 -8.459294 8.000000
-14.557820 -11.416250 8.000000
-13.384495 -9.009131 8.000000
-14.750870 -10.075058 8.000000
-14.184489 -8.893499 8.000000
-13.071900 -9.341328 8.000000
-14.852228 -10.921382 8.000000
-13.940454 -8.554605 8.000000
-13.457644 -10.094194 8.000000
4.096604 11.999125 9.000000
4.096475 10.349880 9.000000
4.230078 12.468451 9.000000
4.403181 11.849055 9.000000
2.601423 11.791158 9.000000
3.851402 10.797674 9.000000
1.420835 13.721828 9.000000
1.321888 13.891191 9.000000
1.979048 12.233374 9.000000
3.104183 12.057662 9.000000
0.960916 18.876757 10.000000
-0.482372 -2.868217 10.000000
1.701603 18.978212 10.000000
2.632956 19.794392 10.000000
2.614238 20.062805 10.000000
2.344468 17.858833 10.000000
3.436972 18.952200 10.000000
3.533637 19.521891 10.000000
2.442168 18.589033 10.000000
0.866240 17.323385 10.000000
-10.945295 -16.999800 11.000000
-11.352285 -17.447758 11.000000
-11.175834 -15.537281 11.000000
-10.527953 -16.451618 11.000000
-7.930719 -19.444757 11.000000
-7.893230 -19.470535 11.000000
-11.293502 -16.173904 11.000000
-10.860826 -18.236801 11.000000
-10.761629 -18.863789 11.000000
-10.078569 -17.993572 11.000000
22.862411 -2.211895 12.000000
23.891628 -2.358602 12.000000
24.303373 -4.103509 12.000000
23.855873 -4.694240 12.000000
24.897810 -4.724330 12.000000
24.889816 -3.625790 12.000000
22.565073 -2.843129 12.000000
24.869081 -4.127300 12.000000
23.221849 -1.550796 12.000000
23.891565 -2.021636 12.000000
19.719643 -11.654120 13.000000
18.528641 -11.304551 13.000000
19.986917 -11.797815 13.000000
19.754713 -10.093596 13.000000
19.771996 -10.212359 13.000000
18.397999 -11.110620 13.000000
17.039082 -11.146329 13.000000
18.330837 -12.449414 13.000000
18.437975 -12.353880 13.000000
17.521145 -11.175773 13.000000
-7.954945 -27.691647 14.000000
-8.846171 -24.431583 14.000000
-7.320063 -27.912008 14.000000
-7.127146 -27.650785 14.000000
-7.959653 -26.969784 14.000000
-8.545994 -27.328114 14.000000
-7.947694 -24.235506 14.000000
-7.851950 -25.619377 14.000000
-7.669601 -25.524960 14.000000
-8.552741 -23.842871 14.000000
-3.764385 -13.494926 15.000000
9.464007 -2.308169 15.000000
9.180165 -2.945256 15.000000
-4.278644 -13.570216 15.000000
-4.085176 -13.112595 15.000000
9.260964 -2.645094 15.000000
-3.793088 -13.973207 15.000000
10.016341 -2.551646 15.000000
-4.653001 -12.630088 15.000000
9.943719 -3.042665 15.000000
-1.442630 -11.586199 16.000000
2.026099 -11.513556 16.000000
2.543161 -11.730498 16.000000
2.657982 -11.967591 16.000000
12.027459 -16.278212 16.000000
12.014299 -16.263691 16.000000
-1.482320 -11.628484 16.000000
3.709656 -11.442113 16.000000
3.467774 -13.038352 16.000000
3.666877 -12.461703 16.000000
2.023114 -0.790680 17.000000
-8.131254 -0.937390 17.000000
1.862969 -0.397078 17.000000
-1.500200 7.389194 17.000000
-1.533359 7.459414 17.000000
1.967741 -0.616081 17.000000
-7.350482 -0.933020 17.000000
-8.065359 -0.557618 17.000000
-7.002604 -0.157951 17.000000
-7.650146 -0.292922 17.000000
14.432446 -10.625197 18.000000
15.600703 -7.549731 18.000000
15.056190 -10.749937 18.000000
16.655115 -7.647411 18.000000
15.419361 -10.931877 18.000000
16.299309 -8.950500 18.000000
15.697401 -8.169078 18.000000
15.542192 -9.850964 18.000000
16.587160 -8.131246 18.000000
15.176627 -9.473640 18.000000
0.313883 -22.608839 19.000000
-0.358429 -22.842543 19.000000
0.419920 -23.015442 19.000000
0.969044 -23.153202 19.000000
2.024003 -24.215771 19.000000
2.059613 -24.468340 19.000000
-0.077862 -23.734255 19.000000
0.898993 -24.474655 19.000000
1.690739 -25.037863 19.000000
-6.819061 -18.452343 19.000000
-12.447305 14.296106 20.000000
-12.365170 14.961451 20.000000
-12.497024 14.582397 20.000000
-12.992403 14.773480 20.000000
-14.532740 15.535420 20.000000
2.024353 4.458179 20.000000
-14.566346 15.585746 20.000000
1.651832 4.729091 20.000000
0.972550 5.270198 20.000000
1.216367 5.089677 20.000000
-8.431535 21.863781 21.000000
-7.805950 20.592993 21.000000
-9.592604 20.442648 21.000000
-9.813922 20.563385 21.000000
-6.954507 21.108221 21.000000
-6.945585 21.492554 21.000000
-6.745966 22.113270 21.000000
-7.467564 20.123827 21.000000
-8.513799 20.740854 21.000000
-7.534670 21.849174 21.000000
-22.444059 21.624504 22.000000
-22.677225 20.234531 22.000000
-22.793243 20.833271 22.000000
-22.471603 22.297239 22.000000
-21.847858 20.300352 22.000000
-23.323603 21.290613 22.000000
-21.007904 20.987165 22.000000
-21.696245 22.523314 22.000000
-21.662821 21.826130 22.000000
-21.902653 21.089457 22.000000
-0.981413 12.930201 23.000000
-0.652811 13.290347 23.000000
0.697253 8.714306 23.000000
-6.565133 13.109178 23.000000
-3.970057 15.139760 23.000000
-6.609246 13.089655 23.000000
-3.788838 14.975841 23.000000
-4.285279 14.470333 23.000000
0.676065 8.750158 23.000000
-0.811217 14.297658 23.000000
-4.684160 -8.451810 24.000000
-5.087507 -6.049369 24.000000
-4.717008 -7.922440 24.000000
-5.457039 -5.565521 24.000000
-4.264867 -5.736010 24.000000
-4.521082 -9.701694 24.000000
-5.317356 -7.877997 24.000000
-4.177843 -8.284345 24.000000
-5.777187 -8.045491 24.000000
-4.862640 -5.715641 24.000000
10.991826 4.095917 25.000000
11.430501 4.474725 25.000000
11.908881 4.941103 25.000000
11.096089 3.752300 25.000000
14.549883 -0.169491 25.000000
14.721131 -0.541179 25.000000
12.319330 3.676791 25.000000
11.646544 3.344229 25.000000
14.185274 -0.972332 25.000000
12.633891 3.036127 25.000000
22.973742 -7.698560 26.000000
25.761665 -8.787322 26.000000
22.337610 -7.303185 26.000000
23.311052 -7.197058 26.000000
25.350157 -9.401361 26.000000
25.863781 -9.772363 26.000000
23.585701 -8.228572 26.000000
22.486591 -9.764326 26.000000
25.649340 -8.763183 26.000000
24.119118 -8.304297 26.000000
0.114653 -19.748274 27.000000
0.413729 -18.673895 27.000000
1.121525 -20.383522 27.000000
0.536884 -20.545799 27.000000
0.528154 -20.041117 27.000000
0.913334 -19.528162 27.000000
1.398908 -16.388243 27.000000
1.064565 -15.424717 27.000000
1.172202 -16.294586 27.000000
1.063080 -16.923550 27.000000
23.250002 -15.403628 28.000000
21.968384 -15.162086 28.000000
-4.284890 -23.201540 28.000000
22.630102 -14.949746 28.000000
-3.369832 -24.406183 28.000000
-4.138837 -23.738802 28.000000
23.368755 -15.030521 28.000000
-3.794300 -23.721495 28.000000
25.049829 -12.804873 28.000000
-4.192368 -22.530483 28.000000
-15.347507 20.550127 29.000000
-15.519765 19.741575 29.000000
-15.081323 20.770920 29.000000
-15.879489 20.434259 29.000000
-13.072220 19.194729 29.000000
-13.292347 18.007236 29.000000
-13.138607 17.794855 29.000000
-12.978773 18.636616 29.000000
-13.811638 18.530596 29.000000
-16.718269 20.788084 29.000000
-7.387304 16.649693 30.000000
-7.779744 16.762281 30.000000
-8.502645 16.590015 30.000000
-7.569343 15.999304 30.000000
-9.875601 17.137741 30.000000
-10.315138 17.123547 30.000000
-7.737299 17.721930 30.000000
-9.550632 17.917650 30.000000
-9.196192 17.296228 30.000000
-8.003413 18.363142 30.000000
-4.651515 20.009863 31.000000
-28.236687 15.445426 31.000000
-27.457785 15.189160 31.000000
-27.806913 15.947734 31.000000
-27.960443 16.073383 31.000000
-28.530306 16.039799 31.000000
-3.679766 20.540024 31.000000
-5.908979 19.580963 31.000000
-4.135709 20.228552 31.000000
-5.288791 19.653263 31.000000
6.081241 -20.445866 32.000000
4.148402 -19.304085 32.000000
5.936168 -21.888262 32.000000
6.201006 -21.776432 32.000000
5.344733 -21.948208 32.000000
5.684643 -20.714230 32.000000
4.345823 -19.311848 32.000000
-1.580544 -14.856157 32.000000
4.895067 -20.849936 32.000000
4.778861 -19.819881 32.000000
-13.495584 22.888393 33.000000
-14.051474 24.468599 33.000000
-14.289660 24.543474 33.000000
-14.093593 23.668808 33.000000
-14.666253 24.183910 33.000000
-11.905223 23.148287 33.000000
-10.685220 22.332642 33.000000
-12.319948 23.638474 33.000000
-12.906828 24.683270 33.000000
-11.408366 22.669834 33.000000
-27.294252 19.608519 34.000000
-25.586597 19.338066 34.000000
-27.314474 18.847641 34.000000
-27.428110 18.410336 34.000000
-28.148613 19.100996 34.000000
-28.550476 19.673801 34.000000
-26.560881 18.962612 34.000000
-28.402084 20.221956 34.000000
-26.159870 19.656900 34.000000
-25.694237 18.842054 34.000000
19.354017 -0.002578 35.000000
11.990112 -5.873293 35.000000
15.330672 4.051042 35.000000
10.693994 -5.048494 35.000000
15.482244 3.905526 35.000000
11.560173 -6.377701 35.000000
14.449610 5.364822 35.000000
14.454346 5.788789 35.000000
14.488100 4.860785 35.000000
11.297439 -6.840250 35.000000
-2.808501 2.722615 36.000000
-3.220310 -1.727987 36.000000
-5.601294 -1.593039 36.000000
-4.541252 0.824035 36.000000
-4.738908 1.291556 36.000000
-3.039756 2.846092 36.000000
-4.080192 -2.257296 36.000000
-4.687955 -2.045484 36.000000
-4.176086 0.895918 36.000000
-3.764964 -0.065621 36.000000
24.420475 -14.180528 37.000000
23.785181 -13.466964 37.000000
-4.789916 -26.334192 37.000000
24.413057 -14.673668 37.000000
-4.264352 -26.485077 37.000000
-5.356233 -26.111967 37.000000
-5.160473 -26.663618 37.000000
24.893194 -13.684166 37.000000
-5.022225 -25.632517 37.000000
23.837162 -13.959996 37.000000
-1.820135 14.016268 38.000000
-2.958379 12.598129 38.000000
-2.668742 11.901274 38.000000
-3.620845 11.697062 38.000000
-1.334096 10.512078 38.000000
-2.986265 12.101994 38.000000
-2.324741 13.948211 38.000000
-2.639384 11.327738 38.000000
-1.582587 11.070827 38.000000
-1.374448 14.711498 38.000000
-20.029478 23.224150 39.000000
-18.835243 20.291409 39.000000
-20.187212 23.812695 39.000000
-19.573530 21.537691 39.000000
-19.881441 21.545792 39.000000
-18.730438 22.586229 39.000000
-18.585337 20.586142 39.000000
-18.078220 23.650993 39.000000
-18.193607 23.822931 39.000000
-18.228012 22.458935 39.000000
19.708815 -4.076481 40.000000
17.763311 -0.103707 40.000000
18.203794 -6.291832 40.000000
18.475256 -6.207416 40.000000
17.135719 -0.090090 40.000000
14.921448 -6.240157 40.000000
19.546953 -3.029731 40.000000
14.299858 -5.444100 40.000000
19.664545 -3.572134 40.000000
13.637053 -5.489673 40.000000
