3.448984 -13.609740 1.000000
7.044253 -14.309355 1.000000
6.112083 -13.415114 1.000000
3.448329 -17.116783 1.000000
7.106374 -20.675789 1.000000
8.280342 -16.844074 1.000000
11.303874 -17.701334 1.000000
9.609314 -13.380120 1.000000
10.818913 -13.848960 1.000000
11.625236 -18.688433 1.000000
6.701263 -14.896176 1.000000
5.682681 -20.788366 1.000000
5.342487 -19.415195 1.000000
5.461559 -20.171333 1.000000
4.605078 -12.418599 1.000000
5.443785 -20.188719 1.000000
7.460166 -15.277324 1.000000
4.266431 -19.756048 1.000000
9.126263 -18.291162 1.000000
3.135129 -13.620049 1.000000
6.179204 -13.250552 1.000000
8.357012 -16.923992 1.000000
2.249077 -17.832655 1.000000
6.489916 -19.688911 1.000000
8.378454 -14.670328 1.000000
6.497610 -12.767868 1.000000
2.020929 -15.675845 1.000000
7.112411 -19.548859 1.000000
4.051468 -16.157801 1.000000
2.846822 -15.546213 1.000000
8.468765 -19.763109 1.000000
4.852918 -12.573436 1.000000
2.546845 -12.757110 1.000000
9.954722 -16.562717 1.000000
4.440415 -17.043530 1.000000
3.080624 -18.803022 1.000000
7.520904 -19.007910 1.000000
9.696383 -15.485453 1.000000
8.201757 -13.537655 1.000000
4.993522 -15.550921 1.000000
7.943199 -12.192515 1.000000
5.541567 -15.768824 1.000000
9.252505 -16.655518 1.000000
6.135934 -18.455988 1.000000
3.244441 -17.164570 1.000000
10.657781 -15.505541 1.000000
6.964722 -14.788936 1.000000
5.090066 -14.503264 1.000000
8.789218 -19.358099 1.000000
9.853712 -20.097967 1.000000
10.457634 -17.824266 1.000000
4.102508 -15.769060 1.000000
5.506686 -12.129951 1.000000
6.718909 -16.111593 1.000000
8.337160 -16.089752 1.000000
10.248167 -16.923361 1.000000
3.729456 -18.061676 1.000000
8.330307 -15.815322 1.000000
3.442547 -15.052408 1.000000
9.215213 -18.972206 1.000000
5.657974 -17.257616 1.000000
10.119024 -17.059137 1.000000
5.500131 -16.137749 1.000000
4.360180 -15.067448 1.000000
8.216490 -13.904710 1.000000
9.799757 -20.300861 1.000000
5.660021 -17.167465 1.000000
4.939169 -13.915057 1.000000
5.386958 -19.246937 1.000000
2.822353 -15.427650 1.000000
6.795089 -17.698069 1.000000
5.808343 -17.872675 1.000000
3.260940 -13.547535 1.000000
7.671120 -18.699594 1.000000
6.531578 -15.894299 1.000000
5.085086 -17.998280 1.000000
9.411709 -14.842955 1.000000
2.626477 -16.430309 1.000000
7.003743 -13.063283 1.000000
5.804001 -14.949120 1.000000
1.796925 -14.359637 1.000000
3.768630 -12.042611 1.000000
8.676742 -21.053141 1.000000
8.332109 -13.193853 1.000000
6.877126 -18.557056 1.000000
4.592628 -17.276043 1.000000
9.012710 -15.438222 1.000000
7.805831 -17.903971 1.000000
9.941326 -13.071697 1.000000
3.414656 -18.428371 1.000000
7.015348 -16.508856 1.000000
9.275161 -18.117329 1.000000
2.651139 -18.334669 1.000000
6.070830 -11.957785 1.000000
10.601548 -13.898627 1.000000
6.805021 -16.724672 1.000000
11.227892 -19.012428 1.000000
6.860099 -13.899873 1.000000
10.049136 -12.800445 1.000000
4.768062 -13.961539 1.000000
7.476883 -30.818638 2.000000
4.526095 -30.540573 2.000000
9.641529 -31.512583 2.000000
11.726295 -31.445051 2.000000
-4.764246 -22.434917 2.000000
-3.168939 -23.795717 2.000000
-4.264150 -22.585129 2.000000
14.137063 -28.908556 2.000000
-3.663196 -23.445091 2.000000
16.169075 -27.822855 2.000000
14.408748 -29.944746 2.000000
10.494118 -31.286406 2.000000
16.724091 -26.742142 2.000000
12.783124 -30.722511 2.000000
14.102170 -28.872576 2.000000
16.613791 -26.729458 2.000000
11.602002 -30.470137 2.000000
-0.587666 -27.042480 2.000000
11.341769 -30.898506 2.000000
15.244721 -28.365833 2.000000
11.987368 -30.981821 2.000000
15.943691 -27.679628 2.000000
10.817480 -31.258537 2.000000
1.707186 -28.950109 2.000000
10.933651 -30.774460 2.000000
2.438862 -29.953451 2.000000
8.147631 -30.962748 2.000000
-4.247984 -22.170567 2.000000
0.045767 -27.469118 2.000000
-4.852680 -20.807779 2.000000
2.904624 -29.331520 2.000000
1.157745 -28.529627 2.000000
10.459594 -31.594669 2.000000
12.021144 -31.512096 2.000000
2.509513 -29.185970 2.000000
3.215825 -29.494839 2.000000
-4.129411 -22.286219 2.000000
-5.195027 -21.157486 2.000000
14.400883 -28.766726 2.000000
3.150693 -29.993267 2.000000
-4.926395 -21.956921 2.000000
17.074583 -27.086159 2.000000
4.920175 -30.264137 2.000000
15.045043 -28.846699 2.000000
-4.609329 -20.452770 2.000000
-4.615201 -20.856878 2.000000
7.570282 -30.860407 2.000000
-0.114732 -27.551699 2.000000
4.468438 -30.325062 2.000000
-2.643602 -24.716303 2.000000
4.312684 -29.894606 2.000000
5.930513 -30.555077 2.000000
-2.883222 -24.437006 2.000000
5.488735 -30.399103 2.000000
17.017487 -27.652313 2.000000
3.636286 -29.795322 2.000000
13.394387 -30.390196 2.000000
9.454420 -30.693850 2.000000
-3.507181 -24.232803 2.000000
0.846262 -28.305647 2.000000
14.082288 -28.613766 2.000000
11.369860 -30.043617 2.000000
-4.859284 -20.051422 2.000000
-4.292737 -23.229647 2.000000
10.570516 -31.501770 2.000000
2.296397 -29.599697 2.000000
6.530640 -30.611427 2.000000
16.614286 -26.785538 2.000000
-3.533732 -23.350975 2.000000
-4.511843 -21.367340 2.000000
0.655120 -28.462486 2.000000
4.646507 -29.931860 2.000000
-0.217201 -27.950970 2.000000
6.966013 -30.718575 2.000000
0.647758 -28.167374 2.000000
11.659229 -30.579750 2.000000
3.728142 -30.320190 2.000000
16.201883 -27.386097 2.000000
9.674153 -30.849123 2.000000
15.107009 -29.350626 2.000000
-4.374716 -22.861649 2.000000
16.579977 -27.451090 2.000000
-3.751311 -23.839027 2.000000
-0.592495 -27.381994 2.000000
9.461196 -30.976679 2.000000
-4.361242 -21.051401 2.000000
-4.872796 -19.936722 2.000000
-0.319992 -27.292641 2.000000
15.501402 -29.367098 2.000000
-4.942313 -19.305723 2.000000
2.270382 -29.384272 2.000000
13.184563 -31.035400 2.000000
-0.081270 -28.167238 2.000000
-4.982381 -20.142645 2.000000
14.708425 -28.052488 2.000000
16.937424 -27.280767 2.000000
-2.779429 -24.694551 2.000000
12.828053 -30.545008 2.000000
14.494850 -28.891672 2.000000
5.761591 -30.616697 2.000000
-23.541988 0.847350 3.000000
-23.526411 0.836991 3.000000
-29.195677 15.261994 3.000000
-26.885651 15.114532 3.000000
-26.272356 4.111491 3.000000
-24.150379 3.492294 3.000000
-26.968973 15.986083 3.000000
-25.067547 9.326460 3.000000
-28.382763 15.704745 3.000000
-28.227621 15.939090 3.000000
-24.830530 3.305011 3.000000
-24.805511 4.757517 3.000000
-27.396465 11.648286 3.000000
-22.921928 2.396022 3.000000
-25.426895 8.461643 3.000000
-28.394711 15.253444 3.000000
-26.077522 2.989657 3.000000
-28.710814 12.099734 3.000000
-23.095760 0.240646 3.000000
-27.899956 14.804953 3.000000
-28.280127 13.466177 3.000000
-22.585941 -0.462147 3.000000
-28.914072 14.067952 3.000000
-22.995457 1.546118 3.000000
-26.433792 11.492144 3.000000
-29.094889 12.922888 3.000000
-24.263119 1.160835 3.000000
-25.924694 11.243741 3.000000
-29.394831 14.764833 3.000000
-26.978178 13.122065 3.000000
-27.327501 8.782762 3.000000
-23.954269 7.778764 3.000000
-27.627285 14.943770 3.000000
-26.010653 12.807476 3.000000
-23.624399 4.257279 3.000000
-24.235277 4.756289 3.000000
-28.219778 14.077945 3.000000
-25.842718 14.433419 3.000000
-27.424318 8.807075 3.000000
-27.531385 10.049380 3.000000
-25.026609 7.694987 3.000000
-24.021519 5.794446 3.000000
-26.809029 14.051910 3.000000
-26.626213 10.648875 3.000000
-27.446478 14.112782 3.000000
-27.630648 13.149770 3.000000
-26.258383 8.100194 3.000000
-25.669832 4.669919 3.000000
-28.217033 12.487745 3.000000
-22.283384 0.416466 3.000000
-25.435846 12.146317 3.000000
-23.740709 2.507991 3.000000
-26.815422 9.640497 3.000000
-25.733208 10.939866 3.000000
-22.842810 0.658778 3.000000
-21.701756 -0.051639 3.000000
-28.068609 11.288648 3.000000
-25.532658 5.719378 3.000000
-29.314253 13.013424 3.000000
-25.345798 3.000188 3.000000
-27.087574 12.225477 3.000000
-25.533258 12.965582 3.000000
-24.599899 2.018287 3.000000
-29.477062 14.976039 3.000000
-26.435898 12.461691 3.000000
-26.528141 7.432153 3.000000
-27.109278 15.076572 3.000000
-24.874186 4.733040 3.000000
-25.507446 5.425665 3.000000
-25.193958 6.953396 3.000000
-23.103861 1.824822 3.000000
-23.509676 5.465088 3.000000
-23.237024 3.568181 3.000000
-24.227236 2.322474 3.000000
-25.002293 11.041306 3.000000
-21.932495 2.345802 3.000000
-26.924751 11.447938 3.000000
-28.719257 14.249864 3.000000
-26.130793 7.110926 3.000000
-24.057499 3.598233 3.000000
-26.206274 9.966917 3.000000
-25.207138 2.103099 3.000000
-26.635021 9.672281 3.000000
-25.017399 6.313177 3.000000
-26.552053 14.061847 3.000000
-22.620462 3.274983 3.000000
-26.155121 8.603557 3.000000
-24.821526 10.436471 3.000000
-24.812601 3.997633 3.000000
-25.952305 2.959599 3.000000
-23.518597 6.903082 3.000000
-24.274878 9.049037 3.000000
-25.245974 9.681771 3.000000
-22.568787 1.310560 3.000000
-27.071672 13.384209 3.000000
-23.086775 4.330257 3.000000
-22.098936 1.214197 3.000000
-22.559811 3.865085 3.000000
-25.726997 1.635209 3.000000
-27.772432 12.337537 3.000000
3.438141 29.764902 4.000000
11.561291 15.409908 4.000000
9.634309 17.807123 4.000000
8.852938 22.909094 4.000000
9.742072 14.546741 4.000000
11.284830 16.906420 4.000000
7.128146 24.033396 4.000000
10.191933 15.815094 4.000000
8.559189 17.721138 4.000000
5.450273 27.240156 4.000000
2.874214 29.904984 4.000000
4.111282 27.598232 4.000000
3.606707 25.648075 4.000000
6.841076 25.389973 4.000000
5.249590 26.629948 4.000000
2.401705 28.495594 4.000000
10.565485 15.304252 4.000000
8.218629 18.920961 4.000000
5.973917 24.703876 4.000000
3.159982 25.214340 4.000000
3.294835 26.558899 4.000000
4.555994 25.281616 4.000000
2.822677 29.091217 4.000000
10.368519 14.814930 4.000000
7.283620 23.074715 4.000000
2.759455 26.695246 4.000000
9.207013 20.107775 4.000000
8.995831 21.553431 4.000000
9.586512 18.229984 4.000000
7.587828 17.836842 4.000000
9.348525 16.007452 4.000000
6.639359 22.705938 4.000000
9.398646 17.176804 4.000000
11.656490 17.058544 4.000000
4.544015 28.225431 4.000000
7.960775 20.212923 4.000000
3.805473 29.882105 4.000000
4.539132 26.262220 4.000000
8.481868 17.866858 4.000000
7.678388 22.546967 4.000000
11.106886 20.228195 4.000000
1.976367 29.201542 4.000000
5.657991 25.707647 4.000000
7.439143 23.797110 4.000000
8.314979 19.538031 4.000000
10.184900 18.848072 4.000000
3.248586 25.758619 4.000000
8.238583 25.017441 4.000000
11.062036 17.569958 4.000000
6.960759 24.416742 4.000000
9.694001 19.908924 4.000000
5.555077 24.252855 4.000000
4.059952 28.733507 4.000000
7.768996 16.441063 4.000000
9.331095 19.178118 4.000000
3.519181 28.463875 4.000000
11.368108 14.618876 4.000000
2.921880 27.849815 4.000000
4.913521 26.827597 4.000000
1.734422 28.231657 4.000000
9.044497 15.600603 4.000000
9.495918 14.930499 4.000000
6.515007 23.262457 4.000000
11.214622 18.963387 4.000000
5.801435 23.081749 4.000000
10.079798 17.262041 4.000000
2.949029 25.737896 4.000000
3.720684 27.318161 4.000000
6.643084 27.005489 4.000000
3.520678 27.406178 4.000000
6.688559 24.020657 4.000000
4.195102 26.820803 4.000000
10.952917 16.654364 4.000000
3.303218 28.377602 4.000000
8.711389 16.149561 4.000000
11.319202 16.058933 4.000000
9.426924 16.276205 4.000000
10.510403 20.140972 4.000000
7.686563 17.278755 4.000000
5.137473 27.624191 4.000000
8.233336 24.634861 4.000000
4.947055 25.547705 4.000000
9.698731 20.444372 4.000000
8.457674 21.746845 4.000000
5.235936 23.885618 4.000000
2.130907 26.950047 4.000000
10.617735 16.054430 4.000000
1.873296 29.333277 4.000000
3.335502 29.577934 4.000000
12.425283 15.947794 4.000000
4.231158 28.990114 4.000000
10.788136 18.313473 4.000000
5.129196 26.215452 4.000000
8.138089 23.374441 4.000000
9.898657 16.593058 4.000000
6.628623 22.160702 4.000000
10.934712 19.702883 4.000000
3.074209 28.205660 4.000000
6.648212 25.421915 4.000000
8.586740 20.268284 4.000000
-26.611595 -2.256284 5.000000
-22.829355 -1.523248 5.000000
-32.273449 1.081324 5.000000
-30.983940 -9.802668 5.000000
-24.964029 -1.950692 5.000000
-28.600845 -4.511564 5.000000
-32.756317 -2.638824 5.000000
-31.950191 -8.292783 5.000000
-29.318998 5.847899 5.000000
-30.273018 -9.590491 5.000000
-26.646305 -2.362613 5.000000
-33.229572 -2.454317 5.000000
-32.216019 -7.782909 5.000000
-33.436092 -3.613429 5.000000
-29.025898 2.611422 5.000000
-28.871473 -0.483229 5.000000
-29.731121 -2.315811 5.000000
-31.395424 -2.969179 5.000000
-28.664061 -0.961186 5.000000
-26.590477 -1.123094 5.000000
-30.383247 -7.661579 5.000000
-33.224648 -4.991863 5.000000
-26.636015 -7.220379 5.000000
-32.992085 -5.401014 5.000000
-31.576284 -8.647753 5.000000
-31.740889 7.717958 5.000000
-28.949814 0.243241 5.000000
-28.451033 -4.907270 5.000000
-28.149607 0.004572 5.000000
-26.547523 -1.463100 5.000000
-31.722673 -5.505037 5.000000
-26.633812 -7.053474 5.000000
-31.127689 -3.231291 5.000000
-31.671715 -5.235642 5.000000
-25.685431 -2.375470 5.000000
-23.436359 -1.166650 5.000000
-30.036575 -7.783050 5.000000
-23.530962 -2.552578 5.000000
-27.681593 -0.478347 5.000000
-27.516560 -7.458275 5.000000
-31.993931 1.884647 5.000000
-23.446882 -1.073657 5.000000
-30.342136 5.846164 5.000000
-28.707909 -5.297047 5.000000
-28.910826 5.523779 5.000000
-27.331097 1.571993 5.000000
-24.873419 -1.487717 5.000000
-32.241547 -1.407105 5.000000
-29.593571 6.486107 5.000000
-30.713371 -8.162215 5.000000
-27.198187 -1.138325 5.000000
-27.172148 -7.280919 5.000000
-33.148743 -2.088216 5.000000
-24.396008 -2.033715 5.000000
-31.761282 7.760731 5.000000
-32.181709 -8.431346 5.000000
-31.608925 4.592898 5.000000
-31.947968 1.995888 5.000000
-24.282404 -1.610035 5.000000
-30.430346 6.360707 5.000000
-29.647863 -7.875622 5.000000
-29.982065 -1.716396 5.000000
-25.722786 -1.911221 5.000000
-30.828508 -9.922145 5.000000
-29.547199 -7.144322 5.000000
-29.544127 -6.834971 5.000000
-28.244513 -1.876015 5.000000
-27.809168 -2.748256 5.000000
-27.931438 -1.666524 5.000000
-33.206928 -3.770041 5.000000
-31.406931 2.103709 5.000000
-24.608023 -0.811470 5.000000
-32.320816 -5.477672 5.000000
-29.761818 5.856035 5.000000
-29.582256 -9.344337 5.000000
-32.289139 0.939203 5.000000
-32.082024 5.429152 5.000000
-29.579924 -1.223506 5.000000
-30.716490 -6.342562 5.000000
-26.315882 -6.621654 5.000000
-31.809179 7.613413 5.000000
-31.701534 -1.257966 5.000000
-30.416563 -9.084938 5.000000
-32.209637 -6.923171 5.000000
-30.734148 -5.246263 5.000000
-29.776512 -9.308287 5.000000
-30.873741 6.231154 5.000000
-31.606262 4.845643 5.000000
-24.988209 -0.270279 5.000000
-31.783360 -7.486480 5.000000
-22.334940 -1.731897 5.000000
-31.705654 2.702821 5.000000
-29.555483 -6.475511 5.000000
-29.073254 2.579604 5.000000
-29.298759 -8.998439 5.000000
-29.298893 -4.448907 5.000000
-32.928375 -6.115560 5.000000
-29.698923 -9.573926 5.000000
-24.691181 -2.755167 5.000000
-30.941759 -5.171947 5.000000
19.408119 16.897135 6.000000
21.045923 15.956800 6.000000
14.269727 12.704566 6.000000
12.475080 14.949469 6.000000
14.814631 10.583485 6.000000
13.353260 25.475838 6.000000
15.656293 12.007807 6.000000
15.780981 11.625147 6.000000
19.821112 15.664665 6.000000
15.072679 13.219841 6.000000
16.096897 17.606712 6.000000
14.270308 25.068401 6.000000
19.748989 13.262071 6.000000
13.593270 16.868984 6.000000
16.657948 18.987289 6.000000
18.344707 18.405333 6.000000
12.680935 13.846953 6.000000
13.343055 13.923579 6.000000
11.344839 13.143238 6.000000
18.569761 17.043694 6.000000
13.288350 22.882624 6.000000
21.699070 15.505651 6.000000
21.444519 10.606670 6.000000
13.509433 12.394045 6.000000
17.685127 19.374689 6.000000
21.558109 10.383129 6.000000
16.205732 20.556711 6.000000
18.320711 16.009169 6.000000
18.806042 11.309783 6.000000
11.257248 12.791030 6.000000
17.351738 9.749308 6.000000
15.025748 10.654244 6.000000
16.085716 11.724476 6.000000
20.737324 15.077761 6.000000
20.444895 9.806323 6.000000
14.199234 24.930681 6.000000
17.712217 10.057749 6.000000
19.516346 13.874775 6.000000
12.667505 26.081167 6.000000
21.247665 12.530252 6.000000
12.335535 12.040751 6.000000
16.541817 19.742397 6.000000
13.469853 24.294361 6.000000
18.221430 18.484722 6.000000
16.109522 10.771779 6.000000
16.156918 10.562484 6.000000
20.585022 17.162485 6.000000
13.737775 12.715611 6.000000
17.849129 19.459814 6.000000
18.827959 14.262273 6.000000
15.647391 10.391144 6.000000
18.317625 18.329500 6.000000
20.843170 16.961714 6.000000
13.438077 24.077490 6.000000
12.720253 14.479726 6.000000
13.097134 15.528889 6.000000
10.559834 13.831557 6.000000
16.553850 9.533486 6.000000
17.173592 10.989814 6.000000
19.923225 13.468693 6.000000
17.076700 9.377912 6.000000
20.518362 15.776916 6.000000
18.539497 16.748014 6.000000
16.604635 19.277964 6.000000
21.638165 9.804941 6.000000
14.100847 12.566346 6.000000
20.447298 12.187181 6.000000
19.989244 14.238282 6.000000
13.096388 15.179578 6.000000
13.931409 24.654360 6.000000
13.574127 25.349285 6.000000
12.825854 25.998865 6.000000
13.086432 25.033600 6.000000
21.674837 15.448455 6.000000
13.718076 21.985750 6.000000
17.783691 9.904160 6.000000
10.614465 12.944421 6.000000
13.634743 24.300571 6.000000
16.673241 10.789659 6.000000
20.975567 12.544721 6.000000
14.506743 14.350527 6.000000
13.665175 25.639595 6.000000
19.562235 12.048611 6.000000
21.691944 9.759821 6.000000
14.081939 20.876207 6.000000
13.063661 19.260929 6.000000
19.711418 17.089514 6.000000
18.095943 9.706052 6.000000
12.247707 13.506819 6.000000
21.626650 9.832679 6.000000
20.175325 14.725939 6.000000
18.195538 10.969834 6.000000
14.144558 21.091927 6.000000
20.474012 13.491605 6.000000
21.181238 13.207755 6.000000
12.286576 13.156791 6.000000
20.859642 11.861169 6.000000
11.812249 13.599655 6.000000
12.655044 22.876934 6.000000
15.724652 20.829782 6.000000
