-23.024078 43.449562 1.000000
-25.967171 40.807728 1.000000
-9.309930 62.844685 1.000000
-34.655647 41.648056 1.000000
-23.724258 42.417255 1.000000
-19.044786 52.330242 1.000000
-32.946770 42.338531 1.000000
-37.055271 40.650494 1.000000
-35.027683 41.441483 1.000000
-36.313671 38.630119 1.000000
-36.163391 40.547565 1.000000
-32.068626 40.795631 1.000000
-20.029293 48.631390 1.000000
-25.615911 41.258694 1.000000
-7.606335 62.236164 1.000000
-32.428841 41.610050 1.000000
-19.092628 49.109222 1.000000
-33.081085 35.680264 1.000000
-4.346282 54.644962 1.000000
-6.355459 55.089554 1.000000
-27.282909 41.267357 1.000000
-15.820627 52.030563 1.000000
-28.685905 45.165787 1.000000
-19.748327 53.174992 1.000000
-26.944990 49.113972 1.000000
-31.018734 36.961861 1.000000
-9.036109 59.706696 1.000000
-11.529581 63.059128 1.000000
-26.465824 48.705734 1.000000
-37.401619 41.194168 1.000000
-31.026363 34.199955 1.000000
-25.023748 44.362663 1.000000
-10.171796 62.840714 1.000000
-18.100346 51.924030 1.000000
-34.043518 35.329090 1.000000
-31.105291 34.770298 1.000000
-32.304356 40.197491 1.000000
-17.081152 49.735939 1.000000
-18.658060 53.895393 1.000000
-6.410078 55.679520 1.000000
-36.250298 37.956673 1.000000
-18.615469 52.948154 1.000000
-17.496136 52.810883 1.000000
-27.573732 44.197025 1.000000
-18.646749 53.320614 1.000000
-29.816057 44.739010 1.000000
-34.860928 35.766560 1.000000
-28.835905 45.291008 1.000000
48.737968 -9.747828 2.000000
37.198265 -25.205469 2.000000
51.893642 -4.227352 2.000000
41.848835 -14.901701 2.000000
49.203510 -6.225191 2.000000
55.585575 3.163546 2.000000
36.765354 -25.623512 2.000000
38.621346 -23.711399 2.000000
54.986290 3.245167 2.000000
53.787571 2.589088 2.000000
51.745064 -0.967434 2.000000
48.349472 -10.263561 2.000000
51.684368 -3.781085 2.000000
52.068928 -0.353545 2.000000
50.850063 -7.067486 2.000000
37.217842 -25.100206 2.000000
55.239338 3.197197 2.000000
40.765675 -13.347861 2.000000
49.132950 -8.835830 2.000000
54.575817 3.713659 2.000000
29.470850 -27.026636 2.000000
41.314671 -15.261399 2.000000
37.852116 -24.292171 2.000000
50.651516 -6.050309 2.000000
36.719727 -25.643681 2.000000
52.737751 0.398180 2.000000
50.508484 -6.217606 2.000000
52.111652 -3.434909 2.000000
52.134483 -0.972802 2.000000
41.518349 -13.778113 2.000000
37.488171 -24.814699 2.000000
49.804367 -9.154528 2.000000
51.779491 -0.827663 2.000000
48.516956 -9.033978 2.000000
52.908936 1.241341 2.000000
50.273186 -1.866624 2.000000
50.009556 -6.492913 2.000000
54.503235 3.566241 2.000000
54.986210 4.119705 2.000000
54.712536 4.606450 2.000000
53.730297 0.886356 2.000000
40.935837 -18.013115 2.000000
53.584549 2.231445 2.000000
41.117344 -17.189857 2.000000
51.941708 -2.319252 2.000000
53.918457 1.986870 2.000000
54.446842 1.780132 2.000000
50.323013 -7.807374 2.000000
50.134453 -7.448906 2.000000
41.113033 -14.754805 2.000000
40.674873 -14.254930 2.000000
53.167919 1.023805 2.000000
41.313408 -14.039101 2.000000
49.290401 -10.166943 2.000000
29.513426 -27.128496 2.000000
42.273144 -14.338811 2.000000
50.031204 -1.909678 2.000000
49.706955 -7.948743 2.000000
54.132267 1.396040 2.000000
49.055973 -9.346223 2.000000
41.579586 -16.910049 2.000000
54.014175 1.699876 2.000000
41.427742 -14.075583 2.000000
54.510288 2.368554 2.000000
53.013382 0.508530 2.000000
49.754036 -8.852484 2.000000
55.313454 3.365310 2.000000
42.912373 -13.969264 2.000000
41.167255 -16.305330 2.000000
49.681435 -9.736151 2.000000
49.959587 -7.123199 2.000000
29.759798 -27.783089 2.000000
53.254086 1.452206 2.000000
50.514587 -9.156131 2.000000
54.170929 2.753706 2.000000
54.625530 1.627803 2.000000
41.338280 -16.696081 2.000000
50.782249 -6.793285 2.000000
29.931391 -28.065659 2.000000
51.265690 -6.112429 2.000000
55.061974 2.392064 2.000000
50.427471 -1.609894 2.000000
38.803349 -23.603083 2.000000
37.148037 -25.389975 2.000000
29.926573 -28.122725 2.000000
49.851238 -10.314363 2.000000
29.654438 -26.992352 2.000000
52.111652 -3.434909 2.000000
50.238567 -1.652414 2.000000
32.289623 24.655479 3.000000
31.613735 27.195463 3.000000
14.835224 37.024704 3.000000
18.159698 39.991665 3.000000
-10.712674 24.630232 3.000000
32.403793 25.531324 3.000000
32.004841 26.926374 3.000000
29.638035 28.801277 3.000000
-9.824405 25.726139 3.000000
28.798027 24.450754 3.000000
28.905735 27.387411 3.000000
-10.208740 24.809383 3.000000
24.548496 22.733824 3.000000
7.570811 31.978939 3.000000
33.079155 25.864096 3.000000
28.947008 25.485802 3.000000
24.209732 23.736584 3.000000
33.112427 25.524645 3.000000
14.591754 37.296871 3.000000
32.301434 25.734133 3.000000
24.742321 29.107159 3.000000
29.267008 21.124002 3.000000
10.847257 34.149170 3.000000
5.110246 31.506577 3.000000
32.279255 26.115374 3.000000
14.268232 36.901520 3.000000
24.991018 23.217867 3.000000
18.739065 40.499542 3.000000
5.094300 30.608282 3.000000
2.299415 30.204939 3.000000
32.450779 24.159369 3.000000
30.004868 29.082924 3.000000
32.216148 24.395405 3.000000
31.767212 22.320719 3.000000
29.161758 27.084364 3.000000
28.751957 25.906788 3.000000
29.238113 20.911776 3.000000
29.153259 25.946150 3.000000
7.002727 31.498148 3.000000
2.718004 30.550173 3.000000
31.795019 27.363667 3.000000
29.640047 28.944653 3.000000
29.364481 21.003712 3.000000
18.159698 39.991665 3.000000
-9.829762 25.803278 3.000000
24.831322 28.374512 3.000000
-11.379644 23.941242 3.000000
10.503476 33.499355 3.000000
-10.281096 25.079012 3.000000
24.630056 23.006937 3.000000
32.423882 24.489439 3.000000
29.145395 21.078403 3.000000
28.906929 27.606504 3.000000
31.703981 22.556818 3.000000
3.673170 30.037769 3.000000
24.785063 28.436653 3.000000
8.606129 32.426605 3.000000
-10.302603 25.508066 3.000000
31.873648 22.610504 3.000000
18.295639 39.732910 3.000000
29.195105 25.620815 3.000000
16.954138 39.491089 3.000000
6.522980 32.192623 3.000000
13.830345 37.000881 3.000000
14.314063 37.135715 3.000000
3.520336 30.813025 3.000000
-10.165836 25.178225 3.000000
7.035814 31.459120 3.000000
29.605354 27.633919 3.000000
4.337482 31.289749 3.000000
29.701454 28.627125 3.000000
29.227592 24.710022 3.000000
30.522114 28.915384 3.000000
15.345881 37.174923 3.000000
10.935111 33.786663 3.000000
30.812496 21.976126 3.000000
-11.014627 24.510929 3.000000
3.150525 30.821545 3.000000
3.502022 30.319033 3.000000
18.857891 39.563194 3.000000
28.719975 26.932570 3.000000
5.707876 31.168922 3.000000
14.066855 36.296032 3.000000
33.189964 24.805901 3.000000
24.755564 23.144554 3.000000
24.401964 21.996435 3.000000
30.613432 21.611177 3.000000
31.694452 22.407623 3.000000
8.521615 32.487324 3.000000
-9.863428 25.360891 3.000000
4.914417 31.398401 3.000000
8.315837 32.632378 3.000000
10.488536 33.741192 3.000000
31.420900 27.960630 3.000000
30.473936 21.887428 3.000000
13.147047 36.671085 3.000000
1.840858 -19.827890 4.000000
15.475066 -0.889942 4.000000
11.635760 -9.864795 4.000000
5.172455 -16.672318 4.000000
9.837205 5.455686 4.000000
0.806151 -17.961706 4.000000
4.627259 -18.112148 4.000000
5.959192 2.304093 4.000000
-11.624968 46.210693 4.000000
11.335826 5.479331 4.000000
8.430274 -22.206718 4.000000
15.069673 2.662939 4.000000
0.112859 -21.162277 4.000000
6.266347 3.119258 4.000000
1.946437 -20.902733 4.000000
5.570174 -15.909140 4.000000
1.674546 -22.178591 4.000000
-18.443542 -21.162395 4.000000
2.649789 -21.530342 4.000000
1.996884 -17.756880 4.000000
11.521596 -11.012479 4.000000
19.878820 6.161449 4.000000
10.684396 -15.633399 4.000000
6.506959 -19.114727 4.000000
4.031581 -24.509615 4.000000
12.013578 -16.756069 4.000000
9.928758 -4.701658 4.000000
5.647436 -24.411022 4.000000
20.533674 4.797864 4.000000
20.771938 6.352950 4.000000
5.451059 -17.527176 4.000000
21.871115 5.287148 4.000000
19.792538 -1.441421 4.000000
19.600588 -1.021334 4.000000
10.269182 -16.115881 4.000000
2.151930 -22.494837 4.000000
10.184530 -21.451443 4.000000
10.350363 5.626470 4.000000
-18.089024 -21.538837 4.000000
12.536053 6.289770 4.000000
5.145811 -15.921197 4.000000
11.606821 -16.421543 4.000000
1.951347 -22.677870 4.000000
4.750918 -23.221773 4.000000
10.304094 -14.086051 4.000000
22.240406 12.395205 4.000000
20.153620 7.683273 4.000000
19.686340 1.217826 4.000000
11.662823 4.032597 4.000000
17.457033 0.114935 4.000000
-19.499727 -1.831687 4.000000
4.553996 -16.580124 4.000000
3.548895 -23.459406 4.000000
11.118037 -21.327084 4.000000
-19.105518 -4.132922 4.000000
4.214519 -23.017744 4.000000
9.970558 -5.258471 4.000000
3.252713 -15.096145 4.000000
6.584837 3.202440 4.000000
11.597529 6.652309 4.000000
2.264530 -17.902771 4.000000
4.849908 -22.902672 4.000000
9.628441 -15.712300 4.000000
9.778360 -5.975799 4.000000
4.987674 -16.556091 4.000000
-19.197660 -20.767719 4.000000
11.463935 4.326464 4.000000
0.359877 -20.604534 4.000000
4.568466 -24.127403 4.000000
6.938723 -16.943596 4.000000
2.125360 -17.098831 4.000000
11.404185 -16.282965 4.000000
6.728623 -15.607825 4.000000
3.533532 -23.016747 4.000000
11.070291 -16.342827 4.000000
2.838500 -14.765139 4.000000
19.792604 1.113393 4.000000
11.052295 -3.888216 4.000000
19.651249 -1.055723 4.000000
3.995061 -23.628847 4.000000
13.768230 5.468750 4.000000
20.046385 6.197178 4.000000
10.467758 -15.065239 4.000000
6.364169 0.941300 4.000000
-19.462236 0.295378 4.000000
6.679624 -19.402624 4.000000
10.136818 -16.501020 4.000000
10.108533 -4.208245 4.000000
9.203549 -17.084545 4.000000
0.393077 -20.557524 4.000000
10.112507 -16.422615 4.000000
11.548117 -10.948318 4.000000
9.277223 -6.374123 4.000000
39.530163 -17.167547 4.000000
20.268770 5.514836 4.000000
0.463172 -21.421198 4.000000
10.791732 -21.291458 4.000000
4.462873 -17.843721 4.000000
7.896060 -23.603529 4.000000
7.969706 5.304476 4.000000
1.859774 -18.045992 4.000000
-18.017153 -22.258436 4.000000
3.373668 -16.215620 4.000000
10.354264 -21.590828 4.000000
5.442517 -23.896843 4.000000
5.171819 -24.453638 4.000000
6.157690 -16.741604 4.000000
19.770037 -1.408026 4.000000
4.390422 -17.021936 4.000000
-20.732615 -13.281431 4.000000
8.591124 -15.698183 4.000000
11.542133 -10.917717 4.000000
23.347630 11.610537 4.000000
2.749726 -15.254789 4.000000
20.624702 6.452766 4.000000
5.077121 -17.437035 4.000000
2.880143 -22.844414 4.000000
8.177631 6.161205 4.000000
11.485072 -9.414268 4.000000
5.364213 1.554672 4.000000
2.064191 -16.587549 4.000000
5.830070 -17.356472 4.000000
12.515846 -2.906325 4.000000
9.561379 -16.269871 4.000000
-21.769012 -6.026712 4.000000
3.965121 -15.873357 4.000000
0.336867 -21.055372 4.000000
7.208213 -23.887941 4.000000
2.864244 -17.369925 4.000000
6.684405 -23.586050 4.000000
11.095894 -17.234289 4.000000
10.517086 -21.337851 4.000000
0.092437 -20.812973 4.000000
11.958048 -10.886484 4.000000
1.094034 -20.865696 4.000000
19.056953 -1.916172 4.000000
0.069505 -21.464067 4.000000
-18.236488 -21.329554 4.000000
12.018116 -3.073666 4.000000
2.231617 -21.183218 4.000000
20.443455 7.122540 4.000000
9.928905 -21.789482 4.000000
10.414548 -21.609499 4.000000
5.127682 -15.787878 4.000000
13.944111 4.867265 4.000000
-21.760725 -6.481752 4.000000
12.536162 6.699844 4.000000
29.910511 -28.587721 4.000000
4.356655 2.399374 4.000000
15.311130 -0.915491 4.000000
11.458215 -11.106297 4.000000
20.463579 1.785774 4.000000
15.409030 -2.250485 4.000000
10.289189 -3.963233 4.000000
2.582857 -16.378363 4.000000
4.510317 -17.706251 4.000000
11.372654 -20.521530 4.000000
21.847813 5.851175 4.000000
6.929470 -23.449011 4.000000
-11.644176 46.015881 4.000000
1.134556 -21.885614 4.000000
-43.472878 -5.652073 5.000000
-50.519623 3.718043 5.000000
-41.174355 -4.016820 5.000000
-29.851526 -10.646050 5.000000
-21.006826 -3.338903 5.000000
-14.622660 19.423410 5.000000
-16.834793 -0.380658 5.000000
-13.273582 21.368801 5.000000
-20.947168 -23.535450 5.000000
-41.261784 -2.649562 5.000000
-21.514885 -23.577141 5.000000
-17.627052 -3.400746 5.000000
-20.392763 -3.130160 5.000000
-15.632167 16.262251 5.000000
-41.954933 -2.076902 5.000000
-43.339848 7.718902 5.000000
-41.553509 -1.663832 5.000000
-51.187576 3.963836 5.000000
-20.851849 -2.817868 5.000000
-7.781560 20.852322 5.000000
-14.808204 15.657428 5.000000
-14.661993 -2.306936 5.000000
-6.189347 1.648941 5.000000
-5.518174 20.394499 5.000000
-20.976601 -3.436742 5.000000
-5.554514 2.109237 5.000000
-18.157476 -2.017701 5.000000
-19.095022 -2.796342 5.000000
-14.484828 -2.406148 5.000000
-42.440716 -4.953727 5.000000
-15.325697 17.534473 5.000000
-18.318457 -2.828052 5.000000
-6.045423 20.481508 5.000000
-5.637682 2.004178 5.000000
-14.132160 -1.988240 5.000000
-14.864319 16.956083 5.000000
-29.902905 -20.998791 5.000000
-7.702192 12.277371 5.000000
-49.090618 -0.252976 5.000000
-34.230534 -2.167689 5.000000
-43.582115 7.715730 5.000000
-29.582499 -11.909641 5.000000
-42.501083 -5.677157 5.000000
-14.636141 -1.777404 5.000000
-15.085862 18.594051 5.000000
-22.315332 -4.036975 5.000000
-40.032417 4.357527 5.000000
-9.358999 20.970949 5.000000
-22.378500 -4.058252 5.000000
-42.156799 -1.897907 5.000000
-5.484177 2.530854 5.000000
-29.849174 -21.022173 5.000000
-15.685386 15.427823 5.000000
-40.117924 4.299867 5.000000
-18.460426 18.204205 5.000000
7.577493 -25.738789 5.000000
-17.269135 -4.962813 5.000000
-10.169543 23.957399 5.000000
-42.879292 -5.484967 5.000000
-42.211521 -6.091197 5.000000
-43.688732 -4.410891 5.000000
-48.209484 8.409608 5.000000
-19.712708 -3.318113 5.000000
-37.042206 11.506895 5.000000
-19.068216 14.041053 5.000000
-15.547502 -1.996394 5.000000
-49.917080 0.063918 5.000000
-19.193987 13.918923 5.000000
-16.838909 -2.645239 5.000000
-13.886583 15.111554 5.000000
-13.200104 21.415703 5.000000
-21.458670 -23.580967 5.000000
-50.249649 3.755019 5.000000
-48.786537 1.756622 5.000000
-14.312451 18.432333 5.000000
-18.387701 -0.936810 5.000000
-16.101801 18.137566 5.000000
-46.857998 0.582161 5.000000
-45.923576 9.474092 5.000000
-17.239246 -1.391281 5.000000
-14.197447 -2.607716 5.000000
-47.458794 -0.540019 5.000000
-15.496570 15.642850 5.000000
-15.951301 -1.264789 5.000000
-9.634355 22.014456 5.000000
-38.702805 3.656652 5.000000
-13.983257 16.120787 5.000000
-42.815685 -4.909027 5.000000
-21.685539 -4.094569 5.000000
-51.413300 3.178210 5.000000
-19.930529 -0.917803 5.000000
-18.439016 -1.170154 5.000000
-15.170055 -2.165835 5.000000
-9.518104 21.146711 5.000000
-43.469700 -4.851223 5.000000
-14.287454 17.518000 5.000000
-49.307144 -0.969768 5.000000
-48.328228 1.042350 5.000000
-14.605783 -2.470676 5.000000
-48.281616 9.192858 5.000000
6.563737 -48.531734 6.000000
-8.351783 -48.260624 6.000000
6.225575 -47.021313 6.000000
5.509919 -52.291012 6.000000
5.957663 -46.488834 6.000000
-3.616977 -48.705750 6.000000
10.930439 -49.179337 6.000000
-8.537107 -48.195393 6.000000
6.686665 -49.449730 6.000000
7.097148 -53.778713 6.000000
6.117572 -52.137665 6.000000
9.475656 -48.273499 6.000000
-13.597108 -51.249573 6.000000
-8.732892 -48.196880 6.000000
-4.409558 -49.226902 6.000000
7.065126 -50.073730 6.000000
6.153616 -46.666965 6.000000
11.204374 -52.878048 6.000000
-5.955211 -49.301903 6.000000
9.678117 -47.951904 6.000000
7.027917 -52.369949 6.000000
11.036761 -53.066822 6.000000
11.190825 -51.790703 6.000000
-13.839709 -50.822208 6.000000
-4.890775 -48.746628 6.000000
-4.564446 -49.123234 6.000000
-15.298797 -53.245510 6.000000
-5.769048 -49.364475 6.000000
7.400111 -50.118198 6.000000
9.457083 -48.479542 6.000000
-13.721006 -50.661430 6.000000
6.859141 -53.645676 6.000000
12.311361 -58.426914 6.000000
-7.980097 -48.461048 6.000000
-15.280634 -51.638969 6.000000
-5.575423 -49.341915 6.000000
-13.018802 -51.108574 6.000000
-15.297121 -53.100994 6.000000
-14.913227 -51.933712 6.000000
2.436652 -49.831615 6.000000
6.170192 -51.701439 6.000000
-13.883571 -50.811813 6.000000
6.855732 -52.397465 6.000000
5.049969 -47.920467 6.000000
5.425694 -46.996857 6.000000
12.392191 -57.454979 6.000000
6.243749 -48.116570 6.000000
5.654737 -53.012600 6.000000
-14.968935 -53.973282 6.000000
-3.165168 -48.923927 6.000000
5.820972 -52.460197 6.000000
-14.460570 -51.455338 6.000000
11.286692 -51.051132 6.000000
2.115553 -49.942547 6.000000
-5.071616 -49.339664 6.000000
3.436723 -49.673897 6.000000
-8.097112 -47.311497 6.000000
6.635760 -53.397709 6.000000
-9.896688 -49.317314 6.000000
-7.825807 -47.462345 6.000000
11.357734 -52.213207 6.000000
-33.105221 40.663799 1.000000
-15.992212 48.784756 1.000000
-33.712036 42.247074 1.000000
-32.933220 36.718624 1.000000
-34.578876 36.075600 1.000000
-21.103340 48.637421 1.000000
-20.869417 42.205841 1.000000
-36.543812 41.050804 1.000000
-9.685834 50.021183 1.000000
-30.496857 35.036835 1.000000
-19.677898 43.848145 1.000000
-32.259464 36.092781 1.000000
-35.420963 41.887447 1.000000
-9.257632 51.359112 1.000000
-15.871169 51.790604 1.000000
-15.375963 46.704288 1.000000
-23.398539 43.708393 1.000000
-20.282547 41.628590 1.000000
-28.990116 46.970928 1.000000
-26.992493 36.586384 1.000000
-15.748709 49.870220 1.000000
-15.349309 46.595963 1.000000
-32.512302 34.330013 1.000000
-17.332569 51.024525 1.000000
-5.424474 53.260090 1.000000
-5.677641 58.878120 1.000000
-21.169689 41.932125 1.000000
-35.889622 41.648701 1.000000
-10.087902 61.755058 1.000000
-34.245956 35.932373 1.000000
-4.859331 53.361603 1.000000
-21.530619 43.575134 1.000000
-4.651874 55.478115 1.000000
-30.729063 45.195396 1.000000
-16.761061 51.112419 1.000000
-27.222500 40.421764 1.000000
-25.556009 48.417042 1.000000
-10.425143 62.419529 1.000000
-35.306282 36.489887 1.000000
-7.208193 56.553905 1.000000
-3.955838 55.277527 1.000000
-21.277702 52.671501 1.000000
-35.558632 38.228233 1.000000
-11.928207 62.830383 1.000000
-9.893583 62.112213 1.000000
-34.878395 42.183876 1.000000
-4.588485 56.407345 1.000000
-5.469357 54.489021 1.000000
-15.235185 46.282181 1.000000
-35.993046 41.285290 1.000000
-13.721537 46.648132 1.000000
-32.272400 37.368473 1.000000
-10.422664 49.295368 1.000000
-21.985065 48.980778 1.000000
-7.155498 55.906036 1.000000
-29.350378 36.021698 1.000000
5.343086 7.727955 3.000000
8.756097 5.117508 3.000000
7.771480 30.826611 3.000000
8.074323 4.645576 3.000000
23.105221 16.849443 3.000000
5.935333 29.411018 3.000000
13.266762 32.847824 3.000000
23.829086 12.771618 3.000000
23.070724 13.708116 3.000000
4.258467 6.486804 3.000000
9.541029 5.097574 3.000000
23.971275 12.959817 3.000000
6.701951 4.657968 3.000000
3.990908 28.550171 3.000000
8.666124 5.352710 3.000000
22.457212 14.938536 3.000000
7.998789 31.152134 3.000000
4.403653 28.186100 3.000000
23.131083 17.298117 3.000000
22.114737 15.389020 3.000000
6.640574 4.806460 3.000000
11.252365 4.495947 3.000000
7.416260 29.351707 3.000000
22.422134 13.680145 3.000000
7.149456 30.216763 3.000000
6.465974 4.673294 3.000000
6.413520 4.494256 3.000000
23.411064 14.278690 3.000000
13.207134 33.733364 3.000000
7.293761 29.696022 3.000000
24.425444 14.161263 3.000000
3.460153 5.109241 3.000000
2.599824 4.513009 3.000000
23.021847 17.221619 3.000000
2.954252 5.645500 3.000000
3.372768 5.313764 3.000000
13.227895 33.462765 3.000000
3.455963 5.469081 3.000000
23.684040 17.754610 3.000000
12.892385 33.530693 3.000000
4.454469 28.047724 3.000000
11.873305 33.778900 3.000000
17.759243 35.747047 3.000000
23.482269 17.521885 3.000000
19.379091 39.828934 3.000000
23.257685 13.527494 3.000000
22.943659 18.027040 3.000000
13.912946 35.641815 3.000000
26.161171 16.377430 3.000000
14.033049 33.861034 3.000000
22.683701 17.752159 3.000000
3.749638 6.792071 3.000000
6.644407 4.607678 3.000000
4.742470 28.542820 3.000000
18.071054 35.994316 3.000000
23.562906 14.156651 3.000000
24.288401 16.193363 3.000000
4.105742 28.287340 3.000000
19.690750 39.382252 3.000000
23.216646 17.261911 3.000000
25.095537 14.016347 3.000000
12.198775 -9.509395 4.000000
14.763583 -1.483714 4.000000
13.942604 -1.919211 4.000000
21.482824 7.466516 4.000000
16.696249 -0.569844 4.000000
15.448426 3.968222 4.000000
12.740137 -4.534935 4.000000
14.488029 -1.788113 4.000000
13.402900 -3.080357 4.000000
17.811878 -0.175290 4.000000
-3.104795 -0.649692 4.000000
16.450369 -7.961116 4.000000
21.418055 7.620037 4.000000
14.186733 -1.790359 4.000000
15.099138 5.518989 4.000000
15.556495 1.952376 4.000000
17.383068 -0.339931 4.000000
13.233228 -2.808033 4.000000
-3.122365 -0.610722 4.000000
20.836491 5.578949 4.000000
13.411707 -2.540645 4.000000
-6.449262 9.955899 4.000000
8.449495 6.744333 4.000000
17.833780 -3.074013 4.000000
18.933702 1.750059 4.000000
-1.100158 -1.854420 4.000000
11.955372 -9.580820 4.000000
14.679392 4.708088 4.000000
15.577696 -6.859000 4.000000
17.218513 -0.159523 4.000000
12.742362 -0.623026 4.000000
7.219461 -26.632381 5.000000
21.808867 2.393712 5.000000
21.800297 2.377134 5.000000
3.605931 -57.209099 6.000000
-14.653440 -52.828041 6.000000
-4.739159 -59.576374 6.000000
0.199611 -60.213688 6.000000
1.577408 -55.303879 6.000000
-1.395914 -59.355312 6.000000
-11.177749 -53.009209 6.000000
4.854168 -60.121349 6.000000
9.039343 -57.003624 6.000000
-13.749280 -53.046715 6.000000
-2.399413 -57.422325 6.000000
7.838003 -58.810036 6.000000
8.643260 -59.658508 6.000000
-14.658126 -53.560219 6.000000
10.434675 -57.988689 6.000000
-10.402979 -54.972626 6.000000
-1.309353 -57.839916 6.000000
-4.121505 -59.574261 6.000000
8.173464 -59.298183 6.000000
4.762505 -58.979225 6.000000
0.446138 -60.851791 6.000000
10.855103 -58.362534 6.000000
-13.621643 -51.843521 6.000000
10.644679 -59.600712 6.000000
-11.399423 -54.211548 6.000000
3.349966 -58.300411 6.000000
-6.716629 -57.226532 6.000000
-3.254817 -59.964123 6.000000
-8.146425 -56.000496 6.000000
-10.579926 -53.522205 6.000000
-3.601811 -60.310108 6.000000
-1.892033 -58.073109 6.000000
-4.492469 -58.338203 6.000000
5.304172 -60.000835 6.000000
8.644403 -57.730080 6.000000
-12.482572 -52.518539 6.000000
2.427718 -59.038666 6.000000
-14.010556 -53.888306 6.000000
1.436190 -56.742432 6.000000
7.802181 -58.135403 6.000000
0.896770 -60.966942 6.000000
-4.749109 -58.330860 6.000000
-1.624241 -57.365120 6.000000
-3.066316 -57.544613 6.000000
-15.331934 -52.511059 6.000000
-14.159623 -54.245598 6.000000
-13.580499 -52.380699 6.000000
6.863096 -57.699596 6.000000
-12.809253 -51.733730 6.000000
10.348010 -59.698421 6.000000
2.584533 -57.383671 6.000000
3.465838 -58.434849 6.000000
-12.376911 -54.370026 6.000000
-0.435288 -60.692390 6.000000
-1.520357 -58.935295 6.000000
-10.182818 -55.167461 6.000000
5.125360 -60.779877 6.000000
-21.308384 48.992306 1.000000
-28.834187 34.932320 1.000000
-19.860058 41.621891 1.000000
-27.307051 35.930618 1.000000
-22.416306 45.065231 1.000000
-8.499651 50.683468 1.000000
-19.628071 41.997334 1.000000
-10.852873 57.964218 1.000000
-3.884264 56.361767 1.000000
-20.483747 43.653095 1.000000
-8.125368 63.583305 1.000000
-8.031978 57.102257 1.000000
-9.767380 57.451424 1.000000
-21.827526 45.967182 1.000000
-29.230707 48.396286 1.000000
-14.107202 46.085289 1.000000
-27.454561 38.189323 1.000000
-37.415199 38.297829 1.000000
-29.680975 34.479046 1.000000
-27.722307 35.442207 1.000000
-33.108200 34.595013 1.000000
-5.193828 53.168880 1.000000
-28.342203 35.511356 1.000000
-18.047871 50.849464 1.000000
-18.670813 50.158421 1.000000
-28.840061 35.649776 1.000000
-6.801913 58.444485 1.000000
-11.030224 61.764168 1.000000
-30.194830 47.407658 1.000000
-13.692215 47.844009 1.000000
-11.503280 59.263874 1.000000
-8.020379 56.083260 1.000000
-36.386787 37.763630 1.000000
-8.744677 50.218391 1.000000
-24.357904 47.833668 1.000000
-21.876474 52.497536 1.000000
-19.836618 42.793961 1.000000
-28.473434 49.242908 1.000000
-4.253095 56.100552 1.000000
-10.737366 58.052689 1.000000
-35.832851 42.635174 1.000000
-20.913948 43.744232 1.000000
-7.714149 56.458801 1.000000
-35.090546 37.688347 1.000000
-28.122356 49.277905 1.000000
-11.514681 59.059784 1.000000
-29.475088 48.027210 1.000000
-8.058088 63.545017 1.000000
-22.449211 45.453526 1.000000
-4.713236 53.408772 1.000000
47.910206 -16.583696 2.000000
49.364986 -15.468345 2.000000
48.365681 -18.111706 2.000000
39.859093 -26.946810 2.000000
40.450562 -26.270252 2.000000
36.181919 -30.015722 2.000000
50.449417 -10.250378 2.000000
40.126995 -28.437582 2.000000
47.485088 -17.328617 2.000000
37.502724 -27.227846 2.000000
44.183502 -22.702568 2.000000
47.984150 -16.614145 2.000000
37.318188 -27.025732 2.000000
42.965336 -25.733908 2.000000
57.083172 1.059488 2.000000
50.930008 -12.529619 2.000000
47.769547 -18.620697 2.000000
34.825241 -30.412653 2.000000
34.544121 -30.313437 2.000000
41.906860 -26.018217 2.000000
38.195683 -28.325584 2.000000
37.410496 -28.938198 2.000000
47.113194 -14.385212 2.000000
51.327999 -11.417652 2.000000
50.735275 -11.489919 2.000000
50.166588 -11.296494 2.000000
35.101147 -30.129345 2.000000
43.364014 -18.932310 2.000000
33.991737 -29.651804 2.000000
51.368511 -6.356903 2.000000
47.719444 -19.002207 2.000000
53.654011 -5.870423 2.000000
41.274773 -27.382370 2.000000
36.511879 -27.165173 2.000000
53.119156 -9.993600 2.000000
45.754189 -20.383667 2.000000
40.437809 -26.576557 2.000000
45.003681 -20.865658 2.000000
52.229885 -11.608602 2.000000
47.972599 -18.497517 2.000000
51.447334 -12.300806 2.000000
53.735268 -5.243159 2.000000
52.646793 -11.309260 2.000000
51.774342 -10.828845 2.000000
57.134777 -0.693519 2.000000
49.730316 -14.856060 2.000000
45.854015 -20.556488 2.000000
33.618759 -30.452751 2.000000
46.627293 -20.145002 2.000000
46.830433 -18.839329 2.000000
37.512981 -26.834003 2.000000
47.624012 -16.407043 2.000000
51.068718 -10.573837 2.000000
39.484947 -26.906448 2.000000
37.189320 -29.327301 2.000000
33.176739 -30.680843 2.000000
37.118370 -27.878742 2.000000
56.989120 -1.565397 2.000000
48.555855 -16.396400 2.000000
56.152454 2.601313 2.000000
53.053101 -4.936265 2.000000
46.768017 -17.947079 2.000000
57.063206 1.249863 2.000000
40.502480 -23.660316 2.000000
51.874165 -4.786043 2.000000
40.010712 -28.522411 2.000000
43.882118 -24.463511 2.000000
42.641930 -18.727226 2.000000
40.502480 -23.660315 2.000000
53.257122 -6.033288 2.000000
46.525948 -20.513006 2.000000
46.216755 -20.398510 2.000000
57.264679 0.698153 2.000000
39.664917 -28.402445 2.000000
42.959248 -23.384117 2.000000
39.995625 -27.524128 2.000000
45.107506 -20.477438 2.000000
39.718937 -28.613560 2.000000
33.771717 -31.104675 2.000000
40.830215 -26.586451 2.000000
36.729191 -29.938736 2.000000
33.568848 -29.972612 2.000000
44.798332 -23.229603 2.000000
40.598278 -27.152510 2.000000
42.811821 -24.864182 2.000000
57.274590 0.444910 2.000000
52.795010 -10.651698 2.000000
51.027832 -12.029638 2.000000
44.089520 -22.814116 2.000000
47.127731 -19.354410 2.000000
43.217461 -24.581848 2.000000
50.304165 -13.099008 2.000000
57.430759 0.616207 2.000000
57.246292 -0.239417 2.000000
37.076984 -27.340446 2.000000
42.379532 -25.272848 2.000000
35.664021 -30.424795 2.000000
36.286362 -29.209705 2.000000
47.816853 -17.594212 2.000000
44.518433 -23.482113 2.000000
34.478867 -31.002390 2.000000
50.174435 -12.831181 2.000000
43.914528 -24.363159 2.000000
57.014870 -1.946703 2.000000
35.778881 -29.938061 2.000000
53.456718 -10.107635 2.000000
50.719070 -5.557629 2.000000
41.630749 -25.727274 2.000000
47.262131 -18.383799 2.000000
48.021725 -17.855993 2.000000
42.858688 -19.098717 2.000000
56.902565 -2.041469 2.000000
43.384613 -24.090368 2.000000
43.765289 -23.610163 2.000000
41.130470 -25.774736 2.000000
36.034275 -29.762766 2.000000
55.638649 -2.591833 2.000000
35.076817 -30.727983 2.000000
53.164417 -5.468104 2.000000
44.427670 -20.059284 2.000000
33.904015 -30.683567 2.000000
46.361095 -19.664948 2.000000
39.310253 -27.985031 2.000000
56.436726 -1.403023 2.000000
44.775799 -22.796864 2.000000
47.824844 -18.031206 2.000000
45.950436 -19.376007 2.000000
34.613762 -31.039309 2.000000
40.044991 -27.625383 2.000000
42.827202 -25.364937 2.000000
53.341469 -10.566933 2.000000
33.479290 -31.202990 2.000000
51.152622 -10.942055 2.000000
56.899464 -1.319547 2.000000
32.969154 -30.541746 2.000000
42.597523 -17.740746 2.000000
47.675381 -14.063201 2.000000
53.808098 -5.126978 2.000000
36.323380 -28.337679 2.000000
-27.136509 -13.893572 3.000000
-3.214725 2.154936 3.000000
-27.168030 -13.669194 3.000000
15.006050 29.090366 3.000000
-25.841110 -12.622530 3.000000
-21.731926 -12.258973 3.000000
-26.896383 -11.725043 3.000000
-42.705467 9.597636 3.000000
-0.537941 1.650645 3.000000
-22.008970 -12.349399 3.000000
24.881506 23.359972 3.000000
-19.159904 -4.913443 3.000000
-19.166466 -5.184828 3.000000
23.861446 24.718102 3.000000
-27.377754 -13.348156 3.000000
-42.700283 8.330974 3.000000
-42.086021 9.712274 3.000000
-19.373001 -4.937013 3.000000
-39.457066 9.907063 3.000000
-30.350002 -16.332407 3.000000
-38.606369 8.869585 3.000000
-15.656425 -12.094732 3.000000
-11.291324 -11.190124 3.000000
-21.812128 -12.297029 3.000000
-22.762815 -12.459434 3.000000
-11.869758 -11.015368 3.000000
-6.328424 9.840300 3.000000
-41.883598 8.231589 3.000000
-15.325287 -5.291099 3.000000
0.683285 1.841759 3.000000
-3.896392 1.864285 3.000000
-39.241646 9.487840 3.000000
-39.175644 8.755051 3.000000
-19.024218 -4.714622 3.000000
-3.743671 2.165329 3.000000
-40.040981 9.593530 3.000000
-11.140882 -11.754255 3.000000
-38.928528 9.356189 3.000000
-16.607033 17.080523 3.000000
0.970870 7.138132 3.000000
-29.950415 -16.054647 3.000000
-17.860796 17.940611 3.000000
-48.814400 6.706993 3.000000
-32.070732 8.199007 3.000000
24.221399 30.728912 3.000000
-42.570271 8.822292 3.000000
17.268770 31.419914 3.000000
-15.904659 -4.983513 3.000000
-0.347954 1.569442 3.000000
-11.273310 -11.381267 3.000000
-48.521797 7.157198 3.000000
-42.384212 9.177199 3.000000
-27.400105 -12.190288 3.000000
24.109015 25.030342 3.000000
-30.431980 -16.329344 3.000000
14.481882 28.408394 3.000000
-27.461975 -12.140259 3.000000
23.863569 29.025707 3.000000
-17.220728 16.489256 3.000000
24.564005 30.467916 3.000000
-19.036367 -5.413506 3.000000
16.041586 30.543985 3.000000
8.389252 -18.062548 4.000000
18.215326 0.654814 4.000000
12.510696 -15.298001 4.000000
15.060002 2.909365 4.000000
6.929187 -21.648272 4.000000
-1.235887 -2.388509 4.000000
10.556529 -14.101439 4.000000
31.197527 -7.637056 4.000000
34.113567 -2.888162 4.000000
22.003712 -6.148708 4.000000
13.602975 -14.934504 4.000000
15.550263 -8.468179 4.000000
11.026382 -13.268722 4.000000
-17.686737 -23.112545 4.000000
14.360924 -7.981947 4.000000
6.749321 -19.020590 4.000000
32.225536 -8.561073 4.000000
24.605879 -6.837575 4.000000
34.019157 -2.420334 4.000000
19.830696 1.689355 4.000000
14.229909 -7.202462 4.000000
5.428728 -23.189762 4.000000
7.429406 -20.558372 4.000000
33.841923 -3.498895 4.000000
33.630016 -3.902899 4.000000
14.789254 -8.420352 4.000000
9.175211 -16.521023 4.000000
13.581033 -14.926058 4.000000
22.930792 -6.318999 4.000000
13.908864 -6.520114 4.000000
13.900259 -7.066373 4.000000
7.591442 -22.325483 4.000000
15.813832 3.137128 4.000000
13.350990 -15.133810 4.000000
6.685715 -18.896204 4.000000
5.714899 -23.245031 4.000000
11.374991 -14.951130 4.000000
32.274643 -8.446659 4.000000
6.694885 -19.003466 4.000000
18.302376 0.641166 4.000000
5.331941 -24.948103 4.000000
13.769393 -6.793084 4.000000
19.924971 2.007499 4.000000
-16.753904 -23.769915 4.000000
20.203325 1.951498 4.000000
13.752514 -6.114588 4.000000
20.175789 4.508396 4.000000
-17.823811 -23.189316 4.000000
6.777973 -23.784399 4.000000
13.226984 -14.973782 4.000000
13.635372 5.203895 4.000000
33.673176 -2.008242 4.000000
-21.790869 -6.295782 4.000000
21.978998 -6.154979 4.000000
10.170921 -15.447907 4.000000
14.801317 4.359582 4.000000
24.671232 -7.006762 4.000000
1.308682 3.276585 7.000000
-25.513502 -22.820488 7.000000
-26.999807 -22.767199 7.000000
-27.740768 -16.694292 7.000000
-14.718354 -8.284603 7.000000
-12.803565 -8.079728 7.000000
-25.449881 -21.144835 7.000000
-31.091234 -17.820810 7.000000
-28.869133 -17.057030 7.000000
-30.100695 -13.377571 7.000000
-32.989521 -14.688547 7.000000
-27.818581 -22.475105 7.000000
-16.049759 -13.786586 7.000000
-24.625105 -20.908634 7.000000
-14.615335 -16.355042 7.000000
4.020030 -0.382127 7.000000
-13.081331 -12.251083 7.000000
-13.331688 -15.239093 7.000000
-14.056576 -6.814416 7.000000
-28.492064 -20.889109 7.000000
-2.311843 2.046568 7.000000
-26.038261 -21.107431 7.000000
-15.428411 -16.150732 7.000000
-31.910461 -14.335797 7.000000
0.088111 1.957932 7.000000
-12.861440 -9.265981 7.000000
1.519444 3.556004 7.000000
-28.635651 -15.477320 7.000000
0.839810 3.415465 7.000000
-14.644483 -7.267939 7.000000
-27.438917 -24.461683 7.000000
-13.272118 -8.031485 7.000000
-12.750689 -7.615044 7.000000
-29.020077 -13.751714 7.000000
-28.766075 -16.734056 7.000000
-12.322143 -13.390475 7.000000
4.028824 0.648210 7.000000
-25.526777 -19.876778 7.000000
-24.815065 -21.410835 7.000000
-31.399744 -16.480803 7.000000
-12.148145 -14.462831 7.000000
1.281073 2.656440 7.000000
-31.719547 -16.508423 7.000000
-15.774852 -10.802055 7.000000
-13.662148 -17.559753 7.000000
-24.731918 -21.096077 7.000000
-12.851492 -17.033594 7.000000
-2.112402 2.680790 7.000000
-13.749320 -9.936451 7.000000
1.795566 1.640792 7.000000
-1.437054 2.427417 7.000000
-15.869278 -17.101656 7.000000
-15.712742 -17.839874 7.000000
-13.675502 -15.084351 7.000000
2.220919 2.427947 7.000000
-15.793667 -15.571788 7.000000
-27.762438 -21.886679 7.000000
-32.396973 -15.511618 7.000000
-15.219187 -8.455071 7.000000
-2.513812 1.811718 7.000000
-15.736866 -13.113086 7.000000
-26.483015 -22.155575 7.000000
-31.892319 -17.021627 7.000000
0.235891 4.319086 7.000000
-14.222364 -17.675388 7.000000
-26.993015 -22.085287 7.000000
-11.711246 -15.248266 7.000000
-16.504385 -15.438034 7.000000
-0.177660 3.918509 7.000000
-26.630531 -22.882763 7.000000
-26.909821 -21.048950 7.000000
-14.500493 -11.010275 7.000000
-14.689620 -17.539495 7.000000
-12.154476 -13.182811 7.000000
-32.673828 -14.305406 7.000000
-27.859669 -24.309566 7.000000
-16.493168 -6.674778 7.000000
4.146315 0.560295 7.000000
0.133724 3.036783 7.000000
-13.749361 -17.771383 7.000000
-28.336126 -22.527285 7.000000
-1.738641 2.513214 7.000000
3.221516 0.656936 7.000000
1.570378 3.497697 7.000000
-32.096989 -15.429299 7.000000
-16.305553 -14.397725 7.000000
-16.023024 -16.637398 7.000000
-13.361443 -9.346341 7.000000
3.777779 -1.250426 7.000000
-24.365540 -21.616566 7.000000
-32.182487 -14.688666 7.000000
-15.892170 -15.373644 7.000000
-27.975912 -24.125895 7.000000
2.856951 1.665158 7.000000
-31.991297 -14.943694 7.000000
-13.041793 -12.206202 7.000000
-11.786852 -14.369978 7.000000
-28.800760 -16.130112 7.000000
-28.581917 -17.117798 7.000000
-13.321999 -17.814854 7.000000
-12.235019 -14.654310 7.000000
-13.782366 -7.937154 7.000000
-26.903988 -21.461403 7.000000
-15.492723 -9.308985 7.000000
-13.043900 -12.402863 7.000000
3.582543 -1.343978 7.000000
-13.664742 -7.385518 7.000000
-26.466526 -20.932636 7.000000
-29.045578 -14.634208 7.000000
-31.416502 -13.602912 7.000000
-27.271999 -16.339581 7.000000
-29.150915 -14.356768 7.000000
-15.026533 -14.985459 7.000000
-12.101031 -12.391191 7.000000
2.370466 3.034234 7.000000
-24.516502 -21.288280 7.000000
-28.699224 -22.858261 7.000000
-29.483799 -13.937294 7.000000
-29.130793 -14.047019 7.000000
-14.244778 -10.344499 7.000000
-31.850040 -16.653601 7.000000
-15.317830 -14.434365 7.000000
2.661182 2.585388 7.000000
3.628052 -0.429838 7.000000
-14.178509 -10.858918 7.000000
-15.511446 -8.612166 7.000000
-1.200291 2.438788 7.000000
-25.376614 -22.161947 7.000000
-12.729332 -15.695643 7.000000
-13.764705 -8.378884 7.000000
-13.583547 -11.988667 7.000000
-16.447989 -15.311634 7.000000
3.767902 1.511493 7.000000
4.292693 -0.362130 7.000000
-12.779761 -8.401488 7.000000
-25.979263 -22.718592 7.000000
-14.872619 -15.890233 7.000000
-13.436275 -15.157175 7.000000
-24.326487 -22.729271 7.000000
-14.910430 -16.748594 7.000000
-30.939867 -13.556550 7.000000
-27.999046 -23.552868 7.000000
-24.907421 -22.855536 7.000000
4.322119 0.489651 7.000000
-27.941517 -17.118982 7.000000
-32.322803 -15.944329 7.000000
-31.754099 -16.875280 7.000000
-13.768778 -15.585109 7.000000
-15.780880 -15.955192 7.000000
-15.602153 -17.272959 7.000000
-28.188461 -21.813507 7.000000
-2.475235 1.840860 7.000000
-24.459196 -22.842186 7.000000
-15.479448 -17.176420 7.000000
-27.743025 -22.937918 7.000000
2.514518 3.082730 7.000000
-15.020518 -6.679552 7.000000
-13.065985 -6.843245 7.000000
-28.338280 -14.836757 7.000000
3.504690 0.068206 7.000000
-27.211945 -21.928833 7.000000
-15.259624 -9.273039 7.000000
-17.316895 -5.698438 7.000000
0.738730 2.643734 7.000000
-25.886892 -21.444674 7.000000
-15.142717 -8.560226 7.000000
-11.931443 -13.999298 7.000000
4.041375 0.018182 7.000000
-15.949291 -9.721282 7.000000
-28.651281 -16.041862 7.000000
21.230450 36.783623 5.000000
19.273104 35.442719 5.000000
18.849436 33.063335 5.000000
21.026812 31.602951 5.000000
21.486450 36.774002 5.000000
23.953077 29.073172 5.000000
26.191933 -7.584230 5.000000
16.372503 29.631733 5.000000
23.794733 30.068520 5.000000
25.526247 29.400555 5.000000
25.494062 28.587217 5.000000
16.693066 30.876972 5.000000
21.209040 32.085407 5.000000
21.013830 22.338623 5.000000
21.828548 37.633961 5.000000
24.771690 29.764359 5.000000
24.161385 23.958166 5.000000
22.765923 31.378105 5.000000
23.724203 25.383801 5.000000
21.562038 22.664915 5.000000
27.633852 27.206961 5.000000
14.740201 30.314442 5.000000
22.353222 24.257519 5.000000
18.711952 38.704048 5.000000
24.486746 28.854733 5.000000
23.144762 23.906200 5.000000
28.902811 -9.760432 5.000000
20.274662 36.258415 5.000000
20.454420 32.067806 5.000000
20.995081 22.197918 5.000000
18.221481 32.819241 5.000000
18.380247 33.770069 5.000000
19.295132 32.232517 5.000000
24.281107 -6.393672 5.000000
20.319082 35.870232 5.000000
26.819231 27.201460 5.000000
19.682077 22.514376 5.000000
23.616652 23.749643 5.000000
18.202187 32.578270 5.000000
23.474951 30.151997 5.000000
23.514826 24.073824 5.000000
21.189646 36.503040 5.000000
19.412231 35.732105 5.000000
26.207939 -7.629338 5.000000
32.035587 -4.349843 5.000000
27.810545 27.919462 5.000000
24.357838 29.386547 5.000000
27.696644 27.757603 5.000000
22.101280 32.051193 5.000000
24.385969 -6.487724 5.000000
-12.074834 -62.006321 6.000000
-10.127358 -59.678833 6.000000
-15.784296 -57.706387 6.000000
-16.597876 -57.191288 6.000000
9.614016 -61.175549 6.000000
-12.667915 -62.881977 6.000000
2.225989 -61.964092 6.000000
-15.806113 -58.290089 6.000000
-12.229559 -62.355473 6.000000
-8.064422 -60.376583 6.000000
9.835344 -61.056149 6.000000
-12.512918 -63.132435 6.000000
-6.604112 -61.186157 6.000000
-11.930875 -58.837551 6.000000
5.430850 -62.220352 6.000000
-16.178757 -57.537895 6.000000
-8.053662 -60.230846 6.000000
-10.165476 -59.255215 6.000000
-15.027224 -57.036610 6.000000
-11.265876 -59.922962 6.000000
-12.370862 -62.658524 6.000000
-5.747798 -61.872765 6.000000
-7.512169 -60.522785 6.000000
-11.062356 -59.453594 6.000000
-9.955864 -59.371300 6.000000
-14.873178 -57.415901 6.000000
-15.163780 -57.314125 6.000000
-9.425686 -59.909504 6.000000
-12.502926 -58.488739 6.000000
-12.396788 -62.810589 6.000000
-12.001579 -62.054115 6.000000
-12.612473 -63.127804 6.000000
-11.544479 -60.318264 6.000000
4.922075 -62.131233 6.000000
5.411427 -62.458424 6.000000
-15.488687 -56.877453 6.000000
2.178768 -61.955956 6.000000
-16.183352 -57.378704 6.000000
-16.431599 -57.356106 6.000000
-15.882689 -56.908104 6.000000
-11.060149 -59.964046 6.000000
-15.858953 -57.383003 6.000000
3.026479 -62.657890 6.000000
-14.448522 -57.719936 6.000000
-11.878439 61.911880 1.000000
-5.954875 59.490810 1.000000
-18.819817 50.641823 1.000000
-7.871119 62.952400 1.000000
-22.706676 44.373898 1.000000
-9.334111 62.606586 1.000000
-12.487164 61.783054 1.000000
-8.564243 57.977615 1.000000
-12.343012 60.878971 1.000000
-35.297974 37.679119 1.000000
-20.161654 49.392902 1.000000
-27.285000 45.095383 1.000000
-6.956421 59.134651 1.000000
-27.446815 39.294758 1.000000
-18.435055 51.066608 1.000000
-36.334999 41.647930 1.000000
-32.628098 37.081169 1.000000
-10.913306 61.406120 1.000000
-14.330667 48.342434 1.000000
-28.361244 37.179832 1.000000
-36.940350 40.095085 1.000000
-12.425684 61.512486 1.000000
-12.953908 49.145599 1.000000
-26.712261 49.089584 1.000000
-23.297117 45.367901 1.000000
-36.431301 39.242401 1.000000
-6.165434 59.205547 1.000000
-13.856314 48.339390 1.000000
-11.599841 50.682713 1.000000
-26.480154 40.223621 1.000000
-24.295416 46.040409 1.000000
-21.289736 52.428875 1.000000
-19.647427 43.742069 1.000000
-13.877109 48.379898 1.000000
-10.037836 57.628456 1.000000
-26.817764 48.367237 1.000000
-29.881382 36.575542 1.000000
-26.734806 38.971184 1.000000
-10.862626 50.939415 1.000000
-36.051834 37.138493 1.000000
-34.646431 37.602863 1.000000
-26.879215 49.207081 1.000000
-19.451166 52.657375 1.000000
-8.118023 60.559723 1.000000
-16.944620 17.238085 3.000000
13.734614 39.242054 3.000000
11.240107 32.213997 3.000000
-42.935532 7.676282 3.000000
-6.183871 23.718927 3.000000
-17.330748 17.746986 3.000000
-17.152859 16.609777 3.000000
3.569871 28.208549 3.000000
5.311164 28.699093 3.000000
-8.768435 22.035225 3.000000
-42.029221 8.601903 3.000000
-43.458851 7.765767 3.000000
-8.498894 22.411884 3.000000
13.602407 40.233768 3.000000
-40.996281 8.386050 3.000000
-37.266907 10.831794 3.000000
-41.857246 8.969206 3.000000
5.645586 28.606211 3.000000
-8.110248 22.805626 3.000000
-13.434377 19.119427 3.000000
-37.298016 10.936998 3.000000
-37.401081 10.690243 3.000000
-51.167645 2.579098 3.000000
-36.315540 10.804400 3.000000
-13.124429 19.457195 3.000000
-16.259001 17.358152 3.000000
-18.109493 16.131981 3.000000
-51.547775 4.325840 3.000000
-13.634306 -1.543662 4.000000
-9.949389 8.044802 4.000000
13.013653 8.322092 4.000000
-18.519503 0.972840 4.000000
-15.509478 1.347594 4.000000
-19.219515 0.266840 4.000000
19.475668 9.245326 4.000000
-20.249336 -4.869210 4.000000
-3.645532 -0.856797 4.000000
-20.354225 0.267537 4.000000
-50.058773 8.021070 4.000000
21.182253 12.322406 4.000000
-17.510380 1.052002 4.000000
-3.852212 1.577750 4.000000
-15.408451 1.305494 4.000000
-3.795980 -0.985524 4.000000
-15.165345 1.370818 4.000000
-49.885887 10.623687 4.000000
-20.274048 0.403248 4.000000
-49.792522 9.537000 4.000000
11.969898 8.253797 4.000000
19.263149 9.457851 4.000000
-19.167608 -0.191976 4.000000
-18.820332 -3.875020 4.000000
-28.034931 -12.022246 4.000000
-19.165201 -1.119120 4.000000
19.811832 9.306823 4.000000
10.933874 31.838932 4.000000
-18.443226 0.933511 4.000000
-3.174964 0.011533 4.000000
13.467998 8.340164 4.000000
19.940464 9.064737 4.000000
-13.169304 6.838604 5.000000
28.713022 -8.625561 5.000000
-3.964520 23.359221 5.000000
-9.188062 21.658205 5.000000
-37.261528 -2.413637 5.000000
-43.271908 -6.770846 5.000000
-36.582298 0.078466 5.000000
-16.463297 18.934837 5.000000
-8.178905 11.479930 5.000000
-41.381462 -4.209417 5.000000
-33.482059 1.806709 5.000000
-49.274632 0.956431 5.000000
-49.182961 1.738767 5.000000
26.453844 -10.113685 5.000000
-9.119270 22.503698 5.000000
-43.540413 9.934809 5.000000
27.543892 -8.636339 5.000000
-34.676865 1.589559 5.000000
-13.362786 7.439563 5.000000
-37.515705 -0.830097 5.000000
-50.657753 4.348807 5.000000
-16.730835 18.270138 5.000000
-34.174049 -1.194396 5.000000
-51.136635 5.100043 5.000000
-9.036609 10.413720 5.000000
-51.346634 5.940963 5.000000
28.131416 -8.661846 5.000000
-37.599018 2.186950 5.000000
-38.293163 -2.996982 5.000000
-38.347565 8.475679 5.000000
-10.727746 9.479317 5.000000
-38.456017 -3.500685 5.000000
-43.247936 -7.105265 5.000000
-3.566839 22.444740 5.000000
-40.795971 -3.176493 5.000000
-50.089214 4.363916 5.000000
-34.903641 3.098680 5.000000
-12.076166 7.488791 5.000000
26.676851 -8.528747 5.000000
-32.453697 7.771613 5.000000
-13.353682 7.423046 5.000000
-38.336491 -3.347690 5.000000
-38.280270 3.381257 5.000000
26.892292 -9.757763 5.000000
-17.079941 18.544424 5.000000
-32.354942 7.917513 5.000000
-6.411475 20.808096 5.000000
-34.153347 2.472450 5.000000
-18.614750 16.291672 5.000000
-14.291636 19.277397 5.000000
-9.046918 10.374292 5.000000
-7.291393 9.957627 5.000000
-51.613438 3.439507 5.000000
-14.946081 17.603407 5.000000
-37.122295 1.027921 5.000000
-6.782472 23.882633 5.000000
-33.669075 1.838141 5.000000
-34.441837 3.973752 5.000000
26.676311 -7.910371 5.000000
-43.847206 9.469484 5.000000
-17.865419 16.459095 5.000000
-5.426908 23.946444 5.000000
-39.449387 -2.106276 5.000000
-5.391932 20.957890 5.000000
-15.411157 17.582563 5.000000
-43.491272 -6.376604 5.000000
-13.529100 20.621786 5.000000
-41.850437 9.632304 5.000000
-37.050640 6.224755 5.000000
-4.862861 21.537571 5.000000
-37.641296 6.996158 5.000000
-49.939919 0.307555 5.000000
-14.481436 15.593606 5.000000
29.071259 -9.716941 5.000000
-40.025604 -3.889742 5.000000
-42.055698 3.642937 5.000000
-9.925758 21.873188 5.000000
-39.446995 9.243283 5.000000
26.455456 -9.955417 5.000000
-5.194679 20.806318 5.000000
-38.016632 3.326547 5.000000
-33.984470 -20.929466 5.000000
-49.371498 1.828332 5.000000
-43.475666 -6.981940 5.000000
-36.686951 2.215000 5.000000
-37.838570 -2.541507 5.000000
-5.650808 23.734425 5.000000
-40.305679 -3.735122 5.000000
-43.258698 -5.621175 5.000000
-3.513821 22.812191 5.000000
-33.765800 -21.225805 5.000000
-11.774708 7.994113 5.000000
1.631340 28.659815 5.000000
-8.071009 10.511782 5.000000
-45.448372 -0.504941 5.000000
27.070719 -8.348918 5.000000
-49.733803 -0.492823 5.000000
-41.801533 -4.923629 5.000000
-36.293015 1.012469 5.000000
-8.170996 11.152704 5.000000
-13.514175 14.522610 5.000000
-7.360312 10.113393 5.000000
-9.145829 20.816929 5.000000
-47.309792 1.164385 5.000000
-37.962151 2.781616 5.000000
-38.194118 7.294220 5.000000
-40.556229 -4.463909 5.000000
-40.814053 -3.078806 5.000000
-38.066437 -1.514775 5.000000
-34.864021 3.321057 5.000000
-49.385796 0.470195 5.000000
-46.078510 0.470285 5.000000
-41.831669 3.223964 5.000000
-37.331417 -1.905401 5.000000
-42.089329 -4.998950 5.000000
-46.933952 0.305337 5.000000
-14.994965 16.554142 5.000000
28.810305 -8.445368 5.000000
-47.256336 -0.677822 5.000000
-4.767377 21.502253 5.000000
-32.649113 6.431891 5.000000
-37.739155 -2.402538 5.000000
-33.482059 1.806709 5.000000
-38.278240 -1.349585 5.000000
-49.823376 -0.001529 5.000000
-43.562412 8.470947 5.000000
-34.155518 -1.217816 5.000000
-33.661774 5.342576 5.000000
-34.098351 1.024983 5.000000
-31.678129 6.711430 5.000000
-37.188457 -0.636433 5.000000
-13.340059 7.504926 5.000000
-35.112869 2.418043 5.000000
-7.008803 23.652739 5.000000
-40.854828 5.770074 5.000000
-45.649021 0.896997 5.000000
-33.702290 -19.779337 5.000000
-14.251397 14.890295 5.000000
-39.469711 8.886767 5.000000
-3.549685 22.481609 5.000000
-37.124130 6.721468 5.000000
-10.247990 9.495231 5.000000
-37.049538 -0.158520 5.000000
-40.383526 9.431684 5.000000
-8.283426 11.500854 5.000000
-49.644848 3.061643 5.000000
-33.644897 -19.807785 5.000000
0.886836 -57.397442 6.000000
5.550400 -61.208336 6.000000
9.352365 -58.080505 6.000000
-7.032876 -56.639023 6.000000
-10.525329 -53.170971 6.000000
-4.490619 -58.844227 6.000000
5.934175 -61.439453 6.000000
-2.686153 -59.707516 6.000000
-7.678374 -56.481682 6.000000
3.151559 -59.603134 6.000000
-13.107949 -51.973587 6.000000
-7.297125 -57.143276 6.000000
-8.055387 -56.292137 6.000000
10.204531 -57.135128 6.000000
4.074309 -58.866688 6.000000
-10.663388 -54.835396 6.000000
-11.319547 -54.400570 6.000000
-14.600178 -52.363907 6.000000
-3.866048 -60.243786 6.000000
0.763011 -61.521435 6.000000
-9.089474 -55.904507 6.000000
2.493231 -58.023415 6.000000
0.688953 -56.615372 6.000000
1.261737 -57.331512 6.000000
-1.153909 -59.213009 6.000000
2.300405 -58.958233 6.000000
-4.882392 -59.356064 6.000000
-4.409317 -59.373173 6.000000
4.832350 -57.172798 6.000000
-11.429368 -53.852360 6.000000
-15.549484 -52.296127 6.000000
-11.882013 -53.308483 6.000000
-12.098942 -51.987789 6.000000
2.526981 -57.096573 6.000000
-5.837441 -57.254261 6.000000
-0.300359 -57.121601 6.000000
10.260900 -60.288834 6.000000
8.434287 -60.366829 6.000000
3.706978 -58.981293 6.000000
3.281221 -57.355309 6.000000
9.145346 -58.717083 6.000000
6.205239 -61.203331 6.000000
-13.667138 -54.729836 6.000000
6.661005 -61.249664 6.000000
9.494986 -57.571873 6.000000
-10.353619 -55.178795 6.000000
-6.634286 -59.093830 6.000000
-7.453902 -56.781372 6.000000
3.962747 -57.088917 6.000000
7.651226 -57.901497 6.000000
0.299477 -59.597847 6.000000
1.666265 -56.747711 6.000000
-0.932377 -59.692593 6.000000
-2.775672 -60.571327 6.000000
-11.162187 -53.185387 6.000000
9.717135 -57.842575 6.000000
1.297525 -60.572094 6.000000
-12.390359 -53.064651 6.000000
-27.458733 37.309727 1.000000
-9.843777 49.805069 1.000000
-28.351839 46.733650 1.000000
-29.493296 45.598782 1.000000
-32.151001 34.570591 1.000000
-8.829601 62.019234 1.000000
-8.418849 62.069267 1.000000
-24.945223 45.501472 1.000000
-16.320948 46.543770 1.000000
-21.257969 43.761368 1.000000
-4.401243 52.743748 1.000000
-26.226055 45.684155 1.000000
-36.129375 41.097427 1.000000
-14.878834 46.935699 1.000000
-10.927590 62.860313 1.000000
-17.909060 52.848568 1.000000
-28.080820 45.392765 1.000000
-17.624697 53.932320 1.000000
-19.479343 51.605129 1.000000
-20.655060 44.289307 1.000000
-9.691317 50.501747 1.000000
-33.949677 42.361164 1.000000
-6.666369 57.065231 1.000000
-16.979744 53.959015 1.000000
-4.107526 54.405296 1.000000
-20.973448 43.450031 1.000000
-28.649323 33.333870 1.000000
-33.588379 36.895977 1.000000
-21.307989 48.120548 1.000000
-7.701766 52.150906 1.000000
-11.054864 50.088856 1.000000
-33.035099 34.568333 1.000000
-6.555301 60.092365 1.000000
-18.363348 51.504997 1.000000
-37.146187 38.977634 1.000000
-14.915979 48.299862 1.000000
-28.098124 47.005066 1.000000
-28.151628 46.384777 1.000000
-28.746130 34.507511 1.000000
-27.026550 46.609516 1.000000
-27.701849 45.908642 1.000000
-9.148746 50.430832 1.000000
-11.209052 62.022350 1.000000
-10.406426 48.874260 1.000000
-5.715586 54.992004 1.000000
-8.937244 57.816235 1.000000
-14.069059 47.426735 1.000000
-29.169798 36.801037 1.000000
-28.518559 36.629009 1.000000
-21.211264 45.600849 1.000000
-35.089157 41.829899 1.000000
-18.281096 49.834549 1.000000
-30.288986 44.293129 1.000000
-19.032467 51.881157 1.000000
-5.213937 54.584167 1.000000
-24.789944 50.480862 1.000000
32.903446 -5.019948 2.000000
32.449722 -5.200028 2.000000
45.363155 -0.377735 2.000000
38.668236 -10.729756 2.000000
35.041187 -4.167375 2.000000
40.254646 -12.058695 2.000000
34.316727 -4.720412 2.000000
38.186249 -10.320607 2.000000
32.435143 -6.100590 2.000000
45.301575 -0.193619 2.000000
34.515175 -4.612724 2.000000
40.230305 -12.060974 2.000000
34.378838 -4.604597 2.000000
29.496511 -25.213367 2.000000
35.339939 -4.485603 2.000000
51.955368 4.924869 2.000000
34.628059 -4.535278 2.000000
45.971355 -3.956340 2.000000
33.115070 -5.636678 2.000000
38.156414 -10.269391 2.000000
35.195972 -4.502748 2.000000
51.914955 4.900283 2.000000
32.492077 -5.027548 2.000000
45.972298 -3.924848 2.000000
45.968536 -3.942665 2.000000
32.492077 -5.027548 2.000000
32.470104 -6.072633 2.000000
40.151276 -12.067606 2.000000
51.955658 4.931158 2.000000
34.628059 -4.535278 2.000000
10.489862 6.376558 3.000000
12.795240 7.546495 3.000000
1.083704 7.136623 3.000000
31.549833 -0.716767 3.000000
25.492914 16.330942 3.000000
25.422600 15.446548 3.000000
25.574671 16.098694 3.000000
12.845841 33.448517 3.000000
12.764544 7.505487 3.000000
5.517270 7.718019 3.000000
25.290127 13.998107 3.000000
25.528543 16.428074 3.000000
12.666602 33.267368 3.000000
11.490142 7.322587 3.000000
9.736631 6.106306 3.000000
25.754133 16.362446 3.000000
10.546152 6.099060 3.000000
9.890601 6.226806 3.000000
22.230913 15.209455 3.000000
13.447586 40.228996 3.000000
10.538714 6.366446 3.000000
31.656115 -0.819287 3.000000
26.318739 16.025032 3.000000
19.672251 38.946682 3.000000
26.165184 17.362541 3.000000
22.689627 16.517982 3.000000
5.246486 7.383399 3.000000
22.030338 14.887399 3.000000
19.061369 38.975899 3.000000
26.068832 15.775089 3.000000
5.483299 7.776467 3.000000
24.574175 13.835350 3.000000
15.361897 -0.558434 4.000000
15.377749 -0.311293 4.000000
16.367071 -8.032449 4.000000
15.076763 -0.705233 4.000000
15.550569 -7.521386 4.000000
20.189810 4.320724 4.000000
34.225094 -1.966424 4.000000
18.092419 0.451648 4.000000
15.581863 3.969349 4.000000
33.723049 -3.964096 4.000000
15.378028 -7.828536 4.000000
33.939182 -2.211737 4.000000
-46.227646 2.787629 7.000000
-0.230911 22.904728 7.000000
-45.759842 5.536507 7.000000
-10.538273 15.712724 7.000000
11.065615 27.762268 7.000000
18.999311 33.991238 7.000000
12.147983 30.858042 7.000000
-9.411663 16.095652 7.000000
-33.582897 8.031684 7.000000
-36.604164 9.258078 7.000000
-8.665537 18.752237 7.000000
21.261885 34.828030 7.000000
0.144917 26.611053 7.000000
-44.843700 5.130154 7.000000
17.683094 39.159695 7.000000
-45.032787 2.343666 7.000000
-45.041893 10.173414 7.000000
-44.590733 3.147484 7.000000
-36.145386 7.993087 7.000000
-49.838890 8.058918 7.000000
-45.032780 2.343697 7.000000
-9.893277 16.835512 7.000000
-45.260349 4.490850 7.000000
-44.611256 2.579530 7.000000
15.166513 38.319035 7.000000
-45.188831 2.508584 7.000000
12.857338 27.830154 7.000000
0.578798 24.834230 7.000000
-7.676873 23.999388 7.000000
-10.531192 14.587162 7.000000
-45.152199 5.919353 7.000000
20.580219 34.063019 7.000000
-49.418171 5.694260 7.000000
-9.407634 16.592112 7.000000
9.894979 28.229664 7.000000
-9.876283 15.748487 7.000000
20.641861 34.708679 7.000000
-1.232565 25.345947 7.000000
-35.641376 5.761458 7.000000
-36.208759 7.707252 7.000000
0.162351 23.253925 7.000000
10.066064 28.258287 7.000000
-34.471531 6.088419 7.000000
19.452890 33.786797 7.000000
10.491010 28.109428 7.000000
-50.137615 6.965294 7.000000
0.651620 24.153667 7.000000
-0.744722 23.454012 7.000000
16.320675 38.392635 7.000000
-50.438820 6.435967 7.000000
-36.848850 9.313584 7.000000
20.954330 33.774830 7.000000
13.000370 28.320499 7.000000
-46.349548 9.962233 7.000000
0.876066 28.332863 7.000000
-47.095589 2.927123 7.000000
-50.700642 6.768416 7.000000
-9.407950 14.068331 7.000000
11.067893 28.983635 7.000000
-35.779785 6.453992 7.000000
-11.485291 16.500793 7.000000
15.984641 38.337296 7.000000
10.974874 30.765844 7.000000
-44.417027 2.852449 7.000000
-8.868738 14.971150 7.000000
-10.026582 16.001881 7.000000
-0.270766 23.347620 7.000000
0.144917 26.611053 7.000000
0.437154 23.833157 7.000000
20.719782 33.868923 7.000000
16.240772 38.200249 7.000000
12.283399 29.932774 7.000000
21.149483 35.059769 7.000000
-45.123878 5.342118 7.000000
-10.885005 17.861526 7.000000
-34.211781 6.463052 7.000000
-48.365273 4.663365 7.000000
-1.230736 23.163980 7.000000
2.162898 26.968355 7.000000
-10.736063 17.515533 7.000000
-33.681351 7.163942 7.000000
11.683956 30.968885 7.000000
-35.652565 7.105537 7.000000
-10.504240 14.667253 7.000000
-11.330386 17.044598 7.000000
20.424854 34.618248 7.000000
0.098203 23.140348 7.000000
-50.003860 6.082295 7.000000
-1.260733 24.197941 7.000000
10.881477 30.716835 7.000000
-8.082953 17.392515 7.000000
0.778952 26.696667 7.000000
-11.233106 16.430220 7.000000
18.061287 38.301258 7.000000
0.756307 27.112953 7.000000
-9.192571 14.729240 7.000000
11.868366 30.387775 7.000000
10.408155 28.888058 7.000000
-49.849300 6.342577 7.000000
10.308923 28.096661 7.000000
-50.374195 8.480952 7.000000
-50.248707 7.782550 7.000000
-9.811281 17.051922 7.000000
-35.904709 7.017647 7.000000
-8.880958 17.657530 7.000000
-47.910454 3.659522 7.000000
-45.385078 6.414034 7.000000
-45.407742 4.662545 7.000000
15.166469 38.319122 7.000000
17.624489 38.898712 7.000000
-8.676305 16.317585 7.000000
12.789042 29.530790 7.000000
0.800503 23.127136 7.000000
-33.575428 7.181300 7.000000
-47.310032 2.844562 7.000000
1.312425 27.054379 7.000000
16.548645 37.050312 7.000000
11.343705 27.520460 7.000000
20.440536 33.322998 7.000000
11.207239 29.454180 7.000000
-43.922096 2.489173 7.000000
-10.986932 15.896547 7.000000
-1.318953 25.923412 7.000000
-20.247742 14.211021 7.000000
13.195009 28.897629 7.000000
10.554502 27.858786 7.000000
-9.179725 14.237757 7.000000
-0.499295 24.172115 7.000000
-43.844578 2.410677 7.000000
-10.782018 16.634071 7.000000
10.344160 -50.396862 6.000000
-12.180472 -43.537544 6.000000
-12.938062 -46.170071 6.000000
5.537844 -49.916420 6.000000
-8.469747 -46.003090 6.000000
11.927850 -58.829967 6.000000
8.186707 -49.882145 6.000000
-12.625224 -44.586040 6.000000
-7.474932 -45.939056 6.000000
-7.442380 -44.590580 6.000000
-6.669239 -45.170753 6.000000
-7.620530 -46.376400 6.000000
9.206865 -52.305626 6.000000
-12.775995 -46.122612 6.000000
11.841813 -51.506321 6.000000
-3.606097 -49.317986 6.000000
-11.869258 -43.661304 6.000000
-11.671079 -43.369526 6.000000
-8.932824 -46.509380 6.000000
-11.801985 -42.080872 6.000000
-11.742730 -45.389599 6.000000
-3.533655 -49.160934 6.000000
-11.107553 -42.625000 6.000000
11.807967 -57.916019 6.000000
-7.107411 -43.109428 6.000000
10.401137 -49.885132 6.000000
-10.360596 -43.486137 6.000000
12.231846 -58.242756 6.000000
12.972974 -53.375275 6.000000
-7.128136 -43.713814 6.000000
-6.475457 -44.857395 6.000000
11.229768 -57.341591 6.000000
11.397178 -57.558285 6.000000
-12.309944 -43.558601 6.000000
5.503427 -51.248653 6.000000
-9.617394 -42.660030 6.000000
-9.394665 -43.761848 6.000000
5.407367 -46.390263 6.000000
-8.846834 -42.722790 6.000000
-10.843364 -46.386803 6.000000
-12.338553 -42.602421 6.000000
-7.852531 -42.902050 6.000000
-11.957900 -42.554768 6.000000
7.084384 -53.061176 6.000000
4.677408 -47.218784 6.000000
-3.486894 -48.101566 6.000000
12.812010 -53.071827 6.000000
11.793706 -57.657921 6.000000
4.273680 -47.949852 6.000000
7.449219 -53.488739 6.000000
8.293293 -49.928211 6.000000
-12.319153 -45.069542 6.000000
6.543993 -47.603771 6.000000
7.518982 -48.195786 6.000000
8.038194 -51.922020 6.000000
-11.858301 -42.756435 6.000000
7.967134 -49.175320 6.000000
-10.964903 -44.809841 6.000000
-10.533253 -46.498108 6.000000
12.367883 -52.029720 6.000000
5.665220 -50.145912 6.000000
10.042776 -51.816017 6.000000
5.716370 -46.048840 6.000000
11.381289 -50.579350 6.000000
-12.376992 -42.819759 6.000000
5.727993 -50.423431 6.000000
8.036634 -50.100571 6.000000
-7.438736 -45.224773 6.000000
8.703288 -52.072960 6.000000
-7.294837 -45.935810 6.000000
9.831090 -50.901939 6.000000
7.724571 -54.592022 6.000000
-11.687897 -46.536591 6.000000
-7.663880 -42.928555 6.000000
12.744168 -52.841652 6.000000
6.483525 -50.765247 6.000000
-11.444784 -42.632774 6.000000
-9.415760 -43.420483 6.000000
-10.426527 -42.807632 6.000000
-8.279253 -43.220657 6.000000
-10.809475 63.401348 1.000000
-24.514669 43.842133 1.000000
-5.108603 55.214905 1.000000
-9.675387 60.633007 1.000000
-31.889265 42.674515 1.000000
-25.884424 49.132996 1.000000
-30.865801 40.794624 1.000000
-25.027958 49.862514 1.000000
-32.043331 42.528744 1.000000
-9.937838 61.875393 1.000000
-5.561255 55.844719 1.000000
-25.435022 46.065205 1.000000
-37.862125 39.770512 1.000000
-5.287440 57.098263 1.000000
-3.841234 53.348114 1.000000
-10.401084 49.970715 1.000000
-31.933483 38.814999 1.000000
-16.177151 49.170486 1.000000
-38.051163 39.307323 1.000000
-8.887862 60.932270 1.000000
-25.587461 49.443123 1.000000
-23.163628 49.142994 1.000000
-28.615177 38.248096 1.000000
-30.670677 45.995605 1.000000
-34.415928 43.066681 1.000000
-21.643682 52.952503 1.000000
-9.725885 63.073551 1.000000
-30.798166 33.501713 1.000000
-20.305868 46.094643 1.000000
-5.089885 57.833778 1.000000
-21.888103 42.870583 1.000000
-26.270741 47.198666 1.000000
-21.623003 42.776924 1.000000
-30.783297 42.537113 1.000000
-10.027378 60.596764 1.000000
-15.501985 48.617870 1.000000
-25.855343 46.258476 1.000000
-37.190769 39.709221 1.000000
-17.970663 53.517456 1.000000
-16.584299 48.908440 1.000000
-11.969572 63.231159 1.000000
-8.300387 60.993336 1.000000
-31.394676 38.426235 1.000000
-27.067232 47.622406 1.000000
-4.274389 53.905453 1.000000
-25.287066 49.751736 1.000000
31.297531 -22.266785 2.000000
27.015306 -23.741325 2.000000
27.404623 -24.015795 2.000000
46.178200 -1.453352 2.000000
26.330631 -22.405767 2.000000
28.241934 -24.428076 2.000000
28.357946 -24.771711 2.000000
46.454292 -2.248443 2.000000
28.808735 -24.898735 2.000000
27.421236 -23.945507 2.000000
37.126369 -9.841013 2.000000
45.930206 -0.642707 2.000000
36.506329 -12.152484 2.000000
35.529354 -11.443992 2.000000
36.256477 -11.104740 2.000000
28.369589 -25.575125 2.000000
29.514019 -22.219496 2.000000
26.236221 -22.213833 2.000000
39.829853 -13.471196 2.000000
27.893162 -24.774652 2.000000
28.951542 -24.689720 2.000000
28.183260 -24.242682 2.000000
36.506660 -12.152620 2.000000
28.059212 -25.994646 2.000000
28.010506 -23.833487 2.000000
46.260056 -1.552410 2.000000
46.472446 -3.005996 2.000000
36.792240 -12.251734 2.000000
31.289700 -22.275715 2.000000
26.572990 -22.702486 2.000000
40.119305 -13.465450 2.000000
28.025223 -26.225384 2.000000
36.915642 -9.852878 2.000000
27.871546 -26.368334 2.000000
39.829853 -13.471196 2.000000
28.353327 -25.966471 2.000000
27.893164 -24.774652 2.000000
36.751926 -12.462343 2.000000
30.211374 -22.047514 2.000000
35.824760 -11.951291 2.000000
28.800188 -24.243191 2.000000
40.119305 -13.465450 2.000000
17.740171 41.112045 3.000000
1.999753 30.037560 3.000000
1.844151 29.993038 3.000000
-11.241295 24.099825 3.000000
1.844150 29.992960 3.000000
13.238427 36.811115 3.000000
4.540338 32.122925 3.000000
26.475359 -11.769238 3.000000
14.351661 40.199329 3.000000
14.656033 39.965420 3.000000
34.424118 -7.969852 3.000000
-15.203663 8.042445 3.000000
-43.908333 11.628494 3.000000
-15.232670 8.081149 3.000000
18.326532 40.500362 3.000000
19.209797 22.629110 3.000000
-43.215870 10.850933 3.000000
-52.184425 6.033119 3.000000
34.452950 -7.920755 3.000000
-19.693987 16.856665 3.000000
3.749536 31.206160 3.000000
4.144652 32.695446 4.000000
15.387290 40.163071 4.000000
-46.944695 10.268241 4.000000
-50.554939 9.255566 4.000000
-7.299191 25.595154 4.000000
0.311713 29.135239 4.000000
-7.269321 25.602654 4.000000
-1.260733 24.197941 7.000000
11.207248 29.454174 7.000000
-10.884985 17.861568 7.000000
-45.385120 6.414078 7.000000
-43.844585 2.410661 7.000000
-48.365292 4.663354 7.000000
-26.909821 -21.048950 7.000000
-31.910471 -14.335789 7.000000
-32.182487 -14.688666 7.000000
-13.749362 -9.936495 7.000000
-50.700665 6.768452 7.000000
-25.979237 -22.718708 7.000000
12.283360 29.932800 7.000000
-15.020519 -6.679557 7.000000
-27.975912 -24.125895 7.000000
-8.665548 18.752323 7.000000
-0.499295 24.172115 7.000000
-28.869133 -17.057030 7.000000
-1.230740 23.164003 7.000000
20.424946 34.618176 7.000000
-46.227646 2.787629 7.000000
3.582403 -1.344062 7.000000
-46.349548 9.962233 7.000000
-14.178489 -10.859121 7.000000
-12.322143 -13.390475 7.000000
1.519444 3.556004 7.000000
-49.849300 6.342577 7.000000
-1.232485 25.346001 7.000000
-2.112403 2.680789 7.000000
-12.851492 -17.033594 7.000000
-4.409317 -59.373173 6.000000
-3.617012 -48.705750 6.000000
7.027917 -52.369949 6.000000
-7.663841 -42.928192 6.000000
-14.658126 -53.560219 6.000000
-2.686111 -59.707550 6.000000
-8.053659 -60.230865 6.000000
12.812010 -53.071827 6.000000
11.807968 -57.916031 6.000000
-5.747822 -61.872768 6.000000
11.357781 -52.213165 6.000000
9.835344 -61.056149 6.000000
-8.351777 -48.260597 6.000000
-4.409587 -49.226868 6.000000
5.407367 -46.390263 6.000000
-4.882121 -59.355885 6.000000
-10.127372 -59.678764 6.000000
-0.435288 -60.692390 6.000000
-11.107553 -42.625000 6.000000
1.297513 -60.572094 6.000000
8.703288 -52.072960 6.000000
-12.396788 -62.810589 6.000000
2.436652 -49.831615 6.000000
6.243749 -48.116570 6.000000
-7.825819 -47.462326 6.000000
6.170213 -51.701447 6.000000
4.832350 -57.172798 6.000000
2.493261 -58.023418 6.000000
5.304125 -60.000950 6.000000
-1.892033 -58.073109 6.000000
-13.886583 15.111554 5.000000
-48.786537 1.756621 5.000000
-38.278244 -1.349832 5.000000
-42.440720 -4.953723 5.000000
-37.122299 1.027931 5.000000
-37.188457 -0.636433 5.000000
29.071259 -9.716941 5.000000
-3.549453 22.481596 5.000000
-18.387774 -0.936824 5.000000
-33.765800 -21.225805 5.000000
-33.702290 -19.779337 5.000000
-32.453697 7.771612 5.000000
7.219463 -26.632389 5.000000
-43.540417 9.934850 5.000000
-17.079941 18.544424 5.000000
-42.089863 -4.998113 5.000000
-35.112869 2.418043 5.000000
7.577493 -25.738789 5.000000
-36.293015 1.012469 5.000000
-18.157476 -2.017701 5.000000
21.209040 32.085407 5.000000
21.486443 36.774021 5.000000
-13.983257 16.120787 5.000000
26.455456 -9.955417 5.000000
19.412231 35.732105 5.000000
-36.687019 2.215005 5.000000
-21.006826 -3.338903 5.000000
-3.513919 22.812223 5.000000
-6.782472 23.882633 5.000000
-49.644855 3.061663 5.000000
13.944136 4.867265 4.000000
18.301523 0.641884 4.000000
9.778362 -5.975795 4.000000
-18.519503 0.972840 4.000000
15.060002 2.909365 4.000000
-17.823811 -23.189322 4.000000
34.019157 -2.420334 4.000000
15.069647 2.662825 4.000000
20.836491 5.578949 4.000000
20.771938 6.352950 4.000000
5.959192 2.304093 4.000000
15.550811 -7.521398 4.000000
-3.852201 1.577777 4.000000
2.231594 -21.183214 4.000000
19.475584 9.245404 4.000000
-49.792515 9.536958 4.000000
3.548895 -23.459406 4.000000
9.277156 -6.373224 4.000000
-11.644145 46.015865 4.000000
0.311718 29.135218 4.000000
13.769396 -6.793080 4.000000
15.076763 -0.705233 4.000000
12.740139 -4.534933 4.000000
20.268650 5.514917 4.000000
8.591124 -15.698183 4.000000
15.099139 5.519006 4.000000
9.928819 -4.703010 4.000000
2.125282 -17.098757 4.000000
15.378028 -7.828536 4.000000
17.833771 -3.074097 4.000000
8.315837 32.632378 3.000000
8.606114 32.426586 3.000000
13.147050 36.671104 3.000000
-22.008968 -12.349393 3.000000
24.221399 30.728912 3.000000
23.562906 14.156642 3.000000
18.071054 35.994316 3.000000
24.209730 23.736595 3.000000
-43.215862 10.850944 3.000000
-37.401165 10.690320 3.000000
3.372706 5.313811 3.000000
-11.273332 -11.381256 3.000000
34.452950 -7.920755 3.000000
32.279255 26.115374 3.000000
28.905735 27.387411 3.000000
-11.014557 24.510859 3.000000
-48.521900 7.157246 3.000000
28.906929 27.606504 3.000000
7.570811 31.978939 3.000000
29.605354 27.633919 3.000000
-19.166504 -5.184814 3.000000
31.694452 22.407623 3.000000
8.755981 5.117525 3.000000
33.190014 24.805891 3.000000
6.644753 4.606951 3.000000
19.379091 39.828934 3.000000
29.153275 25.946167 3.000000
25.422586 15.446553 3.000000
17.268677 31.420000 3.000000
-17.152832 16.609797 3.000000
42.965363 -25.733896 2.000000
26.236221 -22.213833 2.000000
47.262131 -18.383799 2.000000
54.712536 4.606450 2.000000
57.014874 -1.946703 2.000000
52.111652 -3.434909 2.000000
50.273182 -1.866619 2.000000
45.301567 -0.193618 2.000000
42.379532 -25.272848 2.000000
44.089523 -22.814116 2.000000
30.211407 -22.047691 2.000000
38.803352 -23.603077 2.000000
45.363155 -0.377735 2.000000
53.164417 -5.468104 2.000000
50.651516 -6.050309 2.000000
46.361092 -19.664948 2.000000
49.959648 -7.123188 2.000000
38.186317 -10.320526 2.000000
42.642311 -18.727108 2.000000
39.829853 -13.471196 2.000000
33.480072 -31.203123 2.000000
53.584549 2.231445 2.000000
50.930004 -12.529617 2.000000
57.083183 1.059494 2.000000
55.061974 2.392064 2.000000
49.706955 -7.948744 2.000000
53.254086 1.452206 2.000000
33.176739 -30.680843 2.000000
41.579681 -16.910053 2.000000
42.826283 -25.364204 2.000000
-8.744679 50.218365 1.000000
-27.458776 37.309803 1.000000
-28.361254 37.179893 1.000000
-26.226057 45.684151 1.000000
-28.080820 45.392765 1.000000
-34.578876 36.075600 1.000000
-11.529576 63.059139 1.000000
-14.069089 47.426720 1.000000
-11.054875 50.088844 1.000000
-38.051170 39.307312 1.000000
-32.043331 42.528744 1.000000
-4.651881 55.478123 1.000000
-10.852869 57.964230 1.000000
-28.518517 36.628979 1.000000
-31.889265 42.674519 1.000000
-24.357904 47.833668 1.000000
-6.956412 59.134666 1.000000
-5.469357 54.489021 1.000000
-32.933220 36.718624 1.000000
-30.865757 40.794712 1.000000
-28.351839 46.733650 1.000000
-27.446815 39.294758 1.000000
-28.342209 35.511360 1.000000
-5.561255 55.844719 1.000000
-5.287321 57.098274 1.000000
-36.129375 41.097427 1.000000
-16.979744 53.959019 1.000000
-12.425684 61.512486 1.000000
-11.209050 62.022354 1.000000
-6.410078 55.679520 1.000000
