-0.448290 20.178074 0.000000
0.269924 18.840651 0.000000
-1.877207 20.313143 0.000000
0.882945 20.644651 0.000000
1.815355 19.114897 0.000000
-0.081568 20.171616 0.000000
-0.326831 15.184081 0.000000
-0.289884 16.490627 0.000000
-1.203368 17.913866 0.000000
-0.616326 19.322247 0.000000
0.272674 19.019436 0.000000
-2.952765 20.075047 0.000000
1.336184 17.304985 0.000000
-2.182667 17.524736 0.000000
2.434605 17.432232 0.000000
-2.564074 18.395584 0.000000
0.528659 18.649744 0.000000
-4.030079 19.507730 0.000000
-2.814438 18.349167 0.000000
-1.380364 19.398264 0.000000
-0.088016 16.933256 0.000000
1.961937 16.556202 0.000000
1.991576 18.597246 0.000000
-3.012803 17.403471 0.000000
-3.001187 18.543810 0.000000
-1.625162 20.053677 0.000000
-0.662559 17.211323 0.000000
1.106468 19.521070 0.000000
-1.001343 19.457472 0.000000
0.755198 16.921392 0.000000
-4.093941 19.501425 0.000000
-0.787817 18.071325 0.000000
-1.206522 18.021498 0.000000
-0.928922 18.470596 0.000000
0.875439 17.972401 0.000000
0.278252 20.018282 0.000000
-1.439719 16.602039 0.000000
-1.130621 16.776588 0.000000
0.700694 19.229300 0.000000
-1.634979 19.773922 0.000000
-0.787160 16.116447 0.000000
1.088098 15.169873 0.000000
-2.105685 18.561760 0.000000
-2.238910 16.177252 0.000000
-2.037776 15.531532 0.000000
-0.326667 17.193630 0.000000
1.812006 18.241438 0.000000
1.526044 20.322462 0.000000
-2.640444 17.377516 0.000000
-3.227174 16.229923 0.000000
-1.679675 15.192193 0.000000
-1.455350 19.252512 0.000000
-2.018881 18.022596 0.000000
1.478907 17.322910 0.000000
-2.971807 17.424564 0.000000
-3.871974 18.331326 0.000000
-0.965379 19.192034 0.000000
-4.006333 17.966208 0.000000
1.876827 18.232084 0.000000
-0.202860 18.014534 0.000000
-3.115133 18.834091 0.000000
-1.817260 17.270311 0.000000
-0.473954 17.122036 0.000000
-3.935345 17.964155 0.000000
0.156072 16.947603 0.000000
-0.613463 18.363283 0.000000
-1.697716 18.631664 0.000000
-0.617561 15.929448 0.000000
-1.098732 18.124731 0.000000
1.336324 16.206020 0.000000
0.441562 19.120609 0.000000
0.464575 15.658216 0.000000
0.323260 15.943645 0.000000
0.397776 17.790205 0.000000
0.463785 15.573869 0.000000
-2.379979 20.888107 0.000000
-3.785755 16.060526 0.000000
1.068882 16.591421 0.000000
-1.359488 16.915764 0.000000
0.507451 18.457058 0.000000
-0.965917 21.298933 0.000000
-1.608915 16.364523 0.000000
1.733417 17.589010 0.000000
-0.431378 16.834625 0.000000
-1.996565 18.554501 0.000000
-3.754769 16.095186 0.000000
-1.285875 18.512497 0.000000
0.476272 18.889519 0.000000
-1.970071 17.493650 0.000000
-2.842350 18.399803 0.000000
-0.709943 20.336945 0.000000
0.299473 16.218956 0.000000
-1.024449 21.148741 0.000000
1.046483 20.699297 0.000000
0.421809 17.101492 0.000000
-2.603697 19.577988 0.000000
-0.723710 18.980854 0.000000
0.261479 18.024738 0.000000
-1.265712 15.651368 0.000000
0.981935 16.806250 0.000000
1.375689 -17.999937 1.000000
2.516070 -14.956184 1.000000
1.362212 -12.724378 1.000000
2.179750 -15.784076 1.000000
1.570855 -17.923819 1.000000
0.763971 -15.573417 1.000000
2.466028 -15.396667 1.000000
0.678296 -18.380787 1.000000
-0.856052 -16.957859 1.000000
1.425154 -15.578550 1.000000
1.716900 -16.456619 1.000000
4.033205 -14.000566 1.000000
1.602741 -13.934298 1.000000
-1.072440 -16.746689 1.000000
1.413752 -13.266629 1.000000
-0.622914 -14.561401 1.000000
0.583740 -17.481764 1.000000
-1.964469 -15.806532 1.000000
2.869403 -13.444758 1.000000
1.516319 -18.063059 1.000000
2.036922 -13.840734 1.000000
0.140493 -15.848304 1.000000
1.487153 -14.869739 1.000000
0.658749 -15.781241 1.000000
0.795959 -14.767776 1.000000
2.482697 -17.794374 1.000000
-1.486510 -13.248677 1.000000
2.295691 -12.026675 1.000000
1.156401 -15.022973 1.000000
2.236346 -17.764357 1.000000
2.680460 -13.359262 1.000000
0.864080 -15.956338 1.000000
0.212523 -14.821304 1.000000
-0.182907 -14.002864 1.000000
3.490901 -12.649258 1.000000
-1.603891 -14.840017 1.000000
3.450541 -15.786163 1.000000
0.200330 -12.338456 1.000000
-0.775221 -15.522286 1.000000
0.027590 -13.350015 1.000000
-0.696559 -15.441275 1.000000
0.355162 -12.257577 1.000000
3.046588 -15.781651 1.000000
1.322169 -13.944601 1.000000
1.362652 -15.159914 1.000000
1.110207 -14.869432 1.000000
0.822422 -15.326962 1.000000
-0.022645 -13.344467 1.000000
-1.011718 -15.250315 1.000000
-0.030277 -16.813416 1.000000
-0.310684 -18.091227 1.000000
1.998506 -14.502233 1.000000
1.282979 -14.456283 1.000000
-1.300939 -17.438883 1.000000
2.134531 -16.999599 1.000000
-1.416280 -13.329573 1.000000
-0.669199 -15.198544 1.000000
0.063533 -14.824201 1.000000
2.906034 -13.355541 1.000000
-1.460267 -16.329586 1.000000
2.384882 -14.883425 1.000000
-1.478770 -13.076948 1.000000
0.886334 -14.285196 1.000000
2.043266 -15.468348 1.000000
0.409469 -14.239759 1.000000
0.253406 -13.828929 1.000000
2.589448 -16.087509 1.000000
0.370003 -12.166233 1.000000
1.429848 -13.108644 1.000000
0.591215 -13.802987 1.000000
1.638050 -18.708035 1.000000
2.200248 -16.258114 1.000000
1.582048 -17.361780 1.000000
3.555707 -16.418728 1.000000
4.184863 -17.354662 1.000000
2.758730 -17.421036 1.000000
3.891512 -14.856133 1.000000
1.715818 -15.807606 1.000000
3.545038 -15.832188 1.000000
-0.041970 -14.456141 1.000000
0.957821 -14.081068 1.000000
1.098086 -16.663412 1.000000
1.092347 -16.350094 1.000000
4.425972 -15.681614 1.000000
-1.381054 -14.033166 1.000000
1.114996 -14.185597 1.000000
3.674215 -14.868320 1.000000
-0.266966 -15.426852 1.000000
0.419031 -17.259136 1.000000
0.176714 -15.670116 1.000000
1.887070 -16.684511 1.000000
3.083505 -14.512267 1.000000
-1.009954 -13.695127 1.000000
-0.185348 -16.108524 1.000000
0.170650 -16.135578 1.000000
1.053279 -16.068029 1.000000
2.434550 -12.392563 1.000000
-1.536506 -15.267927 1.000000
3.043030 -14.540689 1.000000
2.538722 -16.692520 1.000000
