21.833647 34.161251 0.000000
25.682112 33.374493 0.000000
22.835323 31.143682 0.000000
23.736006 33.818161 0.000000
24.843351 33.034634 0.000000
20.902256 32.697464 0.000000
25.611309 34.513912 0.000000
21.097685 33.257626 0.000000
23.184828 32.955742 0.000000
23.733244 33.723549 0.000000
22.981607 32.985649 0.000000
23.413549 34.381493 0.000000
20.314838 35.066055 0.000000
20.221197 32.349808 0.000000
21.995296 31.841713 0.000000
24.757393 32.879681 0.000000
24.603182 33.026009 0.000000
25.244604 34.854317 0.000000
23.766697 34.222252 0.000000
21.702543 30.551659 0.000000
22.604172 34.649918 0.000000
21.672956 33.397778 0.000000
20.084764 31.805855 0.000000
20.131021 33.431839 0.000000
21.727789 35.090313 0.000000
23.900742 30.958334 0.000000
21.229485 32.432751 0.000000
22.040634 30.889908 0.000000
20.831141 31.035246 0.000000
20.591318 34.732975 0.000000
22.343143 32.674381 0.000000
20.573685 33.049267 0.000000
23.902279 33.321899 0.000000
20.135218 31.383839 0.000000
22.941002 35.957111 0.000000
20.714283 32.143803 0.000000
21.335649 32.614609 0.000000
22.081244 32.724499 0.000000
20.464859 32.823116 0.000000
20.326960 31.219931 0.000000
21.962286 30.929665 0.000000
22.624863 33.440575 0.000000
22.971067 31.664356 0.000000
23.678734 32.498692 0.000000
24.680803 34.840687 0.000000
23.713329 34.877460 0.000000
22.161964 32.314629 0.000000
21.669382 33.664806 0.000000
24.971876 32.594513 0.000000
21.779673 33.201023 0.000000
24.654116 31.446415 0.000000
23.179506 33.629997 0.000000
22.953218 30.991833 0.000000
20.224127 34.840611 0.000000
20.634928 32.616119 0.000000
23.178553 34.565884 0.000000
23.876476 34.656792 0.000000
21.836563 32.406601 0.000000
23.362026 32.157288 0.000000
20.362309 32.241802 0.000000
24.781256 32.176334 0.000000
23.717764 30.598909 0.000000
23.283747 32.595310 0.000000
24.844315 34.458641 0.000000
21.998995 31.534019 0.000000
19.839146 31.005957 0.000000
22.572227 32.380363 0.000000
22.527018 31.852808 0.000000
22.565742 31.764524 0.000000
24.026215 31.212259 0.000000
21.141918 31.737844 0.000000
20.236258 34.294807 0.000000
23.297197 34.840210 0.000000
25.102604 33.972519 0.000000
23.954737 35.935532 0.000000
24.465645 33.169067 0.000000
21.668747 35.024513 0.000000
24.181715 35.563850 0.000000
22.964443 35.054379 0.000000
24.013201 35.131729 0.000000
20.224884 31.922951 0.000000
21.788359 34.792332 0.000000
25.127993 34.606407 0.000000
24.473686 30.882364 0.000000
25.265602 32.236740 0.000000
20.909412 32.853909 0.000000
23.910992 32.655167 0.000000
21.886131 34.229942 0.000000
22.262899 33.898624 0.000000
22.589914 32.635143 0.000000
22.387884 34.457348 0.000000
24.808968 34.281731 0.000000
22.508667 33.287224 0.000000
25.127832 32.730198 0.000000
24.588114 35.216167 0.000000
22.889751 31.597343 0.000000
22.944977 30.835701 0.000000
19.562845 33.072796 0.000000
22.054045 32.649620 0.000000
23.335800 31.813530 0.000000
-18.499510 -10.445093 1.000000
-18.672316 -13.351462 1.000000
-15.387007 -9.299497 1.000000
-15.430416 -9.009278 1.000000
-17.186300 -14.136018 1.000000
-15.884995 -10.004442 1.000000
-16.400459 -13.636378 1.000000
-19.105747 -10.435497 1.000000
-16.610144 -10.710209 1.000000
-16.646172 -9.364546 1.000000
-19.087393 -10.292233 1.000000
-16.813564 -9.920552 1.000000
-17.636011 -12.141466 1.000000
-17.907415 -11.599030 1.000000
-18.538433 -11.855930 1.000000
-19.108038 -8.717960 1.000000
-20.529758 -11.225110 1.000000
-20.019461 -10.497607 1.000000
-16.807964 -8.872462 1.000000
-15.897819 -11.401713 1.000000
-15.724075 -11.493001 1.000000
-16.570204 -12.996935 1.000000
-17.325697 -9.734056 1.000000
-17.455196 -10.611786 1.000000
-17.670174 -9.982442 1.000000
-18.100725 -9.272062 1.000000
-18.812342 -12.693363 1.000000
-15.772684 -9.284469 1.000000
-17.628859 -13.375951 1.000000
-15.322180 -11.867889 1.000000
-18.580515 -8.367884 1.000000
-18.274412 -13.583120 1.000000
-19.596077 -12.132290 1.000000
-18.258390 -11.327837 1.000000
-18.722555 -10.578469 1.000000
-17.270523 -10.338888 1.000000
-19.372763 -9.472752 1.000000
-18.804415 -11.128031 1.000000
-19.137524 -12.243177 1.000000
-15.760493 -12.249965 1.000000
-20.152447 -10.097273 1.000000
-19.962543 -10.946537 1.000000
-20.121452 -11.317101 1.000000
-18.425058 -13.019529 1.000000
-20.446287 -12.058735 1.000000
-16.832121 -11.665669 1.000000
-18.208408 -12.184453 1.000000
-15.609442 -10.559457 1.000000
-17.402094 -9.451968 1.000000
-16.609503 -10.042956 1.000000
-19.265326 -13.655613 1.000000
-19.191698 -13.441523 1.000000
-18.343321 -9.553436 1.000000
-21.075014 -11.336283 1.000000
-18.299398 -11.068221 1.000000
-17.362112 -11.844711 1.000000
-16.574181 -10.690168 1.000000
-19.754564 -12.512247 1.000000
-18.105608 -9.667012 1.000000
-16.622850 -11.555460 1.000000
-19.097036 -12.051149 1.000000
-18.590467 -11.774716 1.000000
-18.789539 -11.057926 1.000000
-17.690193 -9.405753 1.000000
-17.772482 -8.402369 1.000000
-20.074718 -10.078112 1.000000
-16.762203 -10.949489 1.000000
-16.523903 -13.393606 1.000000
-17.255713 -12.456244 1.000000
-19.672781 -12.291242 1.000000
-18.479206 -14.436785 1.000000
-17.270113 -14.179240 1.000000
-18.590069 -10.944186 1.000000
-17.364769 -11.398199 1.000000
-17.231562 -14.226215 1.000000
-18.992142 -10.201954 1.000000
-15.506169 -10.472259 1.000000
-16.799187 -9.077375 1.000000
-19.850164 -10.042054 1.000000
-17.538734 -10.706061 1.000000
-17.923321 -12.187973 1.000000
-19.190367 -13.309394 1.000000
-17.673746 -12.208899 1.000000
-20.269737 -12.148588 1.000000
-18.142784 -9.169839 1.000000
-16.628290 -13.073013 1.000000
-20.801271 -11.359515 1.000000
-17.555101 -11.690607 1.000000
-19.390699 -9.324306 1.000000
-18.258966 -8.550879 1.000000
-15.847671 -11.517752 1.000000
-16.450104 -9.974936 1.000000
-17.612244 -9.718882 1.000000
-18.809809 -13.231116 1.000000
-18.152645 -12.812198 1.000000
-15.997657 -10.501931 1.000000
-17.484692 -8.048329 1.000000
-16.309193 -10.306582 1.000000
-16.508202 -12.111140 1.000000
-18.531326 -8.755294 1.000000
0.666535 5.107427 2.000000
-2.666908 2.753266 2.000000
-1.181317 6.757362 2.000000
-0.737061 5.709335 2.000000
-4.024607 4.760807 2.000000
-1.501798 2.811363 2.000000
-0.894162 5.869953 2.000000
-2.759546 1.820632 2.000000
-3.450096 5.030820 2.000000
-1.645523 5.969763 2.000000
-1.336931 4.875011 2.000000
-3.077454 3.008012 2.000000
-1.902183 4.531732 2.000000
-3.042190 3.732794 2.000000
-0.998924 1.769279 2.000000
-2.227582 7.246492 2.000000
-2.380135 1.704661 2.000000
-4.787350 5.946648 2.000000
-3.701318 6.092820 2.000000
-2.405686 1.913059 2.000000
-0.343768 6.441634 2.000000
-1.421987 5.518913 2.000000
-2.453721 5.096396 2.000000
0.599371 5.964144 2.000000
-0.783055 5.439393 2.000000
-4.633688 4.082853 2.000000
0.327951 3.671807 2.000000
0.265159 3.506771 2.000000
-0.752231 6.300879 2.000000
-1.556265 5.678940 2.000000
-0.510793 5.017909 2.000000
-0.481266 4.431692 2.000000
-0.891553 6.642381 2.000000
-1.674787 5.168495 2.000000
-4.009891 6.254520 2.000000
-1.951190 4.305572 2.000000
-3.838217 3.586633 2.000000
-2.002398 2.414368 2.000000
-3.290248 5.856244 2.000000
-4.706452 4.005635 2.000000
-4.308805 4.991649 2.000000
-0.470559 2.130119 2.000000
-2.673236 4.722306 2.000000
-2.066649 4.583741 2.000000
-3.905708 4.127125 2.000000
-1.587697 4.086952 2.000000
-1.052391 4.285197 2.000000
-4.890655 4.002365 2.000000
-1.081231 3.056534 2.000000
-0.381348 5.827641 2.000000
-3.409633 5.083930 2.000000
-0.227589 5.407333 2.000000
-0.391639 3.741691 2.000000
-1.373991 4.384733 2.000000
-1.616839 2.816206 2.000000
-2.233729 5.200912 2.000000
-1.530557 2.114425 2.000000
-1.500763 3.020389 2.000000
-0.392338 6.568345 2.000000
-2.619749 4.167974 2.000000
-2.509214 5.575831 2.000000
-3.504599 6.699909 2.000000
-3.591215 3.152378 2.000000
-2.078175 5.309174 2.000000
-2.864215 6.790967 2.000000
-2.720838 6.746217 2.000000
-3.977863 2.367250 2.000000
0.147134 4.394108 2.000000
-0.492002 3.110271 2.000000
-3.934126 6.171764 2.000000
-1.708183 2.116106 2.000000
-2.846566 5.801371 2.000000
-2.614845 4.361772 2.000000
-4.812195 5.038857 2.000000
-3.052397 2.749502 2.000000
-3.586039 2.822635 2.000000
-2.164398 5.219654 2.000000
-3.736049 5.680229 2.000000
-0.656612 3.067737 2.000000
-5.185185 4.269778 2.000000
-2.043743 1.650413 2.000000
-2.912888 4.610491 2.000000
-1.064731 4.076518 2.000000
0.096857 3.699999 2.000000
-1.942399 3.545974 2.000000
-3.942916 5.092819 2.000000
-3.469960 2.453804 2.000000
0.633178 3.030359 2.000000
-1.972574 7.123364 2.000000
-0.760761 4.724473 2.000000
-0.171527 6.772060 2.000000
-3.497993 5.350470 2.000000
-1.580535 3.987394 2.000000
-0.841919 4.863660 2.000000
-3.939423 4.714635 2.000000
-3.750513 2.756603 2.000000
-3.302026 2.228164 2.000000
-1.007630 3.658977 2.000000
-0.112106 2.554051 2.000000
-2.711043 3.840986 2.000000
-13.271963 -32.373329 3.000000
-12.136019 -34.865742 3.000000
-12.884351 -32.575699 3.000000
-12.944887 -36.837265 3.000000
-12.015893 -31.843809 3.000000
-12.719413 -35.112926 3.000000
-10.263142 -33.303249 3.000000
-14.293231 -36.680019 3.000000
-14.428320 -34.231106 3.000000
-11.227541 -32.418945 3.000000
-11.505846 -32.872540 3.000000
-15.255701 -31.869392 3.000000
-13.720032 -33.689018 3.000000
-12.364125 -35.945698 3.000000
-13.515306 -31.922947 3.000000
-14.252077 -34.494694 3.000000
-13.115623 -35.469009 3.000000
-12.654619 -33.521027 3.000000
-15.452976 -35.176453 3.000000
-14.848826 -36.088787 3.000000
-13.616375 -31.638493 3.000000
-15.088388 -33.564079 3.000000
-14.280612 -34.085983 3.000000
-12.208863 -31.593006 3.000000
-12.579701 -34.304085 3.000000
-12.198481 -35.580563 3.000000
-15.821362 -34.747883 3.000000
-13.363082 -33.768356 3.000000
-15.226619 -31.904551 3.000000
-11.741912 -34.067257 3.000000
-14.159586 -32.088501 3.000000
-10.205602 -34.143932 3.000000
-11.134358 -33.313919 3.000000
-12.808402 -32.693378 3.000000
-14.358902 -34.236610 3.000000
-12.311051 -33.855659 3.000000
-10.675349 -33.652252 3.000000
-12.758256 -31.764666 3.000000
-11.604375 -32.037617 3.000000
-11.536610 -33.169304 3.000000
-14.574992 -35.743191 3.000000
-14.481432 -34.714142 3.000000
-12.742605 -36.815121 3.000000
-10.485931 -33.944321 3.000000
-13.677290 -32.744106 3.000000
-10.474239 -32.413330 3.000000
-14.928819 -35.169590 3.000000
-11.653243 -33.081074 3.000000
-13.743470 -32.952019 3.000000
-11.111984 -34.547348 3.000000
-13.016904 -34.749187 3.000000
-14.666619 -33.352985 3.000000
-11.600973 -34.328053 3.000000
-14.557401 -32.763851 3.000000
-14.246881 -33.958603 3.000000
-12.166688 -33.177036 3.000000
-12.940863 -34.555279 3.000000
-11.261724 -31.998745 3.000000
-10.751757 -35.371948 3.000000
-12.052400 -34.652817 3.000000
-15.130189 -36.067787 3.000000
-12.460550 -34.835354 3.000000
-12.884933 -32.667431 3.000000
-14.789142 -34.650177 3.000000
-12.794854 -33.105881 3.000000
-14.944159 -33.293530 3.000000
-13.645144 -36.285553 3.000000
-12.476850 -35.227005 3.000000
-10.675447 -32.857742 3.000000
-15.669800 -33.858376 3.000000
-9.849002 -34.979870 3.000000
-15.188082 -34.234299 3.000000
-12.124688 -32.335453 3.000000
-11.652307 -34.107178 3.000000
-13.334147 -32.331371 3.000000
-14.400047 -34.185593 3.000000
-13.017593 -36.753178 3.000000
-13.853206 -35.297832 3.000000
-10.393966 -34.059296 3.000000
-11.195919 -33.735394 3.000000
-11.692154 -34.997849 3.000000
-14.897147 -34.869568 3.000000
-13.492377 -35.137142 3.000000
-13.575189 -34.805157 3.000000
-14.272935 -35.034363 3.000000
-9.986382 -34.403282 3.000000
-11.257854 -35.953205 3.000000
-13.055337 -33.032463 3.000000
-12.446733 -32.301556 3.000000
-11.361627 -35.210018 3.000000
-11.651543 -34.116211 3.000000
-11.556427 -35.876717 3.000000
-14.934958 -35.428673 3.000000
-11.461368 -35.844173 3.000000
-11.747841 -34.851070 3.000000
-14.135093 -36.720303 3.000000
-12.609599 -35.780624 3.000000
-13.595610 -31.655775 3.000000
-13.189180 -37.172497 3.000000
-12.934567 -36.698929 3.000000
19.716551 3.453127 4.000000
15.114277 0.318311 4.000000
15.007818 0.737326 4.000000
17.795645 3.920020 4.000000
18.634249 -0.096236 4.000000
15.411798 1.102894 4.000000
18.382862 -1.040079 4.000000
17.030870 0.973872 4.000000
18.312141 1.945145 4.000000
17.064842 0.493076 4.000000
18.206177 1.937787 4.000000
16.227922 3.190468 4.000000
17.536324 2.530477 4.000000
20.444576 2.766210 4.000000
15.213646 2.148523 4.000000
18.662464 4.023261 4.000000
16.714397 2.701949 4.000000
17.871372 2.790481 4.000000
19.491022 2.850698 4.000000
18.405760 1.213124 4.000000
17.410412 5.052650 4.000000
16.419964 0.302038 4.000000
18.155094 0.878769 4.000000
18.489826 1.972938 4.000000
16.224913 1.362158 4.000000
19.575867 0.883307 4.000000
17.668079 0.168903 4.000000
14.595981 2.474402 4.000000
18.104479 -0.527353 4.000000
19.454023 1.853200 4.000000
16.509121 1.777568 4.000000
15.881422 2.414422 4.000000
17.266960 1.623675 4.000000
17.267096 0.505298 4.000000
15.867181 4.701727 4.000000
17.832836 1.393398 4.000000
17.015144 0.444354 4.000000
17.488876 2.830929 4.000000
15.982897 4.678248 4.000000
18.343000 0.794938 4.000000
16.119823 2.585597 4.000000
17.180216 0.329670 4.000000
16.489117 -0.514669 4.000000
15.937330 3.480174 4.000000
16.071762 -0.576223 4.000000
17.144144 -1.506713 4.000000
16.952976 2.505111 4.000000
19.341774 0.703715 4.000000
18.838871 3.923080 4.000000
14.575494 1.283250 4.000000
20.252415 1.224804 4.000000
18.072063 3.808367 4.000000
17.515762 1.672208 4.000000
17.037024 1.093437 4.000000
15.868063 1.360332 4.000000
17.863785 4.023980 4.000000
16.573042 3.863267 4.000000
18.317562 3.106668 4.000000
18.648672 -0.062738 4.000000
16.008924 2.247459 4.000000
15.638658 1.977191 4.000000
16.662411 0.163554 4.000000
15.774485 2.856503 4.000000
17.890556 0.255614 4.000000
17.406118 2.373936 4.000000
15.938529 -0.576537 4.000000
19.462896 1.811006 4.000000
18.983154 3.583834 4.000000
18.331808 -0.317120 4.000000
15.073347 2.910222 4.000000
18.734386 0.572038 4.000000
18.384409 0.665658 4.000000
15.908131 3.477974 4.000000
17.492239 -0.414113 4.000000
19.240705 2.396913 4.000000
16.231575 3.480256 4.000000
16.444368 1.366560 4.000000
16.131060 0.594212 4.000000
20.004856 1.171622 4.000000
17.525381 0.897867 4.000000
18.767195 1.698175 4.000000
17.311672 -0.974345 4.000000
16.513016 1.811912 4.000000
18.938654 2.929235 4.000000
15.241898 3.398693 4.000000
19.073185 1.479403 4.000000
17.366636 1.478926 4.000000
16.990189 1.184366 4.000000
16.251783 2.535067 4.000000
20.090656 1.341323 4.000000
16.189758 0.999331 4.000000
16.793594 3.456845 4.000000
17.768236 4.400006 4.000000
16.827379 3.866463 4.000000
15.050010 0.952696 4.000000
18.638393 2.013212 4.000000
19.336226 0.558280 4.000000
15.471850 -0.152647 4.000000
17.314463 2.536274 4.000000
18.497976 3.535271 4.000000
27.367945 -35.664028 5.000000
27.354490 -32.232014 5.000000
23.384764 -35.744659 5.000000
24.676744 -33.085110 5.000000
23.935802 -34.849236 5.000000
25.420975 -31.415400 5.000000
26.490793 -32.731628 5.000000
23.500584 -34.070534 5.000000
25.890680 -35.513668 5.000000
27.341595 -36.659866 5.000000
24.783527 -33.035229 5.000000
27.226841 -32.258980 5.000000
27.540226 -34.621212 5.000000
25.485909 -33.370525 5.000000
24.759888 -36.657356 5.000000
26.286413 -33.072323 5.000000
23.510239 -33.491985 5.000000
27.754797 -34.188633 5.000000
26.085281 -32.905937 5.000000
25.349155 -36.031414 5.000000
24.617645 -35.447357 5.000000
23.702360 -33.718006 5.000000
23.731808 -33.535419 5.000000
24.634283 -33.961449 5.000000
24.806103 -32.092335 5.000000
24.873493 -36.099300 5.000000
23.718662 -34.925552 5.000000
23.862658 -32.830589 5.000000
25.670656 -34.825130 5.000000
23.425779 -35.681332 5.000000
26.737701 -34.055885 5.000000
27.710726 -32.449429 5.000000
23.442476 -35.104736 5.000000
25.292025 -33.957684 5.000000
25.816086 -33.562729 5.000000
26.128155 -32.305790 5.000000
25.115316 -31.284939 5.000000
27.658630 -34.430080 5.000000
23.970268 -35.133957 5.000000
26.591272 -33.750271 5.000000
25.285173 -33.846138 5.000000
25.183428 -34.484734 5.000000
23.483543 -35.396099 5.000000
28.007162 -34.659462 5.000000
26.399132 -34.610485 5.000000
25.722538 -32.654408 5.000000
26.296511 -33.303158 5.000000
27.485701 -31.638187 5.000000
26.064962 -36.707680 5.000000
23.097433 -33.653004 5.000000
28.004271 -36.409885 5.000000
27.742958 -35.076752 5.000000
26.814672 -31.604237 5.000000
23.980465 -35.737259 5.000000
24.303646 -36.386536 5.000000
27.178577 -31.558943 5.000000
24.785303 -34.521763 5.000000
27.925177 -33.523281 5.000000
25.606014 -32.831009 5.000000
24.277781 -35.602070 5.000000
24.822056 -32.458637 5.000000
25.004137 -34.309883 5.000000
25.585619 -35.410931 5.000000
28.402365 -34.635101 5.000000
25.372450 -36.848038 5.000000
26.173302 -34.836845 5.000000
28.267010 -33.211597 5.000000
26.922277 -31.402340 5.000000
26.595369 -33.545044 5.000000
26.264772 -33.163502 5.000000
25.024702 -33.910130 5.000000
23.668913 -35.403419 5.000000
28.263212 -33.648766 5.000000
26.451336 -34.809566 5.000000
26.079376 -32.425758 5.000000
27.275503 -32.119942 5.000000
24.749157 -34.516464 5.000000
26.833725 -34.619350 5.000000
25.603884 -31.333422 5.000000
24.718473 -34.831608 5.000000
28.411283 -32.368328 5.000000
26.271864 -32.694424 5.000000
25.982912 -35.269543 5.000000
26.221691 -35.211788 5.000000
28.500153 -34.438232 5.000000
28.156694 -32.618523 5.000000
27.430874 -34.670998 5.000000
25.637589 -35.674816 5.000000
23.777824 -33.637268 5.000000
23.951620 -31.919205 5.000000
27.117765 -36.664246 5.000000
24.307346 -32.974236 5.000000
25.523466 -34.642227 5.000000
26.049858 -35.520012 5.000000
25.908590 -31.145060 5.000000
27.051613 -36.134632 5.000000
26.450315 -36.458874 5.000000
25.197491 -34.540283 5.000000
27.079681 -36.742725 5.000000
27.597435 -35.686329 5.000000
49.058540 -3.163904 6.000000
50.942673 -2.043785 6.000000
50.748005 -2.520894 6.000000
52.404892 0.575544 6.000000
50.827404 -0.495603 6.000000
52.386402 -4.386529 6.000000
51.220406 -0.639844 6.000000
52.057205 0.063463 6.000000
51.758717 -4.093605 6.000000
50.630512 -2.694927 6.000000
49.019337 -3.166671 6.000000
50.939793 -5.042611 6.000000
51.057804 -2.002528 6.000000
54.887951 -1.869905 6.000000
54.447803 -2.291911 6.000000
49.911591 -4.824702 6.000000
52.033714 -2.614438 6.000000
49.969299 -1.281709 6.000000
51.279606 -3.707335 6.000000
52.379253 -3.510013 6.000000
50.321899 -3.231587 6.000000
49.847195 -2.473279 6.000000
53.326054 -2.261403 6.000000
49.972851 -2.298369 6.000000
53.720753 -4.278687 6.000000
51.430222 -2.020164 6.000000
48.809574 -3.012804 6.000000
49.988079 -0.966120 6.000000
50.253620 -0.738485 6.000000
49.250652 -3.622101 6.000000
52.271545 -0.632589 6.000000
53.305504 -2.151412 6.000000
53.749592 -4.015334 6.000000
53.530884 -1.136688 6.000000
54.262905 -2.057785 6.000000
51.766994 -1.914851 6.000000
49.118832 -3.216576 6.000000
52.155830 0.132153 6.000000
53.415066 -0.236500 6.000000
50.430328 -3.861551 6.000000
51.843449 -1.554901 6.000000
51.989647 -1.931691 6.000000
51.975124 -4.163664 6.000000
53.351913 -0.291252 6.000000
49.397820 -3.509284 6.000000
53.472309 -3.203518 6.000000
50.216618 -3.678139 6.000000
52.127319 -3.789575 6.000000
53.734119 -2.812563 6.000000
52.679905 0.079722 6.000000
51.604031 -4.302318 6.000000
50.886009 -2.198580 6.000000
52.468067 -1.060971 6.000000
50.512703 -4.367710 6.000000
48.815411 -1.846051 6.000000
53.288143 -0.817992 6.000000
50.458000 -0.120309 6.000000
50.460140 -2.346276 6.000000
50.743698 -1.172362 6.000000
48.301567 -1.169955 6.000000
51.653423 -3.912412 6.000000
52.649647 -4.541537 6.000000
50.646137 -4.034753 6.000000
52.079788 -2.205539 6.000000
52.570885 -2.112846 6.000000
54.426186 -1.864088 6.000000
49.923531 -2.728981 6.000000
53.305450 -0.967912 6.000000
52.259945 -1.428518 6.000000
50.515102 0.132370 6.000000
52.075401 -1.869248 6.000000
52.447433 -0.575726 6.000000
48.968296 -1.887427 6.000000
48.370113 -1.218512 6.000000
52.146362 -4.140002 6.000000
54.205925 -0.991957 6.000000
48.768906 -3.090855 6.000000
52.533184 -3.154747 6.000000
49.871941 -3.075067 6.000000
51.356968 -0.930272 6.000000
53.705761 -1.869771 6.000000
50.467525 -3.785560 6.000000
51.145374 -2.407465 6.000000
53.645012 -2.148090 6.000000
49.598930 -0.619905 6.000000
52.302353 -2.750927 6.000000
50.677666 -2.736934 6.000000
50.612335 0.237406 6.000000
54.387024 -1.063688 6.000000
52.942657 -2.594836 6.000000
50.256634 -1.383950 6.000000
50.749950 -4.799407 6.000000
52.728352 -2.882672 6.000000
51.744781 -0.436402 6.000000
53.712566 -3.107777 6.000000
51.333500 -2.436921 6.000000
50.812195 -1.763566 6.000000
50.964722 -5.096542 6.000000
52.583282 -1.690180 6.000000
51.520916 -1.204882 6.000000
7.344912 -28.622288 7.000000
6.609150 -27.195105 7.000000
7.752538 -26.022528 7.000000
7.302816 -28.771063 7.000000
6.694141 -30.077908 7.000000
8.331160 -27.541227 7.000000
8.696280 -29.097513 7.000000
5.667509 -30.556059 7.000000
6.425315 -25.690351 7.000000
5.487639 -29.990667 7.000000
9.613041 -28.947531 7.000000
4.287905 -27.274708 7.000000
7.560952 -28.546001 7.000000
6.891296 -27.966249 7.000000
8.660362 -26.747910 7.000000
6.664245 -25.733034 7.000000
9.604154 -26.349203 7.000000
6.222094 -27.629044 7.000000
9.926066 -27.865982 7.000000
8.422075 -27.005116 7.000000
7.224411 -29.223269 7.000000
8.207699 -29.707535 7.000000
9.759419 -27.280590 7.000000
9.611571 -28.981354 7.000000
8.977380 -27.172615 7.000000
8.676913 -29.182997 7.000000
9.633582 -28.876101 7.000000
5.622478 -27.052158 7.000000
6.983567 -26.469925 7.000000
9.401268 -26.648743 7.000000
7.015094 -27.487860 7.000000
6.425374 -29.092165 7.000000
8.290614 -28.049768 7.000000
9.277794 -28.493713 7.000000
5.056510 -28.316391 7.000000
9.506968 -26.905037 7.000000
5.997839 -30.900743 7.000000
6.066557 -27.068733 7.000000
7.469433 -27.525875 7.000000
4.812592 -27.001410 7.000000
5.293063 -28.565481 7.000000
5.179458 -28.219500 7.000000
4.676619 -30.669462 7.000000
7.059794 -26.962080 7.000000
9.834340 -27.201782 7.000000
4.265618 -27.084192 7.000000
7.779014 -30.429619 7.000000
6.423121 -29.286268 7.000000
6.960577 -29.410822 7.000000
7.114923 -26.388840 7.000000
7.337725 -29.022285 7.000000
7.421819 -30.732788 7.000000
5.781772 -27.576847 7.000000
7.730640 -30.992401 7.000000
6.030168 -26.923355 7.000000
9.061929 -28.299301 7.000000
7.817992 -25.791540 7.000000
8.128558 -27.598846 7.000000
4.714492 -28.499681 7.000000
4.277609 -27.006735 7.000000
6.643396 -28.293556 7.000000
8.370887 -30.134054 7.000000
6.048459 -27.420609 7.000000
5.940281 -26.367149 7.000000
8.663511 -27.794788 7.000000
7.608125 -26.493397 7.000000
5.688116 -26.919796 7.000000
4.591256 -29.719927 7.000000
6.795537 -29.438437 7.000000
7.189253 -26.377182 7.000000
5.520963 -28.290728 7.000000
6.915955 -28.398556 7.000000
7.454807 -26.151253 7.000000
4.405725 -27.405035 7.000000
3.632196 -27.785311 7.000000
6.245377 -26.571651 7.000000
7.541096 -28.099527 7.000000
8.529045 -27.474726 7.000000
8.327893 -26.090195 7.000000
8.138579 -27.206354 7.000000
6.024268 -29.095781 7.000000
5.018055 -28.952852 7.000000
7.799599 -28.494678 7.000000
6.629156 -26.236086 7.000000
5.097902 -28.219788 7.000000
6.191232 -28.555099 7.000000
5.311722 -29.619888 7.000000
6.035627 -30.523321 7.000000
6.818424 -30.070961 7.000000
9.046709 -27.961473 7.000000
5.798388 -30.201971 7.000000
5.227652 -30.481892 7.000000
6.357134 -29.336718 7.000000
7.087708 -28.741369 7.000000
4.751135 -30.008327 7.000000
5.729832 -27.639599 7.000000
4.430017 -28.571280 7.000000
5.361706 -30.412279 7.000000
7.956118 -29.919958 7.000000
5.565175 -26.450933 7.000000
3.397393 -13.245008 8.000000
0.122811 -13.541608 8.000000
2.293118 -9.658412 8.000000
1.797012 -12.096648 8.000000
1.852799 -11.723761 8.000000
3.659340 -9.948069 8.000000
-0.656299 -11.002259 8.000000
3.294138 -11.747961 8.000000
4.887278 -11.000202 8.000000
-0.201240 -9.534501 8.000000
2.463764 -13.613126 8.000000
0.316433 -13.643159 8.000000
2.469881 -14.063954 8.000000
2.326045 -10.900319 8.000000
3.956809 -13.579910 8.000000
1.358208 -10.426653 8.000000
2.021749 -11.653126 8.000000
0.063748 -10.337093 8.000000
2.723956 -9.929922 8.000000
2.233111 -11.367332 8.000000
2.570149 -12.837010 8.000000
1.589916 -10.982203 8.000000
2.305418 -11.899801 8.000000
2.080346 -9.808755 8.000000
2.108139 -11.745061 8.000000
1.034908 -10.674559 8.000000
1.858549 -9.320539 8.000000
1.890188 -10.857907 8.000000
0.994035 -9.163177 8.000000
-0.692111 -11.876201 8.000000
0.920722 -12.894331 8.000000
0.340057 -13.194107 8.000000
0.098887 -12.211113 8.000000
2.920377 -13.769591 8.000000
2.219007 -13.337751 8.000000
0.019624 -14.171882 8.000000
1.901505 -13.443216 8.000000
3.550611 -13.060476 8.000000
-1.081831 -12.627424 8.000000
1.395391 -11.966105 8.000000
2.748594 -10.466002 8.000000
0.450129 -13.588784 8.000000
1.944998 -9.761384 8.000000
1.283079 -9.231873 8.000000
4.082226 -11.160450 8.000000
0.297167 -11.401911 8.000000
1.078959 -13.992751 8.000000
2.492916 -8.737040 8.000000
1.094819 -12.120187 8.000000
0.624268 -10.459559 8.000000
1.839154 -10.575522 8.000000
-0.934594 -11.126527 8.000000
1.303065 -13.312569 8.000000
0.243940 -10.024149 8.000000
0.257487 -10.007257 8.000000
3.625863 -12.909661 8.000000
3.505855 -9.936067 8.000000
1.264426 -10.880341 8.000000
0.796261 -8.914830 8.000000
3.616675 -9.646420 8.000000
3.325974 -13.237040 8.000000
2.641068 -13.283919 8.000000
-0.092587 -12.630049 8.000000
0.585520 -12.218540 8.000000
3.092182 -11.421475 8.000000
1.159986 -11.328183 8.000000
1.585170 -13.735771 8.000000
1.564873 -10.566573 8.000000
-1.356005 -12.552427 8.000000
3.581363 -10.757205 8.000000
2.998692 -11.202478 8.000000
2.498782 -14.605932 8.000000
-1.410089 -11.100724 8.000000
0.812562 -11.440136 8.000000
2.001856 -13.990691 8.000000
0.434655 -12.501333 8.000000
2.423619 -13.304683 8.000000
2.344003 -11.947119 8.000000
0.718871 -9.221019 8.000000
0.177793 -11.700232 8.000000
-0.376726 -9.880486 8.000000
0.938539 -9.251725 8.000000
-0.878576 -13.042904 8.000000
-0.375103 -12.506126 8.000000
-0.666648 -11.773479 8.000000
2.987261 -12.698275 8.000000
0.628542 -11.708973 8.000000
-0.161084 -9.426394 8.000000
1.376379 -13.385659 8.000000
3.574393 -11.845825 8.000000
0.411735 -10.919003 8.000000
4.937836 -11.003747 8.000000
2.249476 -10.966776 8.000000
3.382529 -10.593533 8.000000
4.059784 -10.211632 8.000000
1.207688 -12.331986 8.000000
3.385355 -10.918298 8.000000
-0.495553 -12.520844 8.000000
1.023368 -11.744756 8.000000
-0.138701 -10.969353 8.000000
9.198426 18.881083 9.000000
6.904465 18.157320 9.000000
10.224190 17.273645 9.000000
8.834151 19.472483 9.000000
10.702589 17.243658 9.000000
9.913356 18.105131 9.000000
9.317378 18.208744 9.000000
6.886913 18.577784 9.000000
10.730735 18.565853 9.000000
6.958402 18.774448 9.000000
9.499578 18.454824 9.000000
7.311965 20.717617 9.000000
9.474318 21.335222 9.000000
8.623077 18.645317 9.000000
8.484200 17.026699 9.000000
11.285744 19.353518 9.000000
10.400511 19.108166 9.000000
10.243680 17.238472 9.000000
10.478418 20.378866 9.000000
10.208119 19.493395 9.000000
11.667329 18.476135 9.000000
11.106891 18.871042 9.000000
7.762309 17.385098 9.000000
9.902960 19.972912 9.000000
6.656401 17.178875 9.000000
6.987534 17.685196 9.000000
8.268948 21.355778 9.000000
10.428555 18.235241 9.000000
8.270973 20.366817 9.000000
7.710600 18.918987 9.000000
7.065615 19.173027 9.000000
11.814500 19.573706 9.000000
9.083867 16.105999 9.000000
11.207109 19.354149 9.000000
11.946126 19.457359 9.000000
8.602773 19.208128 9.000000
10.052637 17.313711 9.000000
7.759710 21.459326 9.000000
11.052716 18.266485 9.000000
11.215446 20.695484 9.000000
11.679212 18.977585 9.000000
10.158129 19.203297 9.000000
9.542769 19.137934 9.000000
8.067104 16.551414 9.000000
7.925378 17.239908 9.000000
8.581371 20.279926 9.000000
11.111612 20.690519 9.000000
9.664345 18.210594 9.000000
8.312810 20.570398 9.000000
8.930950 20.890278 9.000000
8.744952 17.263939 9.000000
7.406117 18.391350 9.000000
8.420845 17.759356 9.000000
12.238506 18.637648 9.000000
6.915737 17.351971 9.000000
11.581847 17.591551 9.000000
6.269350 18.512213 9.000000
8.143310 19.156191 9.000000
8.232231 18.972906 9.000000
7.224576 20.411283 9.000000
7.685033 16.513372 9.000000
8.044127 17.317354 9.000000
7.616086 19.790314 9.000000
9.932326 16.872429 9.000000
9.564421 16.669531 9.000000
9.233183 21.216175 9.000000
7.375813 19.500427 9.000000
8.422909 18.378225 9.000000
8.616106 20.204378 9.000000
11.817868 19.900644 9.000000
6.550529 17.766249 9.000000
7.660173 20.626938 9.000000
10.383973 20.328810 9.000000
9.323955 17.166101 9.000000
8.963153 19.155050 9.000000
9.693799 18.150574 9.000000
11.818770 19.534206 9.000000
7.927088 17.520962 9.000000
7.718045 18.845810 9.000000
8.038442 19.446436 9.000000
9.223843 19.353630 9.000000
7.770545 20.408148 9.000000
9.786387 19.803034 9.000000
12.353019 18.654470 9.000000
11.572341 19.211920 9.000000
11.242608 20.217512 9.000000
8.397341 21.282480 9.000000
10.416138 20.370445 9.000000
9.553195 16.508402 9.000000
10.536469 18.580212 9.000000
9.302197 21.706930 9.000000
6.294346 19.365524 9.000000
8.935685 20.031561 9.000000
6.900557 16.988169 9.000000
9.994682 21.102383 9.000000
8.833808 18.572409 9.000000
10.467617 17.234377 9.000000
8.238515 19.702263 9.000000
9.211870 19.963137 9.000000
6.821446 19.560520 9.000000
-17.875811 5.804356 10.000000
-18.133608 6.886690 10.000000
-20.856956 6.918136 10.000000
-19.950089 7.257208 10.000000
-22.027426 4.974246 10.000000
-21.153402 4.562473 10.000000
-20.351667 5.880845 10.000000
-20.300591 2.990496 10.000000
-20.628242 7.724196 10.000000
-20.745512 7.641660 10.000000
-18.983614 4.923057 10.000000
-22.318348 3.594059 10.000000
-22.265423 3.467336 10.000000
-19.168268 7.122864 10.000000
-21.964243 4.498063 10.000000
-19.000793 4.172262 10.000000
-19.404980 5.078098 10.000000
-20.858448 6.002779 10.000000
-18.236712 4.586556 10.000000
-18.548269 7.345428 10.000000
-23.432842 6.729229 10.000000
-18.294079 5.716754 10.000000
-20.984472 6.253109 10.000000
-21.309978 6.215323 10.000000
-23.413574 4.771421 10.000000
-21.291555 6.086732 10.000000
-20.029396 5.851233 10.000000
-20.722319 6.382718 10.000000
-22.658926 6.443077 10.000000
-18.788927 8.156693 10.000000
-21.393808 4.240721 10.000000
-18.321894 4.925087 10.000000
-19.690491 6.673203 10.000000
-21.103697 5.956434 10.000000
-22.085707 4.974647 10.000000
-18.186291 7.648830 10.000000
-19.514297 4.986890 10.000000
-19.491169 3.829426 10.000000
-20.869162 4.975456 10.000000
-21.127546 8.195762 10.000000
-19.706656 8.480361 10.000000
-23.295330 4.368852 10.000000
-18.694883 6.745816 10.000000
-21.618135 3.889250 10.000000
-21.493961 7.268536 10.000000
-19.949827 5.436971 10.000000
-20.537659 8.273323 10.000000
-20.291742 3.047731 10.000000
-22.159496 7.257847 10.000000
-18.116196 6.077515 10.000000
-20.606651 6.432007 10.000000
-21.704721 6.689910 10.000000
-21.456633 8.875715 10.000000
-21.172503 5.727624 10.000000
-21.587597 3.982003 10.000000
-20.065104 7.811483 10.000000
-20.935289 4.140016 10.000000
-18.668077 5.038871 10.000000
-21.233971 5.031572 10.000000
-19.668571 3.846911 10.000000
-20.805820 7.143182 10.000000
-20.342077 4.116848 10.000000
-19.909672 7.112697 10.000000
-20.494997 5.980539 10.000000
-18.318590 5.000472 10.000000
-19.409164 7.892032 10.000000
-22.192858 6.070454 10.000000
-20.174734 7.830503 10.000000
-21.241592 5.403034 10.000000
-21.517624 5.255800 10.000000
-21.191885 8.585133 10.000000
-23.011940 5.803808 10.000000
-19.129271 5.841864 10.000000
-20.223856 5.400718 10.000000
-19.696651 7.085879 10.000000
-17.710381 5.372419 10.000000
-23.452656 6.866928 10.000000
-22.333830 4.983071 10.000000
-19.832792 4.455886 10.000000
-20.123814 4.692174 10.000000
-18.589169 5.153090 10.000000
-22.638744 4.886310 10.000000
-20.487490 5.006238 10.000000
-20.982798 7.054239 10.000000
-19.181532 7.459962 10.000000
-21.994951 7.801219 10.000000
-21.801979 3.783715 10.000000
-23.576498 6.944344 10.000000
-20.911522 3.294694 10.000000
-23.207817 6.688640 10.000000
-22.236023 7.910776 10.000000
-22.270145 6.113925 10.000000
-19.888985 6.304852 10.000000
-20.846478 7.605194 10.000000
-22.907307 6.199021 10.000000
-19.327368 5.822526 10.000000
-21.574503 5.911423 10.000000
-23.170641 6.588254 10.000000
-18.629568 6.620067 10.000000
-23.399872 4.304577 10.000000
-20.168325 35.920311 11.000000
-21.452250 38.293068 11.000000
-20.407789 40.047825 11.000000
-18.330381 39.867973 11.000000
-19.185705 36.657791 11.000000
-19.859491 36.035614 11.000000
-23.165773 37.228401 11.000000
-18.554268 36.790783 11.000000
-22.469513 37.529091 11.000000
-21.419132 36.972900 11.000000
-18.926525 39.498150 11.000000
-17.334927 38.195400 11.000000
-19.670862 38.947777 11.000000
-19.716072 39.227180 11.000000
-20.348637 37.155952 11.000000
-21.095169 36.913643 11.000000
-19.003931 35.954266 11.000000
-20.350239 36.448723 11.000000
-21.252403 38.549213 11.000000
-21.619341 37.056709 11.000000
-17.316441 36.923763 11.000000
-20.687174 40.129646 11.000000
-21.350372 39.136677 11.000000
-22.683052 37.222290 11.000000
-18.367428 39.571472 11.000000
-19.239645 36.696106 11.000000
-20.440838 39.949631 11.000000
-19.920446 36.438534 11.000000
-20.630079 40.602821 11.000000
-18.875917 37.521847 11.000000
-19.187235 39.896641 11.000000
-20.429981 38.901520 11.000000
-22.621246 38.118366 11.000000
-19.304556 34.830410 11.000000
-23.256655 37.810341 11.000000
-19.035528 37.700413 11.000000
-19.631578 35.308998 11.000000
-19.377464 34.905140 11.000000
-20.423407 36.410355 11.000000
-21.236790 37.319962 11.000000
-22.049969 37.414738 11.000000
-20.986927 39.711208 11.000000
-19.628822 36.811001 11.000000
-18.250332 38.826305 11.000000
-21.302357 40.352936 11.000000
-21.189821 37.742695 11.000000
-21.698250 38.497181 11.000000
-18.448376 37.728035 11.000000
-20.620575 38.343521 11.000000
-22.069641 37.849609 11.000000
-20.893120 38.260540 11.000000
-20.108509 39.029236 11.000000
-20.117865 37.112221 11.000000
-20.434490 35.639122 11.000000
-19.367031 38.536377 11.000000
-22.124142 35.913864 11.000000
-18.360638 38.086243 11.000000
-22.729685 38.982731 11.000000
-19.740932 37.534508 11.000000
-17.444334 39.549099 11.000000
-20.234402 37.118591 11.000000
-18.487461 40.205677 11.000000
-21.137915 35.665024 11.000000
-20.916897 39.677723 11.000000
-19.168011 40.661137 11.000000
-21.280561 36.326130 11.000000
-19.570017 36.025501 11.000000
-18.314604 36.734489 11.000000
-20.080223 34.773006 11.000000
-22.112635 38.522655 11.000000
-17.335810 38.996899 11.000000
-17.593513 37.655590 11.000000
-21.583387 35.746181 11.000000
-19.272379 39.716549 11.000000
-21.420919 38.054810 11.000000
-19.351875 39.595631 11.000000
-22.164604 37.879086 11.000000
-17.454035 39.465908 11.000000
-18.637087 37.584618 11.000000
-18.943533 39.933723 11.000000
-22.401260 37.772129 11.000000
-18.330027 36.713203 11.000000
-20.018745 34.829510 11.000000
-20.730907 39.727654 11.000000
-18.684843 38.817829 11.000000
-19.955868 38.641716 11.000000
-17.788822 38.257763 11.000000
-21.868849 35.670475 11.000000
-18.983627 35.736340 11.000000
-22.875196 37.562515 11.000000
-19.390821 38.911209 11.000000
-17.521955 39.476227 11.000000
-20.072596 38.590481 11.000000
-18.561054 38.211449 11.000000
-18.176838 39.718597 11.000000
-19.432049 37.905876 11.000000
-22.369368 39.031509 11.000000
-21.312576 36.780476 11.000000
-19.377390 39.543716 11.000000
-19.139034 36.549335 11.000000
1.853727 50.744507 12.000000
3.176994 52.831345 12.000000
0.342460 51.027168 12.000000
2.451813 49.662811 12.000000
0.887103 51.305588 12.000000
0.876783 48.213734 12.000000
4.321866 50.822311 12.000000
3.311636 51.758678 12.000000
-0.536161 51.761578 12.000000
-0.835117 49.080765 12.000000
1.594670 49.358421 12.000000
1.041703 50.732494 12.000000
2.482404 47.342060 12.000000
3.966761 51.451061 12.000000
1.643569 52.073502 12.000000
2.702153 47.946682 12.000000
0.866183 53.237583 12.000000
3.920436 50.795151 12.000000
4.465193 51.806503 12.000000
0.252094 50.076752 12.000000
1.848765 52.590134 12.000000
1.326377 49.192005 12.000000
-0.408117 49.001556 12.000000
1.277572 51.265652 12.000000
1.625143 51.538849 12.000000
0.916959 51.802261 12.000000
-1.251385 50.064529 12.000000
3.956368 49.612774 12.000000
1.604065 52.614388 12.000000
-0.131306 50.078419 12.000000
0.752652 52.658257 12.000000
0.825020 51.604820 12.000000
-0.404903 51.532639 12.000000
4.410810 49.719231 12.000000
4.233061 49.445335 12.000000
0.647167 52.174477 12.000000
-0.637245 52.125027 12.000000
2.126628 51.958149 12.000000
-0.210466 50.588146 12.000000
2.994751 51.755100 12.000000
2.534478 52.573765 12.000000
2.411384 50.698547 12.000000
3.890291 49.908794 12.000000
0.800382 53.377319 12.000000
3.027333 48.832581 12.000000
2.427166 50.988117 12.000000
3.784457 49.897911 12.000000
1.740846 48.255077 12.000000
1.241381 52.976364 12.000000
2.818275 51.421047 12.000000
1.254562 47.788212 12.000000
3.011128 50.179340 12.000000
-0.513133 49.145462 12.000000
2.777488 52.590244 12.000000
-0.288186 52.443375 12.000000
3.109874 47.572708 12.000000
4.066131 50.754333 12.000000
1.450354 51.639946 12.000000
2.758193 49.315235 12.000000
2.554864 51.746033 12.000000
1.943373 49.662868 12.000000
1.759214 51.076912 12.000000
1.791939 49.414246 12.000000
1.002604 47.758789 12.000000
0.013318 50.014713 12.000000
2.589228 49.959324 12.000000
0.878249 50.226059 12.000000
1.703900 49.962185 12.000000
0.120226 52.385078 12.000000
2.312523 50.307003 12.000000
1.814100 49.339516 12.000000
1.043477 49.832916 12.000000
0.276112 49.037399 12.000000
3.284293 50.527493 12.000000
0.991685 48.257683 12.000000
0.517864 51.011082 12.000000
0.362238 53.379524 12.000000
0.962275 51.031227 12.000000
4.014340 49.168377 12.000000
1.937750 48.290482 12.000000
0.924828 48.492001 12.000000
0.444943 48.898861 12.000000
1.191278 48.803234 12.000000
-0.326723 50.403625 12.000000
2.028690 48.304974 12.000000
2.902778 52.423618 12.000000
2.744348 50.814816 12.000000
3.680421 50.553703 12.000000
3.604969 50.768196 12.000000
1.270396 49.107391 12.000000
1.399317 50.363083 12.000000
0.545882 50.818054 12.000000
0.712196 50.817898 12.000000
2.884506 47.711487 12.000000
0.906464 50.402496 12.000000
1.130756 52.505356 12.000000
2.451672 49.374054 12.000000
2.105673 52.382782 12.000000
2.747180 47.752113 12.000000
3.241098 49.084312 12.000000
-45.492756 0.266455 13.000000
-48.749924 -4.906183 13.000000
-45.517551 0.742727 13.000000
-46.430515 -5.016809 13.000000
-47.470966 -1.177684 13.000000
-47.104401 -2.556457 13.000000
-46.591312 -0.726089 13.000000
-44.600864 -0.134265 13.000000
-48.135201 -1.930581 13.000000
-45.652252 -1.660731 13.000000
-45.856583 -1.782663 13.000000
-47.687939 0.626279 13.000000
-47.165565 -4.436336 13.000000
-46.634106 0.753279 13.000000
-48.756908 -3.134892 13.000000
-46.061459 -1.791514 13.000000
-46.807365 -4.143754 13.000000
-48.893528 -2.299344 13.000000
-49.257210 -2.539500 13.000000
-44.783382 -2.139518 13.000000
-45.621140 -1.266822 13.000000
-48.360943 -3.877396 13.000000
-48.103065 -4.847530 13.000000
-47.207737 0.654132 13.000000
-47.760551 -2.002168 13.000000
-47.164898 0.372599 13.000000
-44.592449 -0.122283 13.000000
-46.026360 -2.904789 13.000000
-46.599392 -1.390084 13.000000
-43.986828 -1.135852 13.000000
-44.055187 -1.016750 13.000000
-49.318577 -1.386948 13.000000
-48.858700 -1.747493 13.000000
-46.198551 -1.797534 13.000000
-45.005569 -3.969157 13.000000
-45.073135 -3.909397 13.000000
-48.179031 -2.711281 13.000000
-48.484825 -1.604662 13.000000
-46.655849 -1.838118 13.000000
-47.343781 -4.506482 13.000000
-48.204967 -0.590968 13.000000
-47.314445 -1.389690 13.000000
-44.864635 -1.258297 13.000000
-47.322094 -3.759020 13.000000
-49.125504 -0.922340 13.000000
-45.467442 -2.621669 13.000000
-46.311325 -4.182650 13.000000
-47.560612 -2.370108 13.000000
-45.815342 -0.577477 13.000000
-47.336208 0.523472 13.000000
-46.614223 -2.841885 13.000000
-47.615555 -0.707417 13.000000
-46.773338 0.544616 13.000000
-46.759598 -4.717564 13.000000
-46.274723 -3.394254 13.000000
-48.428097 -3.585043 13.000000
-44.924232 -1.376075 13.000000
-44.779095 -1.613587 13.000000
-46.759304 -0.273095 13.000000
-46.531235 -1.245062 13.000000
-46.719673 -3.005646 13.000000
-45.545460 -3.647031 13.000000
-47.255211 -4.708980 13.000000
-44.549644 -2.335833 13.000000
-49.171394 -2.672636 13.000000
-47.386711 -3.399954 13.000000
-46.551037 -0.562398 13.000000
-48.083416 -2.045505 13.000000
-46.332298 -4.003932 13.000000
-46.683327 -5.066175 13.000000
-47.376133 -3.241107 13.000000
-48.223888 -0.801843 13.000000
-48.062908 -0.854287 13.000000
-46.275272 -0.496195 13.000000
-46.920998 -2.905605 13.000000
-48.383343 -0.353268 13.000000
-44.826401 -3.137524 13.000000
-46.266418 -2.224947 13.000000
-47.109982 0.322842 13.000000
-46.992393 -1.527401 13.000000
-46.738686 -1.607186 13.000000
-44.824154 -3.633255 13.000000
-47.701332 -2.899141 13.000000
-47.847996 -2.405765 13.000000
-44.449638 -1.089829 13.000000
-49.037876 -3.728036 13.000000
-45.079807 -1.251906 13.000000
-46.545582 -3.718923 13.000000
-49.234337 -3.764540 13.000000
-48.216377 -4.513059 13.000000
-47.999573 -4.202287 13.000000
-48.790344 -3.872513 13.000000
-48.612820 -1.262886 13.000000
-49.647453 -2.407489 13.000000
-49.576679 -2.336587 13.000000
-45.449898 -1.914726 13.000000
-45.857628 0.148800 13.000000
-45.973179 -0.919155 13.000000
-47.481758 -4.548887 13.000000
-47.286175 -2.079209 13.000000
-36.792416 -23.448425 14.000000
-34.611530 -26.216103 14.000000
-34.742535 -19.781738 14.000000
-32.171093 -21.686018 14.000000
-35.243629 -22.182985 14.000000
-33.304737 -23.429087 14.000000
-34.552235 -23.106693 14.000000
-34.254681 -21.396332 14.000000
-35.764362 -24.963701 14.000000
-35.065697 -25.044304 14.000000
-35.553646 -20.911837 14.000000
-36.408428 -22.666157 14.000000
-34.779877 -24.083229 14.000000
-35.908245 -24.562639 14.000000
-31.629122 -21.269779 14.000000
-35.165531 -21.480019 14.000000
-33.517662 -23.178530 14.000000
-35.768959 -22.498293 14.000000
-35.676735 -23.342243 14.000000
-32.853760 -21.313015 14.000000
-34.179703 -23.908531 14.000000
-35.874985 -23.085880 14.000000
-33.591053 -24.439671 14.000000
-33.706734 -20.553858 14.000000
-32.823933 -20.220301 14.000000
-34.870392 -22.436110 14.000000
-32.699203 -21.090031 14.000000
-32.757103 -23.280409 14.000000
-32.368786 -23.209391 14.000000
-34.541119 -25.553629 14.000000
-34.258850 -22.451130 14.000000
-35.254761 -24.832876 14.000000
-32.565666 -23.646460 14.000000
-32.323879 -23.918131 14.000000
-34.686127 -22.677784 14.000000
-31.364679 -21.183672 14.000000
-35.197304 -25.155996 14.000000
-31.933104 -21.802044 14.000000
-35.927860 -23.309649 14.000000
-34.828621 -19.606787 14.000000
-35.940792 -21.087221 14.000000
-36.041828 -25.531475 14.000000
-33.574825 -23.274092 14.000000
-35.278854 -26.261070 14.000000
-34.700294 -24.747540 14.000000
-35.405979 -24.654036 14.000000
-33.721970 -23.126982 14.000000
-34.675217 -19.734110 14.000000
-33.642406 -25.742802 14.000000
-35.296963 -21.964277 14.000000
-34.577869 -25.908155 14.000000
-35.106361 -23.603617 14.000000
-33.422688 -22.311377 14.000000
-34.170578 -22.562994 14.000000
-32.428535 -21.168150 14.000000
-34.608696 -23.135021 14.000000
-34.624378 -23.652912 14.000000
-33.714710 -21.360996 14.000000
-33.305923 -22.014662 14.000000
-33.740799 -21.230068 14.000000
-32.424507 -22.071356 14.000000
-33.580025 -23.917572 14.000000
-33.387119 -24.861996 14.000000
-36.691074 -21.591236 14.000000
-32.663765 -22.227463 14.000000
-33.665600 -21.458538 14.000000
-34.644711 -25.260952 14.000000
-34.435062 -25.277098 14.000000
-34.495678 -21.891878 14.000000
-36.167858 -23.294641 14.000000
-36.433823 -24.268047 14.000000
-32.507317 -24.391640 14.000000
-34.991920 -23.549477 14.000000
-35.308163 -21.820997 14.000000
-33.777332 -20.782057 14.000000
-35.431862 -21.547457 14.000000
-33.976151 -24.534056 14.000000
-36.612446 -22.543697 14.000000
-36.967518 -24.002192 14.000000
-35.549824 -21.646034 14.000000
-32.718399 -22.933929 14.000000
-34.079735 -22.361622 14.000000
-36.160980 -21.951746 14.000000
-31.895117 -22.264421 14.000000
-33.666485 -21.123980 14.000000
-33.640202 -21.079643 14.000000
-33.930931 -21.590179 14.000000
-33.675682 -20.064896 14.000000
-34.719654 -19.721830 14.000000
-33.272018 -23.069017 14.000000
-35.684792 -23.109791 14.000000
-35.346394 -24.089748 14.000000
-35.514610 -26.167887 14.000000
-32.959557 -24.686666 14.000000
-34.429829 -21.141411 14.000000
-32.934540 -21.207361 14.000000
-36.377045 -24.526455 14.000000
-33.157459 -24.732096 14.000000
-32.670971 -20.860952 14.000000
-35.387062 -22.717802 14.000000
30.890444 13.512734 15.000000
36.672462 12.639613 15.000000
33.929863 12.695498 15.000000
33.635921 15.845229 15.000000
36.735619 14.904736 15.000000
33.258823 13.270943 15.000000
35.559788 13.852792 15.000000
34.038208 14.426574 15.000000
35.076126 15.122787 15.000000
36.148926 11.831671 15.000000
35.036930 11.787268 15.000000
34.247486 10.935388 15.000000
32.060852 12.215425 15.000000
34.694290 12.322832 15.000000
32.025291 11.586273 15.000000
35.573677 15.821863 15.000000
36.495880 12.256613 15.000000
31.671215 12.643161 15.000000
31.257839 13.887660 15.000000
32.536930 13.287969 15.000000
33.798176 14.264776 15.000000
34.297329 14.868280 15.000000
33.185455 12.681117 15.000000
32.777931 13.268412 15.000000
35.221981 13.098281 15.000000
34.859539 15.749461 15.000000
31.931154 14.842961 15.000000
34.671120 15.240323 15.000000
33.538574 11.222363 15.000000
31.057951 14.796014 15.000000
31.040043 13.096670 15.000000
36.164875 12.207217 15.000000
32.537983 15.326300 15.000000
33.258343 12.274675 15.000000
35.500340 15.940451 15.000000
32.841324 16.707134 15.000000
34.373543 15.390439 15.000000
31.647369 13.260956 15.000000
32.657787 11.950305 15.000000
34.130905 15.379912 15.000000
34.740658 15.111516 15.000000
35.138725 15.329959 15.000000
33.374760 13.084086 15.000000
32.323338 14.654857 15.000000
36.076969 12.211916 15.000000
32.486835 11.593043 15.000000
32.817577 15.760549 15.000000
31.630787 13.168854 15.000000
35.490112 14.037225 15.000000
33.989716 14.886746 15.000000
32.005398 12.332049 15.000000
32.655128 14.802007 15.000000
31.198090 12.744261 15.000000
33.049866 13.337023 15.000000
34.468941 12.084332 15.000000
31.810328 12.642569 15.000000
34.189899 11.934768 15.000000
34.482979 11.870161 15.000000
35.968826 14.583891 15.000000
33.206841 16.626970 15.000000
31.529009 15.082520 15.000000
30.912746 13.484401 15.000000
32.172634 14.360631 15.000000
33.533310 13.075578 15.000000
32.361641 13.770864 15.000000
35.549416 13.551463 15.000000
31.633675 13.979658 15.000000
36.464138 14.847742 15.000000
32.872913 15.819860 15.000000
34.857632 13.851924 15.000000
34.446987 12.996582 15.000000
33.212288 11.494863 15.000000
33.783047 11.567864 15.000000
32.661613 11.951663 15.000000
34.081417 14.394468 15.000000
34.059116 13.851417 15.000000
35.331856 15.166843 15.000000
34.949970 11.321657 15.000000
36.761864 14.595976 15.000000
34.867893 12.657395 15.000000
36.971966 13.451715 15.000000
32.594673 13.576506 15.000000
33.102108 11.634439 15.000000
32.821541 15.547545 15.000000
33.345505 15.096368 15.000000
36.212620 12.172887 15.000000
35.097439 13.979813 15.000000
35.334133 14.562859 15.000000
34.339329 12.839766 15.000000
34.554092 14.962352 15.000000
33.088711 14.751868 15.000000
35.871574 12.639589 15.000000
33.837517 13.361675 15.000000
32.845470 14.687333 15.000000
34.943836 12.902555 15.000000
34.299828 15.671525 15.000000
36.950066 12.823246 15.000000
32.313072 13.279153 15.000000
33.739334 14.095208 15.000000
36.084904 13.436443 15.000000
30.980776 -13.174482 16.000000
32.047844 -12.750483 16.000000
28.173004 -13.843600 16.000000
27.890156 -12.326305 16.000000
31.493631 -9.959066 16.000000
30.634626 -12.206129 16.000000
29.116743 -13.957873 16.000000
28.409655 -13.396251 16.000000
30.712488 -14.430706 16.000000
29.689358 -13.144915 16.000000
30.325569 -13.671855 16.000000
30.014757 -10.094656 16.000000
29.682516 -12.846055 16.000000
31.572124 -14.756636 16.000000
29.753874 -12.610220 16.000000
30.327045 -11.573249 16.000000
32.664139 -11.040903 16.000000
30.255329 -12.005376 16.000000
31.627331 -14.782822 16.000000
31.644440 -11.848731 16.000000
28.948704 -14.893444 16.000000
31.513365 -13.235314 16.000000
32.501167 -13.447937 16.000000
31.412132 -12.397099 16.000000
28.275160 -13.154502 16.000000
30.622076 -14.562509 16.000000
31.357244 -13.104215 16.000000
30.488037 -12.774141 16.000000
32.687756 -13.530025 16.000000
27.837233 -10.696574 16.000000
30.784863 -13.198796 16.000000
30.562967 -13.625396 16.000000
31.851570 -14.309608 16.000000
28.093571 -14.583631 16.000000
28.647192 -11.987203 16.000000
31.262684 -13.941144 16.000000
29.929638 -11.905578 16.000000
28.661455 -13.247938 16.000000
28.143745 -13.980215 16.000000
28.677286 -15.085318 16.000000
28.304867 -12.280189 16.000000
30.868124 -11.181700 16.000000
31.254013 -14.568421 16.000000
30.667738 -10.608930 16.000000
29.248077 -10.293086 16.000000
29.457205 -13.115150 16.000000
30.302694 -13.830180 16.000000
29.671103 -10.953783 16.000000
30.005594 -10.728579 16.000000
31.229416 -11.053294 16.000000
28.800964 -11.812802 16.000000
31.367607 -11.979577 16.000000
29.375870 -14.836282 16.000000
27.954222 -12.637919 16.000000
29.203283 -10.753255 16.000000
27.473846 -11.525746 16.000000
31.385263 -11.110998 16.000000
31.988289 -12.485897 16.000000
29.813356 -11.858296 16.000000
31.127354 -11.858501 16.000000
33.295631 -12.529955 16.000000
29.374603 -12.898782 16.000000
27.639629 -12.703345 16.000000
30.051863 -11.359208 16.000000
33.352436 -13.529547 16.000000
30.527372 -13.707350 16.000000
30.490467 -15.456048 16.000000
33.050949 -12.295229 16.000000
31.766987 -12.321636 16.000000
32.795502 -13.317827 16.000000
31.297203 -14.691752 16.000000
27.193340 -13.651863 16.000000
29.426035 -10.832076 16.000000
29.448223 -11.220582 16.000000
32.550541 -10.875197 16.000000
27.269608 -12.559870 16.000000
29.310568 -12.629922 16.000000
33.108196 -12.506293 16.000000
29.196985 -14.868591 16.000000
29.688847 -14.566321 16.000000
29.740759 -14.398347 16.000000
31.568331 -14.761246 16.000000
28.497725 -11.103966 16.000000
30.815279 -14.264308 16.000000
28.447750 -10.925046 16.000000
29.490126 -13.129763 16.000000
29.665218 -13.034601 16.000000
27.039391 -11.950320 16.000000
28.992563 -11.255199 16.000000
28.436684 -14.017271 16.000000
28.038363 -11.098807 16.000000
32.404583 -13.505754 16.000000
29.396492 -12.693004 16.000000
28.818516 -13.625832 16.000000
31.226192 -11.867089 16.000000
30.754395 -13.760104 16.000000
30.224802 -12.139249 16.000000
32.044628 -15.065367 16.000000
30.400936 -15.210270 16.000000
27.963892 -10.928696 16.000000
-36.694504 16.947632 17.000000
-36.510700 16.571569 17.000000
-34.040276 16.799141 17.000000
-33.785168 17.926123 17.000000
-37.454552 17.142010 17.000000
-34.353279 16.046850 17.000000
-34.682831 18.262508 17.000000
-33.273079 18.682436 17.000000
-35.147121 17.498108 17.000000
-36.123104 16.142817 17.000000
-32.784519 18.904787 17.000000
-37.536430 17.932316 17.000000
-32.321308 18.143175 17.000000
-33.756012 16.030714 17.000000
-37.391514 17.365751 17.000000
-32.918278 19.930532 17.000000
-36.294979 16.847569 17.000000
-33.020920 19.922867 17.000000
-34.583630 19.050495 17.000000
-36.313946 18.097353 17.000000
-37.360138 18.705149 17.000000
-36.956181 17.920523 17.000000
-35.286629 15.034448 17.000000
-36.560135 17.660416 17.000000
-35.449860 16.462521 17.000000
-34.189064 20.104191 17.000000
-32.306236 18.643559 17.000000
-35.241695 18.464783 17.000000
-34.057270 15.880442 17.000000
-35.950424 16.633730 17.000000
-36.945652 16.514244 17.000000
-33.403732 17.959770 17.000000
-33.699238 17.244539 17.000000
-35.499599 16.838543 17.000000
-35.486961 15.383403 17.000000
-32.966763 15.991008 17.000000
-34.445374 18.245193 17.000000
-34.827961 16.034321 17.000000
-33.928829 15.261117 17.000000
-33.915146 15.160040 17.000000
-32.655632 17.362282 17.000000
-34.255928 15.773024 17.000000
-31.890867 19.236008 17.000000
-34.284023 18.573425 17.000000
-34.216694 17.335943 17.000000
-34.069893 17.091684 17.000000
-35.731106 15.609295 17.000000
-36.119102 15.316175 17.000000
-32.970428 17.592419 17.000000
-37.512325 17.755548 17.000000
-32.702213 16.356403 17.000000
-35.952896 17.701794 17.000000
-33.629761 19.426029 17.000000
-33.776848 16.720512 17.000000
-34.858276 15.735186 17.000000
-34.770935 15.999626 17.000000
-32.782616 16.560963 17.000000
-35.029480 17.800323 17.000000
-34.711964 15.053119 17.000000
-34.069359 17.900112 17.000000
-32.005009 17.818129 17.000000
-36.050453 16.925411 17.000000
-35.667999 18.720526 17.000000
-35.094799 19.897638 17.000000
-36.969044 18.822065 17.000000
-34.269917 16.967522 17.000000
-33.171432 17.434830 17.000000
-32.903957 18.417116 17.000000
-34.402714 19.354164 17.000000
-34.827423 19.859045 17.000000
-33.984306 19.789951 17.000000
-34.176048 17.578335 17.000000
-36.046204 20.056059 17.000000
-37.828533 17.150146 17.000000
-33.080177 20.196869 17.000000
-35.886883 19.278894 17.000000
-36.370193 14.889580 17.000000
-35.206367 16.600845 17.000000
-34.008011 18.960720 17.000000
-32.720764 15.777474 17.000000
-37.463352 18.920847 17.000000
-37.183529 15.710243 17.000000
-36.650116 17.374359 17.000000
-32.563152 19.103783 17.000000
-35.201687 19.785488 17.000000
-33.031342 17.690866 17.000000
-36.855145 17.843895 17.000000
-35.489365 19.095829 17.000000
-36.233139 16.893610 17.000000
-31.826948 17.921635 17.000000
-34.036194 18.668318 17.000000
-35.375858 16.336054 17.000000
-37.262852 18.964622 17.000000
-33.665550 18.813410 17.000000
-33.864002 19.790325 17.000000
-34.321205 20.575722 17.000000
-33.015884 19.595789 17.000000
-33.391579 16.668209 17.000000
-33.237717 17.364723 17.000000
-32.330849 18.873508 17.000000
-8.354902 24.832840 18.000000
-6.122916 23.172810 18.000000
-7.837189 22.192938 18.000000
-5.061585 23.396654 18.000000
-10.103168 23.455248 18.000000
-9.340796 25.369799 18.000000
-7.565413 24.621820 18.000000
-8.289612 24.235886 18.000000
-7.490632 21.720106 18.000000
-8.983965 21.097540 18.000000
-9.629285 22.701756 18.000000
-8.344173 20.132998 18.000000
-8.443746 25.878620 18.000000
-10.645454 24.427830 18.000000
-9.779639 23.787836 18.000000
-6.877866 20.640484 18.000000
-10.377648 22.869005 18.000000
-6.779325 21.722105 18.000000
-10.948994 24.221231 18.000000
-9.216607 24.462460 18.000000
-8.566657 23.291424 18.000000
-7.078877 23.059536 18.000000
-7.087368 24.018074 18.000000
-9.475964 20.923136 18.000000
-8.308734 24.111645 18.000000
-6.883024 21.990751 18.000000
-9.368624 22.787027 18.000000
-11.370691 22.204447 18.000000
-6.642942 25.340401 18.000000
-10.826350 21.981590 18.000000
-6.375643 22.940372 18.000000
-8.969457 21.290049 18.000000
-7.892394 21.870655 18.000000
-7.443645 23.635935 18.000000
-9.265401 20.954679 18.000000
-8.748293 24.166811 18.000000
-5.188563 22.821926 18.000000
-8.692461 21.786194 18.000000
-6.123961 21.015085 18.000000
-8.458385 24.754013 18.000000
-5.880886 24.169222 18.000000
-8.421124 21.910971 18.000000
-11.435933 22.358902 18.000000
-6.380768 23.494970 18.000000
-6.517817 21.013964 18.000000
-9.548808 22.880035 18.000000
-6.458021 21.458603 18.000000
-7.034286 24.910011 18.000000
-6.853781 24.041821 18.000000
-6.293221 20.497044 18.000000
-11.045447 22.840857 18.000000
-6.153012 22.641752 18.000000
-9.614003 22.598587 18.000000
-9.682472 23.505993 18.000000
-8.273812 23.861082 18.000000
-5.310891 21.419468 18.000000
-9.197887 24.615412 18.000000
-7.266064 22.306025 18.000000
-8.842991 22.418468 18.000000
-7.329993 25.510052 18.000000
-6.725000 23.887468 18.000000
-9.246569 21.581028 18.000000
-9.906249 22.314283 18.000000
-8.307897 22.868038 18.000000
-6.565435 21.352631 18.000000
-8.481890 22.378817 18.000000
-7.430037 23.252058 18.000000
-8.629404 21.740015 18.000000
-8.144638 23.208202 18.000000
-7.246890 22.594904 18.000000
-7.227913 20.795597 18.000000
-7.239325 21.101183 18.000000
-9.002584 25.351795 18.000000
-10.142791 25.264730 18.000000
-8.036633 24.717428 18.000000
-6.130512 23.473192 18.000000
-6.829708 23.549698 18.000000
-9.272336 22.530252 18.000000
-7.966794 25.223200 18.000000
-9.108780 22.422525 18.000000
-7.201083 22.259832 18.000000
-10.669178 24.030329 18.000000
-5.848804 22.813334 18.000000
-9.478675 24.829777 18.000000
-6.126352 24.408068 18.000000
-5.883867 22.237684 18.000000
-8.816616 20.165695 18.000000
-9.566373 23.603851 18.000000
-6.932783 23.406391 18.000000
-7.912771 22.464157 18.000000
-8.518082 20.136827 18.000000
-7.222310 23.179996 18.000000
-8.904485 24.136309 18.000000
-7.265345 20.452419 18.000000
-5.867683 22.981909 18.000000
-8.579614 21.859915 18.000000
-11.145264 23.068069 18.000000
-9.755923 21.959412 18.000000
-6.595606 25.291048 18.000000
-10.329010 23.161819 18.000000
1.474574 -51.788326 19.000000
-1.654695 -53.997406 19.000000
1.639163 -53.319454 19.000000
0.956880 -54.904682 19.000000
2.166887 -50.950539 19.000000
-2.013526 -54.324692 19.000000
0.052824 -49.819702 19.000000
1.542127 -55.050129 19.000000
1.323752 -51.649483 19.000000
0.997256 -55.512882 19.000000
-0.659652 -49.505730 19.000000
1.840613 -54.987011 19.000000
1.544307 -53.135170 19.000000
-0.382796 -50.913860 19.000000
1.134024 -50.381527 19.000000
0.113968 -52.765900 19.000000
-2.143582 -51.516178 19.000000
0.115658 -55.228241 19.000000
0.889423 -49.950382 19.000000
-0.482484 -53.369598 19.000000
3.607887 -52.263767 19.000000
-0.099678 -54.236942 19.000000
2.541677 -50.527023 19.000000
1.900298 -52.013981 19.000000
-2.281377 -54.396774 19.000000
0.316062 -52.381214 19.000000
1.960869 -54.721951 19.000000
1.401371 -51.171234 19.000000
1.786240 -55.437832 19.000000
0.191432 -54.093060 19.000000
0.671159 -52.237400 19.000000
-0.582815 -54.559380 19.000000
-1.287488 -51.687428 19.000000
-2.222644 -54.372189 19.000000
0.661531 -50.701511 19.000000
1.476132 -51.084148 19.000000
2.450091 -54.625469 19.000000
-0.773515 -51.950264 19.000000
1.314731 -51.203392 19.000000
-1.786122 -52.715927 19.000000
0.826541 -52.172470 19.000000
-1.024563 -52.594456 19.000000
2.470855 -52.300087 19.000000
-0.338860 -50.444313 19.000000
-0.917958 -53.079433 19.000000
-0.213415 -51.571499 19.000000
2.165632 -52.682030 19.000000
-0.921720 -51.495247 19.000000
0.601512 -51.881332 19.000000
1.151185 -53.777786 19.000000
-2.133820 -51.299282 19.000000
2.272328 -51.941875 19.000000
-0.202767 -50.932213 19.000000
-1.048836 -50.933388 19.000000
1.291829 -51.020397 19.000000
0.493747 -53.646835 19.000000
-0.284333 -52.980339 19.000000
2.122605 -50.653870 19.000000
1.183942 -52.504238 19.000000
3.640069 -52.590729 19.000000
-0.283706 -54.676830 19.000000
0.815801 -54.405354 19.000000
3.244344 -53.722195 19.000000
-1.164993 -53.537842 19.000000
0.124735 -52.527332 19.000000
-1.929367 -51.166641 19.000000
-1.179150 -51.627800 19.000000
1.015367 -53.855869 19.000000
-0.661012 -50.087582 19.000000
1.335144 -53.560738 19.000000
3.336117 -53.563534 19.000000
2.921166 -53.893040 19.000000
-2.483232 -52.389236 19.000000
-1.145665 -50.422688 19.000000
2.560227 -54.469437 19.000000
-1.060183 -53.536816 19.000000
-0.188914 -50.085819 19.000000
1.652612 -54.666035 19.000000
-0.709624 -53.469376 19.000000
1.753097 -54.470753 19.000000
0.213393 -53.307156 19.000000
1.981743 -54.472893 19.000000
-0.249256 -54.224968 19.000000
-1.032609 -54.058956 19.000000
0.783003 -51.189537 19.000000
-1.001950 -53.105812 19.000000
1.996812 -54.275013 19.000000
0.237372 -52.327946 19.000000
-1.019800 -53.074574 19.000000
2.265282 -53.040558 19.000000
-0.839292 -51.175343 19.000000
0.757512 -52.168350 19.000000
-0.196414 -53.718166 19.000000
-0.888519 -53.600128 19.000000
-0.481911 -50.815388 19.000000
0.604037 -54.240154 19.000000
2.038819 -50.871693 19.000000
2.215228 -52.826038 19.000000
0.812995 -50.012356 19.000000
-1.030630 -53.695538 19.000000
