1.014342 5.144745 1.000000
-0.129770 -7.420977 1.000000
-8.598199 -12.827499 1.000000
4.514089 2.624295 1.000000
3.345218 8.399993 1.000000
7.007607 8.740656 1.000000
0.054118 0.830986 1.000000
-0.821668 -7.556109 1.000000
1.362003 7.529878 1.000000
-1.834389 5.374113 1.000000
5.339084 5.334808 1.000000
-0.931431 0.898516 1.000000
-2.822346 -7.968088 1.000000
-0.303181 -2.727839 1.000000
-6.887264 -11.113809 1.000000
2.291392 0.647938 1.000000
-0.506848 -1.058304 1.000000
-0.322399 -5.289673 1.000000
-6.479361 -9.064459 1.000000
-1.464332 -5.425321 1.000000
4.290846 12.107016 1.000000
1.681281 10.134595 1.000000
-0.591424 3.092605 1.000000
4.950047 11.436278 1.000000
-7.316100 -10.123621 1.000000
4.097546 13.492602 1.000000
1.212031 6.551271 1.000000
-4.804189 -5.393717 1.000000
0.133509 7.705733 1.000000
-0.198345 1.245655 1.000000
-5.701133 -10.349417 1.000000
-4.992954 -6.305234 1.000000
3.157784 -1.778972 1.000000
5.220621 18.268866 1.000000
-5.240410 -7.382617 1.000000
-5.799089 -6.943266 1.000000
-1.551137 -3.266900 1.000000
1.440838 7.112672 1.000000
-7.749336 -13.938908 1.000000
6.347533 13.689530 1.000000
-6.579675 -10.570491 1.000000
-0.065259 2.214995 1.000000
-8.212315 -13.562240 1.000000
-8.360687 -9.490772 1.000000
-6.113772 -12.184480 1.000000
2.231843 5.057185 1.000000
1.111013 0.396388 1.000000
-4.994963 -10.789313 1.000000
6.485290 14.179795 1.000000
-0.034825 -11.438798 1.000000
7.360222 14.642605 1.000000
0.111772 9.567003 1.000000
-2.108982 -5.577850 1.000000
-4.729492 -9.981157 1.000000
2.319994 6.058994 1.000000
-3.918176 -3.870423 1.000000
5.100307 17.297300 1.000000
-6.624730 -9.698032 1.000000
-0.112225 6.805483 1.000000
1.981027 -0.573517 1.000000
5.362409 10.460896 1.000000
4.941466 12.504761 1.000000
-4.080989 -5.223032 1.000000
-3.409186 -7.583894 1.000000
-1.960350 -9.066487 1.000000
5.828581 7.416084 1.000000
-5.192027 -8.425507 1.000000
5.246954 15.388253 1.000000
-3.741908 -2.840030 1.000000
5.941717 9.129986 1.000000
4.933116 16.222647 1.000000
-7.645404 -9.030013 1.000000
-8.030679 -14.654347 1.000000
-7.136405 -12.928554 1.000000
-2.031132 -3.007424 1.000000
0.754648 2.110642 1.000000
-7.317853 -7.847548 1.000000
5.126606 12.135555 1.000000
0.560936 3.946617 1.000000
-1.787116 -9.797870 1.000000
-7.000526 -4.085853 1.000000
4.513544 17.792370 1.000000
3.172308 10.335792 1.000000
6.059061 15.147620 1.000000
1.865860 -1.746578 1.000000
-1.362581 5.633819 1.000000
-6.912633 -8.640103 1.000000
-7.901354 -10.649549 1.000000
2.638374 8.529325 1.000000
2.691786 2.205214 1.000000
3.196773 6.683389 1.000000
0.909179 -3.734982 1.000000
-1.973342 -2.028101 1.000000
3.520525 15.155052 1.000000
-1.695615 3.907499 1.000000
-2.753089 -4.299649 1.000000
-4.644498 -3.793306 1.000000
1.444492 1.444851 1.000000
-4.474704 -11.112434 1.000000
-0.391796 4.307925 1.000000
2.083588 3.117535 1.000000
-5.755448 -5.830465 1.000000
-4.105823 -2.637658 1.000000
6.099571 8.119410 1.000000
-2.370950 -3.703300 1.000000
-1.879137 -4.096594 1.000000
0.339536 8.097232 1.000000
-2.120288 5.777974 1.000000
-3.999660 -7.460786 1.000000
2.985762 11.355661 1.000000
-7.301543 -4.342134 1.000000
-5.704748 -8.213936 1.000000
0.950705 2.680927 1.000000
2.807566 -0.857347 1.000000
1.765488 9.099223 1.000000
2.410257 7.651416 1.000000
3.649885 11.204256 1.000000
1.113451 -2.938765 1.000000
1.447380 -1.292658 1.000000
3.331185 -2.551428 1.000000
3.937830 9.973855 1.000000
6.627528 15.461877 1.000000
-3.109577 -8.920734 1.000000
1.166225 -0.939848 1.000000
4.307530 12.749865 1.000000
2.451666 6.410379 1.000000
4.067560 11.503457 1.000000
-3.257347 -6.862325 1.000000
-7.434652 -14.055982 1.000000
3.191269 13.484883 1.000000
3.938922 1.709955 1.000000
2.233819 10.236115 1.000000
-0.289242 -4.243713 1.000000
-2.789284 -1.654655 1.000000
-3.963190 -10.125840 1.000000
1.826115 0.200408 1.000000
-2.147146 -7.506241 1.000000
-6.622922 -13.562667 1.000000
3.892388 3.202026 1.000000
3.236488 3.024914 1.000000
4.476979 7.972730 1.000000
4.368104 14.464702 1.000000
0.572564 -3.361878 1.000000
-6.548371 -7.572365 1.000000
4.270154 16.829905 1.000000
-7.618052 -12.722093 1.000000
-0.410204 -5.977087 1.000000
-1.529817 0.451685 1.000000
4.320159 8.974057 1.000000
4.583548 10.955334 1.000000
-9.224710 -15.064424 2.000000
-4.553057 2.838066 2.000000
-5.094600 2.344748 2.000000
7.528384 23.292173 2.000000
8.787167 20.740252 2.000000
6.775014 23.137291 2.000000
-9.180799 -14.453908 2.000000
-5.195051 3.442888 2.000000
7.328840 22.948977 2.000000
6.507849 16.831182 2.000000
6.931252 19.260231 2.000000
8.961765 20.277903 2.000000
6.342510 19.312674 2.000000
-3.227575 6.465314 2.000000
8.155662 19.933096 2.000000
8.045291 15.622609 2.000000
8.279450 21.803795 2.000000
8.497643 20.111731 2.000000
7.884354 15.622481 2.000000
6.614522 22.654671 2.000000
7.879127 16.592291 2.000000
7.971387 20.970104 2.000000
7.365586 20.710667 2.000000
8.759890 16.949026 2.000000
8.762870 18.655741 2.000000
9.088217 16.744623 2.000000
7.918266 22.317825 2.000000
-4.159632 3.170300 2.000000
-9.589554 -15.311837 2.000000
-0.922068 7.692122 2.000000
7.335441 19.837681 2.000000
8.157975 16.892389 2.000000
-1.656186 6.957072 2.000000
7.307534 21.598713 2.000000
6.137576 18.007492 2.000000
-3.011230 -15.959694 3.000000
1.812577 -14.730663 3.000000
5.219275 3.880187 3.000000
-3.450547 -11.437270 3.000000
-2.410819 -16.061749 3.000000
-5.977683 -16.866547 3.000000
-4.154341 -15.904361 3.000000
2.475682 -14.952837 3.000000
-0.061661 -15.045331 3.000000
-0.805522 -17.171347 3.000000
2.857743 -15.033396 3.000000
0.300034 -11.954078 3.000000
-3.478226 -15.779793 3.000000
2.764325 -14.766740 3.000000
-4.608584 -15.819005 3.000000
-4.765835 -16.242847 3.000000
-5.844596 -16.409929 3.000000
0.534690 -12.648543 3.000000
-2.853214 -17.371023 3.000000
0.379709 -13.608735 3.000000
0.516355 -14.219202 3.000000
-0.453187 -15.432593 3.000000
-0.765420 -16.997017 3.000000
-3.906489 -16.751230 3.000000
2.082248 -14.544497 3.000000
-0.229363 -11.258462 3.000000
-6.365394 -16.030928 3.000000
6.449965 9.949992 3.000000
2.152159 14.869384 3.000000
2.521588 13.314771 3.000000
