-29.614819 17.075418 1.000000
-27.195400 18.109318 1.000000
-24.716187 14.118719 1.000000
16.464098 -1.777792 1.000000
-25.639057 12.054423 1.000000
3.036955 -15.911902 1.000000
-21.587643 11.308922 1.000000
-6.974387 -10.537316 1.000000
1.466663 -16.290352 1.000000
4.039702 -16.070183 1.000000
-17.050503 -1.684703 1.000000
-16.890640 1.377318 1.000000
-22.518661 6.038690 1.000000
-15.449327 -9.590660 1.000000
0.053693 -20.431854 1.000000
-12.304646 -7.883423 1.000000
-14.801422 -2.858583 1.000000
-17.122017 1.732320 1.000000
-29.701721 20.102842 1.000000
0.198480 -18.962788 2.000000
12.004292 -16.600368 2.000000
11.463768 25.598354 2.000000
-13.654387 -6.512622 1.000000
-29.907579 21.233593 1.000000
-30.146097 17.751911 1.000000
-19.444378 7.028762 1.000000
-11.012249 -10.196552 1.000000
-22.183414 7.112640 1.000000
-16.307417 0.745642 1.000000
-20.235075 2.497494 1.000000
-22.408375 12.722882 1.000000
-4.979184 -10.439985 1.000000
-19.011143 4.561575 1.000000
-27.416239 15.441773 1.000000
-17.572025 1.011103 1.000000
-18.670227 1.218778 1.000000
-8.176404 -14.452226 1.000000
19.540342 -12.792661 2.000000
-8.424326 -19.280434 1.000000
-0.578133 -17.094656 1.000000
-4.061386 -14.562392 1.000000
23.054840 6.590536 1.000000
-22.743532 12.510480 1.000000
-6.350660 -10.440063 1.000000
0.939195 -16.453531 1.000000
-22.179188 10.685507 1.000000
9.352186 29.036005 2.000000
0.449270 -16.067207 1.000000
15.998138 -7.622663 2.000000
1.333440 -19.497295 2.000000
20.503189 -0.018176 2.000000
2.757825 -22.150318 2.000000
20.384516 -1.900271 2.000000
-21.304956 4.958600 1.000000
-14.403940 -5.241264 1.000000
20.860310 3.010489 2.000000
-29.392275 18.362913 1.000000
-12.698873 -6.425751 1.000000
12.848997 -17.122622 2.000000
9.850667 28.036116 2.000000
13.661307 20.467663 2.000000
9.143454 27.695541 2.000000
-12.109837 -7.211803 1.000000
10.787989 25.975782 2.000000
-5.433856 -10.559170 1.000000
-12.368710 -8.522698 1.000000
11.299596 24.647654 2.000000
19.298706 8.530775 2.000000
10.390250 25.490873 2.000000
19.217712 -11.882933 2.000000
-28.114294 16.023165 1.000000
10.289816 27.318054 2.000000
-20.440357 12.256428 1.000000
-5.914476 -13.177644 1.000000
13.462877 -11.810996 2.000000
-17.806368 0.188719 1.000000
13.674283 -18.978031 2.000000
-21.035620 11.471744 1.000000
-25.181854 12.676583 1.000000
12.834553 -15.356581 2.000000
22.245131 1.683657 2.000000
13.870381 -16.316336 2.000000
-29.025890 22.352592 1.000000
-22.567806 5.426010 1.000000
17.031542 -6.041493 2.000000
-22.294043 11.537532 1.000000
-9.120956 -14.415721 1.000000
-22.229935 11.982656 1.000000
17.154781 -8.525348 2.000000
-9.161711 -15.000594 2.000000
-9.900167 -15.085172 2.000000
-12.806264 -13.553140 1.000000
-5.417115 -12.169002 2.000000
1.696754 -19.283897 2.000000
-14.080294 -5.366505 1.000000
-25.991728 14.862139 1.000000
18.572504 1.257562 2.000000
13.071174 21.761335 2.000000
20.839453 2.170948 2.000000
-9.205430 -13.458898 1.000000
-7.147172 -10.391144 1.000000
8.805922 29.861832 2.000000
19.230608 -6.709356 2.000000
13.442682 22.118614 2.000000
15.916087 17.546385 2.000000
-5.056003 -11.930515 1.000000
21.488998 1.283207 2.000000
20.292944 -7.224709 2.000000
-28.918875 20.918663 1.000000
22.187334 2.610044 2.000000
12.577357 21.675127 2.000000
21.906681 -7.012375 2.000000
-4.256295 -20.086386 2.000000
15.542298 20.002216 2.000000
9.609840 27.376072 2.000000
15.910453 -6.816071 2.000000
10.531675 27.973890 2.000000
-14.510859 -3.639606 1.000000
-17.075010 0.903965 1.000000
-20.487770 3.297158 1.000000
21.539452 3.215665 2.000000
-22.142752 10.345979 1.000000
-27.294691 20.977177 1.000000
-6.451393 -18.198544 2.000000
12.026073 -19.038488 2.000000
-2.042536 -18.849962 2.000000
-6.313095 -11.855304 1.000000
-23.193375 10.439017 1.000000
-8.926980 -17.416811 2.000000
-24.215031 11.694427 1.000000
19.759287 -6.047620 2.000000
-16.157076 -1.928656 1.000000
-17.397432 -0.966493 1.000000
-15.234654 -8.367745 2.000000
-22.317719 11.121461 1.000000
10.318158 -15.901391 1.000000
17.651682 -2.498952 2.000000
18.625160 8.434419 2.000000
-12.553677 -6.741436 1.000000
18.526386 11.803917 2.000000
12.393962 23.681002 2.000000
-17.695902 0.377330 1.000000
21.343430 4.100766 2.000000
11.121207 -16.122507 2.000000
16.966278 13.872746 2.000000
19.770683 0.539055 2.000000
15.397021 -6.968990 1.000000
-11.262865 -15.096298 2.000000
-7.045835 -17.432087 2.000000
-1.707186 -18.763124 2.000000
13.276055 -16.378998 2.000000
9.117065 28.637533 2.000000
12.493563 19.782740 2.000000
18.705593 11.955348 2.000000
3.778042 -19.773197 2.000000
18.223219 -7.520209 2.000000
-19.935484 4.086945 1.000000
-17.630848 -4.970323 2.000000
20.490017 -4.243336 2.000000
21.147305 9.772762 2.000000
17.635214 -2.102328 2.000000
-23.350027 9.586265 1.000000
-29.418467 19.169842 1.000000
19.029577 -7.458233 2.000000
-28.775036 21.603411 1.000000
-10.530543 -16.592157 2.000000
17.257250 15.561868 2.000000
-18.768803 2.202037 1.000000
-20.974350 12.198787 1.000000
-10.660218 -15.899606 2.000000
19.828701 -7.450740 2.000000
-10.296187 -7.325186 1.000000
-15.519397 -3.275792 1.000000
17.974596 16.281509 2.000000
16.735830 16.539076 2.000000
10.028665 28.493786 2.000000
13.335818 19.677719 2.000000
-16.889160 -6.366985 1.000000
14.466468 -16.814920 2.000000
18.234188 -13.281042 2.000000
-29.739817 23.584139 1.000000
-28.306744 18.899117 1.000000
-16.763218 0.803281 1.000000
18.681797 7.924891 2.000000
-14.059959 -6.913426 1.000000
14.979959 15.803446 2.000000
-21.251722 6.807780 1.000000
20.937096 0.587931 2.000000
18.951576 3.720318 2.000000
19.884384 -7.107819 2.000000
-4.986267 -17.127497 1.000000
18.163517 -15.203964 2.000000
11.949045 25.922705 2.000000
2.588300 -15.714293 1.000000
-9.721170 -16.132511 1.000000
15.323189 -15.547081 2.000000
-5.950889 -13.673846 1.000000
-21.322269 3.260781 1.000000
-23.617792 13.306359 1.000000
-13.255696 -4.828561 1.000000
12.246264 -12.238047 2.000000
-19.962988 2.711741 1.000000
-26.981886 20.605701 1.000000
-13.964903 -2.927525 1.000000
6.027685 -16.184143 2.000000
-14.207511 -6.325884 1.000000
12.636858 24.216789 2.000000
-19.356367 1.547463 1.000000
11.380404 -17.478918 2.000000
-14.303114 -8.069818 2.000000
-25.921331 13.464839 1.000000
18.515253 -3.251307 2.000000
-28.522186 23.215227 1.000000
-18.167273 -4.957154 1.000000
-7.042828 -13.721375 1.000000
-2.462207 -17.249142 1.000000
19.864857 -1.639301 2.000000
15.051251 17.998352 2.000000
-28.248812 17.917681 1.000000
-29.953823 20.272787 1.000000
0.329853 -19.397747 2.000000
1.857845 -20.332600 2.000000
14.359369 20.390196 2.000000
-15.963694 -3.566645 1.000000
1.622810 -18.365540 2.000000
-10.227213 -11.208498 2.000000
15.646040 18.537649 2.000000
-10.930386 -15.138137 2.000000
12.482323 -14.522728 2.000000
3.972207 -16.555975 1.000000
-19.338814 0.857268 1.000000
17.844744 9.766590 2.000000
20.128859 9.015292 2.000000
-26.518869 17.217012 1.000000
11.937198 24.252062 2.000000
-2.373634 -19.999792 2.000000
-30.157084 22.558599 1.000000
-25.709484 15.267042 1.000000
-5.681496 -17.285971 2.000000
-19.510250 5.996572 1.000000
1.112521 -21.196028 2.000000
20.702808 -8.049642 2.000000
20.059261 8.192913 2.000000
-1.264410 -20.276730 2.000000
-22.980042 7.729440 1.000000
16.044834 17.488997 2.000000
14.300250 -17.855082 2.000000
11.361641 -15.896091 2.000000
16.218018 13.487025 2.000000
20.350082 4.836311 2.000000
-27.482836 18.816452 1.000000
21.101753 2.686860 2.000000
-27.930916 17.063465 1.000000
-19.672119 2.057022 1.000000
-28.528454 17.173420 1.000000
-6.843186 -13.052370 1.000000
-27.879814 16.990391 1.000000
-13.586365 -8.139142 1.000000
-16.817455 -0.021897 1.000000
-15.218880 -5.035189 1.000000
-26.594433 16.616964 1.000000
-19.939034 1.938459 1.000000
-19.671972 3.796436 1.000000
-15.232881 -6.399690 1.000000
-19.656473 6.457900 1.000000
-30.858799 22.999441 1.000000
16.277700 15.501154 2.000000
3.205393 -21.522844 2.000000
15.741117 -15.040956 2.000000
16.353456 16.592123 2.000000
-2.034647 -22.080614 2.000000
18.980310 9.808775 2.000000
-29.096066 20.906904 1.000000
12.749624 22.681635 2.000000
-20.620489 4.623998 1.000000
17.743719 3.870853 2.000000
18.544102 9.185968 2.000000
-22.213575 4.259829 1.000000
-1.582547 -17.579346 2.000000
1.196640 -22.230919 2.000000
-23.682907 13.882465 1.000000
18.474400 -1.536041 2.000000
-23.485512 12.214738 1.000000
-16.554258 -5.097214 1.000000
15.971692 -15.005246 2.000000
18.556709 -11.245219 2.000000
18.538446 -4.569032 2.000000
17.895468 -14.060504 2.000000
18.020834 11.014221 2.000000
18.846132 9.102493 2.000000
-8.625046 -18.292837 2.000000
-11.069465 -14.924149 2.000000
17.053782 -14.528702 2.000000
20.613935 -0.705602 2.000000
19.483755 -10.753726 2.000000
1.928244 -22.468918 2.000000
17.672882 16.760757 2.000000
16.876568 -3.216308 1.000000
-8.533669 -13.561321 2.000000
15.553537 20.782513 2.000000
-28.641455 18.141636 1.000000
19.541624 -8.182090 2.000000
-25.462963 14.070034 1.000000
15.726989 19.920830 2.000000
20.434164 5.303687 2.000000
18.966507 5.648465 2.000000
11.506159 -18.213734 2.000000
10.658622 27.478348 2.000000
0.940617 -19.926458 2.000000
4.419172 -19.401838 2.000000
19.050402 4.984232 2.000000
-10.631274 -12.922001 2.000000
13.277072 -15.062260 2.000000
18.133568 7.184871 2.000000
9.812281 28.986792 2.000000
20.699980 -8.537003 2.000000
21.827843 -4.381828 2.000000
-21.102592 8.313992 1.000000
10.156292 26.744019 2.000000
22.232187 -6.103263 2.000000
14.894339 18.948517 2.000000
-25.546564 13.324182 1.000000
15.453614 -14.512270 2.000000
-27.429644 17.498411 1.000000
16.123562 -8.262485 2.000000
17.729237 -12.105121 2.000000
-4.936261 -18.063816 2.000000
20.872431 -2.620578 2.000000
-17.139194 -2.439918 1.000000
-16.835127 -6.595482 1.000000
-16.539597 -3.958497 1.000000
11.789469 -16.104811 2.000000
18.004934 11.638842 2.000000
21.192732 6.268588 2.000000
20.021719 -6.882501 2.000000
-19.343264 5.139875 1.000000
17.903517 -13.901398 2.000000
-28.410818 15.972785 1.000000
14.143970 19.801064 2.000000
-29.882334 22.698828 1.000000
-9.986432 -11.746173 2.000000
12.208138 23.040838 2.000000
18.228258 12.793844 2.000000
-24.118456 10.745991 1.000000
20.551691 1.066111 2.000000
14.836434 21.261942 2.000000
17.596109 -5.944857 2.000000
-11.375093 -11.048152 2.000000
19.186573 7.081277 2.000000
19.331360 2.664965 2.000000
18.372236 -2.235256 2.000000
-15.067061 -8.649489 1.000000
-30.049994 23.381458 1.000000
-14.589185 -4.558633 1.000000
19.075090 10.695722 2.000000
20.140888 -9.364388 2.000000
16.467001 -14.843162 2.000000
-0.645385 -21.127237 2.000000
9.813391 26.551359 2.000000
13.800577 16.771036 2.000000
16.787867 -12.818334 2.000000
12.774323 -18.474316 2.000000
17.361244 -12.956821 2.000000
-17.081379 -5.693758 2.000000
3.770008 -21.038918 2.000000
-26.106049 15.600538 1.000000
-25.039503 13.555559 1.000000
12.724113 -11.733062 2.000000
-30.578199 22.757576 1.000000
-28.396278 20.418186 1.000000
-17.966963 -1.015105 1.000000
-12.205939 -14.448696 2.000000
-26.117279 11.547455 1.000000
-26.966932 18.100899 1.000000
1.783037 -21.903820 2.000000
-15.361455 -10.083939 2.000000
15.947816 21.309143 2.000000
2.387660 -20.656649 2.000000
2.310752 -22.473225 2.000000
22.997677 7.010844 1.000000
20.508379 8.083132 2.000000
18.749708 12.464024 2.000000
18.319408 1.851557 2.000000
13.925412 -10.941868 2.000000
12.792990 -18.376045 2.000000
-8.253119 -17.583313 1.000000
21.112581 -5.785797 2.000000
-3.370108 -17.972435 2.000000
18.546883 10.392017 2.000000
-22.973127 6.024852 1.000000
15.012399 18.738997 2.000000
9.720495 26.074120 2.000000
-16.392418 1.799370 1.000000
-27.859991 19.453888 1.000000
17.862431 -5.838882 2.000000
-1.064379 -22.041214 2.000000
2.817502 -20.796530 2.000000
16.505480 -14.391717 2.000000
21.883381 6.851276 2.000000
17.345699 -4.460021 2.000000
-20.662647 4.219625 1.000000
15.496790 -7.523576 2.000000
12.916622 -16.971533 2.000000
17.299582 -13.871086 2.000000
21.393333 -6.623351 2.000000
21.349068 9.253922 2.000000
-16.117231 -7.447370 2.000000
10.450496 -16.623936 2.000000
-20.461662 5.208064 1.000000
13.377265 -11.466776 2.000000
22.372467 2.221576 2.000000
20.905708 9.272109 2.000000
11.387042 26.443480 2.000000
-12.083250 -11.800972 2.000000
-13.861070 -8.173591 1.000000
20.463465 -1.101854 2.000000
11.657530 22.644920 2.000000
-19.814249 12.401999 1.000000
18.393660 -12.105746 2.000000
19.679146 10.133531 2.000000
21.546803 1.644270 2.000000
-9.388535 -14.846263 2.000000
18.868385 6.543077 2.000000
-0.282933 -19.496799 2.000000
12.221979 20.231487 2.000000
13.932446 20.843834 2.000000
15.686482 14.924247 2.000000
22.471640 8.006803 2.000000
18.268517 13.756680 2.000000
16.687134 -13.688228 2.000000
-11.553289 -13.644185 1.000000
21.925714 -5.141341 2.000000
-24.568201 9.850457 1.000000
-22.915039 11.547294 1.000000
-9.562001 -16.719631 2.000000
-7.356513 -11.472378 1.000000
12.412081 -15.664969 2.000000
-4.534953 -17.846500 2.000000
-3.345497 -17.534307 2.000000
-1.098102 -21.733183 2.000000
21.469719 8.767512 2.000000
-19.395674 3.255641 1.000000
-0.852366 -20.017635 2.000000
16.023293 20.491360 2.000000
-20.672560 3.858574 1.000000
21.036697 -1.268448 2.000000
-20.348557 6.763505 1.000000
-11.000502 -13.821363 2.000000
-10.086916 -13.481501 2.000000
-27.401957 18.990587 1.000000
20.026957 0.142866 2.000000
-23.384655 8.096958 1.000000
21.253756 -1.836692 2.000000
-6.855983 -18.057903 2.000000
11.874383 -14.377451 2.000000
1.303148 -18.735252 2.000000
22.104618 0.469041 2.000000
11.891519 -18.081385 2.000000
12.235950 -16.814939 2.000000
13.078226 23.159685 2.000000
-20.389347 11.946784 1.000000
-30.344000 24.151461 1.000000
-6.284310 -18.831903 2.000000
20.067205 4.236212 2.000000
3.278495 -19.373224 2.000000
0.528744 -16.900425 2.000000
3.179641 -19.092314 2.000000
12.377564 21.058687 2.000000
-20.216063 7.139664 1.000000
21.822229 1.031425 2.000000
12.668926 20.630726 2.000000
17.073450 -6.903188 2.000000
-12.635239 -9.401195 2.000000
17.809401 -7.566607 2.000000
17.381474 14.141104 2.000000
14.804675 -15.032014 2.000000
-7.749466 -13.129462 2.000000
-2.336131 -19.527323 2.000000
18.702093 7.552033 2.000000
-16.514391 -7.463247 1.000000
19.227068 -6.318826 2.000000
-6.986634 -12.839319 2.000000
4.283197 -20.831337 2.000000
1.289023 -20.775894 2.000000
-14.550064 -10.907193 2.000000
16.826468 -10.771932 2.000000
-10.542406 -13.528492 2.000000
-24.246490 14.404798 1.000000
17.828575 -2.740108 2.000000
-17.585033 -3.520902 1.000000
12.822537 -12.077445 2.000000
-20.862213 2.583020 2.000000
-20.715872 7.057748 1.000000
21.449566 -7.344185 2.000000
10.673685 -18.243820 2.000000
-10.154368 -16.424047 2.000000
12.106717 -13.731455 2.000000
13.739859 -12.332536 2.000000
-21.998808 11.450822 1.000000
-25.545355 15.677946 1.000000
-11.758653 -12.355913 2.000000
-5.551407 -14.539319 1.000000
19.883247 -8.557239 2.000000
-29.836620 22.251566 1.000000
10.477479 26.615406 2.000000
11.642837 24.954981 2.000000
21.471346 -3.208226 2.000000
17.760225 15.358998 2.000000
-16.440571 -7.902700 2.000000
-14.269917 -8.897880 1.000000
18.251902 5.280669 2.000000
-9.394132 -17.361307 2.000000
-5.802121 -11.815397 1.000000
-10.743397 -11.846042 2.000000
-13.547916 -7.110857 1.000000
20.188087 7.570103 2.000000
-21.582853 8.948642 1.000000
-24.565935 12.908932 1.000000
6.151461 -16.282837 2.000000
12.682200 -14.356133 2.000000
10.752847 25.282375 2.000000
-29.260536 22.413801 1.000000
17.803555 11.955768 2.000000
0.396944 -19.856346 2.000000
13.048594 21.139069 2.000000
9.453568 27.888403 2.000000
0.653735 -17.893526 2.000000
18.577379 -8.575397 2.000000
1.460190 -23.185040 2.000000
18.790991 -5.335315 2.000000
17.556389 -3.041470 2.000000
18.278006 -2.917913 2.000000
-3.459456 -15.740990 2.000000
-25.947346 13.079934 1.000000
17.785479 15.727570 2.000000
-26.029972 16.239758 1.000000
-5.380878 -19.097412 1.000000
19.915319 5.492283 2.000000
8.564974 28.864613 2.000000
8.692690 29.372681 2.000000
18.161341 8.644897 2.000000
-9.766376 -14.438256 2.000000
-10.495958 -13.988752 2.000000
12.098169 -18.100239 2.000000
0.213477 -21.197227 2.000000
-1.168404 -18.113543 2.000000
15.057756 19.441366 2.000000
14.958117 21.500929 2.000000
12.419637 22.122385 2.000000
23.025316 7.329358 2.000000
17.146034 15.829091 2.000000
17.793505 12.348020 2.000000
16.488226 -15.681965 2.000000
11.125170 26.731852 2.000000
16.189682 -15.900691 2.000000
15.064177 21.758270 2.000000
14.274247 22.359022 2.000000
10.968095 24.413843 2.000000
-6.908303 -18.757847 2.000000
19.630016 6.737645 2.000000
-1.860543 -20.502687 2.000000
17.361364 11.294879 2.000000
-13.774493 -8.866224 1.000000
-25.822113 16.742426 1.000000
-27.235905 19.737186 1.000000
-25.553976 14.658135 1.000000
-17.873941 -2.149379 1.000000
-26.618944 16.060516 1.000000
8.512218 28.382582 2.000000
