-6.769374 9.744830 1.000000
-7.186724 9.047373 1.000000
-8.337487 11.331540 1.000000
-10.212794 13.464757 1.000000
-1.895550 2.526186 1.000000
-9.834476 13.572544 1.000000
-9.466043 12.356030 1.000000
-8.971875 12.821890 1.000000
-6.617990 9.263334 1.000000
-6.614360 9.265659 1.000000
-10.155726 13.732133 1.000000
-9.361759 12.193813 1.000000
-9.575403 12.683623 1.000000
-8.007396 10.801802 1.000000
-10.293144 13.804748 1.000000
-9.227705 12.849941 1.000000
-8.784165 12.616129 1.000000
-7.731039 10.528799 1.000000
-10.469481 13.995724 1.000000
-4.130940 5.068204 1.000000
-2.805171 3.685211 1.000000
-2.792279 3.243455 1.000000
-6.942211 8.776545 1.000000
-6.633636 8.526082 1.000000
-3.852806 5.312966 1.000000
-3.757006 4.741521 1.000000
-8.490153 11.444610 1.000000
-9.433213 12.268339 1.000000
-4.956010 6.434293 1.000000
-6.963213 8.769781 1.000000
-8.899446 12.639159 1.000000
-10.200603 13.721395 1.000000
-6.208114 8.243868 1.000000
-8.569586 12.044127 1.000000
-7.254625 10.069362 1.000000
-5.027649 6.538605 1.000000
-4.581824 5.701281 1.000000
-7.666509 10.012185 1.000000
-6.401553 8.776546 1.000000
-2.374902 3.262146 1.000000
-3.186124 4.022645 1.000000
-6.464039 9.082043 1.000000
-7.583419 9.835296 1.000000
-0.436515 0.538476 1.000000
-4.591577 5.857079 1.000000
-7.119927 9.844151 1.000000
-7.351555 9.343430 1.000000
-6.168775 8.138779 1.000000
-7.304231 9.251266 1.000000
-8.746373 12.250789 1.000000
-8.005484 10.802561 1.000000
-9.155899 12.036753 1.000000
-8.384953 11.415361 1.000000
-9.594296 13.161827 1.000000
-6.749514 9.622293 1.000000
-7.582289 10.400494 1.000000
-5.898891 7.750241 1.000000
-9.186554 12.109529 1.000000
-8.874148 12.652421 1.000000
4.332815 -7.169270 2.000000
-0.511524 0.477477 2.000000
7.157543 -10.035246 2.000000
0.849064 -1.809063 2.000000
8.102229 -11.146036 2.000000
9.670156 -12.610040 2.000000
-0.573189 0.189586 2.000000
4.882478 -8.089915 2.000000
4.653485 -7.782831 2.000000
-2.341579 2.796985 2.000000
-1.282842 2.654607 2.000000
-4.267636 5.639828 2.000000
8.190178 -11.627907 2.000000
6.169026 -9.170876 2.000000
-6.038067 8.024425 2.000000
-4.569010 5.908186 2.000000
7.744967 -10.895303 2.000000
8.665114 -12.009364 2.000000
5.832899 -7.485040 2.000000
-2.049525 3.135199 2.000000
6.751010 -9.477647 2.000000
9.911683 -13.831573 2.000000
-1.621969 1.395326 2.000000
0.489182 -2.045799 2.000000
4.677044 -7.412620 2.000000
4.732329 -6.857007 2.000000
7.150679 -10.045977 2.000000
5.515015 -8.067214 2.000000
2.975487 -5.012637 2.000000
-0.959309 -0.014920 2.000000
0.508733 -2.385321 2.000000
5.700692 -8.889958 2.000000
7.043017 -10.153833 2.000000
5.174285 -8.315310 2.000000
9.885883 -13.734187 2.000000
9.673496 -12.865674 2.000000
-5.395095 7.046742 2.000000
1.856946 -1.596116 2.000000
8.004709 -10.804739 2.000000
-0.167418 -0.647869 2.000000
8.575625 -11.499672 2.000000
-1.381972 1.414539 2.000000
2.976813 -5.019422 2.000000
7.505965 -10.495768 2.000000
8.176617 -11.369409 2.000000
-0.620657 -0.319258 2.000000
9.928649 -13.353763 2.000000
4.715518 -7.733899 2.000000
5.548371 -8.522536 2.000000
9.966409 -13.379190 2.000000
-0.820984 0.172245 2.000000
3.396239 -4.785036 2.000000
9.510252 -13.417509 2.000000
1.737639 -2.746999 2.000000
7.730611 -10.621398 2.000000
9.020020 -11.997584 2.000000
8.283545 -11.707566 2.000000
5.367350 -8.168964 2.000000
9.845624 -12.786876 2.000000
8.858877 -12.636039 2.000000
2.899204 -4.881304 2.000000
1.120299 -2.049844 2.000000
7.033903 -9.099019 2.000000
9.523851 -12.397812 2.000000
9.138309 -12.105289 2.000000
8.749394 -12.417673 2.000000
8.862647 -12.408107 2.000000
9.200642 -13.001076 2.000000
6.500038 -9.420005 2.000000
9.335931 -13.159396 2.000000
2.481037 -4.230225 2.000000
1.539523 -1.500815 3.000000
4.305572 -6.334905 3.000000
3.305515 -5.016971 3.000000
1.971062 -3.079872 3.000000
0.107354 -1.115060 3.000000
-1.113918 0.850601 3.000000
-1.748411 1.654774 3.000000
5.064846 -7.055106 3.000000
2.559894 -4.171331 3.000000
2.267515 -3.631279 3.000000
1.849549 -3.190100 3.000000
-3.039290 3.461465 3.000000
4.824486 -6.775023 3.000000
3.516873 -5.582628 3.000000
-4.252899 5.281211 3.000000
-3.737986 4.790108 3.000000
8.439155 -11.205330 3.000000
0.852953 -2.194388 3.000000
0.287886 -0.981563 3.000000
3.744382 -5.427219 3.000000
6.096772 -7.371243 3.000000
6.495700 -8.442341 3.000000
7.448544 -11.158726 3.000000
-0.301955 0.114220 3.000000
0.776923 -1.274935 3.000000
-1.869609 1.859585 3.000000
5.949954 -8.755310 3.000000
-4.403074 5.837233 3.000000
0.178373 -0.396237 3.000000
1.113822 -2.393264 3.000000
4.492288 -7.062294 3.000000
-0.352304 0.618461 3.000000
3.041055 -4.437034 3.000000
-0.130756 0.324320 3.000000
1.288837 -2.576779 3.000000
4.506042 -7.050989 3.000000
-0.848362 1.132424 3.000000
-1.052408 0.357798 3.000000
-2.429527 2.688297 3.000000
1.314786 -1.598099 3.000000
5.191936 -7.318024 3.000000
6.201697 -9.280129 3.000000
-0.024982 -0.547488 3.000000
-2.240737 2.266697 3.000000
-2.454769 2.647276 3.000000
-3.781922 4.928769 3.000000
-4.058437 4.931398 3.000000
3.278344 -5.044209 3.000000
