25.051,5.7475,1
26.661,7.3414,1
25.265,6.2466,1
25.229,4.7447,1
25.753,5.1564,1
24.078,5.6693,1
25.272,6.8676,1
24.654,6.2443,1
26.983,6.633,1
25.744,6.3179,1
26.477,7.7416,1
26.737,4.4756,1
27.181,6.2972,1
25.5,5.6739,1
25.302,6.1431,1
23.361,5.6601,1
25.548,5.7107,1
26.22,5.7337,1
25.884,6.3294,1
24.465,5.7521,1
24.771,6.7572,1
25.327,5.6463,1
25.999,4.8551,1
25.024,6.2742,1
25.824,6.7848,1
25.429,6.2834,1
27.345,6.4697,1
24.624,6.1178,1
27.126,6.1109,1
25.677,5.9085,1
25.539,6.3777,1
25.049,6.0603,1
26.592,6.0925,1
25.217,7.7531,1
25.249,5.6486,1
24.941,5.0184,1
25.281,7.5461,1
24.819,6.1316,1
26.011,6.8377,1
25.022,6.564,1
25.162,6.3064,1
25.895,5.4393,1
24.837,5.4416,1
25.456,6.702,1
25.716,5.5152,1
26.721,4.7424,1
24.465,7.2471,1
24.633,5.3473,1
25.725,6.7296,1
27.117,5.6946,1
26.496,5.9039,1
25.116,6.1914,1
25.61,7.6197,1
26.303,6.7802,1
24.791,6.2627,1
25.1,5.8004,1
25.484,7.0148,1
25.422,7.3138,1
27.131,6.9573,1
24.334,5.1679,1
24.624,5.6877,1
25.518,4.8229,1
26.39,7.0401,1
24.304,4.8827,1
25.528,4.9333,1
24.897,7.1919,1
24.773,6.0925,1
26.586,6.8423,1
25.636,5.6371,1
26.772,5.5336,1
24.854,5.5152,1
25.859,5.2208,1
25.254,5.5727,1
25.484,4.9333,1
25.544,5.9844,1
23.184,5.7314,1
27.71,6.2535,1
25.12,4.6504,1
25.254,5.5681,1
25.514,6.357,1
27.225,5.5727,1
24.658,5.9936,1
25.189,5.4991,1
25.245,5.9591,1
24.801,4.4158,1
26.275,5.5888,1
25.875,6.5456,1
24.633,6.7503,1
24.877,4.4664,1
26.45,6.6997,1
25.148,5.9292,1
24.591,5.8004,1
25.695,5.9867,1
26.344,5.9522,1
26.822,5.667,1
26.135,5.0161,1
25.263,5.3082,1
24.631,6.8354,1
25.804,6.1937,1
26.024,7.5576,1
18.494,12.588,2
18.161,12.549,2
17.963,10.463,2
17.756,12.123,2
17.487,10.663,2
16.714,11.585,2
17.259,11.748,2
17.496,11.56,2
18.791,10.497,2
18.361,11.829,2
17.204,11.769,2
16.96,10.637,2
17.287,12.293,2
17.369,11.56,2
17.986,11.507,2
18.027,12.618,2
17.103,13.172,2
17.521,11.875,2
17.512,10.992,2
16.79,12.213,2
17.123,11.61,2
18.614,11.38,2
16.771,11.387,2
16.068,10.812,2
17.804,11.702,2
17.898,9.945,2
16.638,12.965,2
16.463,10.658,2
18.512,11.842,2
17.931,12.19,2
17.613,13.469,2
16.739,11.031,2
18.464,11.714,2
17.363,12.004,2
17.556,11.212,2
17.687,11.435,2
18.517,9.876,2
16.125,10.665,2
17.542,11.889,2
17.896,11.806,2
18.236,11.767,2
18.101,11.364,2
18.365,12.063,2
19.363,11.629,2
17.924,11.557,2
16.985,12.319,2
16.875,11.518,2
18.027,11.962,2
17.629,11.35,2
16.558,11.339,2
18.239,11.468,2
17.811,11.477,2
16.189,9.968,2
16.845,12.924,2
17.464,10.821,2
17.634,10.814,2
17.438,12.213,2
17.942,11.806,2
16.615,12.07,2
15.64,11.228,2
16.741,11.879,2
16.82,12.116,2
15.918,11.412,2
17.836,11.856,2
17.696,11.941,2
16.845,10.667,2
18.538,11.652,2
17.188,11.983,2
18.453,11.247,2
16.896,11.107,2
18.142,11.997,2
16.806,11.132,2
17.491,10.428,2
16.305,10.877,2
17.445,9.8668,2
17.54,11.479,2
17.733,11.21,2
17.466,10.423,2
18.48,12.095,2
17.289,11.787,2
18.388,10.003,2
17.652,11.509,2
17.498,11.955,2
17.595,11.385,2
17.733,11.656,2
19.393,12.56,2
17.965,12.526,2
17.043,11.36,2
17.609,11.721,2
18.982,11.7,2
17.199,12.597,2
16.916,11.493,2
17.31,11.189,2
18.94,11.7,2
17.098,13.574,2
16.321,12.068,2
18.434,12.447,2
18.312,11.663,2
16.728,11.665,2
18.246,13.02,2
8.4155,9.7633,3
7.1413,10.398,3
7.691,11.969,3
8.6363,9.8139,3
7.8704,10.957,3
7.2103,11.125,3
7.6289,9.899,3
7.5645,8.8824,3
7.5967,9.5241,3
8.1372,10.302,3
7.8106,11.323,3
8.9514,11.063,3
8.8456,10.387,3
8.6869,11.001,3
7.6611,10.759,3
8.1648,10.306,3
9.1515,10.796,3
8.5029,9.1791,3
8.1441,10.844,3
9.0756,9.3723,3
7.8428,9.9703,3
8.8295,10.465,3
8.1993,9.7863,3
9.2021,11.008,3
8.1625,10.474,3
8.2085,9.9634,3
8.8456,11.562,3
9.209,11.047,3
8.588,11.033,3
7.8934,11.376,3
7.898,10.205,3
9.1584,10.854,3
8.9813,9.7127,3
8.6271,11.838,3
7.806,11.498,3
7.9233,10.4,3
8.8042,10.302,3
8.8272,11.028,3
9.715,9.9151,3
8.3189,9.0365,3
9.5954,9.1469,3
7.4081,9.8001,3
9.0733,8.9307,3
7.9118,9.0848,3
8.1717,9.0687,3
9.393,9.4735,3
7.5277,10.699,3
7.3575,10.327,3
10.164,9.1239,3
9.4344,12.349,3
8.8249,9.9335,3
7.6979,10.14,3
9.002,11.143,3
7.3253,9.6644,3
8.0636,11.109,3
6.8768,10.43,3
7.737,10.361,3
7.0953,11.143,3
9.6023,9.0526,3
6.0695,9.669,3
7.0815,10.499,3
8.2729,11.116,3
7.5461,10.718,3
9.1837,9.8484,3
8.1694,10.787,3
8.9951,9.5678,3
7.7324,9.5954,3
7.8359,9.4965,3
7.9095,9.0066,3
7.9969,10.706,3
8.9905,10.801,3
10.4,9.9749,3
8.9215,10.058,3
8.4914,10.223,3
9.5678,10.568,3
8.9491,9.7863,3
9.2527,10.856,3
7.7577,9.9749,3
9.3102,11.654,3
8.9836,9.7104,3
8.6892,9.7219,3
7.2816,10.283,3
9.2435,10.621,3
10.168,9.0802,3
8.0314,9.5678,3
9.071,10.219,3
8.3557,10.152,3
7.8175,8.6938,3
9.0089,10.396,3
8.0774,10.669,3
7.3138,11.661,3
8.7927,10.088,3
8.4592,10.334,3
8.6823,9.0986,3
9.1722,10.573,3
7.4564,11.325,3
8.8019,11.334,3
8.2913,9.4229,3
7.7508,10.948,3
7.7945,10.9,3
24.039,24.677,4
24.697,24.444,4
23.895,24.992,4
23.837,24.854,4
26.42,24.723,4
26.185,23.779,4
24.911,24.817,4
23.72,23.448,4
23.322,22.958,4
26.401,24.601,4
25.433,25.495,4
25.953,26.169,4
24.049,25.429,4
23.869,23.853,4
24.35,25.139,4
24.15,24.679,4
24.596,24.458,4
24.608,24.603,4
24.913,24.605,4
24.851,24.486,4
24.654,23.064,4
24.055,24.373,4
23.444,24.055,4
25.102,25.32,4
24.854,24.953,4
23.727,26.109,4
24.851,23.432,4
25.201,24.711,4
24.122,24.693,4
24.69,24.032,4
23.984,23.384,4
25.583,23.786,4
24.64,24.251,4
23.839,24.315,4
25.668,23.66,4
24.943,24,4
24.706,24.348,4
24.244,23.623,4
24.628,23.423,4
23.322,24.877,4
24.697,24.552,4
26.004,25.778,4
26.04,23.876,4
25.942,23.883,4
23.936,23.835,4
25.806,24.633,4
24.932,23.862,4
25.302,24.52,4
24.589,24.297,4
23.287,23.115,4
24.005,23.913,4
24.909,24.93,4
24.148,26.689,4
26.484,23.711,4
25.445,24.005,4
24.801,24.502,4
25.967,25.079,4
24.341,23.589,4
24.315,24.219,4
25.994,23.98,4
24.435,24.297,4
24.651,24.943,4
24.486,23.655,4
25.231,25.32,4
25.718,23.936,4
24.532,23.807,4
24.9,24.587,4
25.479,24.191,4
24.665,23.239,4
26.151,24.575,4
25.113,22.238,4
24.61,24.709,4
24.375,24.479,4
26.077,24.909,4
24.095,24.467,4
23.43,25.065,4
24.658,25.861,4
26.712,24.522,4
25.652,23.945,4
24.819,24.978,4
24.285,24.269,4
25.505,24.525,4
24.86,23.444,4
25.44,24.419,4
25.272,24.771,4
24.725,24.111,4
24.591,25.578,4
25.143,23.704,4
25.067,24.493,4
24.297,23.975,4
23.262,24.752,4
25.686,23.2,4
25.495,24.989,4
24.759,24.366,4
24.971,23.98,4
24.493,23.779,4
24.355,24.403,4
24.665,23.621,4
24.798,24.479,4
25.663,23.977,4
4.057,21.452,5
5.7912,19.75,5
3.9719,19.879,5
5.3174,18.809,5
5.7406,22.066,5
4.9172,20.769,5
4.3951,20.136,5
6.1868,19.232,5
4.8045,21.199,5
6.173,19.336,5
6.7848,21.045,5
4.9218,20.019,5
6.0672,19.869,5
6.3248,19.968,5
4.7424,20.41,5
4.6665,20.451,5
4.3491,20.27,5
5.0897,19.89,5
5.7498,20.688,5
6.0304,20.15,5
4.2962,20.927,5
4.1973,20.5,5
4.3192,20.171,5
6.1661,21.67,5
5.115,19.75,5
5.0069,20.826,5
5.0621,20.148,5
4.7286,19.276,5
5.3013,19.423,5
5.5704,19.472,5
5.7337,20.502,5
7.1321,19.738,5
5.5244,20.435,5
5.3473,20.389,5
5.3588,19.706,5
5.7061,19.214,5
6.1638,19.766,5
4.931,20.031,5
5.184,20.596,5
5.6256,21.27,5
5.9775,21.473,5
5.4393,19.66,5
6.2673,18.749,5
4.9839,19.57,5
4.7723,19.837,5
5.1334,20.773,5
4.2594,21.082,5
6.012,19.771,5
4.5676,19.978,5
4.2042,20.994,5
5.9016,20.122,5
6.1592,21.091,5
5.4117,19.34,5
4.9724,20.017,5
4.5906,19.301,5
5.4531,20.707,5
7.0355,19.607,5
6.5134,21.415,5
5.3864,20.836,5
4.4756,20.277,5
4.9632,20.125,5
5.2898,19.755,5
3.9604,21.567,5
3.9627,20.888,5
6.1523,18.906,5
5.3105,18.503,5
3.8293,20.842,5
7.2701,20.056,5
3.896,20.065,5
4.3376,19.782,5
5.69,18.395,5
5.4623,19.306,5
7.231,19.886,5
4.6987,19.575,5
6.6974,20.012,5
6.1247,20.088,5
6.4214,20.571,5
5.322,19.57,5
4.8758,20.447,5
5.8694,20.371,5
5.7406,21.39,5
6.1753,20.428,5
3.6499,20.364,5
5.6233,19.83,5
5.3013,20.244,5
6.2006,20.189,5
5.6463,18.933,5
5.5359,20.801,5
5.4209,21.252,5
6.9987,21.769,5
6.3455,20.083,5
4.1904,21.227,5
5.5681,21.033,5
4.793,20.364,5
5.5566,20.378,5
5.0552,18.236,5
4.7677,20.55,5
5.7613,19.589,5
2.907,20.564,5
6.5709,20.403,5
28.081,10.531,6
27.345,11.212,6
26.866,10.667,6
26.648,9.2412,6
25.712,10.051,6
26.367,10.327,6
28.235,10.416,6
26.636,9.784,6
27.308,9.2964,6
26.714,9.4712,6
25.953,8.2131,6
27.345,9.3769,6
26.861,10.325,6
27.715,11.176,6
26.429,10.391,6
25.76,9.3907,6
27.248,10.184,6
26.986,10.545,6
26.634,10.161,6
26.875,11.288,6
26.622,10.276,6
26.482,9.6644,6
29.594,9.738,6
26.254,10.331,6
25.238,9.7081,6
26.031,10.06,6
27.947,11.169,6
26.615,11.636,6
26.694,8.9675,6
25.808,9.4574,6
27.317,9.117,6
25.532,10.566,6
27.292,11.971,6
26.705,11.978,6
26.763,9.6253,6
27.926,10.711,6
27.039,10.037,6
27.499,10.423,6
26.158,9.5632,6
26.921,11.997,6
27.243,9.1561,6
26.696,10.239,6
27.071,10.814,6
26.02,10.932,6
27.266,11.495,6
27.614,9.7426,6
27.048,10.285,6
26.873,10.361,6
26.928,11.392,6
27.63,10.021,6
27.087,9.3033,6
25.746,11.433,6
25.76,10.561,6
27.745,10.971,6
26.988,9.991,6
26.719,10.262,6
26.772,10.267,6
27.402,10.909,6
26.148,10.617,6
26.981,10.297,6
26.569,9.2274,6
27.676,9.5816,6
28.182,10.867,6
26.073,10.911,6
26.586,10.145,6
27.137,10.943,6
27.31,9.3401,6
27.312,10.253,6
26.91,8.2798,6
27.018,9.6023,6
28.152,10.545,6
27.018,10.617,6
27.894,10.479,6
27.563,10.274,6
27.043,9.6,6
26.944,10.865,6
26.321,10.541,6
26.408,12.687,6
27.929,10.994,6
25.67,10.922,6
26.705,10.341,6
27.43,9.7426,6
28,10.89,6
27.37,10.228,6
26.905,9.0319,6
27.243,12.562,6
26.158,10.529,6
27.082,10.088,6
26.871,10.348,6
26.388,9.6989,6
26.383,10.304,6
27.048,10.481,6
26.774,8.8272,6
26.613,11.573,6
26.756,8.8387,6
25.737,9.7403,6
26.096,10.375,6
25.806,10.635,6
26.424,10.292,6
25.836,10.451,6
19.934,27.915,7
21.111,27.206,7
21.305,25.702,7
20.451,27.213,7
21.618,27.377,7
23.221,26.825,7
21.066,27.719,7
21.484,28.124,7
21.512,27.952,7
23.018,27.542,7
21.592,26.873,7
22.802,27.384,7
20.847,28.285,7
20.205,27.66,7
19.699,27.883,7
22.16,28.483,7
21.733,27.88,7
22.653,28.156,7
21.091,26.436,7
20.208,28.023,7
20.686,27.788,7
21.781,27.874,7
21.604,28.246,7
21.549,26.921,7
21.783,26.751,7
21.7,27.257,7
22.273,27.772,7
22.584,26.422,7
21.779,26.712,7
20.079,26.618,7
22.42,29.104,7
20.569,27.462,7
20.527,28.253,7
20.884,27.448,7
20.927,26.04,7
20.785,26.459,7
19.902,26.259,7
21.733,26.59,7
20.9,27.887,7
21.02,26.505,7
21.549,27.747,7
22.167,26.993,7
21.827,26.765,7
23.057,28.534,7
20.661,26.79,7
21.279,27.639,7
21.18,26.864,7
20.799,27.142,7
21.762,26.583,7
20.962,27.204,7
21.291,27.887,7
21.73,26.059,7
21.618,27.554,7
20.362,27.867,7
21.972,27.434,7
20.773,29.375,7
20.679,26.951,7
21.64,28.536,7
20.732,26.756,7
22.602,29.451,7
22.308,26.25,7
20.635,29.787,7
20.502,27.048,7
20.408,27.678,7
21.208,27.092,7
21.864,27.775,7
21.137,28.258,7
21.877,27.241,7
21.53,27.517,7
19.522,27.515,7
20.681,26.848,7
20.336,27.002,7
20.824,27.954,7
20.872,28.308,7
21.151,28.163,7
21.468,27.365,7
21.231,27.098,7
20.999,27.133,7
22.303,27.54,7
23.106,27.724,7
21.054,28.582,7
21.024,27.029,7
21.974,27.204,7
21.215,27.241,7
22.119,27.462,7
21.459,27.423,7
22.064,27.897,7
21.822,27.183,7
21.215,27.418,7
21.167,26.517,7
21.157,26.701,7
21.477,27.485,7
21.811,27.333,7
20.704,27.441,7
21.151,27.572,7
20.201,27.036,7
22.807,27.832,7
20.785,27.545,7
21.452,26.85,7
20.53,27.623,7
13.524,18.108,8
13.726,18.37,8
13.979,18.858,8
13.547,18.881,8
14.016,18.867,8
14.138,18.991,8
13.86,18.052,8
12.629,20.134,8
13.86,18.273,8
14.239,19.552,8
15.601,18.952,8
14.048,17.926,8
13.05,18.234,8
13.2,16.919,8
13.717,18.71,8
14.722,19.186,8
14.915,18.101,8
12.995,20.714,8
13.027,18.356,8
13.945,17.88,8
13.363,19.285,8
14.462,19.591,8
15.051,19.007,8
14.952,20.41,8
13.338,19.416,8
13.885,18.862,8
13.956,19.593,8
12.993,20.293,8
15.164,19.37,8
14.784,18.232,8
14.359,18.225,8
14.343,19.706,8
13.349,18.234,8
14.078,17.921,8
14.163,18.782,8
15.603,16.93,8
14.308,17.988,8
13.105,19.462,8
15.065,18.669,8
12.85,19.064,8
14.034,19.051,8
16.075,18.105,8
13.726,19.846,8
12.65,18.579,8
13.469,18.892,8
14.448,17.781,8
12.415,19.221,8
14.271,18.089,8
13.786,18.522,8
12.627,19.711,8
14.062,18.77,8
13.239,19.596,8
13.464,19.354,8
14.143,19.4,8
14.069,19.423,8
12.321,18.011,8
12.834,18.22,8
14.872,17.908,8
14.145,17.921,8
15.518,18.529,8
15.863,18.027,8
13.045,19.035,8
14.589,17.947,8
14.223,18.002,8
15.355,19.177,8
14.6,18.57,8
14.637,19.646,8
12.838,18.984,8
13.901,18.2,8
15.221,19.046,8
13.979,17.473,8
15.341,19.389,8
13.351,18.558,8
12.91,19.207,8
13.197,19.451,8
13.393,17.252,8
12.624,19.34,8
13.83,18.906,8
13.427,17.974,8
13.752,19.087,8
13.938,18.628,8
12.516,17.825,8
12.855,19.147,8
13.924,19.389,8
14.649,18.772,8
13.464,18.496,8
13.519,17.533,8
13.147,19.131,8
13.34,19.442,8
13.696,18.798,8
15.373,19.437,8
14.511,16.852,8
13.89,20.426,8
15.27,18.807,8
13.627,18.499,8
13.846,19.354,8
13.188,18.618,8
13.494,18.319,8
12.873,18.71,8
14.29,16.843,8
18.216,26.475,9
17.919,25.44,9
19.014,26.422,9
17.627,26.698,9
18.335,26.155,9
17.908,24.964,9
17.48,26.397,9
17.73,25.38,9
18.779,25.1,9
18.048,26.167,9
17.655,25.629,9
18.094,26.054,9
19.028,25.969,9
16.019,25.737,9
16.682,26.112,9
18.117,24.506,9
20.201,25.714,9
17.687,25.521,9
16.217,25.456,9
18.071,24.95,9
18.533,27.006,9
18.112,26.526,9
18.227,26.445,9
18.876,25.399,9
18.565,25.686,9
17.595,27.483,9
18.039,25.546,9
17.369,25.104,9
18.105,25.978,9
18.073,25.447,9
17.97,26.802,9
17.077,26.33,9
16.429,25.288,9
18.519,24.773,9
17.802,26.71,9
17.33,26.174,9
17.869,26.772,9
18.004,25.801,9
18.395,24.672,9
18.036,25.755,9
16.712,26.211,9
18.225,24.589,9
17.484,25.573,9
18.08,26.089,9
18.082,27.666,9
18.538,25.525,9
18.361,26.376,9
17.62,24.584,9
18.05,25.026,9
17.818,25.445,9
17.523,25.592,9
18.818,25.054,9
18.289,26.717,9
17.346,25.261,9
18.379,25.447,9
17.751,26.79,9
16.502,25.242,9
19.692,24.529,9
16.985,25.392,9
17.257,25.24,9
18.043,25.833,9
18.085,25.829,9
17.344,25.99,9
18.241,25.058,9
18.657,26.452,9
18.437,26.956,9
18.628,25.383,9
18.384,24.617,9
17.774,26.443,9
18.032,25.157,9
18.168,25.751,9
18.236,26.413,9
17.682,24.695,9
16.59,26.146,9
17.034,25.366,9
17.206,24.575,9
18.609,25.488,9
18.041,25.758,9
17.871,25.268,9
18.352,26.648,9
18.862,25.206,9
16.661,25.447,9
18.818,26.809,9
19.014,25.454,9
17.843,25.962,9
18.407,26.404,9
17.084,25.424,9
18.305,25.017,9
17.406,25.902,9
17.144,26.139,9
18.69,25.521,9
17.512,26.004,9
18.296,25.383,9
18.013,26.671,9
17.756,26.027,9
17.829,25.746,9
17.475,24.697,9
18.145,26.089,9
19.134,26.298,9
18.149,25.725,9
11.976,20.589,10
12.061,21.498,10
12.703,19.559,10
12.661,21.036,10
11.534,19.564,10
12.206,21.59,10
12.415,21.939,10
13.188,22.317,10
10.775,21.781,10
11.98,21.107,10
11.217,22.245,10
11.063,21.422,10
12.519,21.151,10
11.113,21.433,10
11.307,20.847,10
12.427,21.141,10
12.438,22.096,10
13.797,21.339,10
11.113,22.082,10
11.831,21.707,10
12.733,22.197,10
11.548,21.981,10
10.681,22.34,10
13.31,21.033,10
12.648,21.65,10
12.24,21.247,10
11.631,22.471,10
11.254,20.645,10
12.443,21.864,10
11.134,21.066,10
11.109,21.578,10
13.48,21.077,10
13.073,21.53,10
11.599,20.826,10
12.068,20.829,10
13.264,21.64,10
11.502,21.606,10
12.694,20.732,10
11.164,21.974,10
12.008,21.73,10
11.976,20.877,10
13.542,20.546,10
11.159,21.445,10
11.663,22.468,10
11.021,21.659,10
12.132,20.925,10
12.291,21.137,10
11.093,21.923,10
10.821,20.656,10
12.774,21.705,10
12.171,20.783,10
13.098,20.854,10
12.822,21.022,10
11.111,20.829,10
12.422,20.806,10
12.181,22.206,10
11.534,21.404,10
12.222,21.539,10
11.654,22.197,10
12.36,20.578,10
13.338,21.825,10
12.307,20.925,10
13.487,22.089,10
11.997,21.41,10
11.7,21.036,10
12.884,22.071,10
12.687,22.013,10
11.366,20.927,10
11.767,21.452,10
12.993,21.371,10
12.818,22.199,10
12.634,21.818,10
11.684,20.904,10
11.203,20.672,10
12.832,22.022,10
12.043,21.215,10
10.078,21.985,10
11.357,23.559,10
11.307,21.399,10
12.924,21.675,10
12.622,21.618,10
13.457,21.185,10
13.269,22.192,10
12.772,21.006,10
13.411,21.889,10
13.209,22.241,10
12.714,21.178,10
11.603,19.479,10
10.697,21.551,10
11.677,21.415,10
11.465,20.969,10
12.829,22.986,10
12.452,20.477,10
11.491,21.703,10
11.194,21.266,10
11.741,22.149,10
12.047,20.638,10
11.886,20.875,10
12.629,22.075,10
11.994,21.962,10
23.198,9.5678,11
22.222,8.2131,11
23.984,8.6984,11
23.354,7.7577,11
24.028,9.853,11
22.977,8.2591,11
24.463,9.0089,11
23.793,8.2821,11
23.034,8.6892,11
23.276,8.703,11
22.641,8.4362,11
23.204,7.9647,11
23.69,7.2655,11
22.972,10.168,11
24.127,7.8175,11
23.821,8.1464,11
22.689,9.2136,11
23.57,8.0889,11
22.425,7.6542,11
22.772,8.151,11
23.924,9.163,11
22.574,8.5374,11
22.326,7.8635,11
22.464,6.6353,11
23.195,8.6018,11
23.913,8.5489,11
23.03,8.5075,11
23.513,8.1073,11
23.75,8.8893,11
23.018,8.7858,11
23.391,9.2251,11
22.501,8.2476,11
22.62,8.9169,11
21.896,8.9905,11
22.413,8.4132,11
22.147,8.4339,11
24.212,8.6156,11
24.15,8.7904,11
23.782,8.5259,11
24.812,9.2941,11
22.915,7.8152,11
24.435,8.5811,11
24.808,8.2223,11
21.96,8.3764,11
23.745,9.0848,11
23.209,8.8939,11
24.223,7.5461,11
21.887,8.9652,11
22.584,8.5029,11
21.779,7.1482,11
23.844,7.8911,11
23.453,9.1998,11
23.566,8.7375,11
22.013,8.3603,11
22.321,9.0112,11
23.904,7.9808,11
23.543,8.8778,11
24.38,8.1648,11
24.67,8.2039,11
23.306,8.0613,11
24.389,8.8042,11
23.322,8.9468,11
23.363,10.025,11
24.194,8.6018,11
23.547,8.9767,11
21.576,7.8773,11
23.039,7.1942,11
22.857,9.1607,11
22.54,8.1211,11
22.252,7.599,11
23.211,7.967,11
23.248,9.738,11
23.722,7.9049,11
21.997,10.005,11
21.919,9.7058,11
23.133,8.1395,11
24.083,8.4914,11
23.211,8.4109,11
22.857,7.9302,11
22.604,8.8387,11
22.542,9.6506,11
21.383,8.8571,11
24.842,9.3861,11
24.141,8.5305,11
22.59,8.4201,11
24.748,7.783,11
22.328,7.99,11
24.837,6.7871,11
24.187,9.1814,11
23.777,9.6345,11
23.359,9.9243,11
22.324,8.1556,11
23.221,6.8515,11
23.573,9.2803,11
22.809,7.9923,11
21.608,7.2655,11
23.278,9.0227,11
24.051,9.324,11
23.26,8.3741,11
23.485,8.3074,11
27.639,14.497,12
25.912,14.161,12
26.507,14.927,12
24.826,15.297,12
25.562,15.148,12
26.408,14.616,12
24.605,14.996,12
25.291,14.957,12
26.707,13.857,12
25.693,15.444,12
24.833,16.038,12
25.794,13.947,12
25.187,14.513,12
26.201,13.473,12
24.465,14.55,12
26.406,14.531,12
26.629,16.38,12
25.419,14.462,12
25.475,13.809,12
26.965,15.072,12
25.889,15.27,12
25.732,15.688,12
26.089,15.9,12
24.87,14.639,12
26.864,13.917,12
24.982,14.977,12
24.886,14.32,12
25.709,15.012,12
26.369,14.579,12
26.553,15.042,12
26.038,14.324,12
27.719,13.8,12
26.181,14.803,12
26.903,14.644,12
26.395,16.797,12
26.565,15.603,12
26.185,16.187,12
26.424,14.918,12
27.338,14.63,12
26.125,13.892,12
26.075,14.515,12
27.623,15.274,12
27.002,14.842,12
26.181,15.24,12
25.61,13.938,12
26.707,15.157,12
27.032,14.432,12
25.889,14.195,12
27.556,13.213,12
27.101,14.524,12
26.926,15.564,12
25.3,13.591,12
26.047,13.202,12
25.932,14.849,12
24.295,13.432,12
25.799,14.672,12
24.821,13.278,12
26.39,13.802,12
26.146,15.079,12
27.149,14.306,12
26.921,14.547,12
25.12,14.23,12
26.31,14.54,12
26.068,14.439,12
25.392,13.998,12
26.544,14.485,12
25.831,15.52,12
26.96,14.849,12
25.387,15.663,12
26.31,15.842,12
27.181,16.33,12
25.281,14.23,12
25.41,14.637,12
26.063,14.734,12
25.109,16.903,12
26.661,15.709,12
26.638,13.404,12
26.438,15.042,12
26.753,14.938,12
25.781,15.212,12
26.185,14.467,12
26.312,14.543,12
26.107,13.455,12
24.957,15.03,12
25.56,13.913,12
26.793,14.235,12
26.645,15.355,12
24.536,16.912,12
26.652,14.211,12
25.879,15.021,12
25.79,15.145,12
26.753,15.64,12
26.296,15.509,12
26.953,15.513,12
24.925,13.761,12
25.824,14.649,12
26.408,15.221,12
25.608,15.755,12
25.36,14.207,12
25.341,13.963,12
16.263,10.025,13
15.753,9.738,13
16.442,10.992,13
16.121,8.9905,13
16.325,8.5903,13
16.208,9.3884,13
14.412,9.485,13
16.284,8.841,13
16.974,9.439,13
16.693,10.536,13
14.644,11.143,13
17.114,9.7311,13
15.456,8.45,13
14.237,8.9537,13
15.265,8.2131,13
16.656,9.9243,13
16.429,8.9169,13
16.061,9.1584,13
14.563,7.2057,13
14.016,10.127,13
16.272,9.1032,13
15.442,8.0222,13
16.679,8.2844,13
15.037,9.554,13
15.759,8.4017,13
15.612,11.882,13
15.056,9.4896,13
15.589,10.214,13
15.96,9.3562,13
15.759,9.6828,13
13.892,9.2987,13
16.967,8.519,13
14.529,8.7306,13
14.676,7.898,13
15.541,9.347,13
14.695,8.6938,13
16.353,9.8783,13
16.003,8.6087,13
13.908,9.0181,13
13.913,10.674,13
16.85,9.5954,13
14.853,8.9238,13
16.355,9.9703,13
15.594,8.5144,13
16.417,9.14,13
16.39,8.588,13
14.927,10.384,13
17.135,10.26,13
16.831,8.5719,13
15.173,9.4965,13
15.642,8.8663,13
15.61,8.8709,13
14.66,9.6989,13
16.495,9.3907,13
15.782,8.5811,13
13.814,9.5655,13
15.364,8.9238,13
15.966,9.991,13
15.329,8.6685,13
14.931,7.9095,13
14.384,9.9542,13
14.589,10.228,13
15.598,9.8553,13
16.13,8.9146,13
15.688,7.9187,13
15.96,10.019,13
15.971,9.623,13
15.481,9.5816,13
15.679,8.818,13
15.764,8.9169,13
15.189,9.1975,13
15,9.1791,13
16.413,9.7656,13
15.748,9.3424,13
15.184,9.7311,13
15.214,10.007,13
16.215,8.3258,13
15.631,9.2182,13
16.562,9.5034,13
14.931,9.9887,13
16.095,9.6184,13
16.072,9.0227,13
15.987,9.8139,13
16.183,8.8962,13
14.421,9.462,13
15.976,10.187,13
15.125,9.7978,13
16.493,9.3056,13
17.119,10.46,13
15.47,8.841,13
15.592,9.3033,13
16.224,8.9514,13
16.022,9.6667,13
15.504,10.187,13
14.945,8.7697,13
14.419,9.3102,13
14.766,8.7237,13
16.346,8.5696,13
14.632,8.5857,13
15.539,9.8139,13
16.686,13.864,14
17.873,15.143,14
15.762,14.347,14
16.633,13.43,14
16.27,14.853,14
16.969,14.761,14
15.95,13.733,14
16.905,13.896,14
16.479,14.998,14
17.622,12.921,14
16.252,13.273,14
16.728,13.869,14
17.213,14.014,14
15.447,14.998,14
16.075,14.002,14
15.757,15.258,14
15.863,14.764,14
16.794,14.453,14
16.594,15.511,14
17.197,14.952,14
17.335,15.18,14
15.516,14.881,14
16.311,14.952,14
15.964,15.069,14
15.801,14.244,14
16.62,13.777,14
16.431,15.532,14
16.217,14.996,14
15.44,14.784,14
16.077,17.031,14
16.668,14.584,14
17.392,14.623,14
15.799,13.8,14
16.173,15.221,14
15.973,15.762,14
16.415,14.853,14
16.41,14.391,14
16.983,15.727,14
16.442,12.935,14
15.603,16.162,14
15.773,15.329,14
15.477,14.051,14
16.62,15.017,14
15.309,14.89,14
16.095,14.363,14
16.488,14.683,14
16.153,14.122,14
16.217,15.03,14
16.47,14.014,14
17.799,14.122,14
15.642,14.168,14
17.218,14.821,14
16.224,14.517,14
16.528,15.184,14
16.086,14.879,14
17.466,15.194,14
14.941,14.501,14
15.872,12.887,14
16.799,15.617,14
16.107,14.421,14
16.295,15.219,14
15.297,14.672,14
17.073,14.324,14
15.295,14.766,14
16.606,14.991,14
14.559,14.4,14
16.238,13.844,14
16.689,14.72,14
16.118,15.253,14
15.582,13.83,14
15.205,14.039,14
16.052,14.308,14
16.627,15.086,14
16.231,14.75,14
16.171,14.421,14
17.344,15.226,14
15.594,15.049,14
17.901,14.313,14
15.495,15.339,14
16.321,16.16,14
17.28,14.927,14
16.493,14.244,14
16.661,16.39,14
16.01,14.761,14
16.275,16.141,14
17.303,13.639,14
16.788,15.403,14
15.343,15.417,14
16.36,17.123,14
16.224,15.437,14
16.571,15.276,14
15.092,15.989,14
16.781,14.616,14
15.293,16.419,14
16.788,16.065,14
17.457,14.276,14
15.654,13.446,14
17.008,14.101,14
16.38,15.037,14
15.939,15.191,14
20.523,19.458,15
19.768,19.987,15
21.486,19.704,15
19.683,18.352,15
21.601,20.491,15
20.203,19.959,15
20.698,19.826,15
19.676,19.863,15
21.151,20.129,15
19.669,19.978,15
21.392,19.069,15
19.782,20.224,15
20.481,19.016,15
20.12,19.074,15
20.785,20.477,15
21.337,19.718,15
19.331,19.637,15
19.748,19.101,15
20.96,18.462,15
20.638,19.393,15
20.861,18.471,15
20.346,19.055,15
18.63,19.805,15
20.557,19.359,15
20.865,20.449,15
20.254,19.104,15
21.254,22.059,15
20.976,19.094,15
20.992,20.562,15
20.725,19.543,15
19.373,19.566,15
19.778,18.883,15
19.621,19.127,15
19.536,20.058,15
20.509,19.294,15
21.335,20.313,15
19.272,18.45,15
19.897,19.324,15
21.116,19.554,15
20.279,18.607,15
20.297,19.053,15
20.734,19.95,15
21.245,20.037,15
21.565,20.403,15
20.35,19.669,15
20.385,19.12,15
18.929,19.285,15
20.702,19.755,15
20.484,19.317,15
19.426,19.306,15
19.826,20.097,15
19.568,19.881,15
19.78,20.192,15
20.178,19.193,15
20.263,19.686,15
18.828,19.428,15
21.18,19.253,15
19.683,19.014,15
20.178,20.021,15
21.132,20.803,15
20.042,20.192,15
19.787,20.596,15
20.987,19.596,15
19.952,18.805,15
18.922,18.276,15
19.794,19.324,15
20.861,19.198,15
20.238,20.033,15
20.642,20.226,15
20.783,20.5,15
20.238,19.34,15
20.364,18.246,15
19.387,20.419,15
21.123,19.106,15
19.396,21.217,15
20.148,18.377,15
21.268,19.198,15
19.702,17.977,15
20.626,18.993,15
20.684,20.392,15
21.132,19.856,15
19.918,19.428,15
20.35,20.095,15
19.29,20.095,15
19.725,19.897,15
20.514,19.34,15
20.939,20.334,15
19.78,20.313,15
19.557,19.06,15
20.7,20.769,15
21.385,19.566,15
21.04,19.189,15
21.263,19.61,15
20.081,19.23,15
20.18,21.328,15
20.352,21.197,15
20.684,19.869,15
20.939,20.893,15
19.939,18.128,15
19.883,18.853,15
8.4086,15.789,16
9.5218,14.816,16
8.8341,15.086,16
9.5586,16.797,16
8.0567,14.743,16
9.3378,15.502,16
7.7416,15.371,16
8.7375,15.141,16
7.8704,16.086,16
7.5139,13.804,16
9.5471,15.017,16
8.1671,15.336,16
7.4679,15.063,16
7.3966,15.893,16
8.8134,14.264,16
8.7766,14.734,16
8.6639,15.851,16
7.5116,15.152,16
9.4781,14.598,16
8.5236,14.347,16
8.795,15.187,16
7.6956,16.215,16
7.8888,15.104,16
7.8267,15.81,16
9.1515,15.562,16
9.3884,15.267,16
8.8686,14.982,16
9.2274,14.823,16
9.3125,15.359,16
9.4045,16.219,16
7.944,13.089,16
8.9261,14.651,16
8.5949,15.203,16
7.8267,15.35,16
7.7094,14.637,16
8.7674,15.253,16
9.1745,14.789,16
9.209,14.805,16
7.3966,16.199,16
9.6506,15.569,16
8.3787,14.628,16
9.8829,14.529,16
8.3672,14.876,16
7.9624,16.04,16
9.1584,15.325,16
7.9302,14.688,16
8.5535,16.558,16
8.6639,15.191,16
9.6874,15.424,16
8.6133,14.046,16
7.8428,14.451,16
8.1809,15.757,16
8.7904,14.421,16
9.2757,14.906,16
8.7237,15.189,16
9.6115,15.665,16
8.8916,14.697,16
8.4983,16.224,16
9.2136,13.761,16
8.7168,14.244,16
8.9008,16.017,16
7.2448,15.01,16
8.9514,14.635,16
8.2614,15.246,16
8.7191,15.794,16
9.5333,15.463,16
9.5563,15.693,16
8.8157,16.102,16
8.5627,15.334,16
8.2959,15.697,16
8.818,15.403,16
10.511,14.991,16
8.519,14.975,16
8.933,13.929,16
8.9445,14.683,16
9.301,16.298,16
9.5724,15.884,16
7.5645,15.909,16
9.7564,14.915,16
8.1257,15.355,16
8.6455,16.548,16
8.8732,15.226,16
7.783,14.775,16
8.6409,15.914,16
10.122,15.118,16
7.2126,15.488,16
7.8152,15.649,16
9.8185,14.672,16
9.0388,15.67,16
9.3125,15.102,16
7.7462,15.283,16
7.3713,15.403,16
9.5563,14.906,16
8.4316,15.299,16
8.3603,16.702,16
8.8088,16.116,16
9.2941,15.143,16
7.645,14.945,16
8.059,14.476,16
8.7766,15.387,16
10.989,13.062,17
12.077,13.761,17
12.192,14.621,17
12.008,16.114,17
11.21,14.287,17
13.19,13.45,17
10.458,13.538,17
11.406,15.589,17
12.312,13.708,17
12.254,15.09,17
11.785,14.789,17
11.318,14.635,17
12.549,13.959,17
11.304,14.455,17
11.656,14.984,17
11.366,13.781,17
11.645,15.527,17
10.948,15.939,17
12.965,15.191,17
11.09,14.616,17
11.762,13.473,17
11.958,14.529,17
10.922,15.099,17
12.818,14.701,17
11.228,14.653,17
10.589,14.138,17
10.842,14.09,17
11.746,15.166,17
11.445,13.013,17
10.492,14.527,17
11.746,14.154,17
11.178,14.37,17
12.381,13.595,17
13.013,14.195,17
10.837,14.299,17
12.418,13.305,17
13.177,14.692,17
10.945,14.885,17
11.999,13.676,17
12.155,14.405,17
13.14,14.543,17
11.364,15.191,17
11.518,15.263,17
11.527,15.113,17
11.688,15.012,17
12.611,14.959,17
11.169,15.513,17
12.774,14.423,17
11.606,14.66,17
11.829,15.536,17
11.569,15.649,17
12.091,15.148,17
10.674,14.218,17
11.997,13.745,17
11.353,14.63,17
11.111,14.172,17
12.912,13.878,17
10.44,14.557,17
12.569,14.338,17
11.277,13.206,17
12.907,15.775,17
10.778,13.871,17
11.178,14.184,17
11.826,14.366,17
12.498,14.504,17
11.401,13.696,17
11.451,14.35,17
11.116,13.287,17
10.669,14.251,17
11.553,13.873,17
12.482,13.687,17
11.617,15.718,17
11.744,13.896,17
11.475,13.167,17
11.53,14.053,17
12.073,13.39,17
10.709,15.47,17
11.691,14.444,17
12.972,15.336,17
12.095,12.857,17
10.129,14.485,17
10.741,14.559,17
12.171,15.405,17
11.762,13.945,17
11.097,13.133,17
12.222,14.662,17
11.734,14.14,17
12.404,14.409,17
12.142,15.474,17
11.36,14.382,17
12.675,14.798,17
11.964,14.232,17
13.42,13.515,17
11.941,14.626,17
11.406,14.644,17
10.223,13.489,17
11.836,15.472,17
11.284,13.816,17
10.548,14.067,17
11.946,15.019,17
27,17.323,18
27.14,16.447,18
27.878,16.781,18
28.393,16.822,18
28.621,16.463,18
28.15,18.156,18
26.813,17.705,18
26.625,18.085,18
27.798,18.292,18
26.701,16.923,18
26.889,17.043,18
28.241,18.303,18
25.994,16.686,18
27.986,17.36,18
28.145,16.56,18
26.544,17.344,18
28.262,18.894,18
27.315,18.082,18
27.738,16.928,18
27.066,16.631,18
26.878,18.69,18
27.963,16.047,18
27.096,17.367,18
27.65,17.176,18
26.82,18.823,18
27.121,18.259,18
25.852,18.618,18
27.733,16.997,18
27.085,17.075,18
27.788,18.349,18
28.29,17.954,18
27.048,17.827,18
28.214,18.133,18
27.503,18.398,18
26.252,18.439,18
27.135,18.391,18
26.997,17.183,18
26.993,17.192,18
28.354,16.656,18
27.669,16.001,18
27.885,16.475,18
27.706,18.738,18
25.914,17.949,18
26.606,18.296,18
28.007,17.905,18
27.894,16.921,18
26.749,16.081,18
26.312,16.291,18
27.163,16.73,18
28.412,18.119,18
27.006,18.179,18
26.551,17.625,18
27.273,19.518,18
26.717,17.514,18
27.039,15.808,18
28.669,17.477,18
28.6,17.859,18
26.615,17.783,18
27.379,17.908,18
27.455,17.496,18
28.12,18.236,18
28.117,17.726,18
29.293,17.461,18
28.649,16.567,18
27.282,17.139,18
27.512,17.031,18
27.151,17.236,18
26.919,16.27,18
27.745,16.875,18
26.673,17.344,18
25.806,17.275,18
26.165,15.969,18
27.469,15.633,18
26.928,18.115,18
26.155,17.576,18
27.052,17.639,18
26.608,18.421,18
27.602,18.929,18
25.677,17.921,18
26.057,17.183,18
27.211,18.69,18
27.269,17.834,18
27.542,16.461,18
27.404,17.087,18
28.046,18.046,18
27.66,16.873,18
27.522,16.535,18
27.257,16.962,18
27.025,17.491,18
27.496,17.406,18
27.563,16.932,18
28.016,16.873,18
26.82,19.058,18
26.337,18.119,18
25.921,17.855,18
27.135,18.927,18
25.831,18.029,18
27.188,17.634,18
27.644,17.979,18
25.79,17.733,18
11.774,8.1878,19
12.091,7.6795,19
11.509,8.7743,19
11.198,8.3442,19
11.054,8.289,19
11.332,8.0452,19
10.605,6.9044,19
13.002,6.6192,19
11.567,8.9905,19
11.702,8.289,19
12.079,8.5328,19
11.838,8.1648,19
10.844,7.7301,19
11.585,9.7656,19
12.675,7.4955,19
11.997,7.7669,19
12.158,8.8249,19
12.036,7.5116,19
10.474,7.9302,19
11.475,7.415,19
11.401,8.4086,19
12.3,8.6248,19
10.458,9.0204,19
10.902,9.2573,19
12.303,7.9969,19
11.286,8.082,19
12.512,8.933,19
11.946,6.8607,19
10.499,8.9307,19
10.895,9.9036,19
11.15,8.1924,19
11.383,8.4086,19
12.337,8.2614,19
10.538,8.1648,19
11.47,6.8929,19
12.061,8.3465,19
11.408,9.1285,19
10.575,8.5903,19
12.958,7.4817,19
10.807,7.3046,19
9.9634,7.8497,19
10.989,9.5747,19
10.98,8.9146,19
10.674,8.4684,19
11.495,7.8451,19
11.935,8.4362,19
12.813,8.0498,19
12.438,8.5857,19
12.415,9.8875,19
10.269,8.289,19
11.081,8.4523,19
10.223,7.576,19
11.313,9.2159,19
11.727,7.484,19
11.157,9.8783,19
11.994,8.7858,19
13.011,7.9072,19
10.18,8.45,19
11.84,9.0135,19
11.601,8.9813,19
11.638,8.9629,19
10.755,8.1694,19
10.214,7.4058,19
9.6368,8.1947,19
11.373,8.2315,19
9.7909,9.1561,19
11.647,9.163,19
11.113,7.2264,19
11.971,8.1694,19
9.8829,8.772,19
12.231,8.1809,19
11.833,7.1689,19
12.146,7.7554,19
11.546,7.3667,19
9.0411,8.5466,19
11.033,7.3391,19
11.548,8.8617,19
11.916,8.2246,19
10.18,7.9578,19
11.81,8.2269,19
10.994,8.7145,19
11.732,7.7577,19
11.077,9.025,19
11.882,9.2872,19
10.492,8.8686,19
11.792,8.0613,19
12.197,9.3677,19
10.474,8.588,19
11.396,7.5185,19
12.04,7.8911,19
11.346,8.8111,19
11.67,8.5765,19
11.364,7.0999,19
10.906,7.2655,19
11.38,8.4086,19
10.95,8.6156,19
11.663,8.2039,19
11.985,9.6345,19
12.059,7.7347,19
10.451,6.84,19
4.3629,28.221,20
4.3284,26.997,20
5.5566,27.004,20
6.3202,27.345,20
4.4457,27.301,20
4.5998,26.376,20
5.2737,27.821,20
4.8344,27.052,20
4.908,29.299,20
7.2264,28.428,20
4.7447,26.813,20
5.6762,27.324,20
5.8924,28.212,20
5.4048,27.811,20
4.9034,26.802,20
4.7677,28.573,20
6.2673,26.864,20
6.3616,27.558,20
6.8492,28.396,20
6.1983,27.103,20
7.1482,27.972,20
4.9402,27.209,20
5.2254,28.501,20
5.2116,27.694,20
6.6813,27.561,20
5.7659,28.198,20
5.6693,27.023,20
6.3869,27.236,20
5.2576,27.549,20
5.092,27.554,20
5.3013,27.625,20
4.149,27.299,20
5.5267,27.078,20
5.4324,27.501,20
5.3519,27.841,20
5.897,28.534,20
4.9379,27.742,20
5.3565,27.115,20
3.9328,26.719,20
5.5152,27.747,20
3.7488,26.061,20
5.989,26.238,20
6.1845,27.936,20
4.1329,28.327,20
5.138,27.678,20
5.8418,27.459,20
4.6274,28.918,20
5.644,28.062,20
4.6251,27.805,20
5.0345,27.637,20
5.8993,27.282,20
6.0626,27.073,20
4.8321,28.104,20
5.6808,27.938,20
5.0966,27.345,20
6.5939,28.177,20
4.6458,27.671,20
4.7999,28.368,20
5.4462,29.274,20
4.3376,27.308,20
5.5612,27.666,20
6.6008,27.828,20
5.0644,27.568,20
4.4135,27.278,20
4.0271,27.276,20
4.7263,26.372,20
4.7309,26.73,20
5.897,29.256,20
5.0092,27.165,20
6.2696,27.322,20
6.4398,27.133,20
6.1086,27.885,20
5.9269,27.878,20
6.2719,27.469,20
5.9729,27.991,20
5.2599,27.947,20
4.5676,27.917,20
6.3156,26.786,20
4.7447,27.121,20
4.5561,28.478,20
5.2001,28.046,20
6.3317,27.436,20
5.9269,26.937,20
6.3179,27.729,20
3.5556,26.93,20
6.2604,26.636,20
5.0506,27.57,20
6.9688,27.563,20
5.6486,27.204,20
5.5083,27.664,20
5.5911,28.688,20
5.5382,27.301,20
5.1081,27.515,20
4.3905,27.825,20
4.8505,27.979,20
5.4232,27.271,20
5.7383,27.855,20
5.9016,27.805,20
6.5525,26.937,20
4.3652,25.962,20
8.772,20.778,21
9.6943,23.2,21
9.6713,20.691,21
8.6225,22.213,21
8.8134,21.1,21
8.3005,21.243,21
8.8617,21.406,21
8.6754,19.798,21
7.1666,20.102,21
9.3838,21.236,21
9.0641,21.802,21
8.5489,21.64,21
8.8663,20.693,21
7.4035,20.178,21
8.6294,23.03,21
9.2113,21.956,21
9.2573,22.025,21
7.5116,22.542,21
8.9307,22.312,21
8.9215,21.286,21
8.9859,19.108,21
9.3815,21.68,21
8.151,21.707,21
8.6317,21.118,21
8.8318,20.385,21
8.2315,20.677,21
7.9509,20.698,21
8.312,21.348,21
8.4569,21.319,21
9.1147,21.578,21
7.806,22.073,21
9.6368,21.689,21
7.6726,22.121,21
8.9238,20.244,21
8.7559,21.772,21
8.9583,20.323,21
7.829,21.022,21
9.4459,21.926,21
9.0733,21.385,21
7.8152,21.498,21
8.6409,22.42,21
8.8364,20.785,21
7.8474,21.105,21
7.5668,20.599,21
9.5563,21.756,21
9.0526,22.151,21
9.3125,20.831,21
8.1119,21.779,21
9.9197,20.493,21
9.4597,21.047,21
9.4781,20.624,21
10.005,21.454,21
8.9169,19.842,21
8.8042,22.271,21
9.9749,20.539,21
7.5576,20.162,21
7.6611,20.504,21
9.0825,22.561,21
8.5834,21.864,21
9.4505,22.179,21
8.2315,20.951,21
7.9923,19.46,21
8.3925,21.224,21
8.1073,22.124,21
7.668,20.392,21
9.669,20.267,21
8.6041,21.362,21
8.611,21.526,21
7.6427,22.195,21
8.6938,21.001,21
6.5617,21.484,21
9.5333,21.385,21
8.864,21.512,21
8.4132,21.111,21
7.8681,19.435,21
8.0475,20.033,21
9.6828,21.592,21
8.6915,20.378,21
8.5098,22.032,21
9.0802,21.535,21
9.1584,20.944,21
9.8783,19.557,21
9.4413,23.055,21
9.3608,20.955,21
8.4086,20.635,21
8.8318,21.613,21
9.1538,21.751,21
7.8014,22.036,21
8.45,20.98,21
7.8359,22.703,21
7.6726,21.233,21
8.1602,20.739,21
8.4201,19.699,21
9.9197,21.201,21
10.272,20.371,21
8.5351,22.032,21
9.4965,21.7,21
9.2343,21.461,21
8.6593,21.001,21
8.0268,20.325,21
14.214,27.533,22
14.317,27.577,22
15.207,28.12,22
14.474,25.571,22
14.228,27.48,22
13.174,27.016,22
14.368,25.861,22
14.359,26.799,22
14.209,26.148,22
14.166,27.262,22
13.413,26.767,22
14.324,26.657,22
13.388,26.001,22
13.236,26.155,22
14.474,26.965,22
15.472,26.887,22
13.71,26.512,22
13.742,25.141,22
13.901,25.737,22
14.782,26.643,22
13.924,25.291,22
14.823,26.284,22
14.007,28.38,22
13.464,27.506,22
15.447,26.411,22
14.736,27.483,22
14.188,27.683,22
14.469,25.245,22
15.688,26.974,22
13.075,28.72,22
13.048,26.841,22
14.745,24.902,22
14.26,26.011,22
14.425,27.802,22
12.905,25.781,22
14.941,27.676,22
13.062,26.965,22
14.046,26.346,22
13.388,26.128,22
14.313,25.965,22
14.736,27.572,22
14.184,26.342,22
13.354,26.303,22
13.496,26.595,22
13.991,25.647,22
13.241,26.871,22
14.067,26.99,22
13.48,27.579,22
16.914,26.682,22
14.561,26.917,22
14.474,26.822,22
13.802,26.967,22
13.147,26.896,22
13.163,26.845,22
15.596,25.081,22
14.729,27.476,22
15.118,27.795,22
14.568,25.748,22
12.661,26.535,22
13.995,26.861,22
13.682,26.77,22
13.259,27.595,22
14.237,26.974,22
14.168,26.054,22
14.674,27.775,22
14.211,25.99,22
14.159,25.541,22
14.359,26.054,22
13.499,27.151,22
14.092,26.07,22
14.623,26.287,22
13.963,27.503,22
13.855,26.622,22
13.841,26.243,22
14.506,27.308,22
14.087,28.612,22
13.174,26.921,22
13.469,26.949,22
14.08,27.533,22
14.885,26.944,22
13.814,25.928,22
14.092,26.595,22
14.529,26.56,22
14.681,25.783,22
15.148,26.342,22
15.387,26.261,22
13.455,26.758,22
13.059,28.037,22
13.409,27.151,22
13.232,27.855,22
14.554,26.128,22
13.098,25.235,22
14.12,25.716,22
12.809,26.574,22
13.25,26.51,22
14.773,26.487,22
13.471,27.303,22
13.754,27.947,22
13.791,26.264,22
14.481,27.556,22
24.435,27.814,23
25.314,28.012,23
26.079,28.067,23
23.802,26.972,23
25.415,27.266,23
24.966,29.15,23
25.222,27.174,23
24.417,28.517,23
25.419,26.657,23
24.589,27.43,23
25.56,26.933,23
24.762,26.487,23
25.776,28.692,23
26.694,28.186,23
24.364,26.871,23
25.196,27.248,23
28.727,26.721,23
25.751,27.073,23
26.105,26.188,23
24.032,26.434,23
25.438,27.595,23
25.714,28.794,23
26.142,28.545,23
25.183,26.358,23
24.837,27.89,23
25.295,27.057,23
24.578,27.821,23
25.192,27.563,23
24.934,28.251,23
23.375,28.37,23
25.96,28.58,23
24.06,27.19,23
25.482,29.362,23
24.538,29.796,23
26.19,28.041,23
24.129,27.418,23
24.849,27.584,23
25.774,27.455,23
24.798,27.469,23
25.794,28.481,23
24.996,27.805,23
24.543,28.692,23
24.299,28.55,23
26.077,28.727,23
25.686,27.738,23
25.994,27.02,23
23.225,29.247,23
25.619,29.854,23
24.136,28.492,23
24.955,28.711,23
25.203,28.338,23
24.249,27.508,23
26.457,29.012,23
25.339,27.857,23
26.264,28.695,23
25.288,28.039,23
26.512,27.844,23
25.226,27.519,23
25.417,27.11,23
25.571,27.308,23
26.063,27.069,23
24.957,28.465,23
25.1,29.079,23
25.169,29.125,23
24.401,27.687,23
26.383,29.235,23
25.511,28.941,23
24.856,27.119,23
24.32,28.099,23
23.745,27.407,23
25.537,27.805,23
25.429,28.051,23
24.907,26.687,23
25.541,28.343,23
25.884,27.959,23
27.867,29.29,23
26.33,28.283,23
25.962,27.006,23
25.741,28.133,23
23.849,28.007,23
25.498,25.18,23
24.9,27.393,23
25.67,27.126,23
25.985,28.531,23
25.431,27.887,23
27.11,27.059,23
25.482,27.248,23
24.095,27.094,23
24.605,27.655,23
24.819,25.003,23
25.261,27.351,23
25.385,29.438,23
24.244,27.648,23
24.67,26.852,23
24.228,27.108,23
25.371,28.29,23
24.412,27.404,23
24.794,28.743,23
25.141,27.006,23
24.272,27.627,23
26.682,22.972,24
26.075,22.496,24
26.677,21.459,24
26.714,21.861,24
27.216,23.936,24
27.126,21.974,24
27.354,21.595,24
27.282,21.475,24
26.958,22.466,24
27.043,21.949,24
26.942,22.342,24
26.339,23.255,24
25.373,21.776,24
26.287,21.565,24
26.889,21.965,24
27.103,21.328,24
27.616,22.319,24
26.261,22.429,24
27.126,20.753,24
26.567,21.33,24
26.749,22.705,24
26.517,22.547,24
26.629,22.163,24
27.694,23.526,24
26.611,22.11,24
27.142,21.788,24
26.705,20.78,24
27.588,22.015,24
25.525,21.544,24
26.059,21.121,24
26.675,22.096,24
26.834,21.222,24
27.02,20.656,24
26.935,21.91,24
26.188,23,24
27.324,20.532,24
26.1,19.75,24
25.771,23.03,24
26.358,21.636,24
26.257,21.889,24
27.869,21.769,24
27.726,22.547,24
26.229,22.098,24
26.535,21.976,24
26.459,22.409,24
26.408,21.558,24
27.137,22.452,24
25.042,23.087,24
27.351,20.589,24
27.793,22.535,24
26.512,22.51,24
27.239,22.301,24
25.82,21.084,24
26.721,21.008,24
26.696,21.659,24
25.914,23.218,24
27.17,22.112,24
27.253,21.861,24
26.222,21.675,24
26.793,21.383,24
26.054,23.138,24
27.255,20.856,24
26.654,22.604,24
26.822,22.416,24
27.108,22.365,24
27.188,21.689,24
27.577,21.59,24
26.321,22.029,24
25.403,22.728,24
27.059,21.629,24
27.413,22.344,24
26.218,21.574,24
27.023,22.498,24
27.257,22.648,24
25.868,22.004,24
27.837,22.623,24
26.705,23.306,24
28.092,22.841,24
26.93,22.406,24
26.565,21.151,24
28.143,21.496,24
27.319,22.404,24
26.625,21.24,24
26.114,21.305,24
25.472,22.551,24
27.418,21.572,24
27.262,20.037,24
26.661,21.454,24
28.501,21.933,24
27.046,22.579,24
28.104,21.39,24
27.103,21.848,24
26.549,21.48,24
26.901,21.261,24
26.369,22.632,24
26.537,23.31,24
27.361,24.037,24
26.261,22.613,24
25.288,22.19,24
25.718,22.491,24
22.68,4.5492,25
22.245,5.8211,25
22.094,6.1063,25
22.984,6.2075,25
21.22,5.7636,25
20.371,6.0534,25
23.179,5.0713,25
21.813,7.0953,25
21.503,5.4853,25
22.919,4.3583,25
21.339,5.7406,25
22.328,5.3519,25
21.815,5.2323,25
22.213,4.6412,25
21.452,4.701,25
22.565,6.0718,25
21.866,6.0028,25
22.676,4.6021,25
20.086,6.1937,25
20.999,5.2645,25
22.192,6.4467,25
22.098,6.0925,25
22.135,5.9821,25
22.949,4.6412,25
22.963,4.5193,25
22.188,5.8441,25
20.84,5.6946,25
21.659,6.6928,25
22.169,5.3703,25
22.158,6.104,25
21.208,4.8758,25
21.535,5.2714,25
21.273,4.5607,25
22.662,6.4421,25
22.501,5.3381,25
21.507,5.0897,25
22.347,6.1316,25
21.452,3.8776,25
23.54,6.1569,25
22.222,4.6734,25
21.319,5.9177,25
21.157,4.8804,25
22.243,5.3795,25
23.596,5.3795,25
22.455,6.2811,25
22.567,4.7677,25
21.774,4.0938,25
21.82,5.8234,25
21.659,5.4646,25
21.358,6.4306,25
23.269,6.0051,25
22.754,5.5934,25
22.169,5.7728,25
22.581,5.0437,25
22.981,6.8515,25
22.636,6.8653,25
22.761,5.9407,25
21.871,4.1858,25
23.119,5.621,25
23.053,5.1702,25
23.016,5.9131,25
22.057,5.782,25
21.903,4.701,25
21.659,5.8602,25
21.848,6.7549,25
20.341,5.5658,25
21.877,5.2231,25
21.868,4.8482,25
22.073,5.2691,25
21.926,5.4048,25
21.569,4.5561,25
22.209,5.5221,25
22.542,5.874,25
20.15,7.231,25
23.02,5.2093,25
21.841,7.001,25
22.535,5.8878,25
23.25,5.1886,25
23.667,7.5024,25
20.75,5.2898,25
22.443,4.0892,25
22.257,5.9798,25
22.271,5.5773,25
21.859,4.8827,25
22.646,6.702,25
23.292,5.1196,25
23.876,6.3754,25
22.296,6.0051,25
21.815,6.0718,25
21.737,5.3979,25
22.657,5.2806,25
22.39,6.3869,25
22.225,5.6302,25
22.22,5.4071,25
21.231,5.9867,25
21.767,6.2696,25
21.723,6.5387,25
22.257,5.8441,25
21.583,3.7925,25
21.254,5.5934,25
22.887,16.854,26
23.393,16.465,26
22.894,15.283,26
25.58,15.417,26
22.521,15.987,26
21.769,16.219,26
22.443,14.57,26
21.956,16.065,26
23.832,17.399,26
22.34,16.008,26
23.612,16.84,26
22.896,16.259,26
21.884,16.029,26
23.037,15.414,26
22.804,15.405,26
21.756,15.414,26
22.698,16.7,26
21.707,15.575,26
22.475,15.306,26
22.938,16.682,26
23.366,15.718,26
23.478,15.769,26
23.027,15.833,26
21.965,15.661,26
23.062,16.183,26
22.538,15.966,26
21.914,15.996,26
23.202,16.429,26
21.663,17.351,26
22.869,15.157,26
22.963,15.98,26
23.06,16.259,26
24.21,16.121,26
23.165,15.295,26
21.707,15.437,26
23.271,16.364,26
22.919,16.419,26
21.751,15.378,26
22.935,15.366,26
20.64,17.174,26
23.232,17.793,26
23.4,18.393,26
23.09,16.367,26
23.579,16.87,26
23.299,16.385,26
23.476,16.815,26
22.659,16.15,26
23.232,15.026,26
22.071,16.063,26
22.068,17.28,26
24.304,15.49,26
22.708,15.384,26
22.119,15.828,26
24.078,15.283,26
23.345,16.491,26
23.471,17.613,26
22.556,16.73,26
23.524,15.297,26
23.133,16.33,26
22.16,16.953,26
22.963,14.892,26
23.952,17.282,26
24.148,16.721,26
23.037,15.674,26
22.381,15.943,26
22.227,15.028,26
22.942,17.213,26
22.356,16.224,26
22.958,15.079,26
23.009,16.712,26
22.984,15.897,26
23.078,16.07,26
21.302,17.231,26
23.048,16.518,26
23.092,15.359,26
22.767,17.949,26
22.931,16.081,26
22.991,18.324,26
22.749,16.691,26
21.838,16.169,26
24.067,16.606,26
23.034,16.769,26
21.542,16.102,26
21.585,16.355,26
23.552,15.842,26
22.857,16.203,26
23.195,15.782,26
22.949,14.754,26
23.138,15.918,26
23.145,14.97,26
24.055,16.562,26
22.795,15.539,26
24.479,17.942,26
23.425,17.151,26
22.625,15.419,26
23.136,15.976,26
22.825,16.495,26
24.226,16.035,26
23.315,17.001,26
23.393,15.955,26
22.721,11.113,27
24.244,11.573,27
23.016,10.948,27
22.087,12.535,27
23.954,11.585,27
21.822,10.964,27
24.042,11.78,27
22.05,11.912,27
22.519,11.274,27
22.39,11.263,27
22.761,11.419,27
22.494,11.47,27
22.443,11.134,27
23.554,13.117,27
22.979,11.58,27
22.765,12.714,27
20.371,10.952,27
23.425,10.856,27
22.445,11.914,27
23.244,13.487,27
21.378,11.859,27
22.797,10.748,27
23.214,12.558,27
23.796,12.933,27
22.567,13.071,27
23.023,11.967,27
21.739,10.782,27
22.006,11.583,27
21.342,13.112,27
22.032,11.53,27
22.687,10.895,27
22.172,12.004,27
24.023,13.218,27
23.552,12.217,27
22.903,11.527,27
21.622,12.169,27
22.632,10.762,27
22.215,12.16,27
22.273,11.932,27
23.918,12.926,27
22.365,11.87,27
22.491,11.714,27
23.828,12.758,27
23.607,12.155,27
23.308,11.019,27
23.945,10.292,27
22.406,12.537,27
22.498,11.958,27
21.997,10.814,27
23.246,11.801,27
22.289,11.987,27
23.154,11.417,27
22.864,13.142,27
21.634,12.231,27
23.225,11.999,27
22.372,11.741,27
23.858,11.813,27
23.179,11.111,27
21.719,12.282,27
23.448,12.169,27
23.083,12.457,27
23.004,11.433,27
21.905,12.436,27
22.751,11.201,27
24.198,10.86,27
23.168,12.321,27
21.686,12.233,27
22.367,13.262,27
22.922,11.631,27
21.686,12.04,27
22.167,10.801,27
21.958,11.355,27
22.896,11.751,27
22.917,11.127,27
23.271,12.321,27
22.715,12.008,27
22.032,12.273,27
22.287,10.52,27
22.931,13.246,27
21.781,12.105,27
23.809,12.411,27
22.464,11.364,27
22.156,11.431,27
22.669,11.732,27
22.712,12.077,27
23.722,11.737,27
22.74,11.504,27
22.358,11.642,27
22.068,12.286,27
22.457,11.316,27
22.51,12.109,27
21.854,11.164,27
22.616,11.852,27
24.095,11.987,27
22.199,11.686,27
23.172,11.24,27
22.963,11.9,27
22.411,12.27,27
23.322,12.659,27
23.232,12.043,27
10.403,23.655,28
10.012,24.039,28
10.55,23.947,28
10.752,25.436,28
8.7766,25.284,28
9.4689,23.467,28
10.782,23.34,28
10.966,23.865,28
10.067,26.075,28
9.6069,25.07,28
9.5149,25.088,28
11.176,25.997,28
11.012,25.341,28
10.025,23.977,28
9.6184,25.399,28
10.433,24.518,28
9.0825,22.135,28
8.6547,24.757,28
10.778,24.49,28
9.4114,24.47,28
10.18,24.686,28
10.679,23.993,28
11.481,24.433,28
9.3999,23.662,28
10.276,24.651,28
10.92,24.771,28
9.2458,24.849,28
10.414,24.52,28
9.9289,24.791,28
10.044,24.394,28
10.548,23.621,28
10.412,25.974,28
11.077,23.872,28
9.7886,24.559,28
9.9611,24.44,28
10.276,24.424,28
10.964,24.964,28
10.598,24.762,28
10.14,23.294,28
11.366,23.853,28
10.345,24.295,28
10.357,24.387,28
9.9082,24.849,28
9.393,23.239,28
11.755,23.98,28
10.131,25.028,28
9.8162,23.895,28
9.4712,24.791,28
10.175,25.178,28
10.345,24.654,28
9.5839,25.452,28
9.5103,25.937,28
10.716,23.053,28
9.7679,25.008,28
11.01,24.453,28
10.89,24.734,28
9.2596,24.221,28
8.519,22.899,28
10.612,25.203,28
10.552,22.906,28
11.401,23.982,28
10,24.049,28
11.555,25.04,28
10.819,24.817,28
9.6276,24.311,28
11.067,24.217,28
10.904,24.009,28
9.1814,25.39,28
9.8599,24.12,28
9.922,23.706,28
10.124,25.003,28
9.7472,24.295,28
11.003,24.237,28
10.203,24.115,28
11.353,23.506,28
10.681,23.336,28
10.531,24.957,28
11.012,25.09,28
10.396,23.437,28
9.8024,23.97,28
9.8484,23.839,28
10.571,23.876,28
10.177,24.727,28
10.819,23.832,28
11.856,25.935,28
10.083,24.102,28
9.508,23.844,28
9.5333,24.87,28
10.43,23.476,28
9.1814,24.973,28
10.584,23.775,28
9.485,22.935,28
10.18,22.317,28
10.589,23.853,28
8.8203,25.09,28
10.626,24.21,28
10.44,24.016,28
10.444,24.078,28
9.4528,24.561,28
10.357,24.315,28
14.478,21.765,29
15.049,22.54,29
14.536,22.388,29
14.793,23.147,29
15.382,21.762,29
16.811,21.829,29
16.284,22.427,29
16.564,21.01,29
16.065,22.544,29
16.587,22.471,29
15.704,22.142,29
17.201,20.783,29
15.732,22.491,29
15.127,20.447,29
15.847,22.857,29
15.835,21.686,29
16.587,23.393,29
14.787,22.209,29
14.697,21.875,29
15.704,22.866,29
14.517,22.705,29
15.267,21.422,29
15.253,20.971,29
15.987,21.965,29
15.129,23.034,29
15.566,22.692,29
17.392,20.852,29
16.13,22.142,29
15.246,22.169,29
14.669,20.861,29
14.582,23.276,29
15.313,21.549,29
15.173,22.85,29
15.256,21.227,29
15.759,21.769,29
15.555,21.91,29
14.317,23.29,29
14.86,22.289,29
14.566,23.198,29
14.8,22.209,29
14.996,21.887,29
14.649,21.137,29
14.6,21.841,29
14.982,21.003,29
15.127,21.657,29
15.313,22.356,29
14.943,21.45,29
15.49,21.342,29
14.662,21.328,29
15.081,22.671,29
15.09,21.335,29
15.748,22.698,29
15.999,22.802,29
15.75,21.891,29
15.888,22.595,29
14.66,22.257,29
16.192,21.468,29
15.449,20.96,29
14.552,21.988,29
15.38,21.312,29
16.24,21.693,29
17.011,21.838,29
14.929,23.414,29
15.647,21.157,29
15.502,20.76,29
15.642,21.503,29
15.635,21.394,29
15.801,21.574,29
14.931,22.181,29
14.177,21.362,29
14.391,22.192,29
14.961,21.208,29
15.686,21.121,29
15.89,21.107,29
16.134,21.141,29
15.822,22.137,29
14.492,21.553,29
15.897,21.484,29
14.253,21.691,29
16.436,23.487,29
16.035,23.248,29
15.863,23.671,29
14.391,21.714,29
16.61,20.946,29
15.677,22.381,29
14.888,21.907,29
15.474,21.969,29
15.817,21.776,29
15.585,22.505,29
15.171,21.776,29
15.325,22.393,29
15.879,20.419,29
14.844,22.073,29
15.27,21.493,29
14.589,23.317,29
15.573,21.245,29
15.81,21.279,29
15.677,22.209,29
14.941,22.526,29
14,21.647,29
6.2144,11.672,30
5.8073,11.323,30
5.5474,10.223,30
3.9811,10.762,30
5.4117,11.005,30
4.2272,10.228,30
6.2282,10.154,30
4.5929,8.9054,30
5.4991,9.5954,30
4.0708,10.584,30
3.9788,10.223,30
4.1237,10.219,30
4.0616,9.9979,30
4.563,10.709,30
4.3353,10.166,30
4.8735,9.8599,30
4.3583,9.3102,30
5.2829,10.191,30
4.6527,9.4068,30
5.4255,11.81,30
4.7194,9.5149,30
4.9126,10.589,30
3.8776,10.978,30
4.6159,10.115,30
5.2714,9.2826,30
5.2875,10.15,30
4.954,8.9307,30
4.0662,9.8415,30
4.8758,10.992,30
6.1316,9.3102,30
4.6596,10.285,30
5.5773,9.5034,30
5.5474,10.265,30
4.5653,10.566,30
6.1201,9.4137,30
4.8482,9.3102,30
4.6596,11.021,30
5.5819,9.9933,30
5.1058,11.527,30
4.8068,8.1395,30
5.897,10.233,30
5.4899,10.957,30
4.8781,9.5425,30
4.5354,9.4436,30
4.8827,10.249,30
6.2673,10.819,30
4.8091,9.6529,30
5.8924,10.647,30
5.2737,10.98,30
5.2369,9.0848,30
5.9798,9.3447,30
4.7378,10.683,30
5.644,10.633,30
4.54,9.278,30
5.2576,10.957,30
4.701,9.1423,30
6.1247,10.674,30
5.9821,9.4137,30
3.8017,10.704,30
4.1605,10.042,30
5.4876,10.725,30
4.2916,9.1492,30
6.081,10.161,30
5.069,10.84,30
6.8055,9.4459,30
3.9742,10.182,30
4.8781,10.21,30
4.3974,8.7605,30
6.3662,9.4045,30
4.6619,10.465,30
5.552,9.715,30
4.3974,10.387,30
5.1196,10.212,30
5.7222,10.518,30
4.7033,9.3608,30
4.8965,9.1515,30
5.4692,10.009,30
6.1109,10.669,30
4.3422,11.55,30
5.2484,9.4206,30
4.8574,9.7219,30
5.5566,11.18,30
5.6578,9.3424,30
4.701,9.8783,30
4.632,11.672,30
5.0115,10.398,30
5.6555,10.297,30
4.9885,10.656,30
5.7636,10.509,30
5.483,11.111,30
5.7935,10.601,30
5.0092,11.516,30
4.7976,9.6897,30
5.7222,9.7472,30
6.2144,9.8277,30
5.4899,10.709,30
5.2323,10.198,30
4.1076,10.713,30
4.6872,11.767,30
5.5198,10.168,30
5.8441,17.399,31
4.6182,17.753,31
5.368,17.5,31
6.0672,15.999,31
5.8533,16.41,31
5.4899,17.277,31
5.6279,16.567,31
5.0253,18.156,31
6.6882,16.242,31
5.897,17.363,31
5.1173,16.746,31
5.6118,17.381,31
6.0511,16.102,31
4.3192,16.661,31
5.9775,17.825,31
5.9223,16.99,31
5.7889,16.893,31
5.5267,16.088,31
6.7181,17.597,31
5.4508,15.378,31
5.7498,17.001,31
5.7406,15.964,31
7.0309,16.73,31
5.4117,17.082,31
4.3307,17.257,31
5.8993,16.544,31
6.2075,15.67,31
6.0741,17.696,31
5.253,16.813,31
4.5354,15.849,31
6.1132,16.045,31
5.2484,17.662,31
6.6767,15.739,31
6.1086,17.386,31
5.7935,17.848,31
6.1132,16.187,31
5.8004,15.497,31
6.7388,17.234,31
6.1891,18.117,31
5.0644,17.565,31
4.8758,16.56,31
5.0828,17.783,31
5.7935,17.45,31
6.7802,16.983,31
4.862,17.112,31
6.0465,17.505,31
5.5888,16.311,31
6.3455,16.877,31
5.7084,15.789,31
6.2535,16.495,31
6.6537,17.02,31
6.2052,15.667,31
6.3018,15.789,31
5.9453,16.797,31
5.6394,17.977,31
5.4761,16.919,31
7.0608,16.086,31
4.7562,17.878,31
5.4531,17.415,31
6.1155,16.877,31
5.9936,17.703,31
4.8643,16.081,31
5.4968,16.183,31
6.0442,17.093,31
6.3409,17.786,31
4.7217,16.006,31
7.0493,16.224,31
5.0552,18.522,31
5.4416,18.499,31
6.9872,17.238,31
5.1311,16.682,31
7.4311,18.333,31
6.0879,16.121,31
5.8878,16.378,31
6.2121,17.958,31
6.9849,17.179,31
5.3542,17.201,31
7.2149,16.794,31
6.8906,16.095,31
5.552,15.557,31
6.0488,16.21,31
5.7498,16.507,31
6.3064,16.824,31
5.3266,16.672,31
6.4237,17.471,31
5.1909,16.146,31
5.8947,16.268,31
5.4669,17.749,31
4.816,17.004,31
5.8901,16.939,31
6.0419,17.363,31
6.5456,16.698,31
6.0626,17.087,31
5.1219,18.427,31
7.3414,16.82,31
5.138,16.615,31
5.736,16.999,31
5.276,17.247,31
6.4444,16.203,31
7.162,18.184,31
