228.59,154.03,-269.6,57.976,104.53,-30.428,-56.39,-68.151,-94.841,129.29,10.022,-44.956,-8.849,-37.661,11.332,-44.622,-5.7542,82.218,49.834,-22.47,-43.877,-43.76,55.3,35.491,-1.566,25.13,16.177,34.137,1
389.86,134.67,-124.13,231.09,-102.38,25.28,-85.59,87.54,-64.969,89.721,-2.794,64.981,-12.394,106.74,29.777,-74.174,-4.4867,-59.066,-107.14,13.915,2.7583,75.336,-72.285,45.213,-21.779,-48.589,12.416,-20.301,1
440.46,102.43,82.594,172.19,372.36,45.943,-184,50.491,-50.756,-6.4951,-47.851,-25.262,-65.539,171.63,36.793,-41.737,31.994,35.126,2.8098,91.52,8.0066,50.952,-10.382,22.798,-35.869,-53.471,-52.499,40.661,1
395.8,47.054,-147.52,8.8315,155.08,-165.69,-65.698,37.394,-167.74,91.073,116.48,-2.0534,45.092,4.4885,69.811,58.714,-76.197,59.978,29.635,15.285,-59.768,-22.943,-21.097,31.483,-11.197,-17.269,-19.667,104.6,1
481.66,168.87,61.437,400.08,-26.381,-129.05,106.08,-154.48,44.232,122.01,54.995,-34.013,-64.069,-118.32,23.129,40.629,3.6638,-64.265,24.616,19.788,-48.12,42.795,-10.628,58.174,-8.3621,4.4477,-58.1,46.931,1
537.96,115.84,6.4857,301.23,18.133,-77.477,-91.383,30.995,17.753,29.104,-28.297,-22.46,-105.27,98.645,53.226,-82.144,3.2241,-20.562,-34.23,101.94,5.3385,108.61,-46.699,44.635,7.7415,-7.3281,-73.968,48.411,1
379.47,162.22,22.446,275.53,210.81,-51.404,92.01,-175.5,38.176,90.683,42.662,-50.906,-13.447,-163.67,94.428,33.145,79.797,-32.6,61.145,-28.724,-60.778,-40.906,3.6484,37.043,-46.197,-4.3321,-27.607,48.832,1
351.71,119.92,-159.09,187.95,133.13,-133.7,-61.401,-93.181,-41.253,76.918,-59.19,-118.56,-55.019,-60.282,-28.337,-49.225,94.359,65.663,62.363,29.468,-9.7034,45.077,39.859,66.442,-11.272,21.582,-18.836,-24.708,1
413.74,60.339,-137.82,283.1,-190.35,-140.58,-84.652,-42.64,-80.275,146.76,20.687,-72.558,-103.8,37.138,35.003,-61.383,-77.616,76.225,-9.9665,2.2921,-49.064,25.359,36.802,90.012,38.667,14.66,-13.996,6.2067,1
410.01,173.4,-43.109,367.52,-120.74,-211.87,-103.7,5.0022,46.935,82.53,-78.396,-133.71,-140.53,7.1008,7.4486,-96.497,1.9441,75.941,-8.9239,53.506,-17.671,110.44,-45.673,96.349,3.6145,34.526,-75.175,-32.358,1
120.24,-94.225,-186.06,96.069,11.239,-53.792,116.8,64.87,-46.066,62.431,90.271,13.113,-36.506,-40.239,141.82,18.866,18.311,44.71,-24.048,16.281,25.114,15.901,59.666,2.7978,-2.1863,54.36,-7.3514,-51.866,2
188.93,-108.97,-127.58,54.648,88.448,-39.765,101.02,109.21,-114.6,30.73,59.298,-16.986,24.109,21.685,147.14,76.218,13.194,47.976,-21.885,-10.947,4.9327,3.1197,49.658,11.019,-15.318,80.481,32.203,-34.679,2
104.04,-86.501,-230.71,3.5999,85.181,-58.048,20.005,114.95,-89.654,49.366,2.8071,9.5745,-23.382,-3.416,145.22,14.078,36.939,28.133,-8.3159,10.718,12.35,-8.5489,6.7237,27.196,-12.35,35.527,13.781,-48.038,2
141.12,-108.08,-187.48,28.925,24.086,-73.873,83.191,100.37,-96.231,62.81,54.164,1.0097,-8.8428,-4.4978,156.03,41.62,17.533,42.43,-19.93,15.968,20.887,13.923,65.269,-6.5205,-17.42,65.096,-3.0051,-33.321,2
95.98,-111.56,-218.42,12.263,77.692,-66.168,9.8038,123.83,-98.35,33.138,-4.4379,13.873,-5.8622,-0.70029,137.79,13.237,19.332,31.433,-1.6141,12.782,7.6075,10.39,-1.0017,39.958,9.218,28.841,30.703,-28.184,2
123.39,-67.197,-198.18,71.701,108.7,-54.463,66.13,84.786,-85.604,33.406,-6.4475,-20.766,-72.502,-38.954,124.08,22.876,28.762,62.864,-26.997,13.588,-9.115,51.46,52.654,39.557,-12.284,48.623,-5.7251,-27.759,2
58.763,-92.427,-227.44,-18.552,149.84,23.68,-20.348,125.59,-67.756,41.675,-17.803,26.06,-0.8172,35.021,116.73,34.102,10.226,28.919,-21.241,-31.749,29.613,-42.946,-37.402,52.685,-41.892,17.616,71.759,-71.314,2
196.8,-140.61,-91.83,74.623,20.488,-53.87,108.62,102.7,-131.68,37.65,106.62,-8.3506,56.197,8.2462,164.08,59.185,3.2633,32.85,-12.825,15.103,16.346,-8.7506,36.986,-10.545,10.045,66.728,27.127,-19.87,2
153.45,-121.88,-160.55,46.28,30.079,-50.467,80.996,104.8,-111.9,52.934,73.24,-9.8415,23.36,-10.602,157.5,33.469,21.653,31.082,-23.747,17.564,23.681,1.263,50.44,0.085505,-2.5164,74.333,37.68,-43.909,2
110.08,-194.18,-147.14,-54.258,143.65,-5.1297,-69.31,138.33,-65.005,35.654,41.993,-25.46,34.445,48.759,113.94,63.219,-19.157,10.114,33.452,-4.7332,48.913,-15.238,-12.241,23.257,-4.9514,14.207,55.472,-22.203,2
25.49,53.109,61.722,-90.07,-140.38,101.33,-37.378,60.101,-61.729,-78.337,-89.004,-45.247,19.867,-72.226,-8.5102,19.367,-18.632,-52.965,112.26,51.067,52.94,15.37,7.1378,40.139,77.664,-43.129,-9.2838,26.99,3
98.17,143.33,-33.389,9.0934,-247.81,75.327,-64.274,-36.756,16.318,-35.507,-93.998,52.654,23.462,-49.031,25.396,-4.6096,-24.81,32.906,66.932,3.8649,76.162,13.237,-4.5614,32.035,65.631,-15.297,-56.108,31.041,3
4.7235,91.416,86.3,5.3183,-186.03,77.621,-56.891,49.258,6.121,-57.535,-127.63,43.636,22.796,38.818,57.852,33.698,-41.588,-103.73,104.26,26.532,43.349,48.29,-8.5754,60.062,93.863,-21.578,6.5696,24.543,3
50.677,84.692,53.8,6.3608,-221.5,75.587,-52.359,37.136,-43.944,-47.514,-131.6,51.303,16.992,-29.767,59.196,-4.4652,-19.676,-50.182,122.45,14.599,24.407,63.391,-12.982,34.698,79.147,-11.624,-41.746,33.129,3
140.11,-52.029,81.071,-184.43,-21.122,83.779,43.652,-54.313,-44.517,25.148,-131.6,-51.69,-7.5913,-36.235,-2.0072,49.819,-2.3533,-37.001,69.732,53.647,-51.713,58.999,-5.9895,-45.117,12.791,3.9341,-21.951,49.749,3
163.92,-98.261,129.65,-191.71,35.999,39.609,47.418,-138.4,-46.629,32.74,-148.51,19.663,-25.679,-38.705,38.245,15.056,23.138,-11.035,102.91,8.8402,-2.9701,5.0133,-12.06,-16.822,4.3853,-20.092,12.915,72.191,3
48.982,202.67,-41.612,-134.45,-59.216,72.44,13.823,17.773,37.927,7.1271,-50.046,-59.113,57.628,-74.64,-17.822,63.362,6.9019,-48.968,9.6511,61.797,55.636,34.485,21.827,22.31,24.436,-16.356,-17.152,24.24,3
41.407,164.26,5.294,-214.43,-54.603,48.478,40.357,-56.068,15.666,39.359,-95.902,-35.585,42.887,-93.352,22.918,23.338,18.473,-60.447,42.997,43.24,-10.523,51.567,10.308,-20.662,31.137,-13.455,-10.6,54.456,3
74.982,155.99,-10.923,-165.5,-101.14,37.391,56.447,-86.903,15.012,44.785,-83.848,-37.633,40.542,-99.172,16.71,12.067,-1.9563,-14.654,35.037,43.971,17.087,50.327,18.922,-12.556,33.517,-30.209,-20.343,62.801,3
76.182,190.78,-35.997,-21.522,-223.71,70.252,-51.725,-29.398,-14.189,-25.929,-68.103,5.0694,33.74,-82.289,-4.3737,11.889,-8.2043,21.464,54.948,8.2448,84.508,37.647,5.9962,25.638,34.934,-24.653,-46.031,26.98,3
-17.511,78.64,12.739,-159.82,1.9673,164.96,40.635,-101.43,-62.023,-43.76,-22.019,-9.7984,-14.308,39.751,-27.198,17.649,8.9583,72.094,-97.772,62.807,-84.871,-62.416,13.608,55.904,-40.698,-16.105,-14.704,-2.5159,4
9.3735,215.23,-46.307,76.76,-117.3,192.82,-98.472,-9.6251,115.29,29.388,-105.08,76.745,-27.803,0.54083,157.28,62.232,-45.031,5.7494,-29.707,0.9827,-24.713,-15.537,-35.644,29.905,-4.0732,32.442,-11.176,36.03,4
5.1713,40.168,-36.926,-44.321,-96.031,245.83,-115.83,-28.282,-40.828,-43.591,-59.794,82.847,-58.408,-1.6842,66.242,3.7748,12.948,80.659,-41.977,32.884,-59.893,-73.844,-19.322,19.101,4.3925,11.938,-40.716,-37.864,4
34.014,6.7097,10.404,-163.11,16.077,159.39,70.228,-153.36,-31.945,26.963,-66.785,23.973,-41.484,34.669,-30.886,17.45,11.154,33.877,-55.012,38.546,-80.306,-63.724,8.5953,26.979,-79.703,-27.471,1.6893,-18.426,4
66.771,193.81,-72.318,-10.143,-126.14,184.45,-76.205,-90.254,21.351,-48.901,25.675,49.1,-46.264,-74.211,28.926,0.17401,-21.943,93.223,-71.345,15.95,-29.522,-75.055,-3.856,48.078,-13.923,0.16192,-0.29876,-32.847,4
76.159,194.56,-80.998,72.53,-138.02,233.05,-104.5,-27.126,74.619,-8.2762,-64.21,103.21,-68.376,-69.718,121.84,-18.651,-13.191,40.65,-19.397,27.016,3.4355,-15.389,-31.431,34.592,1.4169,21.787,-31.781,-10.367,4
179.71,98.76,-74.922,-42.821,29.851,101.91,84.752,-207.48,66.184,122.54,-46.36,35.749,-51.612,-35.982,26.509,-8.3256,-0.21851,-45.619,0.52134,-23.709,-33.994,-81.335,-0.074516,20.895,-102.61,10.315,32.804,-1.9891,4
55.635,172.1,-59.074,-41.986,-113.93,166.3,-60.537,-109.76,7.7552,-34.53,53.73,13.268,-4.5423,-90.133,19.968,34.172,-52.105,74.485,-83.499,0.90072,-53.831,-83.426,-1.7306,3.9609,-55.121,-19.059,-2.653,-25.364,4
53.213,24.938,-20.384,-121.28,3.3446,193.11,45.07,-143.13,-37.599,13.767,-60.805,12.426,-37.098,14.447,-55.11,25.075,16.347,38.873,-62.168,48.633,-78.207,-54.388,18.801,33.96,-87.782,-6.9953,-20.645,-32.138,4
-12.968,78.402,-26.777,-55.877,-81.114,250.65,-88.426,6.7982,-56.665,-19.701,-43.064,39.093,-51.765,-22.211,41.857,24.09,13.891,72.677,-31.461,35.063,-75.839,-66.009,-21.339,13.21,-23.399,-6.2617,-36.307,-39.987,4
176.72,24.676,278.24,-139.35,212.66,6.0926,97.906,24.088,-44.283,8.7018,-60.4,7.6919,39.049,103.09,35.54,10.242,-32.747,76.684,57.285,0.059223,-16.591,-37.253,11.953,-49.303,13.302,-35.67,0.65207,-42.313,5
289.29,242.7,121.24,20.761,91.59,-1.5444,82.064,-134.05,12.819,-46.458,20.989,20.292,43.718,46.006,-20.122,25.006,21.11,31.167,-25.66,-16.971,-6.727,6.5297,-1.5183,19.057,-38.757,-43.083,-32.924,-40.978,5
192.58,43.226,223.96,-140.54,159.04,58.597,17.673,88.371,-80.852,-32.845,43.176,-20.362,-0.09485,42.285,-32.697,2.4173,-9.5348,49.193,50.383,0.40393,27.454,-63.229,5.2861,7.2632,57.532,-2.4883,-36.249,3.6087,5
173.74,100.98,219.33,-97.281,137.42,40.478,8.7154,113.91,-80.453,-33.454,21.571,30.378,-30.588,74.461,-8.3956,-4.4778,26.56,47.345,77.607,-14.091,15.105,-41.377,-3.7892,19.859,58.42,-25.554,1.059,-15.189,5
160.73,-3.6194,285.66,-142.42,201.46,-1.5189,85.3,21.806,-48.759,-18.793,-61.867,30.871,40.815,107.24,57.887,14.98,-42.146,69.154,57.55,6.1635,-7.6234,-45.954,1.9447,-37.795,14.57,-65.277,14.326,-40.832,5
265.83,253.89,171.74,27.145,123.02,13.358,107.4,-33.637,49.272,64.583,-42.199,56.644,39.652,54.178,63.424,10.962,-41.742,55.448,49.208,5.8231,4.9185,-28.655,3.9493,-59.89,14.247,-59.551,23.538,-22.404,5
266.23,222.17,180.47,2.188,117.88,22.405,115.17,-24.178,36.199,79.387,-29.853,49.418,49.222,52.575,37.066,6.8022,-47.554,33.238,37.044,2.8767,5.9399,-29.037,-1.9732,-47.34,45.959,-49.277,11.074,4.4084,5
189.65,-7.8765,270.25,-128.34,186.02,12.353,74.731,0.66837,-58.656,-8.799,-70.009,41.931,4.2005,91.256,48.738,2.661,-30.855,58.907,96.499,2.1695,-6.2074,-58.116,13.129,-44.886,-14.653,-51.485,20.967,-34.91,5
221.62,238.75,150.86,38.362,83.688,11.309,65.981,77.319,44.283,115.57,37.417,49.933,80.644,-6.7282,-39.35,22.533,-12.476,-0.7551,1.4817,54.51,-8.913,-30.895,36.728,8.158,51.133,16.974,-10.624,38.074,5
218.66,259.09,162.49,31.875,61.466,12.677,88.772,25.079,8.5567,92.102,40.829,20.674,77.939,4.8384,-25.986,-4.8682,-33.444,40.096,-11.416,10.769,-0.48344,-28.475,15.279,-2.3452,61.312,-12.626,0.19335,34.246,5
-111,328.39,224.08,61.923,250.48,-29.596,-176.59,77.142,88.739,-27.747,34.671,11.612,-1.2212,66.671,-64.026,-8.7429,-29.133,16.003,60.426,15.33,55.733,-35.951,-3.5415,42.834,-19.601,2.1148,29.59,-24.669,6
-0.07764,520.15,181.72,202.67,261.56,-116.77,-136.03,9.5943,156.93,33.148,59.403,-1.5217,38.54,-55.309,-116.03,44.338,14.162,18.636,-9.3485,67.445,60.639,15.553,-50.339,29.307,-35.409,17.038,10.932,-12.295,6
-118.16,299.24,248.18,69.351,277.51,-73.635,-183.23,76.546,74.845,-15.568,21.064,17.682,32.489,24.441,-86.371,7.1931,-37.987,52.668,27.482,9.3303,36.021,-35.842,-15.397,32.36,-7.4197,4.1701,44.426,-10.958,6
-96.226,336.98,207.21,40.89,234.97,-20.59,-148.41,58.513,81.724,-59.639,41.056,-28.254,28.654,74.56,-67.784,0.10094,-27.836,5.9534,39.123,40.106,84.3,-46.491,7.6793,47.282,-6.7469,-1.1998,30.501,-25.796,6
-14.919,491.01,174.8,199.85,291.69,-104.97,-143.88,6.9099,163.27,58.56,51.095,20.873,40.287,-73.91,-114.32,35.297,27.269,27.824,-5.5599,75.69,63.066,17.674,-42.485,38.272,-43.29,16.928,10.692,-11.863,6
2.5684,530.72,159.48,145.09,222.04,-57.378,-78.1,-34.578,156.05,27.767,35.732,-46.548,75.503,-19.32,-58.139,42.842,4.3838,-27.458,-12.391,67.807,64.012,-4.1006,-12.648,22.243,-17.924,3.4702,32.934,-27.056,6
-7.6659,526.25,177.73,188.64,199.36,-71.414,-122.36,9.9939,142.07,5.5561,84.69,-14.132,42.547,-20.733,-88.951,43.463,-7.0017,-6.0298,15.682,35.205,72.682,-6.2238,-25.333,37.529,-38.102,21.138,11.15,-33.731,6
-3.8346,530.16,201.05,175.44,231.86,-106.89,-109.7,-26.589,139.01,54.885,14.422,-12.404,71.476,-49.637,-43.096,49.823,-0.67349,-0.72374,-26.501,45.987,31.395,-2.3093,-27.36,-28.004,-26.034,15.468,37.991,3.2072,6
-2.1195,534.3,193.3,251.31,190.2,-82.632,-122.87,24.159,163.42,16.036,58.881,74.498,-5.5998,1.0413,-55.186,26.044,7.7614,3.069,45.467,24.387,61.261,-1.632,-45.083,51.134,-44.659,32.348,15.544,-28.901,6
11.586,506.04,232.67,142.72,337.83,-144.96,-150.06,-25.45,172.47,46.249,-43.06,31.275,37.354,-36.883,-1.2418,34.781,53.17,19.581,-33.976,80.625,24.49,41.768,-37.349,-67.639,-9.9708,6.5241,15.509,12.082,6
-104.42,194.05,-139.41,110.77,-135.48,-148.8,29.86,106.33,57.019,-153.34,27.59,-87.538,9.4905,40.081,44.122,-56.089,63.453,-44.339,73.436,-72.908,-0.32862,-65.217,4.2333,-26.16,-61.213,-26.241,24.068,12.06,7
35.027,185.22,-91.475,158.99,-194.7,-55.359,74.564,9.5785,9.4367,-161.21,45.866,-54.768,27.322,63.304,-18.586,-7.6518,57.764,-7.8044,70.116,20.86,-65.419,-85.643,-0.19136,7.9305,-11.19,-38.021,25.056,37.461,7
-126.22,49.218,-134.01,66.033,-140.59,-106.6,35.886,67.695,70.169,-172.49,25.332,-93.617,44.96,38.146,15.93,-24.285,15.945,-32.168,114.74,21.607,-51.524,-96.443,2.8227,-3.0414,-2.714,-23.282,36.277,12.996,7
-75.005,219.81,-160.05,92.519,-67.439,-137.1,31.293,72.009,46.699,-197.85,20.041,-117.96,29.781,39.886,21.245,-55.948,76.675,-39.435,56.921,-68.257,-2.8693,-45.812,-9.9617,9.6714,-40.319,-20.309,7.7317,12.971,7
-44.129,223.01,-39.369,194.75,-165.41,-78.882,95.004,119.22,7.924,-115.2,37.167,-113.24,-13.184,38.169,-11.2,-29.819,35.666,-51.224,41.151,-33.769,-17.685,-86.916,-8.2439,-15.924,-41.225,-23.044,69.086,10.641,7
-19.733,237.18,-85.43,213.57,-199.18,-87.724,95.874,76.053,35.236,-136.96,39.496,-83.627,-12.54,59.489,-15.632,-23.906,82.886,-34.861,42.878,-39.241,-28.156,-61.46,17.431,-12.715,-55.031,-25.539,31.026,-0.574,7
-73.352,140.38,-150.86,11.283,-83.451,-155.36,8.6958,45.584,53.033,-176.31,23.887,-122.03,86.336,49.462,41.386,-21.488,15.572,-25.153,50.329,-70.182,-35.769,-25.369,-4.9152,9.7564,-11.503,-1.1936,22.878,50.685,7
-95.821,223.44,-156.1,57.224,-71.052,-173.16,17.852,79.556,45.297,-153.38,31.42,-124.71,39.886,39.706,38.013,-55.604,67.268,-26.654,20.07,-120.45,1.2815,-4.5328,-10.219,-0.074465,-36.882,-5.3717,12.989,17.705,7
-133.3,198.45,-134.73,14.743,-70.583,-207.43,11.51,81.326,37.764,-90.702,32.104,-125.32,72.029,13.248,67.779,-42.649,20.843,-19.656,-15.824,-136.6,17.426,31.673,-2.3169,-3.901,-37.473,27.129,4.4102,36.958,7
-88.561,193.89,-167.11,79.222,-147.27,-185.34,32.552,37.019,60.408,-157.8,29.381,-101.87,48.29,63.212,41.8,-43.899,59.317,-15.781,26.405,-94.853,-14.364,-12.417,9.3338,-26.62,-58.577,-6.0084,-7.3425,28.671,7
2.9333,69.568,-169.35,-309.12,210.61,-210.07,-4.2424,-112.88,-44.139,-113.42,87.814,66.409,-42.729,-34.532,-49.444,-93.122,-45.506,-74.855,-32.788,-2.6071,-48.64,41.344,57.568,4.3257,26.299,34.63,-60.825,12.619,8
86.9,226.59,-295.66,-212.14,70.729,8.4538,-49.206,-108.15,8.4438,-48.014,86.33,85.661,-147.46,32.889,81.563,-44.78,50.093,-10.687,-9.3468,35.155,14.018,-5.0351,-50.201,-8.685,72.843,-20.344,32.07,-7.9651,8
-2.5453,2.8834,-164.34,-354.39,191.99,-225.96,-12.075,-104.1,-15.206,-124.97,111.03,82.534,-11.149,-55.588,-32.222,-73.273,-55.914,-65.281,-25.777,-2.5759,0.026399,21.451,76.034,11.059,56.112,37.836,-51.629,1.1608,8
88.992,213.28,-282.65,-238.24,107.71,-38.78,-40.301,-154.67,-7.3315,-48.575,136.82,36.426,-113.6,25.928,-7.5827,-54.81,43.008,-26.562,-34.909,28.785,-7.0776,-10.433,-60.184,-35.977,58.9,-12.205,26.646,11.378,8
32.129,63.096,-167.08,-350.11,187.15,-91.954,-86.465,-72.521,-19.277,-102.87,48.846,121.59,-136.64,12.259,82.524,-98.926,50.941,-65.845,-1.2162,35.525,33.394,-8.22,-12.085,28.929,76.439,-35.123,40.753,-8.146,8
165.34,123.85,-279.33,-261.58,226.33,-0.22353,-68.922,-180.95,-3.3339,-17.576,66.603,27.459,-126.29,55.444,-12.058,-12.981,49.517,-43.245,-58.614,7.4253,48.524,-54.954,-39.792,-19.31,37.944,-7.8996,23.349,-2.5859,8
141.56,157.14,-314.86,-236.57,67.557,-91.697,-91.553,-178.6,-24.095,-41.021,123.59,51.255,-80.403,-5.5419,-8.7528,-37.875,51.319,-17.47,-30.357,31.241,26.676,-5.667,-43.873,-59.31,47.876,-9.0297,40.603,21.806,8
-23.378,75.546,-146.55,-378.73,190.5,-162.23,-54.13,-39.857,-60.57,-125.78,122.58,87.989,-44.419,-56.204,-3.9221,-129.73,-19.265,-52.35,-13.346,41.399,-1.177,-7.6035,21.482,11.219,74.197,33.677,0.94602,19.497,8
126.98,201.43,-275.5,-220.91,210.1,21.817,-26.251,-175.4,3.2037,-43.897,80.068,36.64,-148.67,64.764,-7.8075,-39.394,33.812,-40.119,-57.761,20.746,12.142,-45.18,-38.304,-13.475,39.859,-2.2739,13.024,-14.333,8
96.095,128.88,-251.79,-289.74,136.59,-194.38,-26.023,-214.17,-18.568,21.043,96.362,42.901,-80.574,19.065,-3.2882,-51.945,34.859,-119.66,-33.957,-18.76,-41.377,33.793,-44.115,-60.029,-13.267,-8.4759,29.343,47.214,8
-185.86,124.71,76.414,-70.075,-62.431,142.82,-29.17,138.45,39.58,127.53,14.54,69.686,-20.624,56.29,-78.256,-29.797,69.604,23.505,57.357,-16.001,-98.793,-8.5901,53.284,24.826,-31.207,-14.489,-9.7519,29.04,9
-82.428,214.31,59.127,47.062,-169.88,192.95,-13.241,0.37864,58.739,63.821,-19.886,155.42,-44.772,80.112,-33.234,-90.943,29.294,47.965,66.665,-49.722,-7.7445,33.464,20.702,0.87146,-5.0124,-2.022,34.637,40.515,9
-144.17,125.92,79.087,-134.15,-66.041,180.33,-48.948,102.17,-1.527,68.465,35.248,41.549,-69.003,72.081,-75.19,-67.749,40.479,56.494,36.909,-66.75,-71.852,9.7198,37.211,68.162,16.462,-31.03,45.837,5.3115,9
-151.27,103.67,66.614,-56.34,-81.817,187.54,-20.2,128.58,40.217,128.46,-4.5506,75.438,-54.383,66.434,-79.433,-60.836,51.954,5.4852,63.31,-40.793,-82.521,24.68,62.958,31.599,-15.5,-23.468,6.5111,21.381,9
-116.67,183.16,30.724,-70.708,-97.839,148.72,35.448,-10.02,37.105,116.78,77.746,35.37,31.392,-3.9634,-102.38,-75.77,27.045,99.429,-10.424,-60.757,-1.2955,-21.522,37.094,32.398,19.616,-24.342,17.281,53.177,9
-157.83,228.43,69.878,58.331,-169.55,171.55,-9.6407,54.923,56.832,118.84,43.206,112.06,-19.286,58.276,-64.828,-44.112,41.773,41.251,51.36,-36.571,-50.418,2.023,46.605,-7.7334,-33.066,-16.898,-1.8315,36.023,9
-125.34,169.37,75.835,-165.99,46.635,84.707,134.46,-61.106,116.75,140.32,-39.606,22.144,43.112,30.313,-13.832,-69.194,25.09,67.073,-37.59,2.1252,-9.3676,-5.3062,67.81,-5.8727,42.763,-1.6318,4.0992,38.613,9
-119.62,150.27,122.53,-204.88,55.133,85.199,117.92,-82.931,106.04,107.35,-70.129,47.367,21.505,37.864,27.332,-76.383,6.5325,54.95,-8.3487,-19.753,-39.803,5.4218,43.392,-44.2,23.825,-20.683,24.582,14.555,9
-95.295,223.78,56.047,-137.14,-33.628,106.98,60.009,-57.737,19.043,30.317,55.914,-33.031,37.842,24.273,-95.385,-61.837,5.4869,66.606,-42.076,-18.577,-19.398,12.612,35.131,39.586,29.596,-24.399,-15.713,38.859,9
-172.73,247.81,58.293,-69.493,-60.218,116.37,1.0204,78.826,65.882,90.267,77.596,13.575,1.1655,20.164,-95.33,-37.704,50.12,37.344,30.216,11.72,-48.076,12.566,55.884,52.119,32.91,-11.656,-30.781,34.894,9
-373.89,154.78,-3.5725,-301.96,46.672,-268.62,-5.1091,168.86,-61.514,65.933,-28.812,160.15,141.86,-17.583,4.2727,-11.242,63.612,14.5,-118.49,63.31,-54.802,-37.929,61.345,-40.716,38.887,121.56,-9.9149,34.811,10
-10.077,284.23,-237.18,-233.32,-185.48,-33.584,-44.393,-84.334,-91.743,-69.331,51.308,101.21,0.26553,13.555,-69.735,-6.2373,49.511,19.608,-44.042,-31.55,24.187,5.4481,5.4211,-41.005,32.057,8.7852e-05,-85.841,-46.381,10
-337.46,213.78,-96.489,-258.17,-50.077,-201.77,1.6973,198.13,-116.38,111.88,22.209,117.21,70.207,-26.212,-32.197,3.1015,107.79,-33.135,-13.399,16.882,-39.927,-44.738,21.765,-12.152,13.142,42.968,-8.06,17.267,10
-315.7,242.97,-117.15,-125.51,-78.384,-163.59,-22.347,186.13,-100.1,142.78,-27.829,165.93,7.9716,31.298,-26.607,73.86,85.548,-71.463,43.534,-19.755,-38.088,28.856,30.81,20.41,-52.754,-27.855,11.394,-80.475,10
-286.31,229.32,-90.117,-98.009,-49.467,-107.42,-21.847,149.04,-86.046,141.2,-50.409,153.95,37.728,60.79,-28.683,83.144,65.848,-57.69,24.418,-49.401,-30.016,71.231,55.772,57.552,-42.398,-50.158,44.46,-67.234,10
-199.67,341.31,-231.88,-229.23,29.997,-78.871,69.183,132.08,-44.397,146.12,3.5151,29.933,25.559,13.51,-31.584,-3.5007,112.4,-43.898,-33.551,30.866,37.649,-27.273,-42.978,-9.2191,62.172,14.154,-57.261,20.094,10
-288.17,444.82,-135.24,-41.421,-41.398,-235.61,13.322,181.78,-28.892,99.875,21.67,147.4,-49.451,-8.4802,-54.318,67.539,104.45,-60.84,-11.104,76.08,-34.751,17.12,-7.2948,8.3374,-31.207,0.80497,-48.762,-13.214,10
-326.47,377.22,-121.91,-6.992,-122.15,-267.89,-24.879,122.19,-45.988,142.08,-8.6504,218.16,14.669,18.916,-47.8,123.89,74.11,-27.464,-31.751,8.908,-24.758,18.751,18.703,21.32,-92.481,-12.66,-20.092,-73.174,10
-307.39,336.91,-187.12,-190.02,-26.149,-225.87,-10.768,165.33,-35.323,152.1,17.487,120.59,66.944,-12.562,-37.994,41.757,125.19,-60.359,-31.061,33.007,16.145,-38.758,-15.982,-6.789,2.087,43.641,-42.807,33.345,10
-269.33,208.74,-130.94,-284.53,129.77,-157.38,24.339,54.852,70.556,128.6,-113.5,126.91,82.09,28.589,93.255,-26.937,31.513,47.092,-9.9519,10.455,75.296,68.429,46.535,-68.622,30.919,19.352,-93.968,-38.574,10
-151.6,-103.06,-263.06,-245.81,-36.073,20.422,-42.431,-88.758,129.44,-123.41,-14.6,-77.869,49.808,71.632,-31.436,57.946,-4.5838,90.42,33.605,-16.537,-49.63,80.415,-20.051,45.426,18.497,-4.2431,4.858,-36.47,11
-208.36,-99.969,-225.38,-266.68,-68,49.853,-104.47,-40.773,110.99,-110.42,-12.599,-95.292,75.648,68.832,15.4,93.849,-39.519,51.437,-11.291,-35.801,-53.48,82.531,9.6283,32.661,13.515,-5.8065,-3.3923,4.6399,11
-114.79,-156.99,-200.28,-297.88,137.93,-40.258,162.83,-154.86,73.975,-48.696,-11.066,-36.526,-15.063,9.9919,59.364,35.378,-6.4818,40.668,37.517,-18.315,-22.18,74.306,-39.503,56.273,-38.179,23.29,34.03,-82.174,11
-42.236,-151.65,-262.21,-253.08,14.473,4.5745,1.8065,-144.12,107.72,-69.695,-11.939,-57.96,23.331,35.648,-50.843,51.961,1.6192,73.069,43.205,-10.744,-33.727,74.027,-22.649,72.043,-12.634,5.0071,28.926,-54.406,11
115.51,-246.35,-221.43,-145.16,-14.742,-122.82,-123.35,-47.577,156.28,0.43278,-11.03,-57.108,6.5221,-31.21,-74.784,-35.192,17.088,105.01,70.623,-45.693,9.0133,14.039,-55.227,51.093,21.925,29.324,33.062,-58.403,11
97.374,-225.37,-222.72,-116.79,-34.13,-147.53,-132.91,-5.3346,197.53,10.435,-10.438,-36.139,-7.7111,-27.941,-73.289,-71.835,26.081,114.62,72.881,-59.342,0.81678,6.3391,-68.914,23.432,13.846,48.028,27.696,-46.317,11
-176.46,-86.413,-229.13,-323.21,27.826,-0.76767,56.737,-117.51,78.01,-80.927,-17.813,-99.287,40.034,58.44,30.665,50.566,-20.341,40.564,-2.4959,-21.58,-37.379,102.75,-9.6486,57.557,-12.197,17.763,19.342,-34.883,11
-125.6,-110.34,-281.53,-202.68,-101.66,80.319,-175.18,12.631,141.84,-115.34,-18.832,-57.006,48.899,45.237,5.5113,50.787,-44.376,81.165,-19.645,-30.136,-28.255,52.885,-28.093,6.3959,29.393,51.123,-40.731,7.1366,11
-71.015,-121.23,-269.31,-101.72,-118.47,109.19,-216.65,95.115,158.8,-108.32,-13.95,-2.0435,34.835,47.247,51.753,22.089,-43.008,44.317,-36.093,-14.479,-8.5993,53.048,-82.571,-56.291,10.276,38.479,-73.969,35.915,11
-9.3446,-188.47,-254.26,-211.84,-54.287,57.794,-177.05,-43.302,144.73,-55.239,-11.581,-59.002,65.206,18.448,-46.271,27.274,-38.581,88.424,-16.395,-22.712,-40.987,75.659,-32.683,24.278,15.189,-4.6678,-6.6184,-15.354,11
345.41,156.79,-88.813,-56.327,-38.707,17.085,113.27,2.6223,-113.03,5.5748,70.516,-31.756,-18.816,-61.895,-62.437,49.005,17.051,32.91,7.947,-22.82,106.36,47.866,-39.742,-47.528,-26.702,-2.6861,1.6795,-17.432,12
207.31,198.45,-31.446,-122.97,-129.82,-0.48558,97.673,83.774,-85.943,25.119,67.239,-5.8995,-6.173,-72.116,-29.174,45.322,4.7295,90.96,36.981,-39.888,95.162,52.098,-79.06,-17.649,5.7006,-51.933,7.1626,-4.095,12
211.7,25.201,72.206,-123.39,-101.97,19.621,200.32,123.65,-177.21,4.0842,38.812,-70.434,-69.011,-73.482,-59.049,-18.5,20.106,68.248,11.648,8.5373,63.33,-0.052645,-104.78,-42.243,9.4828,-13.704,12.49,-0.88323,12
224.29,-18.5,115.14,-157.22,-50.344,-24.562,238.74,38.193,-127.76,25.401,-11.494,-105.7,-28.406,-62.385,-34.408,-4.0186,3.3832,26.536,-17.697,-22.716,92.778,13.607,-99.567,-38.171,-33.583,58.665,-29.99,24.558,12
172.9,-10.298,96.468,-213.97,-75.864,41.79,70.759,137.53,-169.96,15.203,38.711,-65.992,17.998,-88.848,-55.929,24.297,25.405,23.188,4.3429,-32.278,13.339,-5.7601,-132.88,7.4768,0.98591,8.1482,6.5369,4.1328,12
166.38,68.125,71.154,-120.18,-95.209,6.1111,170.11,209.08,-151.54,74.584,42.791,-40.113,-65.487,-78.104,-43.369,-10.782,52.246,82.793,24.465,22.036,-0.014038,20.992,-105.28,-25.393,14.056,-26.514,20.122,6.0381,12
293.27,146.37,-19.168,13.437,-152.11,-8.8694,165.39,-51.98,-35.42,11.626,89.313,-50.081,-59.103,-45.786,-53.779,-2.2245,9.5034,106.02,3.2995,-17.311,148.03,9.3788,4.7265,-47.821,-55.639,11.025,-37.974,-37.156,12
183.42,37.555,97.217,-140,-165.24,25.118,120.56,138.41,-197.94,-25.462,28.946,-54.512,-48.713,-84.799,-41.573,-2.4621,14.236,86.03,36.484,-19.936,43.421,8.2104,-103.1,-32.425,3.7402,-30.671,30.614,-12.8,12
293.36,169.45,-71.235,-110.66,26.973,103.33,64.147,87.184,-77.01,13.578,71.628,-1.4602,-21.903,-32.72,-27.794,78.469,15.459,-7.3911,-8.6417,-17.852,89.224,55.553,-55.968,-0.6205,-7.3772,-57.783,-1.538,-17.535,12
201.99,205.65,-38.012,-160.18,-65.418,-4.4835,89.452,86.541,-65.769,32.3,67.031,11.284,20.836,-60.178,-19.78,62.519,44.163,77.323,-2.9616,-46.134,92.844,55.069,-54.524,-4.3489,16.722,-53.007,1.0892,-6.0371,12
371.6,-92.056,228.65,-63.552,11.418,-32.553,-24.336,2.8792,-145.58,59.838,-73.53,-140.99,-2.3596,40.908,-29.162,-8.6414,23.1,9.3305,-39.225,4.0784,11.933,-4.5656,8.5257,47.907,3.283,32.95,13.211,-1.4184,13
372.64,27.06,154.04,-21.522,-51.544,-69.721,-46.729,-52.408,-99.614,36.484,-51.448,-81.524,23.852,-8.5622,-6.8669,-7.0493,41.624,-21.773,-39.605,0.66707,-0.69868,-1.1079,29.733,66.003,20.43,-1.5009,15.614,-28.908,13
372.24,-112.21,260.85,-71,23.556,-14.786,-62.622,48.023,-157.21,43.078,-71.488,-132.05,6.4054,16.189,-4.0667,-16.037,21.899,13.371,-65.924,8.3468,-5.6245,7.4317,30.592,62.36,-10.817,10.044,7.3738,30.565,13
406.12,-43.84,242.92,-27.383,95.931,-166.44,17.064,-147.86,-67.199,-12.217,-47.407,-61.439,-81.333,70.536,23.363,82.614,21.093,24.486,13.323,23.006,-8.1143,-20.939,24.877,86.323,-18.655,-5.3396,18.123,62.951,13
371.77,-60.992,246.94,-15.284,44.472,-145.45,55.73,-145.19,-86.962,-0.32598,-40.103,-97.755,-84.275,55.581,32.145,44.469,-7.0935,25.241,31.225,27.843,32.595,-24.287,10.324,74.803,0.25161,20.286,30.406,37.755,13
384.78,23.975,152.16,-6.3408,-49.787,-74.542,-58.26,-45.999,-101.99,22.599,-39.034,-73.861,15.86,-4.3731,-3.4247,10.584,46.148,-6.0818,-51.411,4.7775,13.805,-3.2972,46.813,78.363,22.502,1.9987,20.301,-24.092,13
381.01,43.679,169.65,53.925,-68.056,-10.878,-111.85,10.817,-30.414,11.966,-33.652,22.858,-25.034,49.991,46.051,11.98,49.574,4.1656,-55.364,-15.306,80.209,30.93,1.0084,91.777,41.13,-13.356,-2.5284,-16.416,13
419.86,48.148,168.07,0.72342,9.696,-59.587,-14.271,-55.648,-67.544,93.799,-98.677,-86.729,-6.9113,4.1518,-14.192,-28.753,37.69,-79.626,49.112,46.788,2.8041,15.927,31.019,-30.807,-21.389,27.468,-30.775,-74.415,13
412.22,39.218,157.48,-12.292,-2.7528,-58.787,-3.788,-57.814,-65.674,92.927,-87.873,-97.163,-5.4445,2.4345,-28.9,-22.19,31.817,-76.278,32.271,45.915,7.6786,13.386,35.949,-24.062,-17.44,31.508,-25.045,-75.08,13
364,77.261,117.56,35.511,-103.43,-13.036,-79.009,14.979,-78.41,27.206,-35.242,-36.269,-18.17,7.0224,-31.554,-8.0277,48.138,-8.8379,-20.155,-7.5517,62.653,17.432,0.92663,47.89,20.67,-11.963,29.001,-86.761,13
262.31,-454.41,95.232,-33.791,-133.7,-156.8,-60.336,85.501,151.44,137.11,102.44,-47.008,-25.044,48.088,28.628,22.873,-28.196,52.956,-25.063,27.025,-14.141,-36.436,20.051,-4.4991,-16.861,-67.216,-78.03,7.1676,14
35.937,-400.96,-37.072,-112.67,-291.68,-47.75,-80.113,-8.0616,149.46,136.21,53.822,33.434,43.214,32.149,0.82607,-44.538,4.2826,6.8004,-6.3086,47.391,-18.503,-27.396,-90.373,-60.853,-83.524,22.115,-5.6342,18.05,14
234.35,-434.36,79.278,-13.608,-149.68,-115.43,-77.496,129.58,151.61,146.91,77.475,-45.423,-3.9678,30.31,43.429,-67.116,-39.539,38.245,-53.003,41.107,-17.248,-59.892,-5.1899,-54.908,-52.095,-23.918,-68.709,10.744,14
250.88,-435.92,83.327,-9.5721,-137.08,-102.19,-67.786,142.08,152.85,138.58,68.167,-39.753,-13.011,24.217,45.529,-65.221,-50.196,34.451,-55.938,25.959,-17.928,-62.577,0.11919,-55.597,-52.103,-8.0269,-55.416,22.899,14
240.06,-445.2,88.297,-79.348,-100.64,-151.06,-16.626,86.026,164.33,146.73,73.749,-10.949,-87.909,29.876,50.348,80.953,-24.49,34.776,-6.1023,-18.038,-19.541,-26.469,29.235,-2.6491,-19.682,-64.626,-40.868,8.8847,14
215.12,-503.29,162.55,-61.103,-97.098,-109.85,-18.764,51.333,159.25,151.05,151.74,-4.2077,-39.41,36.5,59.503,92.232,4.8121,27.946,-1.6492,-14.507,-21.538,-24.725,37.974,-8.4627,-13.643,-88.448,-54.314,22.658,14
143.92,-355.78,-115.22,-109.17,-184.35,2.7629,-55.731,51.905,134.15,48.24,22.921,19.746,-16.44,13.732,38.245,-53.3,-6.3188,36.584,-29.568,23.426,49.478,-67.626,-8.6341,-19.666,-19.228,24.826,-53.84,-22.219,14
149.03,-414.74,-33.288,-180.36,-139.26,-111.41,3.7798,-51.128,92.34,79.964,69.105,-8.4092,-22.232,23.925,34.151,73.823,9.3542,10.257,37.658,-1.7866,28.523,-12.689,28.51,21.749,5.4275,-64.79,-22.071,-35.052,14
128.5,-391.53,-56.882,-200.29,-74.155,-82.465,53.589,-52.159,113.84,69.467,55.003,22.332,-62.149,37.256,45.435,106.8,23.583,15.094,23.564,-20.404,14.439,-28.603,59.452,13.107,-13.91,-61.731,-40.027,-51.223,14
-10.623,-316.22,-133.46,-212.4,-245.15,13.623,-45.836,-10.093,114.36,34.037,48.419,14.315,2.0123,23.1,51.401,-34.6,10.62,34.861,-8.3923,22.665,26.026,-78.781,-58.084,-47.968,-35.971,38.874,-48.257,-19.525,14
10.597,-111.54,-161.84,124.76,75.499,1.9264,-20.035,68.941,87.996,-55.55,18.688,73.291,6.5896,74.286,12.518,-42.483,-31.025,68.746,-32.507,31.509,33.179,80.404,34.927,-32.028,11.435,-29.383,47.637,43.421,15
-75.958,20.323,178.12,-39.625,100.57,0.20485,16,-53.741,-17.215,-88.026,112.32,14.251,5.2548,29.259,-33.014,-11.349,-73.737,-20.699,25.94,2.5942,34.078,23.739,93.611,3.9878,-41.453,41.086,-47.759,-30.873,15
-66.791,47.624,167.42,-16.866,90.936,-43.817,37.327,-78.198,-13.649,-79.981,98.31,16.111,46.499,41.455,-30.517,25.088,-93.295,-26.943,18.89,3.2367,11.738,29.141,80.748,14.434,-43.765,21.88,-41.402,-67.129,15
-8.4942,-119.57,-178.36,94.289,70.975,-0.042191,-15.167,56.939,81.101,-52.095,35.136,69.748,9.5769,84.892,4.4773,-12.556,-39.453,54.278,-46.169,22.926,28.819,71.92,47.57,-32.735,5.3271,-21.317,45.495,34.712,15
-44.864,-98.414,-166.55,101.84,80.259,43.106,-27.201,60.102,82.904,-49.706,12.683,73.106,7.257,68.363,24.927,-35.56,-19.355,41.66,-42.602,31.911,24.665,71.409,57.103,-41.806,-2.7097,-35.19,55.003,63.081,15
-70.624,2.5028,149.64,-43.093,110.27,-6.3061,42.898,-74.996,-20.307,-67.278,78.495,30.992,25.615,53.608,-38.489,31.228,-76.33,-40.212,12.959,-12.188,18.757,35.2,81.677,9.0323,-70.496,38.615,-52.351,-47.583,15
51.974,-139.5,-148.2,106.95,95.9,-31.727,-15.783,66.614,85.361,-48.032,17.943,51.35,12.79,74.558,-19.003,-4.4057,-41.311,80.222,-22.834,19.423,14.809,81.022,14.751,-31.243,23.535,-37.947,48.12,25.032,15
-32.171,-22.584,154.79,-74.774,102.09,-5.5053,-21.892,-91.29,-34.922,-98.188,97.713,41.798,20.643,39.434,-23.308,11.91,-47.624,-19.462,3.5109,-20.874,-7.5386,32.304,99.627,16.092,-32.691,22.501,-34.208,-9.1496,15
-84.266,-114.19,-143.78,100.91,81.869,55.555,15.682,-6.5254,10.448,-96.163,121.52,36.116,26.481,90.82,11.01,12.333,-39.752,-10.991,-46.575,20.909,53.451,20.204,71.966,-21.986,-57.305,-2.6233,26.568,33.755,15
-28.241,-54.363,137.16,-25.677,55.914,-14.461,-24.242,-117.56,-10.447,-66.795,120.9,58.357,30.073,54.095,-21.986,29.085,-54.956,-25.601,23.448,-9.8388,7.1279,36.122,100.87,-8.0503,-30.992,33.829,-12.399,-15.162,15
49.007,-248.73,-234.9,157.17,-83.861,-42.332,-122.88,-10.712,-26.435,24.988,-78.416,-11.486,94.507,-59.774,-124.57,-34.587,-75.262,-10.043,16.721,27.838,-74.239,9.1837,15.819,-111.2,35.289,-63.282,24.568,-60.228,16
12.847,117.79,-240.92,15.961,10.919,106.86,-104.28,-30.984,-84.664,137.36,39.619,2.9657,110.91,-44.535,-29.25,-14.195,-40.506,11.104,43.141,-39.101,1.9998,5.4129,-13.21,-54.767,-50.948,12.022,-5.2519,-2.6681,16
118.99,50.447,-244.13,115.49,-17.602,18.247,-161.48,-76.306,-89.64,94.47,-9.4924,16.639,115.25,-51.457,2.714,-66.814,-38.94,13.717,62.397,-40.237,-19.947,6.4189,-4.7535,-100.89,-23.692,-20.785,2.6914,-24.579,16
171.7,41.894,-197.97,85.054,30.146,33.229,-143.91,-35.995,-113.11,139.23,45.318,-38.193,139.59,-20.398,-5.7434,-53.834,-57.924,-10.905,34.062,-49.586,12.343,4.9278,4.1636,-62.825,-40.647,-32.225,0.85669,-15.661,16
543.5,-72.448,-73.572,192.81,-116.1,-65.638,-212.63,8.2076,21.7,-16.598,35.996,-35.461,96.049,9.3207,-15.425,-167.9,-66.783,-52.379,3.7679,32.011,-36.785,-37.114,45.218,-76.217,31.083,-39.438,-41,-77.428,16
506.24,-61.312,-90.178,198.12,-142.99,-72.597,-214.85,-7.7931,24.602,9.2815,31.112,-10.162,96.573,-17.472,-20.823,-169.81,-51.047,-45.518,6.4686,37.146,-35.073,-30.622,17.383,-87.613,18.341,-10.597,-33.923,-71.785,16
88.854,-154.52,-210.64,249.08,4.4944,6.3145,-91.052,27.46,-4.0544,-41,-33.248,-29.881,26.994,-47.49,-138.5,-120.57,-44.207,-25.064,34.124,2.7663,-18.483,-15.691,52.563,-31.691,22.664,34.384,13.312,-87.121,16
149.87,90.953,-217.83,172.09,68.107,74.623,-230.26,21.466,-82,98.501,-109.1,69.591,40.902,59.595,62.821,-103.4,40.388,-41.121,3.48,-38.226,21.496,84.39,-102.76,9.9294,11.369,-34.083,18.827,-24.326,16
170.02,-22.569,-130.67,13.707,160.16,27.222,-113.98,-138.81,-40.85,189.52,-118.43,-12.774,45.503,42.058,33.507,31.336,8.5975,-85.259,50.247,-68.811,4.958,1.6545,-27.766,4.9655,-42.236,-74.334,-2.542,47.078,16
183.87,-9.2562,-159.89,109.46,91.432,-99.326,-233.02,-55.605,-31.688,122.9,-103.29,-29.865,87.241,-4.9156,-45.745,-34.379,27.136,6.225,48.281,-29.727,10.502,31.601,-21.404,29.767,8.7768,-79.849,-31.005,-17.837,16
139.87,15.701,-165.43,152.38,-182.95,175.65,39.785,-1.4253,8.4492,-10.871,-18.159,50.633,-90.947,54.652,-52.831,-25.083,-69.162,-64.842,-63.402,13.656,19.99,47.057,-3.7353,17.836,-7.1318,-72.785,39.691,-32.848,17
-129.76,260.16,-182.85,178.05,37.07,-19.204,208.1,-96.391,145.92,104.96,-89.925,-47.97,-84.689,54.117,69.395,-40.827,-56.293,66.335,-44.523,-9.3852,9.9508,-9.8399,37.791,-56.443,-13.923,51.107,47.781,0.1218,17
62.929,138.06,-166.9,180.96,-186.07,191.67,63.175,47.126,-8.8896,28.753,-35.721,46.524,-104.37,14.956,-34.752,-28.898,-43.416,-73.511,-41.68,-1.3281,-27.192,96.693,1.938,27.925,-6.2363,-42.09,63.434,-34.708,17
-55.681,107.56,-144.14,-95.857,-43.664,135.99,67.706,134.02,22.416,-13.773,8.4075,-49.492,-44.865,-49.628,-28.809,-42.552,-36.578,-74.327,34.985,-0.66465,-24.92,-14.276,44.055,2.6313,38.177,6.8403,39.041,11.721,17
-99.656,121.8,-135.19,-107.42,-26.31,106.94,69.852,149.1,37.762,-4.938,6.831,-65.737,-45.645,-38.43,-27.654,-35.863,-32.936,-67.05,29.738,-1.6719,-27.952,-22.046,36.029,7.0024,39.538,7.2172,39.785,17.28,17
111.24,66.979,-179.26,170.64,-216.05,169.23,20.625,20.151,-26.19,15.319,-28.437,49.551,-90.729,23.623,-36.665,-41.714,-61.631,-65.102,-49.468,0.63866,-17.975,59.138,-17.294,4.6381,0.82249,-57.653,49.013,-27.967,17
-185.29,247.86,-192.36,120.24,-0.37579,-60.916,174.75,-16.945,102.02,124.31,-56.657,-63.172,-54.913,44.487,21.409,-37.995,-64.109,31.321,-87.869,18.69,-7.1906,-7.7988,11.802,-48.056,42.566,47.278,34.227,77.913,17
-90.201,258.7,-192.21,204.97,-14.516,20.626,230.15,-90.266,128.6,114.42,-59.903,-53.532,-68.809,15.925,12.21,-44.661,-34.599,40.217,-52.796,17.538,6.8318,-23.59,35.35,-39.04,-7.5637,81.84,35.447,23.733,17
-146.08,279.86,-215.07,149.49,-39.794,4.1199,158.23,55.909,67.777,87.206,-20.275,-54.566,-70.559,-9.129,-58.868,-30.972,2.5409,-13.259,-27.79,20.139,-48.363,-15.91,28.811,-1.0694,14.743,28.751,32.881,46.177,17
-118.8,264.5,-183.95,172.06,35.246,48.468,210.8,6.3666,126.03,105.55,-59.156,-81.639,-76.355,30.641,-28.181,-24.426,-30.319,7.7688,-64.841,34.035,4.6481,-47.043,30.078,-21.299,6.1898,65.863,38.276,26.239,17
344.57,224.76,88.734,164.22,-76.429,38.891,-150.51,10.784,-2.3938,-74.118,-75.376,108.21,-44.137,33.437,80.595,38.759,13.452,-8.1508,-1.6762,-50.128,13.72,-29.954,-50.15,-25.443,61.485,36.93,-69.664,33.423,18
307.13,270.67,104.56,-14.46,53.605,-7.3314,28.731,-45.067,-91.752,-26.253,43.701,-12.266,79.223,-11.345,8.0489,16.298,18.895,22.192,-80.848,-66.717,13.528,63.625,15.494,-38.349,-64.004,-25.175,-66.053,54.508,18
319.56,164.11,152.28,135.53,-38.917,57.442,-115.98,33.775,-80.571,-123.17,-62.213,73.384,-62.838,38.646,64.414,25.065,48.195,21.961,-2.5337,-58.921,11.026,-33.82,0.70504,-35.902,44.538,8.5913,-19.834,18.547,18
336.16,124.7,193.78,-45.381,106.33,19.915,29.223,-92.357,-77.659,-83.071,-42.944,-5.9901,54.503,51.31,8.4792,16.614,-21.714,-31.171,-72.2,-51.427,-53.209,46.011,-18.375,-50.32,-73.465,-26.039,-46.923,10.295,18
350.29,96.603,153.37,126.48,-48.866,58.818,-111.32,8.6806,-119,-152.37,-56.524,68.433,-35.661,17.654,34.578,21.419,21.513,31.969,-7.4717,-11.99,0.21438,-55.656,21.692,-49,64.444,8.3684,-1.1777,36.148,18
323.72,155.18,153.02,49.865,37.223,40.43,-15.864,-14.196,-129.6,-134.67,23.475,-28.537,25.555,17.535,-20.158,20.443,18.932,43.076,-73.996,-76.351,56.483,0.25123,24.887,-19.649,18.797,-33.562,-42.894,25.181,18
361.41,188.29,88.547,-10.459,19.367,-16.613,-11.413,-111.2,-62.976,-101.5,21.343,2.2358,66.644,9.1705,2.5674,57.146,7.9938,9.2713,-72.844,-62.411,1.8852,21.071,33.523,-30.098,-55.956,-11.71,-46.022,17.921,18
373.98,180.74,80.464,59.026,-42.494,-19.515,-153.34,-77.002,-74.366,-86.943,5.1821,46.291,34.554,-23.413,55.505,33.629,25.403,41.916,-64.713,-59.899,32.946,-37.565,13.584,-5.8624,40.97,4.1785,-54.759,24.183,18
342.28,139.9,168.41,-15.863,104.68,39.074,13.498,-65.96,-97.804,-124.65,-9.4829,-44.421,56.06,44.48,-12.548,45.788,5.969,4.243,-110.91,-71.041,1.0099,38.554,5.2022,-26.156,-50.197,-12.485,-64.327,20.28,18
328.36,243.08,81.846,66.987,-65.656,11.07,-84.02,-25.791,-65.173,-99.802,28.754,39.473,0.68173,-1.3995,40.56,37.526,39.522,48.808,-51.004,-96.252,52.576,-27.876,3.7596,-20.049,37.099,-17.556,-65.646,7.029,18
291.54,-217.33,-176.66,16.949,112.43,97.56,72.292,-18.449,38.433,49.222,-59.133,-21.589,-17.52,57.183,-122.17,122.95,-19.843,-76.192,21.496,-60.634,-4.6344,3.203,-1.0546,-40.666,19.963,26.797,-10.471,-14.925,19
243.01,-238.14,-158.13,-95.371,94.741,50.051,55.675,-55.682,38.015,81.193,-55.631,-26.514,-24.883,53.578,-99.236,156.44,-8.3835,-58.55,28.65,-83.394,9.5609,-22.492,-14.524,-19.627,37.274,-11.496,-0.9979,23.862,19
325.05,-237.95,-132.37,33.385,129.74,83.489,50.397,-13.785,43.676,55.251,-62.567,-23.83,-26.577,78.087,-101.96,159.41,-25.317,-54.891,31.389,-82.707,10.474,-21.319,-15.989,-55.402,18.25,5.2153,-32.738,-19.09,19
392.52,-253.08,-96.421,87.933,159.94,35.771,16.676,31.839,62.23,48.515,-45.915,-41.297,-24.946,73.379,-114.78,129.58,-41.734,-59.492,-4.4029,-78.51,-1.967,2.5032,10.181,-84.673,34.321,-6.6405,-19.855,-25.107,19
354.58,-182.87,-210.32,66.711,194.43,-48.859,25.475,2.7604,129.31,-26.871,-21.719,28.44,-89.016,-16.113,-67.882,-11.161,-4.5216,10.736,50.876,-30.989,50.739,1.6684,23.85,-53.965,43.576,60.976,-21.489,9.9461,19
354.87,-182.46,-222.28,48.576,169.89,-84.257,4.6456,11.144,121.85,-19.766,-5.9583,15.01,-85.472,-33.115,-74.909,-37.843,-15.439,18.72,44.72,-30.888,48.553,27.269,41.551,-48.118,49.862,76.871,-14.141,24.987,19
314.3,-302.36,-75.773,-10.181,88.728,-27.383,-18.472,7.6345,62.52,109.21,-18.365,-59.18,-25.91,43.452,-108.48,132.82,-60.519,-48.143,21.353,-65.521,11.033,-0.059381,-5.1266,-77.766,53.864,-51.863,8.2616,39.698,19
310.1,-223.69,-169.6,-23.184,202.94,-115.4,-0.0030934,-23.989,92.291,55.034,-26.678,16.789,-88.975,45.249,-75.557,125.94,20.433,41.958,79.327,-73.656,29.045,-56.356,-17.329,-53.875,53.298,41.294,-51.203,34.546,19
339.58,-209.92,-172,35.855,90.345,-201.26,-31.235,34.785,104.33,43.224,15.462,-14.712,-59.444,-29.46,-68.982,-26.697,-17.813,35.873,88.376,-6.983,23.571,-13.094,20.831,-69.913,55.411,40.172,-21.787,66.366,19
143.97,-83.813,-298.51,-63.599,-85.976,-73.134,-26.671,-58.132,34.194,-56.847,41.472,44.019,-13.282,-50.36,-18.638,-101.98,18.761,83.663,79.932,23.367,7.2608,23.042,28.279,-37.849,-15.341,48.583,9.8651,48.359,19
-389.88,61.522,-6.7016,27.924,-27.554,48.987,-147.03,-10.79,-72.446,-101.36,-177.35,14.135,-2.3668,42.022,45.166,56.709,28.829,-12.119,50.78,78.494,39.751,-64.452,26.575,36.614,58.855,-37.834,-15.106,-9.0571,20
-406.63,30.64,12.399,39.552,-54.278,25.904,-139.63,7.1106,-64.354,-60.719,-166.83,-0.058584,-33.716,16.038,27.162,67.783,16.406,-29.177,49.137,86.013,-18.851,-101.2,41.906,-44.514,38.107,59.776,9.3466,-5.0636,20
-409.61,68.641,8.9042,27.461,-39.621,18.058,-147.29,-8.7677,-90.115,-115.79,-164.48,-16.482,-16.727,32.48,24.085,61.599,35.364,-0.8182,32.025,55.811,30.951,-97.131,34.635,-9.1979,54.986,7.5841,-3.3704,-4.1223,20
-368.94,18.812,-43.812,2.475,-56.54,40.886,-126.13,-62.244,-81.355,-70.68,-157,-12.455,19.234,21.327,18.847,44.567,41.963,30.61,27.696,75.491,7.6138,-90.941,52.466,0.16026,44.034,43.699,-28.282,24.129,20
-288.19,46.517,-55.684,55.098,-109.81,-71.202,-65.832,-152.75,-6.5418,-141.12,-112.74,22.245,-8.4189,63.632,-34.551,-17.441,57.419,103.05,-48.325,64.486,14.062,-57.987,-1.0615,0.066491,-65.435,23.77,-69.214,25.772,20
-105.83,164.05,-150.29,126.94,-241.59,154.08,-104.7,-172.79,-4.1405,27.435,-94.079,-14.343,37.998,34.692,0.50418,53.677,-22.641,19.109,56.62,74.719,43.861,6.5245,52.508,-26.806,22.374,54.524,-36.24,-24.758,20
-304.68,39.066,-25.087,81.156,-120.03,-88.792,-74.993,-146.72,-18.401,-128.41,-108.94,41.248,-1.7209,70.67,-27.093,-11.984,70.119,119.64,-68.351,59.675,-3.0197,-58.805,-17.094,14.893,-80.508,16.402,-40.948,30.814,20
-181.67,232.09,-92.473,82.598,-236.59,93.043,-77.809,-162.05,-33.261,12.327,-95.819,-32.697,35.111,61.996,17,76.574,-9.4158,28.136,12.171,48.637,49.376,-30.702,54.077,-42.7,11.902,39.516,15.927,-4.5941,20
-297,264.29,-34.944,86.744,-199.67,67.042,-56.543,-67.467,-27.194,24.15,-29.726,-105.43,-10.125,37.843,-23.823,104.27,-22.91,-45.741,7.6086,63.391,76.695,-19.333,55.751,-71.403,-8.3665,38.393,32.224,-38.869,20
-201.06,301.74,-65.139,120.37,-214.35,113.16,-77.55,-99.261,-15.154,34.878,-35.11,-64.524,12.799,14.701,-16.554,109.55,-23.554,-54.687,27.923,71.827,80.264,-27.839,35.196,-66.157,-17.921,58.565,4.1998,-50.232,20
-300.64,-4.776,99.686,51.708,-77.986,48.331,58.882,113.36,-43.031,-25.628,57.757,21.386,-37.765,12.709,44.295,-18.376,-8.6503,-23.972,14.89,-30.468,-54.915,8.2623,-24.911,-13.787,51.374,-40.047,-18.161,-42.801,21
-255.09,70.41,114.58,63.258,-111.07,20.367,110.65,-56.808,25.604,17.922,114.49,22.898,106.66,-13.015,37.099,18.376,-77.762,-25.247,-55.476,6.8704,12.938,-4.229,-57.696,42.826,41.612,-36.077,5.7787,-6.9425,21
-333.59,-55.745,127.75,-23.063,-19.745,-12.557,124.01,28.424,-28.248,14.479,42.219,-28.023,66.532,-2.4734,30.601,-9.4973,-74.081,4.0452,-57.763,22.822,-18.683,-10.106,-59.539,-5.482,69.412,-18.165,-9.414,-18.586,21
-354.7,-67.162,173.65,-15.031,-34.611,-45.549,75.438,51.195,-46.2,-6.9979,64.889,-22.593,95.929,-6.2904,43.099,3.49,-67.563,-0.76406,-55.48,0.32783,-9.3718,8.8083,-47.146,-25.389,45.343,20.609,-6.5514,-47.716,21
-230.26,73.519,95.392,70.429,-131.48,60.025,56.736,-9.2579,12.843,-13.047,149.68,27.549,37.013,-28.822,52.48,-2.2897,-40.656,-18.878,-9.3773,-30.259,-12.94,-8.5042,-10.325,-3.4042,45.609,-3.651,-6.3799,-23.299,21
-249.29,110.08,91.053,81.369,-128.36,24.602,32.616,31.973,12.232,9.694,126.46,52.709,0.95718,-22.382,76.969,6.46,-15.148,-27.48,5.6416,-48.456,-36.304,-4.3821,-18.362,-16.456,48.004,8.2668,-8.4764,-29.175,21
-222.89,64.33,97.023,121.11,-172.95,80.762,23.348,-15.988,22.505,6.5958,112.51,82.704,2.9163,3.4058,94.113,36.142,-13.679,-56.585,-9.196,-29.046,-19.428,-7.4001,-68.227,-46.45,20.338,4.5134,-27.273,4.08,21
-238.75,126.06,58.284,53.729,-71.026,-19.064,141.11,-18.276,30.555,73.66,70.49,12.233,76.779,-45.731,37.133,-4.8625,-57.834,-13.504,-53.783,9.7561,-21.863,-7.1044,-32.469,22.133,54.635,-46.062,-11.482,3.7798,21
-308.93,35.205,126.71,93.281,-96.953,-28.801,85.707,-57.649,-2.9586,0.34539,64.44,47.224,95.275,-8.7398,45.943,29.61,-90.93,-19.738,-56.751,3.4321,12.597,-4.2581,-86.572,40.901,32.674,-18.589,16.598,-4.5729,21
-266.56,31.833,118.8,93.7,-124.68,23.35,15.561,-21.116,0.68377,-46.402,123.13,55.567,24.99,-26.502,97.269,20.84,-43.272,-41.004,-5.5844,-13.079,-8.6392,-21.462,-19.265,-33.841,26.771,15.37,-21.987,-23.271,21
-289.99,-361.76,-17.57,-13.794,-38.803,5.5947,35.975,-27.113,-10.91,-29.906,-39.346,60.578,-33.78,12.641,-43.668,1.7488,33.523,-13.338,-32.358,27.529,21.575,-31.865,-37.839,13.526,-11.062,-21.953,-49.941,-46.186,22
-241.05,-442.25,62.486,-9.5883,-14.525,-73.714,11.958,-56.298,-4.4603,17.099,14.119,18.529,-27.21,14.64,-26.666,48.859,60.573,3.2727,-18.038,-4.2403,16.507,-25.043,-32.947,34.011,-12.212,8.2971,-32.893,-24.956,22
-238.63,-400.48,30.13,-12.233,-6.601,-15.122,48.741,-46.431,-24.782,11.558,-28.413,30.622,-22.441,1.2009,-22.239,43.527,29.616,-13.705,-19.474,-4.2237,24.254,-23.401,-31.624,43.569,-48.309,4.3423,-42.906,-28.707,22
-299.67,-313.66,-22.479,-11.848,-52.113,49.326,38.392,-29.509,-32.357,-31.46,-18.274,67.952,-26.072,8.3543,-32.639,-28.872,34.065,-11.849,-22.308,34.231,35.347,-17.555,-35.783,16.557,-2.6341,-32.137,-34.688,-39.29,22
-264.45,-368.4,-1.2831,8.017,-51.798,-80.856,19.155,34.817,10.098,11.015,-68.716,32.683,-58.35,-0.19279,-45.02,10.367,35.173,10.141,-38.704,8.5516,-1.8606,-30.576,-35.901,11.561,6.256,1.8055,-24.596,-45.556,22
-195.77,-389.34,8.5832,36.635,-14.006,-41.54,16.469,-39.877,-29.968,12.328,-29.655,50.616,-25.124,3.1103,-24.34,11.208,46.419,-19.067,-16.599,38.878,40.926,-24.511,-52.337,25.536,-23.831,-49.608,-85.104,-23.029,22
-376.28,-347.79,18.9,-49.781,-29.483,-65.957,114.16,-46.292,-18.519,-22.928,-10.232,44.464,-23.565,24.678,-0.1582,-1.0891,24.145,-7.4032,-49.105,8.2793,-18.827,-9.1534,-28.937,4.0232,-32.004,-12.644,2.8354,-37.925,22
-344.69,-301.51,-16.206,-4.2834,-89.853,14.25,26.5,-45.671,-24.535,-36.281,2.9082,77.748,-0.7244,28.257,-27.389,-51.576,33.337,-2.1369,-5.7554,48.488,10.545,-31.928,-54.145,-2.5792,-4.5235,-53.888,-29.552,-47.245,22
-307.27,-373.15,-2.4505,-26.625,-70.285,-2.9328,9.4855,-59.506,-25.305,-26.225,16.748,54.156,-2.0973,20.101,-39.912,-30.573,53.075,-9.5543,-19.34,24.569,31.937,-37.669,-40.928,8.1719,-1.6955,-14.804,-19.515,-41.518,22
-289.59,-396.71,-1.4364,-23.273,-56.365,-54.728,20.258,-30.144,-24.889,-12.882,-16.242,44.502,-28.368,3.095,-52.902,3.172,38.626,1.9543,-29.656,18.855,24.944,-27.402,-39.887,20.175,-6.9724,-8.3919,-20.082,-41.322,22
-170.24,290.44,17.261,-156.95,6.9414,-48.654,50.503,14.216,90.04,-47.629,9.0089,-105.96,32.667,-18.657,8.6873,-10.036,-0.70949,-40.229,-77.654,-19.347,-15.133,-20.863,11.342,14.462,26.003,-20.897,-49.231,-20.578,23
-135.04,258.28,-17.275,-149.86,-7.4461,-32.753,114.45,-42.818,106.16,-7.246,-38.349,-93.816,38.814,0.69792,52.523,-29.929,-29.732,-32.082,-77.144,5.7853,4.5713,-9.5363,1.0389,22.523,11.173,-35.29,-40.558,-6.5974,23
-170.29,326.03,-10.448,60.999,-124.21,18.304,-20.27,105.17,97.66,-17.789,-45.256,59.897,-73.922,-0.9704,83.768,28.522,1.2258,-95.294,59.647,-82.002,24.079,-20.346,7.4109,-22.023,-7.3439,16.466,-24.318,-6.865,23
-272.43,174.12,140.48,54.367,62.209,-97.362,-87.262,175.22,114.84,-8.159,-51.271,10.485,-91.446,-124.7,-92.528,-10.524,-6.2335,-1.0551,-29.143,-89.509,-54.683,-15.655,-10.378,5.2244,38.032,-19.825,-24.334,-16.419,23
-245.21,125.21,182.88,-57.948,150.29,-75.861,48.148,40.943,142.71,31.148,-171.67,-44.35,7.021,-83.079,76.08,-59.397,-56.035,4.1506,-88.276,-29.123,-15.485,8.2226,-23.475,-56.676,17.465,-25.018,-18.224,-42.2,23
-279.13,170.22,136.55,73.468,37.031,-99.415,-94.604,162.49,122.12,0.64677,-82.724,63.883,-109.28,-98.352,-58.905,-9.3953,-28.442,-30.022,-10.363,-123.42,-69.289,8.7651,4.0325,11.663,10.998,-5.5149,-6.058,-14.727,23
-226.55,149.11,160.74,-67.913,130.61,-65.07,65.192,20.598,140.53,13.118,-163.64,-78.715,9.2642,-64.07,67.161,-49.989,-52.835,-21.954,-73.849,-17.851,-6.4157,-4.1253,-39.92,-48.598,-8.4052,-32.345,-21.999,-39.757,23
-228.05,152.17,86.153,-25.413,121.1,-20.604,70.279,84.454,115.11,2.2829,-93.148,-122.81,-7.1162,-80.962,-11.809,-16.054,-27.534,-2.1481,-109.68,-45.372,9.3068,-44.248,-35.879,7.4518,26.039,-27.7,-33.087,-25.046,23
-207.92,317.67,20.75,83.924,-124.35,-29.769,-12.774,122.9,110.34,1.5111,-55.396,64.61,-68.6,-9.2503,47.945,14.516,0.18264,-71.34,44.3,-96.885,17.91,-26.249,15.571,-16.702,6.3892,8.4956,7.0856,-5.6277,23
-176.57,243.53,46.583,-174.85,63.717,-62.018,96.608,-16.068,135.64,28.6,-97.002,-37.397,22.165,-8.0128,133.72,-69.381,-45.74,-48.591,-37.936,1.1212,-1.5415,11.035,-5.9677,-58.827,-3.5115,-29.547,-28.756,-30.916,23
-143.45,14.544,-264.99,165.4,93.105,-46.024,17.796,-41.379,-150.73,29.315,13.789,28.136,15.694,-73.36,6.8294,4.1738,-84.336,45.938,21.443,-0.1869,-45.238,-27.965,48.021,13.932,22.7,-10.08,-3.1099,4.0877,24
-220.34,-38.604,-185.47,284.52,-141.27,-40.056,28.892,-106.72,-149.92,88.092,29.429,27.876,13.785,-0.16603,-52.169,51.916,-127.39,13.212,-19.657,9.7232,6.4247,8.8855,-30.722,22.336,8.8837,-26.923,15.263,7.0186,24
-154.19,8.8665,-249.3,195.19,53.856,-47.366,16.981,-54.618,-120.03,36.191,68.381,40.35,23.456,-92.037,27.213,5.5125,-97.726,49.475,20.952,7.1573,-31.684,-20.694,29.752,0.58404,38.331,-21.449,-4.0085,-11.955,24
-224.24,18.402,-160.07,283.82,-95.247,-83.866,121.67,-184.21,-122.22,156.16,-36.092,22.591,-3.3564,-12.649,-1.1541,39.45,-83.529,-25.015,-24.163,-10.203,-36.096,20.558,-43.445,20.034,-6.4777,-4.0785,5.0683,57.982,24
-91.618,-33.271,-200.65,340.3,-141.98,-90.995,36.761,-135.99,-89.125,70.352,-69.225,43.382,-52.343,-45.342,-67.829,16.114,-44.65,59.353,-18.959,-15.223,-64.379,67.623,29.235,31.428,4.9594,-27.565,-7.7546,-10.071,24
-132.04,-149.33,-213.91,-4.4061,131.25,-91.077,-70.447,-26.521,-108.84,-31.553,12,52.409,68.23,-91.367,69.019,-37.371,-80.796,65.061,101.03,51.016,-36.006,-66.126,69.611,-7.0051,25.709,-0.55211,-18.317,-8.8774,24
-188.31,-4.1547,-220.61,198.38,103.07,-20.334,20.229,-88.867,-94.217,67.871,94.264,36.433,76.053,-40.156,-1.8009,38.639,-113.09,14.338,12.692,3.2679,-16.378,-26.584,5.9332,26.846,22.773,-48.82,-3.2252,8.4128,24
-72.375,-17.533,-248.04,200.37,117.12,-81.791,15.984,-97.746,-110.56,62.69,-5.4983,38.782,20.449,-73.252,-1.2586,26.653,-69.459,43.204,32.097,-3.5028,-79.03,-15.488,50.513,20.866,15.635,-25.208,-8.5056,7.585,24
-241.4,22.62,-197.14,180.96,160.15,8.9299,26.863,-16.116,-70.204,112.99,103.13,20.48,61.601,-34.491,-3.5865,31.459,-98.861,12.468,-5.0835,9.0157,-9.219,-46.164,-0.82404,18.082,24.245,-53.259,6.0736,17.511,24
-239,-2.0253,-195.09,339.72,-171,-21.148,66.852,-73.724,-164.74,65.562,-11.584,31.174,-23.905,-37.099,-49.887,6.209,-97.719,22.967,-28.313,-6.73,-27.878,17.78,-0.10037,8.6038,18.138,-8.9384,16.044,-11.094,24
75.665,150.26,131.16,-108.56,-4.0654,215.08,-72.861,6.182,33.719,-23.854,29.634,-30.887,33.142,-75.995,-0.81229,-21.227,-22.473,18.524,12.893,-27.381,-75.889,-39.561,8.7776,4.8929,20.708,9.3119,-0.66756,2.1181,25
123.21,139.35,78.206,-74.853,-20.3,244.03,-135.27,27.351,13.369,22.266,16.91,10.766,2.0016,-87.599,22.522,-28.984,-15.743,-19.663,13.512,-66.722,-66.063,-12.85,-5.2205,11.924,-8.645,10.161,-7.2268,-40.56,25
118.77,78.852,113.95,-48.17,22.183,212.33,-169.33,25.908,5.0811,-16.289,-65.063,45.806,-15.055,-51.746,86.141,0.61134,-21.559,-55.665,2.3798,-74.955,-87.193,47.205,-16.633,2.7609,-33.356,10.577,-9.4676,-22.366,25
132.36,159.94,85.488,-72.198,-24.662,220.88,-68.254,6.0257,19.108,32.685,5.4423,-8.3742,12.63,-82.321,-32.492,-61.87,-10.383,24.61,14.244,-38.692,-16.5,-24.386,-4.7961,30.864,11.029,5.3478,-15.545,-14.886,25
160.75,-101.21,225.29,-137.14,146.8,95.454,23.446,-111.36,-11.996,24.981,-88.885,5.3344,17.908,-53.093,19.117,-90.107,25.664,3.6871,-19.619,-69.44,-34.022,-32.986,-16.225,-8.9756,-50.703,7.6942,79.132,-23.135,25
193.27,-119.06,235.78,-123.01,166.25,79.826,75.392,-64.271,9.188,63.922,-144.83,-3.1318,-8.8758,-31.42,31.631,-91.081,41.202,45.193,58.209,-86.048,72.668,-65.138,-4.2679,-14.707,-53.432,-1.1747,47.781,-2.677,25
142.84,48.127,128.16,-107.95,51.765,220.21,-101.11,23.911,-36.369,-46.397,-9.5243,-12.257,0.30284,-113.46,-24.997,-77.709,2.2713,4.3757,20.212,-25.424,-49.228,-36.549,-5.652,10.287,-14.322,23.648,-0.25497,-19.048,25
157.89,105.72,83.89,-110.39,30.104,227.72,-46.897,-33.139,20.571,26.116,1.9383,-40.297,39.943,-89.211,-45.082,-58.723,-10.662,-12.727,-12.369,-34.371,-20.239,-29.016,-7.2023,2.368,-11.735,24.412,-26.805,-18.793,25
204.23,4.2081,144.63,-118.5,94.696,48.067,90.721,-146.36,62.304,91.461,-75.224,6.5369,-6.929,-42.982,86.297,-128.48,14.871,46.962,23.295,-55.322,79.101,-48.224,17.69,-27.414,-37.755,-37.883,80.374,-1.8981,25
153.22,-12.357,135.2,-128.96,101.09,213.79,-57.908,0.49666,-23.487,-30.501,-22.833,-46.165,33.064,-102.18,-60.087,-66.004,16.503,-18.807,-26.926,-27.957,-51.365,-20.895,-20.672,-12.58,-44.335,56.774,-25.85,-6.6841,25
279.23,-85.891,138.71,-148.04,-113.35,53.398,94.112,89.063,27.057,-126.9,37.115,-50.117,-39.405,15.661,-63.55,60.817,-39.461,-24.944,-50.964,54.319,17.204,9.5944,41.134,-1.8055,38.155,22.917,-45.851,-16.315,26
169.76,95.356,178.36,42.465,-276.31,82.622,30.007,99.755,120.57,16.527,8.8682,83.743,-53.79,68.773,-9.3857,27.776,-90.321,-18.383,-31.599,-22.95,13.42,58.142,-3.0996,23.674,-30.304,83.502,20.686,28.418,26
276.83,13.988,179.69,-169.14,-3.1319,60.455,120.74,116.62,51.929,-10.701,-50.143,-45.499,-29.765,30.925,-17.21,67.109,-43.732,-46.331,-38.577,101.39,-53.773,34.795,-29.88,-19.71,24.703,27.487,-13.092,-45.898,26
279.94,-16.416,102.74,-125.6,-94.122,56.32,24.208,119.97,-69.598,-82.464,34.502,-14.092,-36.401,-46.945,-78.044,20.431,-18.46,-4.9225,-32.768,57.96,-2.4168,45.006,20.978,13.236,2.951,78.393,-13.969,38.34,26
214.7,-35.255,215.92,-26.783,-232.41,93.634,38.693,110,79.054,-50.599,-9.689,57.699,-59.013,102.57,-12.984,32.702,-120.89,-10.479,-5.7822,14.176,36.379,60.349,13.585,19.136,-34.372,67.359,24.31,32.547,26
180.91,-70.252,229.6,4.098,-262.44,121.77,-14.857,91.866,64.552,-6.9141,-60.967,58.895,-46.756,138.61,-12.764,36.625,-119.27,-58.314,-59.777,1.9068,-10.361,4.1613,-24.45,-29.794,-48.062,120.3,8.0103,54.648,26
259.18,39.121,96.643,-86.526,-166.84,56.613,62.668,60.976,70.126,-44.071,50.08,-24.347,19.945,-57.058,-63.301,27.21,-53.851,-57.42,-21.452,10.09,5.7547,31.954,23.182,-7.02,27.931,7.3302,-28.769,-4.6191,26
335.52,-34.159,86.256,-124.73,-76.859,-52.707,44.207,-74.178,128.19,-52.314,-21.939,29.755,15.833,-46.261,-68.141,81.574,50.515,6.1192,-52.811,-22.015,-32.597,22.615,52.041,16.801,-12.628,-9.2693,17.861,-45.613,26
181.63,95.906,170.16,32.345,-269.02,75.672,27.083,105.36,129.19,-22.75,2.7711,68.625,-63.861,75.339,12.629,19.228,-78.909,-25.194,-14.781,-3.0278,14.795,45.77,-13.155,43.953,-32.22,71.196,16.779,18.451,26
189.18,68.29,146.93,-78.512,-209.02,46.71,55.431,94.476,73.978,-20.835,72.033,-4.348,-4.9172,-34.951,-51.921,11.72,-54.507,-10.279,-10.682,-25.558,-3.0859,33.275,51.653,31.029,38.171,15.038,12.413,-3.0278,26
276.11,-239,-194.69,-75.215,96.96,93.447,-80.892,49.765,-77.564,87.6,-21.107,-51.449,72.737,39.93,-28.022,3.3072,-38.093,-117.03,-48.109,-34.457,60.293,-44.499,33.3,35.231,-15.518,2.6938,0.3883,45.739,27
189.54,-238.67,-231.79,-174.94,50.533,60.691,-97.115,-3.8034,-39.948,89.596,-27.564,-44.264,62.611,-7.3122,-15.984,24.442,-27.056,-82.778,-26.757,-51.428,47.296,-74.184,25.411,27.512,-10.09,2.5771,17.936,17.002,27
328.49,-220.98,-181.1,35.366,122.16,69.954,-116.45,89.781,-87.891,29.765,-36.447,-19.634,87.248,39.219,5.4661,-49.723,-12.336,-98.73,-75.382,2.9765,46.26,-30.691,27.448,32.539,30.728,-38.852,-0.73322,26.894,27
324.49,-213.09,-210.03,-0.59971,112.71,74.026,-83.099,75.137,-49.697,35.871,-43.185,-33.123,65.18,33.547,-9.6005,-25.938,-20.526,-105.61,-85.309,-34.386,57.132,-26.415,37.129,37.473,12.533,-17.203,-3.611,17.147,27
309.14,-212.85,-211.94,-31.068,115.15,109.41,-75.75,76.574,-84.505,60.098,-31.978,-32.451,74.034,26.095,-15.377,-23.352,-25.792,-120.88,-66.749,-22.826,71.424,-32.454,26.174,37.84,-7.9347,4.2302,11.652,44.808,27
279.72,-203.39,-226.39,-52.622,85.971,138.03,-107.39,109.33,-84.082,60.731,-17.337,-36.996,86.325,3.0319,0.51346,-37.367,-21.23,-128.38,-81.058,-16.167,53.48,-37.336,7.5963,8.2041,-33.279,6.2751,33.495,24.679,27
17.112,-67.352,-294.21,-192.69,-83.773,140.42,-57.539,71.985,-73.653,49.952,35.896,1.5566,60.336,-63.818,-8.4934,-5.4824,-15.626,-32.133,18.078,-17.022,5.267,-18.131,-56.525,-14.831,-92.395,41.343,37.845,59.513,27
-70.087,-43.933,-253.62,-248.78,65.595,214.78,24.024,40.479,19.84,41.572,-9.1117,-48.886,1.3927,64.041,-48.804,40.426,-40.774,-38.02,-21.933,-15.222,13.489,-37.634,-18.783,77.704,-35.773,42.936,13.692,10.533,27
25.809,-85.343,-295.26,-215.72,-12.131,164.96,-44.662,33.13,-71.94,48.503,13.621,-0.46311,54.251,-38.377,-36.93,-2.9616,-32.622,-44.938,4.1088,-15.78,15.126,-41.676,-27.597,21.187,-63.774,48.12,42.365,52.729,27
95.199,-127.15,-282.04,-181.9,-12.174,127.57,-56.619,23.708,-89.109,73.931,6.0813,-8.5382,68.249,-44.862,-32.432,-17.063,-22.405,-61.26,3.6275,-24.665,35.447,-52.045,-22.952,26.286,-50.762,29.215,44.568,46.789,27
281.93,-242.47,189.07,-108.75,-222.14,-162.99,-70.325,-85.582,54.284,-23.954,11.215,-34.66,37.945,-94.693,-2.7966,51.428,35.997,25.409,-25.485,-19.359,30.228,32.486,59.891,23.369,79.844,-25.462,53.89,0.82023,28
313.69,-265.02,178.84,-160.16,-100.37,-119.2,-63.963,-7.3133,23.305,33.707,-40.747,-33.725,-62.568,-53.054,39.613,105.58,33.599,-49.631,-28.266,25.826,-73.257,6.0156,6.4746,-92.54,59.769,6.0131,50.057,-0.47577,28
179.92,-229.49,-126.68,41.187,-80.908,5.64,34.683,69.037,156.99,-106.86,-66.228,53.86,-59.566,-91.305,-18.905,-59.151,-10.508,-9.5801,-35.208,2.5662,26.345,-24.701,-6.5415,36.012,20.868,-38.072,48.119,-25.718,28
228.07,-242.26,197.94,-168.01,-204.88,-127.52,-87.723,-79.976,45.113,-6.2181,-1.8433,-1.111,9.0849,-67.561,3.5711,97.145,40.983,-11.164,-7.618,-0.49331,-38.872,40.3,4.2863,-36.019,36.364,-39.745,80.472,-23.651,28
150.7,-278.7,-35.323,-10.635,8.3496,-67.575,113.42,6.3993,197.41,-21.338,-3.1835,-14.725,-130.43,-66.7,-0.044992,122.96,12.365,13.254,25.2,-38.392,-17.896,-85.352,57.232,10.182,-0.70145,-14.522,60.274,-43.931,28
197.75,-274.66,-97.235,26.874,-58.996,-32.423,68.551,53.497,172.95,-94.011,-47.476,46.445,-79.932,-71.024,-18.851,-20.423,5.2305,5.4704,-22.342,-18.835,31.22,-47.202,10.43,36.3,23.581,-31.982,33.122,8.8559,28
232.58,-227.83,193.27,-124.45,-245.37,-126.9,-82.985,-90.837,53.17,-34.208,9.9408,-2.7006,56.328,-87.031,1.0105,33.013,39.388,26.561,-39.349,-20.433,23.132,35.427,54.38,13.797,51.124,-20.855,84.444,-14.648,28
204.38,-255.81,-98.334,7.2228,-32.117,-18.369,113.87,13.559,126.86,-110.93,-39.424,27.479,-101.32,-49.649,-5.55,5.4395,1.6562,5.837,-6.6726,-15.775,81.825,-36.97,45.973,61.969,5.6573,-19.627,24.758,11.339,28
255.47,-139.57,142.03,58.747,-372.53,-72.306,-77.019,15.113,23.736,3.6382,-57.753,100.34,-10.074,-11.811,8.4597,-71.706,-6.2902,-19.987,-9.471,-3.3492,49.629,-18.374,-96.256,-59.501,-49.851,56.551,35.615,27.703,28
195.4,-165.99,-79.191,53.648,-102.23,88.602,88.725,69.324,54.621,-101.49,-90.486,62.146,-68.021,-66.92,69.751,-80.16,-26.707,-47.707,-48.743,-3.9411,57.307,77.97,29.452,51.212,20.123,-55.434,65.355,-45.036,28
-439.91,-113.12,131.97,-4.3499,3.867,-128.56,-6.2654,53.141,-112.84,-54.216,-114.24,-27.053,-20.743,-36.524,-78.84,-27.238,0.85444,38.379,-18.824,-58.093,32.808,45.662,-23.899,-27.852,-5.6432,80.36,2.2205,30.303,29
-388.08,-158.12,76.384,0.97147,-19.218,-129.38,-24.934,-35.085,-93.885,-92.071,-119.79,1.1991,25.064,16.817,-48.189,8.1495,-23.419,7.895,-3.6505,-46.596,-9.9482,23.517,23.15,20.063,11.209,83.242,32.86,49.301,29
-437.96,-93.019,150.48,28.329,-34.426,-126.81,-11.927,58.285,-142.26,-54.456,-105.78,26.79,-61.278,-16.049,-52.238,-23.702,22.762,27.059,8.3565,-71.756,23.953,29.624,-17.808,-18.283,-25.916,38.941,24.961,-1.8448,29
-443.99,-153.02,130.34,-9.1698,23.9,-119.67,0.025217,16.289,-109.68,-27.005,-142.94,-17.203,4.3533,-23.906,-25.106,-8.4348,-55.801,28.015,-22.555,-76.899,-2.6506,27.564,-17.227,-42.251,-8.6692,85.695,6.3957,29.349,29
-358.09,59.983,61.504,56.398,-84.341,-126.23,10.02,-18.662,-46.944,-49.728,-84.567,9.9775,14.433,-52.023,-37.243,12.273,-6.2356,4.8681,-2.0433,-82.875,59.811,20.902,8.4536,-11.284,-5.2998,64.108,37.575,5.7848,29
-278.43,37.915,55.99,-15.846,-64.7,-151.3,24.742,-108.5,-13.075,-46.9,-101.17,66.079,69.772,-25.267,27.463,20.473,11.78,-13.607,-19.346,-54.949,-29.961,69.785,44.952,33.739,-5.018,27.408,45.749,19.921,29
-237,38.441,25.749,-23.971,-68.638,-134.2,18.464,-115.43,-12.042,-58.778,-89.42,46.493,71.992,-21.129,-2.9056,25.214,35.882,-3.2175,-13.547,-54.047,-28.576,69.055,43.505,41.869,-6.3635,26.902,24.419,15.729,29
-315.81,66.384,50.842,13.131,-67.132,-132.17,32.923,-58.242,-30.166,-60.93,-89.892,2.6706,57.053,-41.038,-25.856,11.546,3.6511,6.8201,-27.082,-62.935,27.671,48.256,19.195,7.5817,-5.0418,54.64,46.222,11.513,29
-353.74,45.75,85.365,-40.544,10.18,-155.18,44.15,-72.644,-0.79559,13.591,-150.58,56.103,32.968,-63.397,56.124,-15.275,-16.733,-22.917,-12.199,-32.24,19.493,72.863,2.6434,-20.143,11.398,16.985,34.196,1.8051,29
-494.74,-219.93,155.99,-22.801,69.746,-126.09,7.2147,19.905,-69.292,13.504,-174.47,59.2,-58.93,-33.244,30.971,-7.7057,-38.545,36.256,6.2892,-26.532,25.656,30.422,-5.9017,-43.014,15.085,-13.823,4.8184,-24.215,29
-329.39,57.847,-19.969,-19.659,57.887,162.13,-56.273,12.737,-24.471,-12.688,64.684,19.971,-46.558,-15.395,42.849,15.909,-43.002,-14.891,61.286,-29.421,28.148,33.907,36.038,16.858,-21.523,-13.371,-3.7073,-38.382,30
-331.69,40.459,-18.178,-51.848,107.97,152.77,1.9162,10.681,-25.73,11.753,65.453,-29.121,-37.926,-48.818,-0.39774,4.4083,-34.014,-23.273,39.766,-6.4328,38.426,31.311,42.286,23.985,-41.797,-9.2546,-19.931,-33.066,30
-398.92,-11.243,22.305,-12.016,133.3,147.39,-21.285,50.926,-68.964,-13.092,54.158,4.217,-35.979,-42.061,2.1176,-4.3469,-44.086,15.076,66.663,-16.7,25.198,-0.29379,9.3618,0.12484,-20.641,-18.201,5.3082,-30.361,30
-384.2,77.821,36.12,-51.087,102.95,97.791,-84.929,55.095,-4.1154,4.2763,53.542,15.562,-58.852,-21.825,64.434,47.149,-32.866,-13.148,53.852,-41.144,-41.301,24.805,36.447,30.163,-45.036,-16.79,-10.831,-31.574,30
-420.24,-60.455,29.713,-10.147,187.34,110.5,102.63,10.027,-7.4147,78.296,-47.569,-27.116,18.85,-3.982,-10.333,-1.5961,-42.525,46.035,10.695,13.805,56.73,-6.9293,4.3134,-11.663,-16.329,8.461,3.7274,8.0945,30
-450.02,-84.361,99.068,-38.768,201.17,82.999,101.28,-22.746,14.156,61.835,-80.173,-5.2695,-1.483,22.317,14.122,2.2546,-41.399,41.162,38.387,5.5085,30.69,-5.9663,25.196,-30.162,-33.819,-12.283,37.573,-6.6541,30
-331.02,106.6,-27.88,-3.331,37.645,109.08,35.845,-13.333,-47.793,4.7086,41.717,0.62488,6.4805,-28.324,-21.667,8.2273,-52.623,26.053,12.169,-3.0459,77.947,-10.714,23.035,23.3,20.578,-13.696,-1.3852,-31.288,30
-475.71,17.198,59.342,41.557,168.75,69.274,46.788,58.435,-13.062,60.069,5.5926,12.245,16.988,-25.774,-23.793,3.8772,-8.7411,78.909,-26.181,40.847,49.129,-34.536,-15.997,15.888,53.955,6.0545,31.324,5.6608,30
-401.9,-45.065,16.311,33.157,141.73,155.8,64.4,0.37283,-42.899,27.566,17.006,-18.471,27.387,-22.006,-19.429,-8.6929,-51.35,38.892,6.2609,15.556,88.335,-30.142,-8.5688,14.19,16.875,10.166,1.6788,4.1545,30
-382.6,142.14,-2.7364,69.26,2.2566,56.856,51.71,23.311,-25.764,33.922,28.239,25.088,19.516,-20.873,-36.727,8.8039,-36.267,67.266,-11.957,0.51782,62.486,-36.212,-10.985,8.6839,54.809,-14.867,29.717,-19.641,30
-306.27,55.79,118.51,-13.038,-95.831,173.39,84.586,-53.885,111.42,57.379,60.106,1.4351,72.173,21.642,-8.5691,2.2299,29.801,49.01,24.963,32.722,34.843,-17.92,15.585,-2.6165,19.17,-25.169,-12.175,66.198,31
-9.7658,-266.6,40.224,209.59,233.51,146.04,135.86,18.327,35.004,-98.915,-9.6906,112.08,16.311,-82.459,10.634,-60.297,117.97,-69.952,-70.596,-24.478,28.496,28.833,32.751,5.4467,12.668,-19.952,-15.827,15.219,31
-132.8,-198.49,-24.543,169.63,228.55,246.01,194.75,13.108,32.801,-86.217,-14.437,75.518,-4.2996,-79.319,19.767,-62.876,114.65,-54.874,-19.014,12.059,34.054,61.757,18.533,14.596,-34.784,-33.473,-45.249,34.042,31
-1.9462,-272.95,32.465,216.82,238.68,147.2,157.56,6.0612,39.502,-67.04,2.8561,56.09,-1.2784,-16.498,8.4214,-50.041,127.16,-63.71,-39.033,-52.572,46.945,5.1691,47.644,-0.37031,-24.856,-1.4451,-76.075,31.199,31
-4.2819,-280.2,61.942,220.53,242.61,158.4,157.12,3.6015,17.712,-67.664,-20.135,60.724,-0.40724,-30.758,21.863,-30.323,118.38,-59.164,-19.586,-46.181,45.933,3.4841,36.883,2.9535,-29.811,-13.571,-79.469,22.908,31
39.465,-279.54,98.207,233.79,239.17,100.48,130.34,14.531,18.848,-86.386,-1.1117,66.824,3.8947,-43.454,-2.6328,-51.536,127.99,-53.717,-35.93,-28.265,28.147,31.061,77.317,16.118,0.81592,-16.668,-68.561,52.92,31
-145.39,-90.475,51.195,-3.2736,-63.31,244.66,124.56,-84.46,76.727,47.741,18.325,-11.204,87.502,-98.021,20.266,16.327,42.269,35.967,75.598,-47.622,40.608,26.607,-12.686,-9.2813,-17.558,-10.39,-72.961,46.049,31
-355.01,39.054,131.1,5.4853,-43.385,140.27,38.428,39.885,80.053,10.63,100.53,-22.908,31.708,-79.085,27.492,75.665,43.455,-73.4,56.933,44.952,-61.302,4.146,-7.933,-14.298,34.905,38.462,-32.801,-8.6576,31
-235.08,-9.6589,85.952,-13.269,-103.11,224.82,87.076,-95.099,103.63,71.608,43.905,5.0063,66.239,4.6069,-8.1452,-13.545,30.276,58.216,35.667,7.4724,54.563,-19.329,3.0254,-12.36,-13.274,-27.256,-20.938,66.704,31
-293.68,68.13,85.457,-12.186,-74.986,182.9,63.568,15.561,73.624,55.937,71.185,12.199,66.088,-73.258,-3.8594,43.489,56.65,-30.562,38.67,46.735,6.189,19.967,22.29,16.345,23.634,4.5387,-63.838,23.599,31
326.75,28.449,-72.936,102.93,200.87,-0.76469,47.385,98.69,26.544,-182.45,-19.995,137.13,52.084,-93.555,18.639,-22.141,-16.311,52.685,32.405,86.1,-61.816,19.943,-26.647,-41.337,-17.152,-32.802,53.003,17.876,32
154.5,-55.093,-190.27,-6.6915,115.19,-17.441,75.924,119.13,34.863,-127.64,-37.188,-0.50554,86.295,-96.593,34.663,57.255,-58.817,69.39,60.332,22.721,-57.351,44.628,-19.133,52.783,-46.851,-9.3698,-38.476,44.103,32
366.95,-103.9,-31.837,58.983,276.41,-22.403,63.835,106.55,9.7397,-137.86,-44.744,163.78,72.661,23.908,-93.225,62.598,-26.267,-19.678,-33.461,49.432,-59.743,-58.842,-47.795,-41.648,0.35475,-7.5396,52.276,-8.3958,32
343.42,-108.68,-4.697,39.543,270.02,22.938,53.128,102.68,-17.034,-175.71,-44.866,150.22,51.293,35.415,-92.369,75.21,-69.028,6.3999,-49.455,67.31,-46.122,-61.646,-50.626,-40.269,9.9795,1.0167,27.487,-7.9286,32
349.13,-47.867,-60.859,106.28,338.67,-12.545,71.233,121.72,72.39,-98.858,-56.343,86.906,29.625,9.0015,-12.329,48.656,28.779,-1.6187,-16.803,-17.012,-67.349,-51.5,-44.981,2.1375,4.5011,-33.899,56.501,-42.603,32
255.97,-23.664,-107.09,55.352,239.04,62.665,42.527,144.12,14.738,-202.32,-33.326,108.06,41.271,-7.6422,7.1662,44.919,-50.311,41.649,-4.7426,95.476,-52.804,0.11521,-49.527,11.998,22.959,-55.193,22.185,18.935,32
193.43,-18.841,-179.14,-9.7426,133.53,-20.212,36.48,139.85,42.477,-135.41,-9.7686,8.9558,71.129,-104.22,15.999,44.804,-29.948,82.274,72.233,37.393,-27.616,32.003,-34.071,32.595,-59.328,-8.4348,-60.43,46.105,32
75.836,24.097,-132.02,99.705,22.558,-29.494,-24.718,180.43,24.47,-94.121,-69.985,39.839,24.976,65.19,147.3,83.37,-30.208,15.898,103.11,-5.5162,27.482,4.7294,-98.272,15.625,-87.118,6.2382,-42.81,16.422,32
298.54,-66.576,-115.59,21.535,189.2,-43.994,94.738,100.62,5.2448,-128.17,-27.611,76.799,66.381,-36.412,-50.515,61.463,-48.001,24.131,-17.199,0.73661,-101.36,35.019,-38.311,12.389,-60.167,6.528,37.095,7.9426,32
228.8,-28.293,-166.97,35.092,126.08,-10.348,84.408,147.06,-21.101,-183.94,2.844,44.345,93.918,-56.566,17.938,30.191,-75.31,80.704,5.6773,28.926,-68.474,47.09,-13.558,32.737,-23.816,21.741,-1.0938,57.711,32
-450.95,-145.4,125.7,157.22,27.586,-45.322,-89.332,-51.413,-72.466,-55.133,37.304,-40.232,-81.639,20.505,-33.384,46.642,-55.766,-18.486,-119.27,-29.705,7.3247,-40.148,18.803,13.62,24.658,-26.398,1.2788,43.161,33
-464.66,-188.68,113.85,102.1,145.53,-56.618,-157.13,17.377,-79.759,-34.132,21.201,-93.375,-184.48,-128.73,0.47121,7.2296,-25.192,15.892,-28.763,-5.5775,-43.245,-11.719,5.7477,-31.722,-29.36,-21.557,-14.823,29.703,33
-465.54,-183.68,111.09,90.713,137.27,-64.346,-153.24,28.184,-77.086,-23.975,16.608,-96.325,-183.03,-125.72,-8.6276,6.5849,-22.838,29.408,-45.279,-17.566,-39.887,-8.2308,10.045,-30.52,-34.882,-22.241,-16.78,30.209,33
-473.84,-165.11,127.86,135.82,97.054,-63.987,-166.91,8.97,-105.32,-31.255,41.41,-50.567,-166.2,-67.185,-9.7493,20.678,-46.099,10.657,-38.827,-31.984,-11.167,-19.408,-3.0282,-26.239,-1.7181,-51.166,20.331,38.726,33
-458.82,-184.64,132.04,77.129,148.47,-79.496,-162.7,30.733,-71.548,-21.449,6.7472,-72.328,-176.72,-113.94,-22.821,7.9494,-14.098,29.062,-22.08,-22.597,-62.857,-14.992,-5.2017,-38.319,-14.598,-30.383,-6.8402,45.343,33
-427.91,-31.496,4.8907,235.64,-38.867,-14.916,-120.88,-11.785,9.7538,-28.449,30.563,-41.288,-73.044,-40.906,61.359,58.819,-36.025,-34.972,-15.822,-9.4753,59.187,-24.342,20.795,-14.782,-2.2929,-23.648,5.8832,11.358,33
-382.21,1.2714,60.534,212.33,-10.78,-14.926,27.94,-90.434,66.107,-35.41,57.331,31.47,41.735,43.289,5.4499,78.596,3.1967,-27.047,-69.022,-25.263,-0.80562,-62.844,-43.204,34.631,38.897,-30.867,33.428,12.104,33
-461.4,-38.978,28.244,203.68,19.504,-50.021,-120.39,-21.387,16.568,4.2242,78.369,-66.32,-107.43,-106.96,19.413,46.729,-19.875,-40.768,-18.741,-34.181,37.58,-1.7208,-0.13829,-32.876,-19.599,-51.885,-4.2634,7.2468,33
-415.96,-49.849,-2.7172,111.38,150.76,-57.321,-94.947,38.546,-2.8321,-25.974,-3.2853,-118.55,-105.78,-140.32,59.14,46.705,-3.763,-32.103,7.9988,45.161,-35.851,27.094,-16.427,-45.831,-70.128,-28.674,-11.289,-9.8624,33
-409.62,-19.413,19.273,220.93,-50.706,-21.346,-63.906,-64.076,8.535,-32.97,53.935,-19.08,-10.836,-13.381,13.072,77.147,-26.267,-28.137,-62.186,-15.029,42.067,-50.403,-10.123,11.733,46.608,-36.928,32.233,21.412,33
-126.45,-440.46,98.372,218.37,153.79,88.009,-35.986,11.363,29.872,42.85,37.65,-80.045,67.823,32.543,15.911,2.2431,97.282,11.439,-30.696,-25.234,-38.745,21.777,-12.079,-4.9415,60.442,38.337,9.0807,-19.09,34
-248.84,-386.11,-45.097,146.76,112.45,181.33,-22.688,-31.035,63.006,34.437,43.336,4.7518,55.551,24.281,20.54,-9.4255,115.22,12.238,-1.3121,-14.623,-0.36529,-1.3317,-11.843,19.399,24.413,62.557,51.557,-30.995,34
-112.94,-417.05,87.349,221.19,162.18,73.318,-37.601,51.167,26.735,18.566,43.377,-62.913,70.917,21.567,10.667,-21.176,94.96,24.221,-27.611,-31.774,-23.245,5.3141,-6.3222,7.058,39.189,33.656,19.22,-23.054,34
-91.047,-406.14,88.948,224.12,155.03,56.534,-48.075,57.999,23.618,18.328,44.279,-50.563,70.565,27.166,14.959,-30.91,95.354,18.607,-24.251,-22.85,-22.544,3.528,0.59806,16.856,41.335,31.784,12.053,-23.643,34
-96.355,-465.31,135.28,252.74,68.957,118.99,-11.559,-11.348,12.513,15.509,21.499,-56.834,98.989,22.324,2.8123,-26.401,116.73,-27.669,-16.351,20.024,-61.925,67.084,8.8866,-1.0428,50.878,24.98,30.887,-30.167,34
-73.635,-529.93,219.16,277.51,58.435,105.67,-23.514,2.7736,8.0345,14.265,9.207,-88.93,92.417,19.501,6.2887,1.6202,111.01,4.2181,-2.5003,11.723,-88.818,57.13,-20.905,-7.9281,79.092,28.2,5.9866,9.9659,34
-175.92,-433.55,24.987,188.18,130.2,118.04,-58.048,-5.9756,53.054,54.237,56.451,-38.863,71.323,32.638,20.372,-19.758,115.08,-0.30318,-5.6117,-29.629,-10.767,5.5228,-10.333,-3.7479,61.539,51.545,25.122,-10.516,34
-56.978,-542.98,249.92,268.02,41.242,104.11,3.5671,-10.924,-5.4991,20.043,18.332,-98.127,46.891,15.276,27.284,59.35,92.443,18.652,12.873,16.291,-95.787,59.788,-60.247,-17.707,70.687,23.045,-6.987,8.4394,34
-207.47,-415.18,-14.621,148.78,128.85,142.05,-26.791,-21.289,46.945,51.925,52.614,-27.485,46.458,29.036,22.487,7.042,112.02,6.1009,-10.848,-32.585,6.3436,-4.677,-16.797,5.4058,33.681,63.846,28.28,-26.915,34
-240.16,-385.23,-49.261,149.15,111,164.58,-33.098,-15.885,55.221,32.868,46.308,0.34269,58.748,15.306,16.715,-18.538,107.62,15.6,-7.9433,-21.028,5.8058,9.1148,-7.5118,25.093,25.665,61.063,55.048,-32.398,34
-46.816,62.981,304.83,-0.35614,122.34,9.8631,55.179,136.87,-56.335,40.63,127.88,-115.85,11.189,91.302,-14.825,-113.83,-42.952,-20.869,8.4244,84.622,-65.543,46.751,-17.301,-9.5284,61.272,60.853,0.79228,-33.591,35
144.99,122,136.5,114.19,-49.179,-56.781,173.27,-163.37,20.283,-1.5267,46.654,-1.5841,103.15,17.496,25.106,-148.44,-74.12,-52.612,55.499,-7.0643,2.2782,-45.227,-101.71,77.353,72.935,78.581,-43.676,-70.872,35
35.683,23.868,191.19,-44.879,81.778,211.13,-31.068,11.146,-108.73,0.87959,110.34,-31.347,-137.81,-29.866,17.936,32.812,46.546,-24.187,47.054,109.79,-79.498,45.681,-4.4305,-52.67,-76.671,67.539,32.901,14.974,35
77.415,-151.03,174.91,54.738,47.639,-33.781,75.943,-212.07,-92.042,-62.376,44.307,35.791,32.904,76.615,-12.815,-61.575,-89.485,-103.12,84.588,-44.292,-30.803,-79.49,-102.96,48.017,16.518,103.83,-36.535,-23.533,35
4.236,-54.665,204.78,-83.206,85.941,191.38,-24.649,-83.636,-129.9,-66.324,152.71,-39.785,-111.71,-5.7837,-4.604,24.628,17.07,-7.4109,40.084,84.599,-49.276,22.949,-21.861,-82.345,-2.7806,42.175,65.949,52.527,35
258.67,27.63,118.78,116.85,-21.98,-133.78,130.28,-234.06,27.381,-2.048,78.862,66.572,-14.955,14.696,20.961,-49.712,-31.534,-94.451,72.772,-51.209,-30.671,-52.331,-76.487,65.359,-16.964,85.969,-51.753,-16.328,35
184.18,61.238,14.012,-28.085,34.98,177.41,-93.27,-55.232,-51.425,-11.981,108.91,-12.725,-100.36,-46.546,16.589,32.298,55.558,-41.765,1.1666,70.225,30.973,101.9,23.086,-87.752,-52.151,29.795,44.857,-20.742,35
218.7,-39.388,27.188,2.5152,60.456,171.79,-145.69,-71.14,3.055,-30.382,76.724,-24.425,-63.759,-44.798,78.31,73.203,49.691,-22.721,39.58,74.599,41.16,122.4,-15.817,-111.83,2.9155,11.831,47.024,-35.852,35
104.28,121.27,64.339,-38.176,28.945,162.29,-20.64,-64.77,-21.933,-14.159,187.78,-10.918,-91.441,12.282,-14.16,15.471,23.04,-37.443,4.5518,55.133,0.69399,59.198,23.339,-62.463,-10.507,41.841,52.251,-39.261,35
250.23,-42.617,176.91,166.23,-9.8582,-187.7,61.246,-198.34,83.678,23.868,178.3,115.6,0.25279,-10.712,35.541,61.415,12.186,-90.046,120.52,-6.6885,-60.555,-25.494,-150.18,89.64,30.156,69.558,32.892,34.58,35
106.58,314.91,-130.06,237.2,-111.61,30.484,72.328,75.291,-16.809,-137.78,50.912,-103.09,35.454,23.984,20.469,13.451,85.737,-16.156,35.187,25.747,23.546,-31.455,61.289,-50.995,-64.341,-45.514,23.669,-56.711,36
72.025,45.86,-258.45,59.415,-94.416,45.412,123.24,-95.623,37.701,-26.401,-45.952,17.058,-26.4,16.152,-99.516,-38.476,69.238,66.391,36.065,43.093,-33.54,46.998,4.823,-31.032,-8.3776,-6.3082,-47.899,-78.815,36
-207.72,163.46,-165.45,53.521,74.712,-66.603,143.33,7.8402,-55.012,38.464,-113.37,-92.562,22.702,127.99,18.83,4.956,23.743,-45.339,-48.54,13.507,-45.411,49.762,-98.924,-14.484,27.625,-35.312,-9.1993,74.624,36
-169.98,165.98,-183.04,145.81,-149.17,-22.138,185.98,34.442,-63.584,-74.069,-2.2941,-161.51,8.875,58.176,-51.635,-8.0435,46.572,-36.208,-1.679,50.03,-28.986,18.471,2.8322,-36.672,24.04,-35.111,-27.155,-35.646,36
-172.69,173.66,-173.23,221.41,-222.44,-26.41,190.67,44.818,-32.424,-84.994,11.664,-122.36,-10.048,17.645,-18.564,-39.585,75.763,-7.0437,6.9406,57.548,7.0086,0.49503,37.449,-35.551,-0.64039,-40.082,-37.04,-46.51,36
94.297,262.07,-131.48,141.1,-82.364,-19.896,81.421,20.833,2.9877,-95.003,64.921,-166.69,85.734,73.211,0.10574,22.946,36.869,-15.259,19.319,29.768,0.49065,-47.391,10.228,-61.231,-42.985,-52.632,64.448,-9.0365,36
29.772,59.349,-236.33,131.01,-1.8608,24.823,109.65,-119.12,-86.029,14.732,-107.43,25.297,-25.769,66.494,-143.37,32.719,77.799,-10.267,9.9494,24.039,-83.403,-1.4687,-40.502,-5.6026,-5.8401,-5.1236,7.1161,37.048,36
-75.241,121.38,-217.11,110.14,62.839,15.831,147.91,-70.196,-54.218,-7.0439,-117,-19.87,-17.42,112.69,-90.985,53.985,44.815,-0.2129,7.9905,41.19,-93.774,-1.5616,-65.144,-2.0861,17.001,-22.879,-19.092,49.343,36
-159.37,128.18,-181.62,101.17,-187.21,-13.546,134.07,28.258,-89.862,-89.184,25.185,-134.52,26.045,72.448,-35.034,-10.03,20.849,-22.33,30.885,34.119,-30.075,-1.8751,1.1479,-41.48,40.686,-31.958,-29.059,-32.801,36
-67.575,166.56,-230.33,53.051,-128.86,56.512,156.4,-12.697,-80.614,-26.967,17.729,-56.884,-15.389,43.067,-8.9386,-49.808,90.094,47.917,37.77,43.137,1.3788,25.038,-1.6017,-8.4851,39.139,14.888,-74.231,-52.545,36
262.55,-117.33,233.77,-33.606,-328.57,-131.12,-23.292,-85.713,-30.19,-3.498,-7.5719,34.563,93.379,-59.676,-19.033,9.07,43.073,13.926,-55.799,25.663,-10.621,-11.475,15.664,2.1143,-29.216,-17.994,83.934,9.6339,37
308.72,-134.24,164.02,-54.899,-285,-130.7,-25.67,-44.54,-10.766,-2.395,-27.991,50.509,62.191,-46.832,-66.572,31.932,61.731,-37.705,-14.913,68.228,-20.047,-50.406,2.2247,-23.014,-9.2855,-16.367,46.011,-4.5149,37
184.86,-414.16,53.424,9.0028,-73.412,-69.756,81.091,110.41,11.751,-32.604,-42.096,44.947,8.0707,-56.171,-18.537,-60.128,-38.407,-63.751,45.819,104.47,26.81,-28.188,43.831,49.797,-44.423,2.6297,-21.993,26.331,37
277.1,-138.53,253.5,-25.131,-303.72,-178.13,2.4543,-89.134,-38.36,-1.6558,-1.9424,31.405,79.927,-53.888,4.4859,15.98,39.482,35.319,-61.068,33.601,-0.32528,3.8082,31.941,32.24,-24.597,-21.307,92.146,32.317,37
205.53,-423.6,71.375,15.711,7.6068,-85.722,123.53,132.29,38.69,-43.34,-49.038,23.736,-30.728,-51.771,-30.557,4.463,-42.643,-50.598,46.847,63.762,26.252,-38.188,40.6,29.205,-19.204,13.832,-46.674,48.95,37
127.18,-416.16,31.687,-22.66,-110.96,-61.341,57.143,102.49,14.694,-15.926,-35.332,44.128,8.0912,-66.774,-29.194,-61.084,-32.102,-43.757,55.08,100.36,6.8406,-31.603,29.766,47.156,-47.261,25.075,-0.50463,30.079,37
174.7,-400.64,45.567,36.272,-109.2,-89.87,47.68,129.41,36.833,-37.948,-33.331,37.411,13.366,-58.508,-27.523,-100.91,-53.312,-47.437,32.103,91.652,-2.4552,-1.4144,32.958,40.797,-50.715,-16.83,1.7856,19.528,37
251.22,-145.25,222.16,10.293,-338.22,-61.748,-96.104,-35.76,26.595,-1.3368,4.9221,60.398,104.91,-98.285,-34.592,15.446,46.179,-43.826,-35.893,43.011,-74.45,6.2496,-10.098,-64.716,-5.0615,5.6757,40.332,-25.826,37
121.65,-366.42,7.8854,-26.222,-105.31,-47.918,87.733,79.122,-3.8642,-39.236,-49.589,22.273,-3.6351,-61.986,-8.3348,-83.083,-29.538,-47.844,57.971,85.443,57.237,-38.546,26.649,49.924,-47.009,-30.874,2.8547,-0.13542,37
303.39,-114.29,195.58,-47.568,-301.1,-155.78,-8.036,-76.442,-34.408,-4.6487,-16.843,20.84,70.121,-49.464,-30.335,12.917,42.975,-0.12676,-31.298,37.404,6.8391,-32.854,22.284,6.2443,-22.873,-25.022,75.952,18.395,37
-231.64,197.14,45.752,-241.91,64.339,-35.799,-6.4718,-25.216,80.239,54.441,-24.631,-86.228,35.84,-19.718,84.6,-34.549,15.239,-74.66,7.5197,29.132,-57.583,39.333,-9.1059,-16.631,-24.072,-28.995,21.225,17.589,38
-256.83,145.64,59.153,-159.86,-12.409,-61.636,-42.748,86.567,26.696,41.654,18.199,-146.46,-24.04,27.935,2.5413,-30.156,-10.07,13.222,-65.344,26.978,33.854,-19.498,-6.7595,33.584,21.861,-5.8134,36.025,41.113,38
-238.41,161.41,37.775,-178.64,11.016,-5.6108,-88.942,76.661,-13.837,-10.678,29.56,-165.86,-49.829,40.456,2.6223,-15.372,-1.0221,-14.411,-8.9387,44.113,19.134,-10.292,-13.983,58.433,22.172,-26.588,13.759,17.007,38
-217.27,62.819,58.629,-279.65,51.726,47.318,-59.697,47.97,7.7752,10.704,0.35768,-187.59,-11.004,33.721,34.419,-16.97,-30.928,-45.954,-26.47,62.794,-35.811,-8.7588,4.5301,63.315,-12.772,-22.312,1.5701,21.466,38
-144.68,189.82,-45.986,-149.76,-115.21,56.032,-99.614,-72.521,5.3222,-36.686,64.071,-59.287,26.542,-5.9587,71.569,60.327,6.6027,-15.636,13.266,-29.621,-37.972,17.871,2.1296,-16.933,-29.04,-9.8392,-34.078,13.45,38
-245.94,130.54,35.651,-199.45,10.004,-9.0485,-74.198,83.618,12.208,19.942,28.525,-167.38,-30.933,30.771,8.3494,-17.434,-12.102,-10.189,-28.568,37.471,20.648,-18.268,-12.217,52.222,13.169,-14.988,9.596,16.799,38
-265.51,223.17,80.119,-217.43,117.99,-79.948,-37.975,18.003,114.79,61.373,-37.518,-101.5,12.653,-24.844,41.043,-26.733,25.396,-54.11,-23.69,54.731,-45.786,24.682,-22.249,-3.4496,-19.448,-7.5839,6.5456,8.6542,38
-216.72,134.22,22.103,-198.53,-40.837,26.631,-94.636,43.916,-34.177,-29.716,33.438,-151.71,-14.134,52.452,39.276,-5.4375,-14.669,-0.37355,-6.7487,13.986,-5.9753,-14.178,11.691,49.513,14.847,-20.586,14.244,29.975,38
-235.06,259.67,16.017,-117.91,-32.233,12.637,-158.16,56.3,40.221,20.942,63.798,-68.839,-31.314,-7.9161,61.713,68.008,11.915,-48.406,24.911,-39.612,-51.082,-9.1669,3.4489,58.038,-28.315,5.3057,-28.637,-0.52602,38
-152.3,172.07,8.9838,-256.02,97.618,25.314,45.702,-86.93,95.287,53.768,-79.34,-83.764,-18.471,18.883,84.543,-36.385,31.306,-95.726,43.89,61.266,-9.862,24.294,-12.267,15.972,-7.16,-24.924,6.6542,12.175,38
-363.31,-367.61,126.06,-24.814,-31.753,-67.281,-118.06,-107.51,17.347,35.519,110.91,18.781,37.282,60.508,-4.6713,-29.361,60.049,19.929,49.023,46.76,36.52,29.978,5.2748,-8.2402,-25.734,-20.262,24.272,78.472,39
-404.86,-291.35,91.78,-13.185,80.478,-123.49,75.572,-46.699,-52.938,15.592,-60.276,-21.433,-34.665,44.098,-75.169,-68.502,-110.79,-55.094,45.196,20.284,35.547,31.895,-56.017,24.025,-46.714,26.922,-13.954,-78.095,39
-407.85,-379.77,122.4,9.9743,-151.49,-65.57,-126.47,-62.633,-39.859,52.287,35.205,41.903,49.861,57.197,31.674,-45.019,71.227,71.028,30.049,57.549,61.241,19.545,-21.478,-23.507,-53.443,-10.482,36.477,85.924,39
-490.88,-388.47,125.98,-41.757,22.834,-132.39,18.073,-16.743,-29.575,53.702,77.526,40.03,-37.792,60.249,-12.535,35.603,-25.061,-63.943,86.564,-4.0466,6.4918,31.257,7.5508,-7.1375,52.189,-21.565,-19.713,48.814,39
-455.41,-417.99,94.667,-59.007,6.8922,-132.58,19.802,-40.617,-34.99,41.939,74.737,26.345,-47.559,76.632,-30.252,46.787,-15.021,-66.068,70.686,-8.4712,-10.043,42.612,39.952,16.093,4.1064,-48.567,-11.422,12.777,39
-418.92,-285.08,124.59,-70.312,35.83,-12.516,-53.312,-74.746,-61.203,-57.254,81.356,-24.799,5.6117,73.184,-61.46,-102.11,-41.788,-20.204,-3.8129,17.433,38.94,31.372,-38.278,-14.56,-60.603,-33.328,-45.884,35.394,39
-437.8,-370.34,145.05,26.129,137.37,-69.52,0.72724,-37.47,-27.491,40.412,-86.544,-11.724,-49.924,54.558,-14.441,-50.965,-103.19,-21.014,64.991,-10.817,48.99,25.004,-38.922,2.9079,-32.528,12.984,-21.27,-40.458,39
-409.07,-168.14,153.38,-20.269,-66.836,6.0896,-31.772,-28.903,-38.349,-32.491,36.114,60.849,-7.4071,50.874,6.8766,-86.911,10.286,13.642,41.349,-11.004,28.552,67.63,13.097,-47.027,-31.483,-59.829,16.91,46.94,39
-376.79,-162.86,155.19,22.218,-98.453,4.4438,-55.988,-70.301,-37.129,-25.825,54.305,85.633,18.363,75.645,27.962,-87.04,5.5127,16.231,41.837,6.896,48.745,49.637,-21.159,-30.995,-46.677,-50.483,41.106,47.394,39
-434.27,-260.37,187.97,-57.145,16.266,-71.128,-36.074,-67.873,-77.927,-64.39,81.092,6.5707,87.483,38.897,-52.204,-75.637,-81.219,15.7,-18.226,17.473,40.607,60.133,-21.994,2.7549,-49.543,-15.895,15.97,-7.0973,39
124.3,124.02,237.65,23.132,-113.95,-31.857,-24.601,108.57,-125.21,45.535,8.9958,60.639,-105.88,134.35,15.104,-30.546,-19.724,9.2972,19.88,-95.686,-76.428,-7.2076,-3.5561,-40.664,-14.766,19.767,-1.2464,-18.888,40
85.089,53.029,284.48,-168.93,135.36,-126.73,44.146,90.246,-49.72,62.747,-81.429,-47.589,44.955,52.216,40.126,-56.923,-68.193,60.263,-0.98031,-8.4546,-57.563,38.205,19.648,-73.424,-11.952,-14.107,-37.285,-41.308,40
161.68,219.61,138.71,53.81,-151.67,-16.197,7.4717,-94.717,-26.962,-55.405,78.516,18.745,-9.7997,35.775,-9.3293,-12.101,-20.131,37.456,-3.6416,-84.138,4.1175,-43.43,36.507,-34.882,16.226,16.624,-14.704,-5.891,40
156.88,256.04,165.87,122.92,-180.43,1.1461,24.053,-40.838,-28.167,-13.643,53.991,86.013,-64.284,64.305,10.33,-36.103,6.7609,28.322,-7.2495,-76.742,-2.9584,-29.344,-0.6309,-15.928,43.941,47.358,12.18,18.773,40
94.273,-23.176,293.69,-205.86,139.1,-93.323,77.909,28.65,-74.462,11.677,-104.31,-8.9892,-13.017,74.864,76.137,-67,-86.389,-1.9898,47.055,7.3629,-24.297,-8.816,18.835,-45.831,1.634,-19.563,30.914,-41.57,40
187.96,219.06,133.66,-81.141,-7.3722,-41.092,29.839,-114.91,-10.676,-54.289,50.513,-16.386,36.26,12.242,-5.8713,14.643,-4.2413,-24.7,-8.1261,-61.724,-48.372,16.244,40.095,19.326,-1.5831,-24.377,-11.752,-27.912,40
106.52,134.01,225.55,-88.561,11.486,-73.059,-4.9314,156.35,-132.29,63.028,68.254,-9.4845,-36.284,57.01,-70.319,-71.199,17.735,88.12,8.0349,-68.17,-45.367,-6.716,25.287,36.836,31.744,14.443,-26.676,0.70336,40
175.98,177.37,155.93,-106.71,51.841,-55.183,56.578,-138.24,4.4411,4.7712,-28.1,58.944,-10.356,5.6097,65.31,-46.608,8.8131,-95.401,52.703,-5.4869,-54.657,20.737,11.211,-29.995,-0.061112,-32.759,9.1364,18.599,40
134.94,119.75,220.83,-59.003,-69.229,-33.825,-16.046,110.65,-161.37,25.202,48.338,34.066,-92.439,90.88,-42.233,-67.794,-2.0063,45.798,28.621,-80.646,-36.203,-0.66697,24.662,20.058,40.624,0.4625,26.675,2.3964,40
212.34,182.38,124.23,4.2222,33.04,-120.59,158.42,-195.85,48.854,-12.301,25.835,111.29,-22.774,0.77217,101.05,-49.023,-11.851,5.3185,8.4736,36.102,15.894,-4.8088,4.1322,31.512,25.998,-39.53,56.272,4.9054,40
