23.77,4.8687,66.332,50.048,41.444,77.757,9.3189,59.64,10.097,52.541,15.173,0.17019,9.2893,31.56,44.162,60.414,12.573,55.19,72.697,60.193,21.957,67.2,19.651,30.565,75.433,60.257,68.519,15.144,32.082,41.55,41.857,57.661,73.753,49.482,31.779,0
22.574,5.091,68.971,51.894,42.495,80.128,7.6752,58.012,6.4937,54.045,17.754,1.7754,8.562,37.246,44.939,62.438,10.062,54.664,76.987,67.506,19.53,71.914,22.181,31.781,75.696,59.329,64.371,15.143,29.251,45.923,38.286,55.431,74.247,51.442,31.827,0
26.224,11.141,65.735,54.502,45.644,79.988,10.055,57.903,10.915,54.27,10.407,6.5391,5.7242,33.348,42.319,62.022,11.222,54.043,76.045,63.451,24.091,71.994,18.323,31.06,73.756,59.562,65.187,14.404,27.412,44.887,39.854,57.037,75.581,51.469,28.168,0
23.902,4.4783,68.29,54.716,43.57,80.863,10.692,59.183,10.959,51.346,15.923,4.5705,8.0568,33.471,44.239,59.585,9.3812,55.804,75.97,63.372,22.377,71.231,23.556,26.443,75.363,58.5,60.929,18.325,28.774,45.925,40.004,60.32,78.364,48.681,27.174,0
24.593,5.2473,71.149,55.266,43.441,78.134,12.337,57.133,3.4742,55.95,15.109,2.3911,9.299,34.692,46.26,61.218,12.062,53.346,72.991,60.397,17.257,67.459,22.421,29.362,77.377,62.674,64.054,13.929,29.443,45.098,39.979,55.794,72.532,49.23,29.363,0
24.522,4.7486,67.747,54.626,40.344,73.818,11.189,59.558,6.8209,51.919,18.803,2.6001,8.0694,35.742,42.515,62.414,10.751,52.765,73.909,63.24,22.797,72.658,20.387,29.07,74.507,58.092,64.099,15.844,34.117,41.743,39.801,56.661,72.633,51.45,33.07,0
25.676,3.3874,68.559,48.679,46.867,76.384,9.3627,60.877,8.2852,54.103,11.213,1.1565,6.6072,32.293,43.776,56.459,9.0764,54.949,74.278,60.66,23.339,71.865,19.078,33.999,73.57,60.475,59.927,14.45,29.063,47.164,41.668,57.518,76.423,50.994,34.442,0
22.829,5.5718,71.179,54.041,45.865,77.013,9.3125,58.542,7.7841,55.114,13.002,-0.22303,9.6348,33.624,43.12,60.168,9.144,54.82,74.45,64.649,21.373,70.26,26.07,30.088,73.919,56.664,62.623,13.051,27.537,46.9,38.043,59.15,76.992,49.437,32.794,0
24.714,-1.2717,68.898,53.329,44.003,78.205,11.252,59.728,9.8642,55.772,14.241,1.3572,8.5974,34.397,46.742,61.01,10.136,56.394,75.945,63.061,22.801,69.281,21.867,30.64,75.418,59.014,63.916,12.207,28.107,41.593,41.816,58.5,74.118,53.148,30.811,0
22.571,5.139,66.634,54.473,46.354,79.151,12.266,63.114,6.9345,53.583,15.637,2.8629,9.1911,35.733,38.388,59.573,9.0286,56.24,74.276,62.702,18.664,68.118,19.997,30.55,77.802,59.466,65.258,13.348,28.224,50.575,38.714,59.705,76.745,49.87,32.527,0
21.538,2.2478,68.38,51.482,42.982,76.474,7.8857,59.309,8.9313,51.93,12.749,0.71084,11.288,35.229,43.954,58.134,11.266,58.065,76.61,63.349,19.377,72.984,21.368,31.485,79.022,59.356,62.766,14.858,29.148,45.203,39.672,56.63,72.846,50.91,33.561,0
24.646,0.87251,67.839,49.463,44.09,79.328,9.4903,60.468,7.7347,57.711,14.478,0.65446,10.631,33.251,41.795,58.764,12.212,58.76,74.321,64.304,19.782,75.037,18.235,27.301,71.541,57.771,64.292,13.372,28.653,48.825,43.247,55.894,79.221,51.534,32.08,0
23.469,2.6771,68.863,54.137,41.93,79.191,8.834,60.178,7.1503,54.667,16.193,-1.1252,9.8248,32.198,43.345,59.332,11.269,50.479,73.137,68.937,20.095,67.163,20.012,32.045,73.599,58.547,67.66,14.841,28.721,45.904,44.73,60.266,73.946,49.524,30.612,0
26.228,3.4134,64.958,51.996,45.455,80.218,12.091,61.575,4.9558,54.302,14.632,4.4905,7.3327,32.037,43.46,62.954,13.538,52.779,76.211,65.986,20.504,69.532,21.093,28.637,71.549,59.635,65.073,14.892,26.859,46.762,38.296,56.56,71.578,52.288,31.684,0
24.783,4.2545,66.938,49.555,42.492,78.128,10.709,56.344,9.5305,51.247,10.591,0.68393,7.3836,35.472,40.37,59.111,11.904,51.999,72.963,69.046,23.08,69.434,20.335,31.268,71.234,64.07,64.005,13.642,28.823,44.908,44.246,57.41,76.035,51.6,30.789,0
20.821,3.544,66.968,54.012,45.086,78.447,9.5229,57.357,8.8055,54.166,12.361,-0.64015,6.8671,38.005,45.159,58.394,13.005,54.238,78.833,62.824,21.197,67.121,21.574,32.559,75.571,57.001,66.187,11.766,27.813,46.139,39.945,56.689,74.135,52.397,33.554,0
22.924,1.2234,69.838,52.284,41.782,77.688,9.2862,61.044,6.0811,51.679,13.824,1.5972,12.02,34.837,43.596,59.543,11.155,56.37,77.006,66.003,20.611,68.777,21.362,33.942,76.723,56.849,63.724,13.899,34.305,48.017,39.538,58.005,75.568,47.395,32.194,0
21.539,1.4283,68.041,51.67,42.303,80.822,11.514,60.099,5.5451,53.823,10.07,3.8324,9.2946,33.487,43.971,59.425,13.2,54.961,77.16,65.9,22.012,70.249,20.757,32.134,77.4,54.835,60.469,13.513,29.713,45.89,35.228,60.015,73.809,55.105,35.56,0
21.315,3.8365,69.298,53.581,43.473,81.692,10.396,61.475,10.29,57.559,13.896,-0.13549,6.6069,33.919,40.706,61.847,9.3862,51.457,78.206,62.9,23.091,67.319,22.207,32.18,73.07,58.978,61.581,12.852,30.863,43.655,40.453,54.917,75.014,52.181,32.931,0
25.227,6.5024,66.711,52.46,43.206,81.892,11.549,58.348,6.2246,56.32,13.956,3.9126,8.5401,32.011,41.446,59.909,11.362,54.387,72.564,64.188,18.707,72.644,20.94,32.678,74.289,56.289,67.246,13.352,30.509,47.894,42.192,57.781,75.41,49.879,33.448,0
24.188,0.94931,65.553,51.66,41.841,80.637,7.9996,60.836,6.6046,53.158,10.847,2.2412,7.5477,35.368,44.046,59.028,8.3545,51.781,71.065,65.73,20.71,68.678,22.813,29.046,72.721,56.913,64.389,12.168,29.403,47.623,39.793,58.729,73.602,52.525,31.273,0
23.154,1.244,68.941,55.618,41.173,77.13,5.9219,61.832,5.7003,53.869,15.463,-2.7639,10.07,32.767,39.648,62.905,16.434,54.222,72.839,63.584,21.458,72.668,19.296,30.24,73.077,57.638,65.674,16.852,26.183,44.837,45.23,56.533,73.163,50.231,32.084,0
23.604,3.5572,67.97,47.971,43.799,83.1,11.201,54.715,6.7628,53.504,16.839,0.84321,7.4445,34.006,44.641,59.603,10.624,52.592,73.457,60.52,19.149,67.584,22.932,31.011,75.504,58.391,62.578,13.726,29.634,45.11,45.641,57.904,74.171,49.644,29.085,0
19.075,0.83418,70.732,50.095,46.831,76.945,8.3991,58.944,6.1943,54.373,11.983,4.7875,8.0971,35.507,43.166,61.191,11.897,54.444,74.344,63.335,21.884,68.859,24.534,30.972,72.071,58.264,66.772,12.184,29.884,45.828,39.132,57.741,72.032,51.544,33.672,0
19.857,3.259,67.333,51.141,42.01,76.382,11.179,61.816,8.9402,55.372,12.817,0.83754,9.8854,37.597,42.026,57.57,9.443,54.143,79.083,60.548,22.542,69.607,26.372,30.339,75.83,57.926,62.688,13.545,29.609,41.634,42.072,55.097,75.724,50.32,33.52,0
23.773,3.6857,64.612,50.312,45.288,75.813,13.778,60.27,10.062,55.792,19.363,6.1233,9.055,35.643,44.601,59.8,11.506,53.988,73.873,61.348,23.212,66.902,20.129,33.052,72.412,57.735,65.668,10.397,29.349,43.288,43.243,59.42,76.417,50.736,31.073,0
24.033,5.4659,65.646,53.024,41.633,77.864,7.8062,58.78,8.3425,54.873,13.697,4.6495,8.5608,32.883,42.028,59.941,6.537,54.726,75.482,65.889,18.388,69.113,22.626,31.325,74.938,58.358,60.585,13.155,30.745,45.894,44.701,58.327,74.544,52.963,31.208,0
24.922,9.5036,69.893,54.11,42.035,76.155,10.849,59.804,8.7076,54.998,13.679,-1.3235,8.5762,34.67,43.275,59.94,12.029,53.243,77.196,67.55,16.454,72.775,20.774,31.952,72.368,59.553,66.491,15.554,31.382,45.119,39.305,55.804,76.191,47.822,27.862,0
23.893,4.7624,67.039,54.622,44.475,81.073,10.98,58.16,9.6555,55.457,11.462,1.26,11.198,34.205,42.101,58.403,12.44,51.346,76.615,62.587,18.779,69.364,19.918,28.993,76.891,56.173,64.543,13.57,32.593,45.988,38.428,55.968,74.24,47.084,32.635,0
23.561,0.93062,68.579,53.303,44.097,76.542,8.3034,56.981,4.9003,55.409,16.73,-0.9812,10.251,38.934,42.086,59.939,8.0099,56.466,71.456,63.476,18.346,70.655,21.945,32.14,74.183,54.891,64.935,14.736,28.241,44.05,40.811,57.301,69.878,48.841,29.841,0
21.306,2.0787,64.923,49.967,42.124,79.261,9.6325,56.551,3.9485,55.095,13.785,-0.35913,7.7168,35.078,44.167,61.237,12.522,53.816,75.757,64.385,21.333,67.319,18.762,33.364,76.619,50.974,59.574,13.272,30.529,44.983,40.332,59.74,73.647,50.265,34.521,0
25.556,3.1676,68.937,52.423,43.479,78.97,11.726,58.941,8.1223,50.896,14.629,0.010717,9.9995,35.769,43.179,58.907,9.8537,52.072,72.558,62.346,20.966,69.725,19.988,27.23,76.028,56.536,64.745,12.402,26.774,45.071,43.054,54.213,78.788,47.865,31.671,0
24.182,4.5734,68.412,53.99,40.008,79.872,12.765,58.758,8.5354,56.162,17.791,1.4806,8.216,31.049,42.184,59.407,10.89,54.349,74.622,66.341,24.658,68.778,18.199,29.015,73.076,58.994,63.295,14.602,28.139,45.458,42.042,56.252,79.843,51.076,32.322,0
24.253,0.81489,68.448,49.819,41.833,81.288,12.736,59.637,9.1759,54.161,14.479,2.5772,7.0206,36.93,42.192,60.676,9.0679,51.364,75.748,65.718,21.594,75.345,20.651,31.67,73.348,59.388,63.763,13.497,29.699,42.78,41.288,60.209,78.151,49.766,32.463,0
22.457,2.6496,66.408,51.803,42.182,78.865,9.6655,58.583,10.86,54.7,16.256,-2.5016,9.5388,33.698,45.462,57.634,7.8971,53.964,77.683,66.244,18.316,70.294,23.556,30.443,72.753,60.821,67.672,12.564,29.464,48.222,43.593,60.496,74.647,51.711,31.257,0
20.734,2.6919,66.303,51.803,40.845,78.801,11.268,58.174,10.08,50.179,14.922,3.4332,9.3024,36.803,43.722,58.336,11.437,54.679,77.097,62.261,19.957,71.848,21.333,27.216,78.014,57.276,61.934,12.823,30.75,44.036,38.042,60.086,73.426,45.752,31.856,0
23.935,3.0617,68.598,51.777,43.637,82.315,8.8635,59.951,7.9448,57.999,15.502,2.4708,5.4272,35.458,45.1,60.777,13.667,54.217,71.347,66.359,22.234,70.062,21.814,30.493,76.615,56.135,62.735,13.009,26.99,47.435,42.785,56.788,71.706,52.808,34.77,0
24.219,6.6867,68.205,52.46,45.39,77.053,10.879,58.825,9.6682,56.04,17.003,0.75597,7.5104,34.2,40.455,59.077,8.6682,57.217,75.156,66.807,20.481,67.906,18.887,28.91,74.084,56.992,62.354,14.012,27.149,44.228,40.772,56.925,71.58,52.619,29.713,0
23.726,1.2226,66.002,52.957,41.414,75.016,6.6669,59.095,7.5405,53.809,13.744,1.2435,11.313,32.342,46.692,58.359,9.7929,58.41,74.794,65.414,20.537,73.922,24.024,31.685,73.914,60.699,65.714,16.605,29.81,43.293,38.874,56.978,77.464,49.804,30.88,0
23.918,6.4035,68.065,53.437,45.443,82.268,11.695,59.67,6.9231,55.194,17.09,5.409,7.0571,35.114,41.08,58.414,10.713,56.245,74.119,61.65,24.453,71.618,18.327,29.471,75.641,57.68,67.926,13.682,30.67,43.371,42.571,57.118,77.593,51.26,32.344,0
24.647,6.4961,70.573,55.309,45.389,77.584,9.0324,56.805,8.991,54.134,12.622,0.072641,4.6784,33.161,41.197,60.295,9.9882,53.453,73.042,65.416,23.398,69.969,18.705,32.868,71.801,56.75,61.92,13.81,24.967,45.274,44.388,57.783,76.809,51.304,32.006,0
27.634,2.831,68.367,52.969,46.236,78.778,6.9645,60.395,8.5952,50.573,13.309,1.8502,5.6442,34.499,48.274,61.321,10.724,54.862,76.651,64.854,23.599,71.805,18.078,27.67,74.713,55.181,62.654,12.057,24.975,48.685,44.692,61.112,70.708,52.634,30.934,0
22.762,3.1249,62.865,51.368,40.761,78.56,12.355,60.774,8.552,55.948,13.279,0.29751,10.328,30.841,41.771,60.097,9.7599,54.459,78.011,65.204,20,66.806,21.151,28.115,77.154,56.687,62.599,12.037,28.878,45.578,40.268,55.002,74.692,49.861,31.5,0
21.167,8.8461,66.442,54.082,39.88,74.968,8.5685,58.518,6.6615,57.276,15.139,4.4021,7.73,32.499,41.485,60.895,8.594,52.477,80.287,65.499,22.764,69.255,23.176,28.374,71.813,58.121,64.498,13.497,26.279,44.97,44.795,60.251,73.529,51.347,32.407,0
26.598,2.016,66.124,54.094,43.451,77.577,12.07,58.137,9.7886,56.775,13.056,4.359,9.4803,31.281,36.788,59.339,12.329,58.777,75.641,66.854,19.565,69.122,23.314,30.404,76.175,55.645,61.895,15.595,26.101,41.656,40.032,59.996,76.706,55.65,30.445,0
25.065,4.6172,68.826,52.024,42.952,75.285,10.341,60.841,7.2314,52.989,15.24,1.3525,8.5391,34.849,42.828,61.494,9.294,53.15,72.237,66.054,19.019,71.019,21.67,29.331,77.218,55.628,64.187,10.202,32.751,46.69,42.397,57.856,72.591,52.22,28.059,0
21.223,3.1606,67.336,51.446,42.545,76.743,9.0693,55.222,8.7875,55.634,16.14,1.8315,13.421,31.715,41.083,57.095,12.013,51.181,73.454,62.253,20.328,71.566,18.225,29.779,75.348,57.759,65.61,17.718,29.743,48.937,41.408,59.545,72.804,49.384,30.787,0
23.036,0.13042,66.473,51.895,41.526,75.663,6.7846,62.732,11.602,55.795,19.078,6.4519,10.125,35.007,45.193,56.611,13.349,54.483,72.572,64.793,23.38,73.056,20.36,32.187,76.177,56.688,62.783,14.542,27.986,46.43,39.518,54.904,74.59,47.874,28.998,0
19.105,2.0358,68.237,53.004,43.277,78.987,10.134,58.164,7.1097,53.469,10.307,4.0252,6.9154,32.25,44.317,65.478,12.678,50.28,73.213,64.463,21.57,68.623,21.347,32.014,73.893,57.329,64.507,13.82,30.865,45.091,43.845,58.998,77.291,51.537,31.485,0
19.699,3.4158,64.335,51.024,46.353,79.449,7.995,57.903,9.9177,56.901,18.648,3.2901,7.2473,31.884,46.108,59.036,8.4703,50.704,73.108,62.517,17.598,72.237,20.767,29.349,76.839,56.327,63.001,12.475,30.213,45.93,38.724,57.296,76.797,52.381,33.208,0
24.129,2.2799,67.86,56.98,44.352,76.992,13.853,58.431,9.6098,55.512,16.288,1.8297,7.2663,28.909,41.618,57.283,9.6125,51.517,72.627,65.421,19.916,70.755,24.382,28.902,75.129,52.094,62.006,13.039,28.121,45.681,39.582,61.411,72.493,52.233,31.052,0
23.515,4.5188,67.043,53.035,44.714,81.062,13.128,58.099,7.9103,54.156,13.647,3.9242,5.9143,32.785,45.448,60.199,7.3897,53.778,73.827,62.327,21.259,70.822,23.134,35.149,72.922,56.339,67.251,12.782,30.056,45.518,42.456,57.225,75.112,51.956,29.431,0
21.319,1.6166,66.876,54.156,46.963,79.053,11.102,61.384,6.5774,56.054,12.567,3.4003,7.2646,34.025,43.527,59.508,10.72,54.452,75.592,65.74,18.542,69.772,21.498,29.716,73.702,56.889,64.155,15.991,30.109,42.921,40.805,57.088,75.342,51.04,32.277,0
24.231,3.2723,69.071,51.832,42.98,78.84,5.2595,56.514,4.0425,52.665,15.498,-0.35697,9.1852,30.18,43.27,60.308,7.5952,52.642,71.93,64.676,20.568,68.205,17.454,30.018,75.176,57.622,62.451,13.719,29.319,45.616,44.443,58.269,75.882,49.151,30.354,0
21.883,2.475,65.19,48.927,47.643,78.139,8.9547,58.697,5.0103,55.297,14.88,3.5947,7.0655,32.182,43.229,62.393,13.657,56.517,73.584,60.405,18.557,69.294,23.077,31.113,73.894,56.206,64.935,13.511,31.043,45.739,39.108,56.087,72.935,50.969,31.098,0
21.903,4.3502,68.677,52.672,45.008,76.139,9.0627,61.838,7.148,54.771,15.78,-0.059706,8.0402,38.364,43.096,61.935,11.192,54.051,78.294,63.408,22.21,68.336,19.14,29.992,71.985,59.994,65.188,12.242,28.705,44.151,37.799,52.891,76.309,45.724,28.178,0
22.913,3.2263,65.167,51.804,44.881,81.133,10.511,59.261,9.2195,52.542,12.938,2.974,9.8711,33.125,44.822,60.426,8.1879,54.037,73.377,64.092,18.162,69.952,20.183,34.005,74.17,56.594,65.295,13.536,32.214,45.587,38.55,58.63,73.59,47.776,30.544,0
20.266,-2.3566,66.353,49.589,45.767,76.16,10.997,59.992,7.0487,54.736,15.485,1.4927,10.497,31.777,43.194,60.336,10.975,54.297,76.584,64.137,21.48,71.331,21.722,27.976,73.368,60.872,61.143,10.385,29.224,44.944,38.035,52.612,74.512,49.679,28.62,0
21.25,2.3115,66.911,48.7,44.463,78.394,10.743,57.235,9.8809,52.359,15.777,4.7474,9.1341,33.304,41.967,59.967,12.668,52.188,74.739,64.672,23.11,68.617,20.171,32.142,76.212,59.977,63.349,13.017,26.705,49.07,43.261,61.442,74.253,50.874,28.08,0
24.505,1.4293,66.012,55.49,44.027,76.833,9.4062,58.093,8.1978,55.628,19.102,1.6693,4.8985,33.544,42.714,60.636,9.7528,55.728,73.908,61.72,17.253,70.575,24.828,30.004,74.204,60.339,65.388,15.385,29.358,46.48,42.858,60.414,74.821,52.252,32.834,0
20.569,4.5356,61.885,51.397,45.461,78.803,10,62.393,4.6495,56.252,13.58,0.63415,10.883,36.176,43.36,59.887,10.683,53.405,74.607,64.832,23.546,69.014,21.545,30.869,75.066,57.524,66.799,14.972,26.712,41.976,41.942,55.055,75.293,45.636,34.793,0
25.867,3.9011,65.038,51.742,43.408,82.312,8.5429,57.891,6.3171,56.077,15.018,2.804,6.6244,31.146,42.585,59.6,12.549,52.522,75.603,66.727,22.928,68.702,19.903,31.812,76.392,58.611,61.469,14.173,27.734,43.965,39.14,60.009,71.759,46.845,30.789,0
25.443,2.5403,67.466,51.771,44.039,78.274,10.292,58.22,7.5509,53.047,15.606,-0.23401,6.1822,34.621,43.711,59.472,8.8436,51.783,71.766,65.682,18.689,69.908,22.176,27.391,75.183,57.23,62.47,14.213,31.178,47.247,38.32,55.782,74.996,53.495,33.316,0
19.444,-0.9671,67.548,50.484,43.221,74.856,11.445,57.962,7.8248,57.54,15.839,2.3749,10.457,35.416,40.719,62.156,9.3849,54.196,75.037,62.015,19.328,69.547,21.233,28.928,72.402,57.295,63.331,13.261,27.504,49.524,40.202,55.382,76.555,50.461,30.995,0
25.41,2.9851,64.456,52.836,43.179,77.178,7.3613,58.325,5.7307,54.592,12.085,2.245,9.1448,37.818,42.45,60.011,8.2252,55.648,72.181,63.267,22.746,65.415,19.225,30.328,74.888,59.1,65.093,11.322,29.433,46.788,42.194,56.834,73.641,50.617,31.079,0
22.3,2.8344,68.324,52.536,41.771,77.955,11.044,60.48,9.6491,54.153,15.401,-0.47748,7.6654,35.097,44.717,62.509,8.2927,56.038,75.51,63.988,19.322,71.509,19.599,29.093,76.348,59.311,63.304,13.464,28.216,45.75,40.428,59.014,74.868,49.991,35.719,0
26.102,2.7167,63.466,56.609,45.382,79.522,11.935,58.294,6.374,53.471,14.905,0.86637,5.5048,31.772,48.179,59.233,11.583,55.304,75.545,62.996,19.238,70.979,21.752,33.056,73.006,58.225,63.731,12.827,29.161,42.336,40.23,55.372,77.488,52.151,31.357,0
24.146,1.6731,65.514,53.85,45.673,76.421,8.3217,53.543,9.2844,52.637,14.972,0.3776,9.3346,34.601,45.426,59.982,8.3609,56.671,72.453,64.207,24.632,68.647,21.312,27.522,73.679,57.911,61.883,12.056,30.828,44.86,39.843,58.72,74.824,54.323,36.099,0
24.542,1.3825,66.827,56.16,40.265,81.777,11.1,60.074,7.163,54.709,13.989,1.6477,8.9106,33.504,43.389,59.192,9.1882,54.306,73.567,64.118,20.707,69.757,22.538,31.104,75.261,56.328,64.184,13.456,24.415,44.035,39.507,59.139,78.174,50.839,32.36,0
25.72,0.082708,66.845,52.2,46.642,74.154,6.3438,60.104,7.808,53.603,15.33,1.8404,7.7872,38.095,45.632,64.455,13.781,54.788,72.996,67.335,23.105,68.211,20.883,33.036,74.908,57.357,61.816,13.072,29.088,47.53,41.561,60.513,75.2,49.665,28.868,0
21.822,1.6194,64.32,54.749,44.118,78.928,7.9972,60.344,7.8799,52.218,16.443,-0.47937,10.935,32.711,42.714,60.045,10.815,55.111,72.572,66.762,21.687,70.759,22.643,33.767,79.325,59.573,65.396,11.058,30.131,47.573,36.095,55.575,75.494,52.23,29.929,0
22.955,4.6813,66.665,53.634,40.926,79.044,8.0868,60.773,3.7688,54.894,14.665,-0.80544,8.1227,34.52,48.047,61.533,11.43,57.458,73.356,63.435,25.119,71.436,22.445,30.721,75.114,54.47,63.164,11.027,30.032,46.349,42.211,57.793,76.807,48.715,30.457,0
26.334,5.6077,66.739,52.063,40.353,79.356,8.0804,59.132,8.7021,52.524,10.613,-1.928,8.0104,35.073,44.687,58.3,11.076,55.331,75.286,64.645,23.447,70.036,23.572,28.275,73.792,55.521,65.881,11.189,33.457,47.178,40.466,60.847,75.911,52.681,29.862,0
25.67,0.16061,65.891,53.6,47.627,78.375,6.5979,56.061,6.9504,54.103,15.026,3.2034,7.7857,31.557,42.307,58.29,8.6301,52.568,74.625,67.213,19.111,71.153,21.277,32.179,72.923,60.51,63.48,15.426,27.182,48.459,39.451,56.058,75.193,48.11,35.579,0
25.451,-0.35895,67.654,50.948,42.33,77.365,7.9925,59.469,3.6582,56.762,14.262,-1.7828,6.8948,32.538,47.129,60.011,12.502,52.735,76.1,62.758,23.083,68.438,22.207,29.749,75.179,56.151,60.508,12.005,26.763,46.722,43.177,56.387,74.21,51.306,31.673,0
16.64,4.3683,68.064,52.019,47.556,81.547,11.982,56.551,8.8691,50.409,13.39,2.0953,6.6688,33.771,43.524,59.972,8.8551,58.858,73.354,63.859,17.271,67.104,16.355,32.083,74.56,57.12,65.813,12.639,28.07,47.171,40.623,56.212,77.622,53.167,28.203,0
20.387,4.4073,64.083,54.263,41.284,79.051,10.44,56.919,7.1996,55.328,17.719,7.1781,5.359,30.809,44.128,57.2,10.881,54.01,78.537,59.992,22.003,70.836,23.744,31.506,73.713,61.017,64.025,13.184,27.579,43.49,42.635,55.732,74.854,53.907,35.571,0
24.45,0.24034,69.799,53.116,45.155,75.351,9.2393,59.57,7.8892,51.977,11.663,2.3034,11.397,33.235,45.341,60.937,11.084,54.826,74.002,67.65,24.319,68.215,20.237,33.835,75.496,58.033,63.442,12.467,29.723,45.424,41.418,60.147,73.369,51.31,30.789,0
22.464,5.4208,69.275,54.128,42.99,78.366,7.4808,58.983,7.8923,56.165,16.695,4.4223,6.844,35.475,40.661,59.587,9.4927,52.96,76.102,66.782,23.832,70.357,17.285,30.85,76.14,56.761,63.692,12.027,28.389,44.639,40.676,59.368,73.819,53.175,32.985,0
23.981,2.9677,66.734,51.88,43.362,75.514,8.6641,58.725,8.8894,53.865,16.372,2.6202,9.5938,31.328,43.963,59.293,12.798,53.887,78.357,64.271,18.455,69.178,21.192,33.11,73.528,57.96,63.771,13.37,30.451,49.552,39.615,58.08,74.379,48.677,31.715,0
25.195,5.6636,65.395,52.866,39.177,81.818,6.2238,53.938,6.7846,55.459,15.974,3.3421,8.1527,35.463,42.564,57.049,12.946,55.686,75.267,60.195,18.675,67.378,21.504,29.004,77.205,58.406,66.576,15.91,26.598,45.925,38.915,59.427,77.652,51.405,32.573,0
25.69,3.7757,66.327,49.239,43.449,77.997,8.0899,60.076,10.108,53.904,14.086,5.6586,7.6342,33.649,44.781,59.467,10.142,59.075,73.838,67.533,18.939,69.004,21.652,29.363,77.754,56.093,63.92,13.784,26.597,42.995,40.222,55.932,75.167,53.319,34.942,0
22.549,5.9889,70.445,51.234,42.692,77.617,6.42,57.184,5.3997,55.591,11.179,3.13,10.89,31.65,44.901,60.189,8.728,55.411,73.067,63.831,22.978,69.951,16.845,30.497,77.183,60.457,65.12,15.379,27.226,46.623,39.884,57.055,71.171,50.867,30.091,0
20.056,4.843,67.992,52.191,44.969,76.159,8.3899,59.913,5.3759,55.13,17.229,1.2809,10.774,33.868,42.298,58.149,6.7895,55.587,72.239,68.542,20.966,67.961,23.012,28.504,73.198,57.571,64.302,13.717,27.938,45.01,41.296,57.399,76.187,52.187,29.972,0
24.234,3.5407,64.368,54.375,44.552,78.518,10.378,61.524,3.9755,51.949,11.941,3.8768,8.8534,34.743,42.744,59.469,11.253,54.077,77.027,64.224,21.417,71.27,19.36,29.152,77.883,57.9,61.638,10.618,29.63,43.723,39.623,56.124,75.032,51.058,32.271,0
20.202,3.3381,65.299,52.516,44.125,81.216,10.026,56.635,9.0896,56.145,18.117,4.6428,4.9255,31.736,46.268,58.963,12.534,51.753,76.128,60.118,22.294,68.692,20.809,31.162,73.234,61.923,65.436,11.474,27.103,48.216,40.208,56.314,75.089,54.741,33.951,0
22.274,1.5802,63.7,54.772,41.132,79.747,10.781,62.379,9.5963,53.905,12.629,3.1128,7.4759,36.472,45.28,62.157,9.428,56.091,74.263,63.404,21.459,70.559,19.72,35.126,71.909,58.279,61.924,11.174,27.081,46.942,43.526,56.652,77.482,49.308,31.577,0
21.644,5.613,68.763,51.733,43.42,80.076,11.483,60.153,5.4495,55.089,18.058,1.9153,13.152,35.261,44.008,63.204,9.0584,57.123,75.51,65.863,18.747,68.845,21.707,32.406,75.552,61.155,62.682,13.788,30.194,47.058,40.544,57.28,74.48,51.626,28.681,0
23.662,2.9357,68.016,52,46.156,79.558,8.8738,63.343,11.287,54.011,13.013,4.3295,8.005,31.065,40.719,60.71,9.5983,51.529,77.33,65.323,18.714,71.898,17.567,30.01,74.056,57.473,65.596,12.865,26.572,42.241,42.131,58.299,71.414,49.162,30.86,0
24.563,3.9903,66.315,54.192,43.473,78.608,8.0947,62.458,6.766,59.963,12.532,0.71136,8.0655,36.684,42.424,58.908,11.593,55.692,77.271,65.272,22.296,66.477,22.749,28.128,74.659,61.584,65.645,12.132,32.802,43.563,40.607,57.253,77.118,52.695,34.182,0
24.222,3.8121,65.446,54.644,42.125,78.581,6.8937,58.04,6.7719,51.496,13.197,4.4593,9.0584,34.706,40.161,60.415,12.785,50.956,76.641,65.359,19.771,69.765,16.587,29.659,75.595,62.645,68.559,15.573,30.676,43.658,40.155,53.819,75.596,49.322,31.546,0
23.935,4.6566,70.609,53.802,42.852,76.435,9.6641,60.762,4.8893,49.998,14.147,-1.6039,7.0582,32.878,46.203,56.647,10.686,54.366,75.887,63.676,20.945,68.516,24.216,32.989,75.227,58.751,61.135,12.55,28.106,46.005,39.537,58.325,74.957,48.055,29.879,0
25.918,5.3066,67.127,52.115,41.999,77.92,8.2509,55.931,12.453,57.816,15.4,1.1612,7.3288,33.027,42.827,58.264,12.979,56.815,77.895,62.001,20.1,69.64,22.846,26.996,76.023,57.316,66.608,13.67,29.466,48.99,43.253,54.665,75.533,51.006,31.671,0
23.364,1.9601,63.739,50.941,43.273,83.423,8.1242,62.069,12.142,53.129,15.76,3.7382,9.4018,34.253,43.951,57.235,9.8014,58.003,74.483,64.207,23.699,71.139,21.143,27.788,73.552,60.476,63.694,14.196,31.127,45.297,42.755,57.042,72.969,49.493,27.047,0
20.313,1.5031,63.974,53.239,46.47,78.362,5.106,59.241,4.5093,53.402,14.446,0.082529,8.1533,35.854,43.681,57.216,9.0952,55.805,73.728,64.85,19.182,71.004,22.429,30.806,72.814,57.237,63.077,13.381,25.521,44.063,38.211,55.836,74.76,47.788,29.724,0
24.86,5.4979,65.996,50.417,43.671,77.592,10.752,65.55,3.8292,54.003,16.041,0.65385,7.0746,36.497,41.86,60.284,12.203,54.067,73.708,63,19.888,74.184,20.968,31.621,74.684,58.755,64.213,10.244,26.238,44.993,43.012,57.117,75.441,56.383,28.848,0
22.878,5.9975,67.745,54.065,43.472,81.425,10.863,60.99,6.9107,55.371,15.069,-0.95251,8.8962,32.414,46.102,62.654,10.928,53.181,74.895,61.516,21.321,66.182,18.997,32.694,78.016,57.817,63.94,16.427,28.983,47.625,37.845,58.261,77.114,51.973,33.934,0
25.714,2.644,67.172,57.31,43.937,80.164,8.4946,58.895,12.731,51.07,15.015,4.5189,8.2013,31.501,43.468,61.679,9.3703,53.516,74.438,66.303,21.007,68.131,20.479,32.412,74.627,58.868,64.344,16.928,30,49.098,42.627,57.092,74.72,51.547,31.625,0
24.415,0.35747,68.851,52.279,44.319,76.669,9.9605,56.52,8.2821,53.767,14.512,0.38991,5.6489,30.333,43.327,62.673,7.5564,55.533,75.218,66.478,21.075,72.663,20.563,33.606,74.597,56.616,64.465,10.387,27.226,41.762,40.177,56.899,72.881,51.891,38.453,0
25.327,2.4732,69.034,53.307,41.757,77.387,6.1745,62.937,3.9573,53.31,12.16,0.52941,8.8387,35.588,43.193,59.361,11.243,54.819,72.485,67.064,19.958,67.538,20.81,32.137,72.087,56.149,63.709,16.109,28.029,44.193,41.575,57.371,73.102,49.563,30.979,0
64.876,41.53,47.9,62.76,31.579,47.402,66.932,40.817,18.01,33.808,31.316,53.474,74.322,32.132,42.304,20.825,62.332,66.804,79.161,72.448,74.934,7.9888,21.261,15.445,30.126,20.763,55.479,33.259,6.5676,72.1,7.1585,75.178,4.6266,10.025,19.809,1
74.127,36.813,42.66,70.085,30.725,47.451,77.191,42.164,22.966,34.584,35.562,52.657,78.518,34.757,39.303,14.274,66.743,68.943,86.632,69.817,70.966,-2.6552,20.112,13.574,33.203,25.237,49.7,35.117,2.0375,69.196,3.7481,66.018,6.0329,10.286,19.859,1
73.487,42.135,45.044,67.556,25.257,43.685,70.279,45.514,23.233,30.145,39.506,51.48,70.715,26.718,32.421,13.666,69.05,65.245,83.027,68.321,67.915,-4.5453,16.425,17.339,29.917,26.307,57.081,34.95,0.52364,65.149,3.5056,71.256,5.8453,4.5639,24.209,1
74.442,33.551,44.071,65.698,28.575,40.936,72.798,42.759,20.537,30.413,32.316,54.221,71.605,31.36,36.932,18.025,68.827,67.831,80.29,74.364,75.446,1.6132,23.375,17.688,28.04,25.035,58.428,27.629,2.3455,72.865,5.3961,68.168,10.711,9.4416,20.624,1
73.731,40.674,48.315,60.605,32.595,43.891,72.839,45.507,14.366,27.099,31.758,51.93,70.87,35.106,41.194,20.083,69.849,65.194,81.31,67.335,69.298,7.4773,22.1,13.455,29.005,20.313,52.108,34.862,2.6471,70.262,4.1862,73.502,1.1155,6.5013,22.049,1
73.969,40.64,46.673,61.35,29.839,39.408,69.233,45.681,22.359,26.638,29.477,54.42,71.603,30.55,38.572,19.635,67.543,66.262,82.674,70.419,69.745,-0.30525,26.679,13.614,36.022,22.663,57.499,35.008,8.9376,72.955,9.8084,67.786,4.5366,12.327,19.629,1
71.837,37.151,46.317,68.531,31.941,34.525,71.539,43.309,23.512,39.101,31.387,52.718,74.434,30.423,40.066,18.09,73.913,64.183,82.082,72.913,70.136,-0.70974,21.429,11.77,31.692,24.425,52.634,30.507,-3.0775,78.279,3.9828,65.278,5.6979,10.154,24.844,1
69.252,45.163,47.523,68.39,26.845,48.065,77.232,41.649,19.96,34.716,34.956,50.53,81.492,31.772,41.793,15.8,62.856,64.841,75.973,67.966,76.066,1.4334,24.34,13.459,24.64,21.352,57.275,32.086,5.9803,77.212,9.2905,68.998,6.1871,8.38,19.161,1
67.995,38.722,44.452,63.306,25.167,44.149,76.414,43.588,18.34,35.441,34.511,52.718,71.277,30.369,43.602,18.732,65.083,69.133,81.652,74.844,72.971,1.3344,26.505,16.589,35.947,24.675,55.741,25.259,0.98775,72.358,7.396,74.212,3.8687,6.3464,20.386,1
71.255,42.247,42.892,65.93,33.773,40.972,70.488,46.984,23.83,37.979,33.693,50.898,72.176,34.315,41.684,18.567,66.332,62.738,84.357,70.282,75.153,1.9772,22.561,15.344,31.618,26.777,60.051,34.483,3.7746,73.373,8.5691,73.189,9.8536,9.5626,18.811,1
77.322,38.367,48.446,64.893,28.917,41.965,66.45,46.976,22.734,28.837,31.875,53.401,71.369,32.276,44.259,17.597,72.465,66.72,82.945,67.324,71.2,2.4739,23.23,18.758,29.217,21.62,51.247,34.182,4.2583,66.699,5.8989,69.808,10.939,11.697,18.882,1
76.853,38.012,44.615,69.711,28.843,37.966,67.967,36.544,18.985,35.267,32.455,52.985,74.196,33.644,40.86,15.673,64.65,69.37,77.717,76.327,72.379,-2.7677,18.648,21.477,33.888,20.914,60.978,34.649,6.3674,70.438,13.936,65.438,2.7587,4.981,20.656,1
72.372,46.111,44.594,65.425,31.689,47.137,69.454,44.255,24.807,33.805,33.114,53.143,77.203,30.723,39.93,18.301,71.255,66.834,75.528,65.514,69.338,0.69083,22.269,14.793,35.703,25.086,56,31.134,2.0507,71.416,8.2146,70.267,7.7961,14.776,26.352,1
73.302,39.443,41.743,66.571,27.599,40.608,71.773,42.846,19.606,35.446,31.708,55.75,74.309,36.097,42.33,19.743,65.68,62.779,81.495,77.403,68.39,-6.5287,24.644,20.324,35.923,24.337,50.678,29.548,1.0844,67.268,9.1526,72.335,2.0338,10.013,20.762,1
73.497,42.863,49.232,67.784,29.806,40.138,74.059,46.077,24.798,32.921,29.551,53.734,76.293,34.71,39.373,13.6,69.646,65.844,80.284,65.333,69.703,-6.9444,21.488,12.277,26.629,20.041,53.42,31.512,-5.1322,68.044,3.7897,68.325,3.7343,5.8022,18.921,1
75.786,37.851,41.192,65.6,32.136,40.934,72.936,46.586,22.446,32.756,32.132,52.717,71.182,33.334,39.994,16.939,66.471,62.951,77.022,70.365,74.514,0.81292,28.81,17.353,39.763,25.261,60.458,35.867,-3.0203,67.52,8.9507,68.48,7.4079,12.107,17.486,1
64.152,47.576,46.579,68.37,30.832,41.986,66.73,48.279,20.228,31.102,30.39,53.521,70.813,32.379,37.843,17.394,64.564,72.635,76.769,69.376,77.201,-0.0093632,20.711,19.768,30.754,21.841,53.204,34.372,6.6475,72.925,11.013,68.103,4.9449,6.7368,16.814,1
67.154,41.428,43.673,66.717,32.617,39.117,73.487,46.777,23.79,34.744,33.44,47.145,72.068,39.709,35.194,12.57,66.021,68.733,78.402,69.308,66.353,-0.35227,29.335,10.305,33.791,24.276,49.211,30.264,-4.0246,72.786,13.773,69.512,2.7486,3.3049,24.181,1
72.437,39.85,46.047,68.04,31.882,41.107,68.848,40.923,21.333,28.536,32.18,49.8,70.577,34.101,44.084,12.592,66.359,74.678,75.103,72.344,72.934,2.1001,24.106,12.815,31.164,21.327,59.645,36.976,3.4833,67.251,10.683,66.569,6.9475,14.626,18.187,1
72.554,40.715,44.807,60.848,30.052,43.711,73.472,40.903,18.733,27.266,35.083,51.553,70.763,28.67,40.767,19.275,64.075,62.995,74.683,68.272,78.752,1.3031,19.023,11.662,26.092,17.62,56.107,34.997,4.3297,70.625,4.454,74.208,2.242,10.631,22.303,1
73.341,46.538,40.857,66.176,30.023,42.442,63.777,42.388,25.594,36.104,29.469,55.828,71.513,26.532,36.643,17.106,71.023,65.298,79.682,66.337,71.461,-2.2699,19.029,13.165,36.404,31.735,53.731,32.632,5.2148,72.971,1.7303,65.983,1.8296,11.45,20.553,1
67.773,42.837,47.473,71.551,31.47,43.212,75.216,44.466,18.976,26.959,34.209,50.194,69.17,30.093,43.692,17.419,65.11,65.746,78.946,69.567,68.811,1.1847,23.359,16.338,36.521,24.905,58.62,31.01,10.017,67.714,4.4086,67.965,9.2098,10.045,21.356,1
71.224,35.251,47.068,68.958,35.512,41.354,72.443,42.317,20.19,33.406,34.568,52.147,72.027,28.992,36.623,14.143,64.909,65.859,83.581,70.43,72.056,-1.0958,21.896,13.1,32.715,26.415,57.722,36.055,2.4379,72.946,6.0913,71.013,7.6475,10.771,18.633,1
72.462,39.93,45.532,66.154,30.023,38.974,71.204,42.795,20.903,26.447,33.644,52.315,68.548,30.008,42.294,12.828,66.382,65.292,81.53,68.976,71.338,2.9521,22.867,14.962,32.091,25.386,56.49,35.704,9.7673,78.333,9.5717,70.128,5.4658,11.683,19.657,1
75.761,38.97,44.94,64.758,30.927,43.569,71.395,39.945,22.229,30.258,29.674,53.731,70.476,33.437,37.949,12.502,69.194,67.359,84.173,67.328,72.563,2.8584,21.924,16.654,36.13,27.658,56.741,29.041,-0.37781,69.782,8.4302,71.507,5.738,12.131,21.517,1
71.679,37.251,48.275,65.762,26.43,45.162,73.845,43.276,24.521,33.111,31.94,51.3,69.692,37.964,37.779,18.902,64.426,66.111,84.527,63.253,71.98,2.1751,23.59,16.071,28.922,12.799,56.62,28.356,2.1922,75.88,4.6745,70.697,5.9222,12.944,23.943,1
69.005,45.878,45.236,69.548,34.829,46.631,71.47,38.526,18.313,38.874,38.548,53.639,72.258,31.416,44.06,16.29,64.28,65.277,79.928,70.404,71.205,0.12373,23.926,15.415,36.398,25.585,59.677,26.438,1.6013,66.972,6.6728,66.185,7.8185,13.267,16.986,1
72.258,41.728,42.595,66.648,31.973,39.659,75.395,45.555,27.661,29.26,35.452,52.575,72.577,36.574,39.794,21.175,66.31,71.345,71.783,73.067,73.559,-2.1214,19.639,14.594,32.326,25.847,55.878,25.415,-3.9798,66.87,6.3867,66.774,8.5263,6.0024,23.912,1
70.728,42.233,46.304,69.386,28.815,44.537,71.921,44.152,26.481,28.937,35.792,55.476,69.587,31.882,35.183,18.311,69.178,63.093,82.81,73.175,69.361,-2.8238,25.322,11.174,29.329,23.177,55.856,37.187,4.3663,75.303,4.3535,69.897,4.1989,10.352,20.209,1
68.803,38.444,48.703,62.935,31.861,43.48,70.008,42.358,22.544,31.772,32.138,47.188,68.421,36.287,40.413,20.032,63.983,61.904,79.868,64.926,72.537,3.6644,20.577,16.758,32.412,18.247,52.17,34.645,1.7977,70.073,9.9733,70.437,9.185,10.501,25.834,1
66.972,41.215,42.591,67.243,34.183,39.83,68.211,43.378,21.942,34.009,31.14,50.263,71.928,31.665,43.29,13.484,67.109,66.077,80.861,68.092,74.004,3.1625,20.21,13.256,31.469,23.552,60.283,39.055,-2.3369,67.214,4.9926,64.419,9.1035,9.642,24.423,1
70.22,41.546,45.335,64.958,29.673,40.339,68.582,46.775,20.824,30.427,34.093,53.749,72.202,33.132,41.889,16.398,66.273,65.748,82.623,72.699,73.779,4.4145,20.391,15.304,34.358,23.371,53.412,31.289,2.4312,73.739,9.9787,69.304,5.56,13.668,18.504,1
72.933,42.211,42.042,68.96,30.996,44.386,71.565,43.928,23.413,30.614,34.888,49.299,72.802,30.228,36.438,13.136,68.104,67.375,78.962,72.18,70.18,0.069063,23.892,15.712,33.776,17.829,57.952,32.659,-2.1269,78.754,11.542,71.551,6.8624,8.5593,24.459,1
74.619,36.503,45.967,61.604,27.733,47.115,69.308,41.826,20.934,31.437,27.204,47.94,73.567,33.425,35.242,14.893,68.32,66.303,77.644,71.943,62.396,1.5922,24.232,16.073,28.549,22.605,53.752,30.791,-2.7494,70.163,9.7081,76.119,9.8392,12.387,19,1
72.898,35.799,44.089,62.561,35.206,48.45,67.624,50.95,20.174,37.308,39.084,54.499,70.354,28.642,41.802,12.17,65.793,68.863,76.087,72.147,70.887,-0.29536,19.768,18.845,34.386,19.486,60.049,34.675,-2.72,68.807,5.7339,67.345,10.298,14.094,20.432,1
73.364,41.591,41.266,69.356,26.096,42.416,68.616,48.085,21.763,32.841,35.683,54.061,68.977,32.579,41.461,15.864,70.944,70.943,82.913,74.28,75.914,8.2114,21.649,14.775,34.411,22.679,55.986,34.777,-5.2676,75.006,5.3771,64.352,7.3044,9.9514,19.119,1
70.247,41.665,44.059,62.924,29.772,39.042,69.117,39.607,25.961,33.823,38.851,55.413,76.788,28.677,38.173,18.112,62.323,64.625,78.383,74.116,75.181,0.94281,24.675,12.036,30.692,23.507,52.66,38.563,0.47253,71.956,8.7766,69.576,6.4429,8.5506,18.463,1
77.501,39.208,49.406,67.813,31.178,43.725,72.223,44.177,23.241,34.996,30.016,48.712,69.446,29.126,34.121,18.124,64.447,69.016,81.62,67.257,66.234,2.3717,27.544,18.003,37.661,17.205,58.392,36.545,3.9757,68.083,9.2306,69.003,-1.2008,15.029,17.92,1
72.818,40.818,47.56,66.024,28.318,41.657,73.291,46.606,22.658,31.318,29.732,46.391,72.508,31.148,47.206,18.548,61.266,66.501,84.026,65.356,69.12,1.8246,24.652,13.881,37.839,23.607,52.578,33.725,-0.53649,69.403,2.5655,69.144,4.3458,6.2668,17.467,1
71.727,44.766,41.734,62.809,31.126,47.648,73.436,40.312,20.608,33.64,29.292,43.371,70.356,28.036,35.525,16.276,67.644,70.652,81.515,71.887,70.838,2.2185,22.585,9.03,33.814,23.18,60.077,35.087,2.4416,71.402,6.5432,67.328,6.9266,8.6307,17.957,1
68.852,43.374,44.072,67.066,28.361,39.906,68.683,47.451,20.643,32.88,28.834,50.839,70.632,35.852,38.871,21.543,63.61,66.315,81.192,67.061,70.652,-3.0472,23.778,11.195,37.353,26.038,57.338,30.982,-1.6749,71.256,13.071,68.501,3.0497,8.0626,19.746,1
75.982,42.79,41.893,70.35,29.967,42.072,73.152,44.192,23.094,31.454,34.872,46.522,68.853,25.859,37.496,20.84,70.431,69.534,81.106,71.062,68.635,1.1968,17.187,19,32.842,18.703,58.764,40.735,-1.6191,69.393,9.153,70.074,3.4519,12.113,16.791,1
72.53,39.726,37.346,65.327,26.808,40.98,70.329,44.94,24.183,32.886,32.069,51.826,77.868,31.411,38.856,18.973,61.139,60.821,81.788,66.964,72.198,1.1374,20.024,15.679,32.73,24.171,51.064,33.237,1.0252,70.301,3.0289,63.786,3.1573,6.4487,18.016,1
67.732,42.979,49.715,65.288,30.157,43.351,68.059,43.366,21.972,31.985,30.715,52.126,76.474,29.647,37.887,15.448,71.81,63.751,81.993,67.77,68.788,-0.91116,22.568,11.996,37.03,19.352,52.295,36.054,3.2766,68.438,9.565,68.618,7.3774,11.762,22.658,1
71.897,41.172,44.171,64.482,32.923,40.141,69.775,40.068,16.482,34.92,31.316,56.598,70.732,33.396,38.15,18.405,68.255,68.45,79.686,69.708,72.132,0.23994,21.102,14.52,34.461,23.702,57.301,34.009,0.40944,75.793,7.6531,67.244,4.0237,15.258,18.84,1
70.87,38.937,42.663,66.147,33.012,42.349,67.725,43.169,21.363,23.684,28.492,53.903,74.432,27.656,38.646,16.789,64.296,63.239,81.59,67.779,68.57,0.029793,21.33,16.58,33.71,28.394,57.303,35.322,1.4204,73.319,1.7334,68.831,4.5238,10.549,25.553,1
69.964,41.881,43.428,70.674,33.163,45.704,72.771,44.202,22.128,27.825,33.035,53.426,71.222,32.486,40.758,19.91,62.06,66.745,81.716,68.712,70.613,1.5556,25.941,11.826,30.857,24.456,59.401,35.706,2.3268,76.939,2.3021,68.238,4.0591,8.8881,19.906,1
70.787,47.285,42.199,66.986,32.18,45.061,74.18,40.49,21.192,29.347,29.351,47.967,71.756,32.637,35.805,16.22,62.911,65.138,81.885,72.265,74.173,-1.6047,21.069,15.622,35.677,21.353,57.024,31.185,-0.42928,72.015,1.3191,69.494,15.094,7.2385,16.485,1
75.419,45.26,46.078,68.361,28.595,40.113,74.429,46.556,26.841,27.673,32.983,53.338,76.135,34.961,39.557,19.851,64.812,68.407,82.511,66.176,72.671,4.3903,17.375,14.055,36.303,24.063,56.988,35.061,-2.3216,69.056,6.5627,66.859,3.9805,7.4424,16.994,1
70.136,42.09,42.149,63.15,25.703,39.783,70.568,48.822,16.114,35.37,36.868,49.563,77.166,35.992,37.469,13.884,62.884,67.092,81.139,70.739,73.338,2.5968,25.018,16.225,33.338,20.545,54.433,38.543,-1.7667,71.869,8.746,71.992,1.1854,13.408,21.347,1
74.828,36.186,46.172,67.228,29.848,41.934,70.081,39.104,21.837,26.795,35.653,48.13,80.205,34.614,31.982,14.652,69.965,77.318,79.268,68.981,72.913,0.76416,22.904,14.431,32.183,27.52,53.556,31.545,0.028433,74.825,9.9786,66.086,6.6702,13.589,23.579,1
71.662,33.071,50.959,67.706,30.942,44.302,75.192,47.093,26.631,32.697,32.025,51.873,69.737,29.399,37.331,13.326,67.209,68.779,80.158,71.529,69.443,-2.3812,26.725,15.226,33.604,25.23,54.136,36.477,2.6812,68.48,7.5348,69.548,3.6887,12.94,25.662,1
73.035,39.393,46.038,70.956,28.287,39.747,70.619,44.568,20.896,30.784,30.537,49.724,74.92,30.38,33.763,15.67,68.967,68.176,86.001,72.476,69.655,0.10802,24.011,13.253,31.442,19.554,54.323,36.289,4.3123,70.566,5.3362,70.925,5.5589,6.1922,16.38,1
66.13,40.823,47.068,59.59,28.667,46.758,74.208,40.795,19.646,26.56,33.038,49.654,74.722,33.519,37.615,20.36,69.217,74.756,82.094,77.843,69.284,-1.9459,20.301,16.963,40.462,19.789,55.116,32.513,0.070863,66.249,8.6056,69.542,6.2044,9.2426,20.331,1
67.292,40.472,46.636,68.81,26.631,43.05,69.645,46.982,23.855,34.941,31.142,55.874,71.262,30.32,40.949,21.277,67.371,68.221,78.206,69.171,78.684,3.4411,23.589,15.058,34.031,19.811,55.132,29.312,4.2052,66.968,1.3955,67.642,3.7751,6.1974,22.368,1
68.547,39.307,46.614,69.599,31.926,43.654,70.4,40.975,19.137,33.887,36.637,52.7,70.023,28.2,39.411,15.318,66.872,64.499,77.84,66.672,74.193,2.2997,24.428,12.326,37.452,29.413,55.45,35.571,0.65211,67.153,6.9602,68.98,6.1441,17.284,9.4163,1
73.921,38.199,44.251,64.839,25.302,42.499,70.064,48.947,24.35,28.458,30.199,53.151,71.069,36.266,40.832,16.901,65.906,61.833,77.012,72.491,72.299,1.9365,24.792,11.687,32.64,26.69,59.514,35.204,-1.9924,71.9,6.3792,67.846,0.93245,4.11,16.376,1
74.509,42.432,46.827,64.256,26.351,46.145,71.053,44.666,21.664,29.888,35.431,47.358,70.945,32.983,38.446,15.287,65.6,63.998,81.251,73.277,68.073,-0.03258,19.988,16.002,32.7,25.443,54.988,29.897,1.5112,67.232,10.984,67.938,1.6208,9.3445,19.011,1
70.024,41.41,45.609,69.826,26.2,38.754,68.513,46.86,20.751,33.441,25.275,48.661,76.317,33.4,39.371,13.613,67.451,63.812,76.09,74.822,73.211,3.6419,18.837,13.643,34.15,22.209,60.238,36.63,3.5378,67.712,12.209,69.108,7.4602,11.178,23.454,1
72.452,48.342,45.614,69.255,30.198,43.004,74.416,43.234,25.71,28.651,32.83,50.033,75.828,31.529,44.541,17.945,68.153,66.612,77.94,74.042,74.112,-4.5318,27.127,22.247,35.404,22.674,57.096,33.753,-0.21295,69.82,4.8325,72.254,1.3666,5.2719,22.835,1
73.131,39.521,49.873,68.181,31.615,45.366,70.434,40.588,25.814,37.208,37.454,52.517,74.289,33.507,37.971,11.732,66.691,65.595,81.773,71.235,69.257,-3.0292,21.079,14.955,28.165,26.046,53.029,29.011,3.6761,72.564,7.206,67.615,8.4169,10.753,25.057,1
66.035,42.303,42.266,66.259,28.311,42.832,70.515,42.256,13.695,32.458,36.707,55.073,74.208,28.952,39.263,17.878,65.385,63.759,82.244,62.029,66.252,2.0705,21.825,10.224,36.571,25.134,54.604,30.23,3.7843,69.284,3.7091,71.886,6.4635,12.368,12.673,1
71.425,42.875,43.691,64.253,30.646,43.087,70.647,40.791,23.704,30.237,33.445,54.965,73.905,30.817,39.848,15.602,70.684,65.214,80.429,66.447,70.735,-3.1833,16.564,18.167,30.81,22.759,53.668,29.329,0.3528,68.998,10.93,71.322,5.2484,9.8662,15.927,1
73.276,38.682,42.068,65.061,35.428,39.999,72.066,45.251,21.686,36.741,32.27,54.41,78.372,35.112,37.012,21.106,70.441,64.088,83.632,73.226,72.9,-1.2219,21.488,18.508,33.551,23.057,52.61,34.44,1.7691,72.223,5.9374,72.22,5.9791,9.6476,20.744,1
73.048,38.349,47.812,66.098,30.332,48.154,64.496,41.989,19.086,32.381,32.348,49.352,72.103,30.005,38.585,21.5,67.14,65.373,76.209,67.935,67.233,-0.27066,22.553,17.467,38.13,22.63,56.567,33.409,1.3342,72.768,9.3623,69.815,4.0501,10.835,20.2,1
68.414,39.942,42.295,65.994,30.746,39.733,74.41,40.786,24.316,28.616,25.189,52.142,72.336,31.867,35.543,17.256,68.33,65.515,78.057,69.636,68.692,3.1678,22.391,14.199,38.261,23.64,57.484,36.155,-3.0217,71.284,4.3787,68.623,9.6472,8.5593,18.233,1
76.993,38.008,43.533,62.041,30.072,40.721,67.761,41.155,21.046,35.316,32.531,55.863,69.084,33.614,40.936,16.501,72.645,65.678,80.755,70.658,73.908,-0.91155,20.976,15.213,29.566,21.293,57.558,32.554,5.2892,74.203,0.79273,64.94,4.5755,8.5681,31.19,1
76.492,39.683,46.747,69.487,32.466,42.614,70.474,47.677,25.538,32.396,39.682,51.631,71.117,29.674,35.922,19.56,71.711,65.65,84.212,68.48,69.069,2.3199,21.397,15.173,33.041,18.754,54.455,39.473,3,72.968,13.566,62.75,3.3902,14.202,20.804,1
68.846,41.934,48.238,71.638,25.311,44.007,71.211,42.222,21.619,35.822,32.97,51.186,73.479,27.273,38.912,19.562,68.11,64.536,76.211,64.879,68.679,0.45829,19.277,16.201,29,22.525,55.457,39.118,2.2037,66.793,3.4468,69.409,3.6594,12.671,20.876,1
71.936,38.042,49.777,64.957,27.931,45.746,71.238,41.162,16.811,32.057,28.745,51.116,68.097,26.46,36.212,19.479,68.94,59.325,87.011,72.493,69.044,0.083396,23.335,11.417,35.727,23.523,58.077,33.392,3.6107,72.142,5.7143,71.929,9.1086,10.149,18.471,1
72.863,37.795,48.928,68.746,36.357,46.856,68.125,42.182,13.132,31.963,32.077,52.302,69.425,37.026,41.215,20.892,59.174,63.404,77.197,71.632,71.077,0.66578,20.905,13.917,25.496,23.891,58.121,37.864,3.4677,68.382,7.3842,67.625,6.0209,10.346,19.069,1
74.214,35.738,41.314,65.227,26.418,42.596,70.669,42.903,21.797,32.558,31.132,51.204,70.224,34.749,41.78,17.522,68.437,66.578,81.336,69.02,73.873,1.9938,21.675,16.389,32.925,24.7,53.191,32.24,6.221,69.186,4.1079,64.141,8.2141,16.753,24.732,1
72.254,43.321,41.155,63.774,29.96,43.966,66.799,42.572,20.238,32.892,32.377,51.18,71.021,30.427,35.546,16.55,66.992,70.497,80.597,68.705,70.319,3.4195,19.033,9.3739,27.035,20.079,50.988,35.621,2.3312,73.632,2.4648,71.927,2.9136,7.5748,22.981,1
73.777,37.557,48.537,69.923,24.68,45.091,71.236,44.329,26.261,38.908,36.574,55.748,78.823,31.593,35.483,23.564,67.379,69.02,80.643,66.266,75.39,2.0549,22.586,14.021,33.769,24.152,59.583,31.867,1.1257,70.775,6.8935,74.413,8.867,8.4479,18.354,1
66.631,42.625,49.345,72.015,30.556,38.233,62.793,37.974,16.097,34.891,37.262,53.239,76.241,32.636,39.813,16.466,57.821,70.088,83.816,68.161,66.484,2.4309,22.03,19.654,33.518,25.249,56.37,28.549,0.30332,77.128,6.8241,68.983,9.9813,10.501,23.622,1
66.362,38.666,48.564,63.098,25.712,39.633,66.945,43.603,22.918,35.436,32.822,53.901,75.139,31.614,41.632,20.443,63.204,61.641,74.066,69.349,75.779,3.1601,20.461,18.01,32.254,18.411,49.148,36.587,4.2788,74.508,2.3006,66.255,2.3244,13.832,18.638,1
79.356,38.039,40.295,66.75,25.059,41.146,67.145,45.414,25.301,32.228,35.205,52.869,72.131,27.013,39.149,15.301,64.095,66.482,74.904,72.58,74.34,0.4797,27.46,13.217,29.504,25.931,61.326,36.304,4.2468,71.723,7.5571,63.605,6.9566,6.7,24.103,1
71.104,38.888,47.435,63.051,32.831,44.865,68.043,45.95,26.518,35.077,37.324,54.362,73.763,31.27,40.189,15.879,72.202,66.218,84.489,70.325,74.749,5.5855,22.735,18.263,36.153,28.963,57.292,32.364,3.0643,76.631,5.2589,68.478,5.6241,10.004,26.055,1
71.694,37.202,37.393,68.569,30.65,43.972,71.759,42.208,27.503,34.959,41.092,53.066,76.224,26.938,38.753,22.466,66.601,64.791,82.869,68.142,71.717,-3.5709,23.918,14.588,36.413,20.361,57.814,35.293,0.67973,75.927,5.4483,69.432,5.2603,11.486,18.464,1
73.95,41.042,45.533,66.57,32.869,43.143,69.509,43.249,24.413,31.015,31.191,46.117,69.244,31.09,40.845,14.598,67.821,62.483,79.662,67.512,71.845,2.8185,22.838,13.107,33.801,22.556,56.844,36.452,-1.3958,72.097,9.3422,72.827,6.5031,11.717,13.802,1
69.607,41.594,46.099,66.236,29.607,43.355,71.723,41.305,17.778,34.685,31.874,55.287,74.838,28.611,34.059,13.689,72.461,69.929,82.373,65.79,68.043,-0.16038,25.7,14.65,35.165,24.201,60.121,29.037,2.6107,71.827,7.9598,66.933,6.8443,7.8819,18.456,1
70.543,42.892,46.052,68.035,28.629,43.969,60.152,42.696,23.393,27.298,34.842,53.252,75.123,33.898,39.975,21.22,65.778,64.411,82.437,68.137,74.531,-3.3782,20.901,10.426,36.557,21.938,55.068,32.514,7.2019,72.201,2.7324,74.253,4.5603,12.221,23.874,1
71.502,38.409,45.441,65.04,32.919,41.935,63.977,46.239,23.199,27.731,37.994,51.399,73.017,36.66,37.486,16.304,68.469,68.129,81.084,68.991,72.291,3.5794,17.85,15.807,35.034,28.654,52.029,33.064,7.5631,71.914,7.0227,68.258,3.4932,7.656,21.949,1
76.421,44.398,45.926,59.977,34.645,42.206,75.692,41.671,20.288,36.295,35.959,51.201,78.351,32.673,36.681,16.039,64.732,66.414,83.503,71.918,71.84,2.5864,22.004,13.188,37.05,18.235,56.929,38.611,-0.11723,79.314,10.825,64.729,9.3776,10.465,21.004,1
67.344,41.076,43.872,70.386,31.758,37.786,66.145,41.931,28.674,32.451,33.966,51.399,71.4,32.013,43.627,19.748,64.359,66.3,74.444,69.035,72.788,0.88838,24.559,18.39,34.042,28.736,57.411,33.015,2.4849,64.62,12.067,69.077,4.6392,11.893,15.931,1
69.527,39.253,43.08,66.753,35.059,40.567,74.23,44.736,22.802,29.421,28.949,55.733,71.378,30.81,35.958,17.616,66.896,66.664,81.952,64.957,69.138,-3.935,17.943,10.464,37.527,20.918,53.349,33.076,2.0107,73.471,2.4964,67.637,7.3149,8.8416,22.476,1
73.275,35.485,42.442,67.07,27.283,39.609,71.537,37.295,22.701,31.703,33.177,51.791,68.568,27.699,37.764,17.1,66.414,61.618,81.104,66.979,75.95,0.88486,22.413,18.284,31.358,24.255,54.541,34.312,4.0437,68.474,11.419,67.881,4.2343,4.096,25.02,1
70.898,39.043,47.523,67.843,25.255,44.37,72.491,48.379,22.847,31.537,30.504,48.098,71.814,32.13,40.012,18.101,63.967,65.981,79.726,67.493,74.884,-0.046067,27.686,17.045,34.415,23.704,54.853,34.018,1.0125,73.198,12.266,66.711,5.0557,11.987,19.406,1
64.784,38.329,44.467,66.458,32.68,40.843,77.047,45.244,19.543,26.97,33.702,49.607,75.954,27.827,38.787,18.888,65.625,70.21,76.985,71.945,76.427,2.2646,20.874,13.599,32.657,20.846,52.852,31.785,2.0862,74.111,9.2448,69.753,7.484,10.779,21.596,1
70.753,40.083,45.028,65.023,29.693,43.65,69.677,47.243,21.456,30.451,34.507,53.079,68.167,30.748,46.293,14.186,65.206,62.981,84.074,65.06,71.575,4.1766,23.92,13.011,32.403,27.657,57.807,34.383,4.2322,71.669,11.801,69.935,6.8038,6.4622,16.29,1
73.421,41.416,46.15,66.582,28.407,41.804,69.921,45.892,21.839,33.021,27.525,52.356,74.188,30.112,39.196,18.909,65.825,67.841,81.191,68.873,73.025,4.0312,16.172,14.737,31.212,18.238,53.446,29.708,1.3379,70.546,4.2857,68.235,5.3059,14.386,23.028,1
76.155,40.459,48.817,63.058,31.109,38.806,69.606,38.426,27.208,30.037,35.845,54.662,75.656,28.714,42.558,16.943,65.067,71.048,77.316,62.963,72.112,1.2107,24.063,14.647,33.577,23.671,56.875,30.592,3.7861,75.719,5.9324,68.666,0.79111,12.143,20.04,1
73.994,36.016,46.108,70.958,31.341,48.728,66.199,40.692,22.677,34.58,35.765,52.875,70.197,29.883,38.257,15.042,68.604,69.932,83.56,73.032,72.149,2.76,22.911,12.272,37.273,25.522,56.958,32.706,-7.7808,69.515,8.7187,72.953,1.6805,12.167,15.04,1
75.287,30.669,44.813,71.413,33.662,41.097,72.572,42.628,21.615,28.719,33.827,52.492,66.888,32.298,47.782,19.859,63.588,69.524,84.336,69.466,70.067,0.41104,23.066,17.097,36.273,23.742,57.221,32.912,1.765,72.334,12.643,70.982,4.3277,10.545,20.603,1
72.123,43.867,42.509,69.47,33.664,43.079,70.358,45.121,20.26,29.629,32.881,53.991,72.838,40.281,44.197,15.41,66.032,62.198,79.174,74.966,71.857,2.6677,24.474,10.605,34.234,25.304,58.697,30.507,5.5581,76.036,9.4373,72.452,5.0465,5.3989,20.94,1
73.535,40.079,46.079,61.637,35.295,46.392,66.672,42.36,23.245,27.613,34.376,52.515,67.288,29.397,41.055,16.403,64.895,67.001,83.429,71.487,70.142,5.5152,19.059,16.497,32.484,24.558,55.618,36.427,5.0951,71.414,8.5818,66.575,7.947,18.778,20.747,1
73.171,43.825,41.163,72.206,35.338,38.465,69.136,44.567,26.42,33.631,31.223,50.186,75.638,31.707,42.797,22.03,66.935,71.44,76.136,67.762,76.865,-4.9624,17.829,10.564,29.149,23.449,55.363,33.374,2.9241,71.788,6.2989,69.981,8.8143,12.69,23.669,1
71.834,40.815,42.734,69.033,28.972,42.666,72.488,43.705,22.639,25.94,29.736,53.526,75.155,34.454,40.482,16.036,70.118,70.198,78.435,70.256,68.719,10.486,22.982,21.069,34.428,21.09,59.916,31.043,0.19103,69.871,6.8768,69.44,-2.0657,9.1981,18.179,1
78.581,38.045,47.585,68.518,29.498,46.514,72.151,37.931,22.357,34.187,36.571,53.561,73.65,30.585,43.715,15.879,64.496,68.903,75.532,66.009,72.505,-4.2213,26.637,13.166,34.292,24.723,54.513,33.66,1.895,72.73,4.1034,68.857,2.7783,10.402,24.851,1
68.537,41.263,43.031,66.311,28.945,47.84,73.868,46.554,21.37,35.319,35.579,52.774,73.312,38.126,44.866,17.234,65.813,70.951,81.803,66.98,77.718,-4.5304,23.5,17.552,30.679,23.173,55.829,27.616,3.7782,70.329,7.0247,68.819,10.825,14.138,23.376,1
